~o
<STREAMINFO> 1 39
<VECSIZE> 39<NULLD><MFCC_E_D_A><DIAGC>
~h "eight"
<BEGINHMM>
<NUMSTATES> 5
<STATE> 2
<MEAN> 39
 -7.524273e+00 -3.425382e+00 -5.693406e+00 -1.668134e+01 -6.472338e-01 -5.182469e+00 5.464628e-01 -6.746613e+00 -1.554718e+00 -6.763797e+00 -1.027586e+00 -5.331593e+00 1.714913e+01 -1.900163e-01 7.575321e-01 -8.186626e-02 -7.814664e-01 3.923580e-02 -4.145944e-01 5.497854e-02 2.967967e-01 3.011571e-01 4.554749e-02 -9.449199e-02 -9.567225e-02 2.139847e-01 3.509428e-02 8.254354e-02 1.092744e-02 8.963705e-02 -4.103955e-02 -1.680764e-01 -8.082497e-02 -2.284448e-02 2.705329e-02 6.061766e-02 5.858212e-02 -4.579389e-03 3.465583e-03
<VARIANCE> 39
 1.075574e+01 2.305859e+01 1.835798e+01 3.944751e+01 4.045801e+01 2.353731e+01 2.441533e+01 2.433804e+01 3.137284e+01 2.547048e+01 2.575899e+01 2.447297e+01 3.380890e+00 3.360932e-01 9.651047e-01 6.847361e-01 1.411192e+00 1.254017e+00 1.634326e+00 1.348151e+00 1.128204e+00 1.374378e+00 1.216732e+00 1.140051e+00 1.007754e+00 1.229782e-01 4.082849e-02 8.491897e-02 8.461757e-02 2.011345e-01 1.478588e-01 1.778290e-01 1.529708e-01 1.814237e-01 2.320958e-01 1.695064e-01 1.833564e-01 1.573077e-01 1.323966e-02
<GCONST> 8.183720e+01
<STATE> 3
<MEAN> 39
 -7.935261e+00 5.476004e+00 -4.908590e+00 -1.664723e+01 -2.357278e+00 -1.441941e+01 -3.035254e+00 -8.590844e+00 -1.333301e+00 -4.426871e+00 9.894749e-01 -5.287204e+00 1.807283e+01 2.038427e-01 -4.290308e-01 1.808115e-01 9.720572e-01 1.361406e-01 6.935320e-02 -3.419780e-01 -6.694592e-01 -5.148412e-01 -4.113942e-02 2.100306e-01 1.945969e-01 -2.363312e-01 1.021229e-02 -3.328947e-01 -3.043381e-02 6.395798e-02 4.254454e-02 3.532546e-01 1.234194e-01 5.586051e-02 -2.347255e-02 -9.194148e-02 -6.257540e-02 3.915968e-03 -6.257645e-02
<VARIANCE> 39
 9.284472e+00 1.350723e+01 2.250856e+01 3.248502e+01 1.967642e+01 2.420511e+01 5.254531e+01 3.438100e+01 4.415747e+01 2.637314e+01 3.191333e+01 2.703317e+01 1.959821e+00 2.642208e-01 1.895686e+00 4.088303e-01 7.647207e-01 7.868106e-01 2.502146e+00 1.307333e+00 1.116777e+00 1.804254e+00 1.195105e+00 1.398755e+00 1.008695e+00 6.759287e-02 3.641377e-02 9.029877e-02 5.905512e-02 1.265760e-01 9.250843e-02 1.745022e-01 1.630077e-01 2.078771e-01 2.767951e-01 1.690448e-01 1.958878e-01 1.643075e-01 4.024220e-03
<GCONST> 7.874339e+01
<STATE> 4
<MEAN> 39
 -7.116767e+00 -6.541067e+00 -5.514879e+00 -1.004293e+01 -1.215375e+00 -4.682478e+00 -8.409398e-01 -8.921489e+00 -3.019660e+00 -5.935845e+00 9.428722e-01 -4.004977e+00 1.468662e+01 -7.179795e-02 -3.660478e-01 -1.176298e-01 1.204240e-01 -4.112486e-02 3.696099e-01 1.855417e-01 1.810012e-01 1.167376e-01 8.797447e-03 1.649078e-02 9.387937e-03 -9.300572e-02 -5.685238e-03 1.757348e-01 1.040000e-02 -6.684011e-02 -1.211833e-02 -1.464314e-01 -4.599055e-02 -1.503953e-02 -6.331627e-03 2.179360e-02 -5.186174e-03 -1.391509e-02 4.871766e-02
<VARIANCE> 39
 4.560893e+00 6.159147e+00 8.314757e+00 9.574128e+00 1.262567e+01 1.589433e+01 1.697651e+01 1.696683e+01 1.732072e+01 1.627313e+01 1.523353e+01 1.399439e+01 1.034501e+00 2.099295e-01 8.405238e-01 4.288095e-01 5.955232e-01 4.862400e-01 1.170446e+00 9.931198e-01 8.546666e-01 9.812962e-01 7.909758e-01 7.432474e-01 7.057064e-01 4.874193e-02 3.460030e-02 9.647740e-02 7.128508e-02 1.091523e-01 9.177049e-02 1.887646e-01 1.756934e-01 1.504275e-01 1.623780e-01 1.354729e-01 1.324254e-01 1.272723e-01 4.818406e-03
<GCONST> 6.216207e+01
<TRANSP> 5
 0.000000e+00 1.000000e+00 0.000000e+00 0.000000e+00 0.000000e+00
 0.000000e+00 9.121929e-01 8.780714e-02 0.000000e+00 0.000000e+00
 0.000000e+00 0.000000e+00 8.976262e-01 1.023738e-01 0.000000e+00
 0.000000e+00 0.000000e+00 0.000000e+00 9.213891e-01 7.861093e-02
 0.000000e+00 0.000000e+00 0.000000e+00 0.000000e+00 0.000000e+00
<ENDHMM>
~h "oh"
<BEGINHMM>
<NUMSTATES> 5
<STATE> 2
<MEAN> 39
 -5.072905e+00 -9.817538e+00 -7.833379e+00 -8.759860e+00 -2.347719e+00 -7.078437e+00 2.847756e+00 -7.616872e+00 -4.773005e+00 -6.878155e+00 -1.687975e+00 -4.955316e+00 1.721408e+01 4.015589e-01 -2.821491e-01 -5.485502e-01 2.171544e-01 1.401627e-01 -4.945695e-01 2.322904e-01 5.781043e-01 -1.037482e-01 -3.932612e-01 -3.404424e-01 -6.349537e-02 2.903816e-01 6.013414e-02 8.892398e-02 -1.210255e-02 -5.544877e-02 1.547176e-02 -6.012452e-02 -1.276604e-01 1.861836e-02 1.092552e-01 1.494825e-03 -5.272236e-02 -5.050197e-02 1.424369e-02
<VARIANCE> 39
 8.382309e+00 1.228219e+01 1.538582e+01 1.591971e+01 2.185690e+01 2.340162e+01 2.846189e+01 5.757658e+01 3.748621e+01 3.054211e+01 2.663985e+01 2.711324e+01 3.812014e+00 4.045044e-01 5.595052e-01 6.603166e-01 6.405975e-01 7.460979e-01 1.180176e+00 1.235327e+00 1.815302e+00 1.533159e+00 1.309644e+00 1.311777e+00 1.082004e+00 1.254165e-01 4.813058e-02 7.023267e-02 8.521726e-02 8.555451e-02 1.118070e-01 1.482320e-01 1.609971e-01 2.226749e-01 2.095435e-01 1.953585e-01 2.000353e-01 1.548820e-01 1.713554e-02
<GCONST> 7.894448e+01
<STATE> 3
<MEAN> 39
 -4.965984e-01 -8.085560e+00 -1.303811e+01 -1.018379e+01 -8.909642e-01 -1.201037e+01 -8.892406e-01 -1.284799e+00 1.939192e-01 -7.884269e+00 -5.009706e+00 -6.855099e+00 1.903839e+01 2.239070e-01 4.083354e-01 -6.300894e-03 -3.375472e-01 -6.150945e-02 -1.964699e-02 -6.569720e-01 -2.515016e-01 6.164265e-01 5.838707e-01 3.178582e-02 -3.234857e-01 -1.058166e-02 -4.688028e-02 2.213272e-02 1.000645e-01 -1.014043e-02 -5.009497e-02 8.897684e-02 1.630292e-02 -1.447876e-01 -8.520361e-02 7.581943e-02 1.148444e-01 2.391856e-02 -2.662398e-02
<VARIANCE> 39
 6.028927e+00 9.347392e+00 1.555831e+01 1.589685e+01 1.975418e+01 2.333681e+01 4.428233e+01 3.314376e+01 4.055780e+01 3.755701e+01 3.123153e+01 3.914728e+01 1.183734e+00 8.543300e-02 1.427004e-01 2.976720e-01 2.936639e-01 3.913101e-01 5.535880e-01 7.245917e-01 1.116325e+00 7.998049e-01 8.947307e-01 8.656510e-01 6.944234e-01 1.391791e-02 1.175630e-02 1.537127e-02 3.537051e-02 3.572028e-02 4.852976e-02 7.178193e-02 8.156148e-02 1.012436e-01 1.109302e-01 1.074998e-01 9.628415e-02 9.289259e-02 1.245801e-03
<GCONST> 5.396380e+01
<STATE> 4
<MEAN> 39
 -7.418237e-01 -3.730196e+00 -8.383326e+00 -1.248796e+01 -3.622055e+00 -9.300139e+00 -4.000151e+00 -8.066675e+00 -2.979486e-01 -3.366249e+00 3.569745e-01 -6.248667e+00 1.795417e+01 -5.069028e-01 1.203017e-01 7.350000e-01 2.727181e-01 1.213640e-02 5.559250e-01 3.365026e-01 -4.405231e-01 -5.363585e-01 -1.885739e-01 3.968885e-01 4.349116e-01 -2.802320e-01 -1.126520e-01 -1.140013e-01 -2.907909e-02 7.595431e-02 9.950957e-02 8.985799e-02 1.345917e-01 9.031346e-02 -3.953798e-02 -1.066723e-01 -6.855595e-02 5.315338e-02 -3.464288e-02
<VARIANCE> 39
 9.361505e+00 7.810190e+00 2.079553e+01 1.825481e+01 1.941331e+01 2.692005e+01 3.110313e+01 2.683561e+01 3.199027e+01 4.008419e+01 3.906119e+01 3.790241e+01 2.412505e+00 3.826953e-01 4.593660e-01 5.507364e-01 6.217663e-01 8.842410e-01 1.264739e+00 1.251874e+00 1.298649e+00 1.305792e+00 1.263464e+00 1.279160e+00 1.245754e+00 5.453468e-02 3.299584e-02 4.469841e-02 8.896663e-02 8.728116e-02 1.096994e-01 1.661356e-01 1.871800e-01 1.997286e-01 2.127136e-01 2.068777e-01 1.755926e-01 1.748504e-01 4.194877e-03
<GCONST> 7.532737e+01
<TRANSP> 5
 0.000000e+00 1.000000e+00 0.000000e+00 0.000000e+00 0.000000e+00
 0.000000e+00 9.027607e-01 9.723926e-02 0.000000e+00 0.000000e+00
 0.000000e+00 0.000000e+00 9.042472e-01 9.575285e-02 0.000000e+00
 0.000000e+00 0.000000e+00 0.000000e+00 8.838430e-01 1.161570e-01
 0.000000e+00 0.000000e+00 0.000000e+00 0.000000e+00 0.000000e+00
<ENDHMM>
~h "seven"
<BEGINHMM>
<NUMSTATES> 5
<STATE> 2
<MEAN> 39
 -8.806633e+00 -4.769282e+00 -7.050019e+00 -8.596655e+00 -2.107394e+00 -3.131445e+00 -1.276509e+00 -8.136147e+00 -2.909429e+00 -5.214481e+00 6.799260e-01 -3.793394e+00 1.484347e+01 4.741082e-02 -4.084799e-02 -4.356902e-02 -3.256981e-01 -2.671274e-01 -1.353346e-01 2.667652e-01 1.513759e-02 1.375780e-01 -7.736814e-04 -2.047789e-01 -6.332391e-02 1.080879e-01 1.303977e-01 9.204616e-03 8.983026e-02 -1.476356e-01 -1.309363e-01 -1.120197e-01 8.732995e-02 -1.238431e-02 2.002494e-02 -2.644499e-02 -8.712237e-02 -9.269772e-02 9.199270e-02
<VARIANCE> 39
 8.340000e+00 1.013035e+01 1.380078e+01 1.310765e+01 1.612601e+01 1.582008e+01 1.759687e+01 1.745255e+01 1.826360e+01 1.723364e+01 1.706742e+01 1.463345e+01 9.047273e-01 7.144131e-01 4.608478e-01 8.613426e-01 9.991092e-01 9.701380e-01 1.283293e+00 9.959627e-01 8.575957e-01 1.029544e+00 1.155908e+00 9.210116e-01 9.517400e-01 1.512428e-01 5.368425e-02 6.783886e-02 9.750188e-02 1.360510e-01 1.662413e-01 1.770663e-01 1.648983e-01 1.456986e-01 1.700096e-01 1.546174e-01 1.450091e-01 1.504833e-01 8.093952e-03
<GCONST> 7.123421e+01
<STATE> 3
<MEAN> 39
 -5.558074e+00 -7.172778e+00 -5.193472e+00 -1.591174e+01 -6.355660e+00 -4.897010e+00 4.772487e+00 -8.475007e+00 -2.770161e+00 -6.761119e+00 -3.975049e+00 -6.626519e+00 1.896182e+01 1.894533e-01 -2.722629e-01 1.233812e-01 3.882828e-02 -6.137364e-02 -1.088004e-01 2.446584e-01 2.681850e-01 -2.807249e-01 -5.543019e-02 -6.964468e-02 -1.107269e-01 1.236367e-01 -4.177999e-02 7.839750e-02 1.111913e-02 2.926458e-01 1.553700e-01 -2.480870e-02 -2.548968e-01 3.867880e-02 -2.091174e-02 1.592026e-02 1.771703e-01 7.159719e-02 -1.270850e-01
<VARIANCE> 39
 9.614647e+00 1.303329e+01 9.436708e+00 1.827780e+01 4.580249e+01 3.937847e+01 3.187668e+01 3.950837e+01 4.652962e+01 5.849231e+01 3.255420e+01 3.130153e+01 1.240814e+00 4.410260e-01 5.954199e-01 4.993329e-01 1.548395e+00 1.671524e+00 1.672650e+00 1.827651e+00 1.089302e+00 1.392668e+00 1.776832e+00 1.809613e+00 1.326400e+00 2.114269e-01 8.204690e-02 9.001199e-02 9.646609e-02 1.114838e-01 2.523420e-01 2.721471e-01 1.781217e-01 1.666770e-01 2.018927e-01 2.407534e-01 2.262372e-01 1.834979e-01 6.062320e-03
<GCONST> 8.474818e+01
<STATE> 4
<MEAN> 39
 -3.244347e+00 -3.881842e+00 -1.891206e+00 -9.521950e+00 -3.365983e+00 -8.015694e+00 -1.088916e+00 -8.732974e+00 -4.324257e+00 -7.120051e+00 -1.906872e+00 -7.105267e+00 1.713248e+01 1.768467e-02 2.205673e-01 1.049618e-01 2.065501e-01 3.193774e-01 1.039534e-01 -2.925318e-01 -2.637350e-01 8.569288e-02 -1.439404e-02 1.277886e-01 4.227564e-02 -1.184134e-01 -5.595604e-02 -7.367297e-02 -7.384468e-02 -8.778010e-02 -2.233369e-02 9.372184e-02 1.106988e-01 -4.596616e-03 1.866144e-02 1.745087e-02 -3.220640e-02 2.023121e-02 1.415731e-02
<VARIANCE> 39
 4.974840e+00 1.019479e+01 9.926719e+00 1.395348e+01 2.822469e+01 3.043304e+01 2.586527e+01 4.089535e+01 3.293282e+01 3.570395e+01 3.328817e+01 2.974879e+01 1.533692e+00 2.533938e-01 5.250466e-01 5.539056e-01 8.538663e-01 1.339955e+00 1.253490e+00 1.628736e+00 1.363171e+00 1.438484e+00 1.411171e+00 1.273562e+00 9.896288e-01 9.358767e-02 3.738630e-02 7.812205e-02 8.698361e-02 1.507715e-01 2.341876e-01 2.027750e-01 2.726196e-01 2.366431e-01 2.360253e-01 2.409607e-01 2.174076e-01 1.500706e-01 1.437086e-02
<GCONST> 7.928014e+01
<TRANSP> 5
 0.000000e+00 1.000000e+00 0.000000e+00 0.000000e+00 0.000000e+00
 0.000000e+00 9.125739e-01 8.742611e-02 0.000000e+00 0.000000e+00
 0.000000e+00 0.000000e+00 9.003658e-01 9.963417e-02 0.000000e+00
 0.000000e+00 0.000000e+00 0.000000e+00 9.365582e-01 6.344181e-02
 0.000000e+00 0.000000e+00 0.000000e+00 0.000000e+00 0.000000e+00
<ENDHMM>
~h "three"
<BEGINHMM>
<NUMSTATES> 5
<STATE> 2
<MEAN> 39
 -7.753086e+00 -6.035268e+00 -4.949139e+00 -1.011977e+01 -8.176914e-01 -4.845856e+00 -5.887983e-01 -8.498262e+00 -2.602041e+00 -5.425551e+00 9.830303e-01 -3.779380e+00 1.488863e+01 1.181823e-01 -8.363575e-02 2.207190e-01 -4.797735e-02 -4.167407e-01 -2.858678e-01 -6.849128e-02 1.494126e-02 7.425312e-02 3.189592e-02 1.361379e-02 4.307130e-04 9.208727e-02 1.742200e-01 2.254050e-02 1.428290e-01 1.951756e-03 -2.577674e-01 -1.755564e-01 -7.574128e-02 -1.877707e-02 1.537890e-02 -9.218276e-03 -3.924768e-02 -7.054566e-02 8.471636e-02
<VARIANCE> 39
 5.400846e+00 6.329591e+00 9.779351e+00 1.060192e+01 1.435539e+01 1.431226e+01 1.606515e+01 1.761144e+01 1.951327e+01 1.776078e+01 1.686060e+01 1.459230e+01 1.170454e+00 7.019920e-01 5.235448e-01 8.963118e-01 7.510096e-01 1.499186e+00 1.312560e+00 9.016349e-01 1.036180e+00 9.999574e-01 9.323078e-01 9.825645e-01 9.153202e-01 1.193091e-01 5.916813e-02 9.076443e-02 9.846707e-02 1.380230e-01 2.011592e-01 1.855363e-01 1.564497e-01 2.030751e-01 1.781607e-01 1.662450e-01 1.641535e-01 1.611113e-01 4.958381e-03
<GCONST> 7.052035e+01
<STATE> 3
<MEAN> 39
 -2.518140e+00 -6.783535e+00 2.449302e+00 -1.140188e+01 -1.369864e+01 -9.363322e+00 -3.152546e+00 -9.428349e+00 -9.453460e-03 -5.130506e+00 1.270099e-01 -5.735048e+00 1.823541e+01 -6.862470e-02 4.227114e-01 6.951827e-01 -1.049856e+00 -3.996531e-01 3.060252e-01 -8.254076e-01 1.096452e-01 3.076155e-01 -2.807264e-02 6.153176e-02 -1.674220e-01 2.367500e-01 -2.156729e-01 2.146461e-01 -2.005201e-01 -1.428192e-01 5.230269e-01 4.712601e-02 -5.941936e-02 1.143470e-01 -1.140716e-01 -2.023139e-02 2.135174e-02 3.956060e-02 -6.774372e-02
<VARIANCE> 39
 6.507156e+00 1.457570e+01 2.008426e+01 4.937650e+01 4.245374e+01 6.100886e+01 3.522885e+01 3.826541e+01 3.064141e+01 2.820661e+01 3.707789e+01 3.334343e+01 1.447085e+00 9.619793e-01 1.476629e+00 9.228650e-01 2.725312e+00 4.895094e+00 3.382433e+00 2.206998e+00 1.969151e+00 1.296620e+00 1.095892e+00 1.152278e+00 1.164599e+00 6.899495e-02 6.798214e-02 1.290743e-01 1.773857e-01 3.907529e-01 3.806303e-01 6.812704e-01 3.772553e-01 2.755093e-01 2.400973e-01 1.746557e-01 1.705918e-01 1.637535e-01 3.908582e-03
<GCONST> 9.265439e+01
<STATE> 4
<MEAN> 39
 -6.590548e+00 3.298163e+00 -7.803178e-01 -1.672946e+01 -2.106739e+00 -1.135583e+01 -6.399218e+00 -7.962162e+00 -3.159443e+00 -5.505670e+00 -3.370758e-01 -6.525786e+00 1.789479e+01 -2.820137e-02 6.330028e-02 -6.391519e-01 7.253060e-01 7.234828e-01 -1.648748e-01 5.492627e-01 -8.268493e-02 -3.564584e-01 1.203039e-02 -7.059466e-02 5.073496e-02 -1.956446e-01 5.814792e-02 -2.881112e-01 2.509003e-03 1.697342e-01 -2.211503e-01 1.819728e-01 1.647810e-01 -6.734856e-02 9.742352e-02 8.240632e-03 2.041636e-02 2.496876e-02 -3.092082e-02
<VARIANCE> 39
 7.580487e+00 1.700894e+01 1.909987e+01 3.484710e+01 2.704752e+01 2.948781e+01 4.823336e+01 4.778463e+01 3.321845e+01 3.976915e+01 4.240155e+01 3.677535e+01 1.619885e+00 3.151338e-01 1.882916e+00 6.700033e-01 1.043729e+00 1.834886e+00 2.559859e+00 1.467139e+00 1.693769e+00 1.384671e+00 1.287922e+00 1.031998e+00 9.705025e-01 3.582553e-02 4.748386e-02 9.098805e-02 9.640370e-02 2.205418e-01 1.814736e-01 2.352868e-01 2.696361e-01 2.497840e-01 1.837020e-01 1.709958e-01 1.443272e-01 1.353046e-01 2.469562e-03
<GCONST> 8.276375e+01
<TRANSP> 5
 0.000000e+00 1.000000e+00 0.000000e+00 0.000000e+00 0.000000e+00
 0.000000e+00 9.016223e-01 9.837771e-02 0.000000e+00 0.000000e+00
 0.000000e+00 0.000000e+00 8.936678e-01 1.063322e-01 0.000000e+00
 0.000000e+00 0.000000e+00 0.000000e+00 9.153336e-01 8.466636e-02
 0.000000e+00 0.000000e+00 0.000000e+00 0.000000e+00 0.000000e+00
<ENDHMM>
~h "one"
<BEGINHMM>
<NUMSTATES> 5
<STATE> 2
<MEAN> 39
 -4.518744e-01 -3.402769e+00 -8.443934e+00 -1.270266e+01 -1.875623e+00 -5.987657e+00 -2.275710e+00 -8.867913e+00 -2.601658e+00 -6.646005e+00 -1.475400e+00 -7.365993e+00 1.769859e+01 2.104021e-01 -3.606912e-01 -7.771904e-01 3.866583e-01 4.274701e-01 9.436010e-02 -2.048119e-01 2.134626e-01 1.819865e-01 -2.419241e-01 -3.084248e-01 -2.085073e-01 1.796995e-01 -1.118922e-01 -1.460612e-01 2.928682e-02 2.153389e-01 1.225386e-02 -9.389242e-02 -2.920926e-03 1.044306e-01 5.144871e-03 -7.578793e-02 2.514443e-03 7.602537e-02 -1.570851e-02
<VARIANCE> 39
 5.495420e+00 8.375238e+00 3.133013e+01 2.276505e+01 2.856283e+01 2.622853e+01 2.260913e+01 2.060509e+01 2.743972e+01 2.315643e+01 3.019643e+01 3.007909e+01 2.038582e+00 4.331111e-01 7.311469e-01 9.486050e-01 2.139369e+00 1.343974e+00 1.366096e+00 1.271950e+00 1.039804e+00 1.139391e+00 9.681906e-01 1.111002e+00 9.685566e-01 5.947196e-02 3.949686e-02 5.502383e-02 1.856310e-01 2.318590e-01 2.499847e-01 2.470852e-01 2.300204e-01 1.749952e-01 1.963437e-01 1.583905e-01 1.854131e-01 1.750187e-01 4.527915e-03
<GCONST> 7.904118e+01
<STATE> 3
<MEAN> 39
 -2.465523e+00 -1.063754e+01 -1.057807e+01 -1.816921e+00 -8.205403e-01 -9.426710e+00 -2.030195e+00 -4.359946e+00 -3.708451e+00 -1.158847e+01 -2.280303e+00 -6.159999e+00 1.852691e+01 -5.923274e-01 -3.130923e-01 1.360805e+00 4.865233e-01 -1.327700e+00 -2.683900e-01 1.140195e+00 -1.565523e-01 -8.915340e-01 -1.471593e-02 5.522562e-01 9.288845e-02 -5.213542e-02 3.157332e-02 3.182562e-01 2.336375e-01 -5.691882e-01 -9.458996e-02 3.616233e-01 5.219246e-02 -4.228593e-01 2.293584e-02 3.597793e-01 2.881106e-02 -1.620881e-01 -2.971561e-02
<VARIANCE> 39
 6.425604e+00 9.764860e+00 1.981026e+01 2.419559e+01 2.885886e+01 1.776323e+01 3.884047e+01 3.255227e+01 4.659217e+01 3.887008e+01 3.430858e+01 3.411109e+01 1.525047e+00 1.633405e-01 5.914754e-01 6.367493e-01 1.980063e+00 7.715777e-01 1.823215e+00 1.053317e+00 2.307834e+00 1.240634e+00 1.946860e+00 1.064873e+00 1.293226e+00 8.977643e-03 2.596260e-02 5.244817e-02 1.077569e-01 1.227774e-01 3.162050e-01 1.590565e-01 4.062662e-01 1.859162e-01 3.425933e-01 2.133343e-01 2.683237e-01 1.720584e-01 8.707182e-04
<GCONST> 7.673715e+01
<STATE> 4
<MEAN> 39
 -3.841167e+00 -4.380157e+00 -1.380843e+00 -8.920094e+00 -3.196695e+00 -6.281980e+00 -2.462192e+00 -1.221240e+01 -5.214582e+00 -8.497507e+00 -2.664961e+00 -8.175447e+00 1.759470e+01 -3.697684e-03 5.640314e-01 2.622627e-01 -4.548929e-01 4.116570e-01 1.698877e-01 -3.735662e-01 -2.333165e-01 1.575168e-01 1.861175e-01 -2.806844e-02 1.649846e-01 -1.759985e-01 -2.107851e-02 -1.171227e-01 -2.145133e-01 1.096542e-01 8.704553e-02 -2.722162e-02 2.045773e-02 1.849951e-01 4.517010e-02 -7.363575e-02 3.749556e-02 8.076154e-02 -1.677488e-02
<VARIANCE> 39
 6.725612e+00 2.077646e+01 9.946221e+00 1.740458e+01 2.093877e+01 4.195563e+01 3.341063e+01 3.282925e+01 4.008431e+01 4.409928e+01 3.259618e+01 3.568705e+01 1.337948e+00 3.443290e-01 1.010750e+00 9.863644e-01 1.216703e+00 8.805106e-01 1.865033e+00 1.353857e+00 1.411836e+00 1.573525e+00 1.478432e+00 1.085053e+00 1.050130e+00 2.735213e-02 5.694362e-02 1.045747e-01 8.382119e-02 1.278463e-01 1.951436e-01 2.806742e-01 2.505337e-01 1.784444e-01 2.218360e-01 2.216922e-01 1.661899e-01 1.590876e-01 2.928943e-03
<GCONST> 7.987346e+01
<TRANSP> 5
 0.000000e+00 1.000000e+00 0.000000e+00 0.000000e+00 0.000000e+00
 0.000000e+00 9.096041e-01 9.039585e-02 0.000000e+00 0.000000e+00
 0.000000e+00 0.000000e+00 8.314085e-01 1.685915e-01 0.000000e+00
 0.000000e+00 0.000000e+00 0.000000e+00 9.086889e-01 9.131109e-02
 0.000000e+00 0.000000e+00 0.000000e+00 0.000000e+00 0.000000e+00
<ENDHMM>
~h "sil"
<BEGINHMM>
<NUMSTATES> 5
<STATE> 2
<MEAN> 39
 -5.629651e+00 -5.381876e+00 -3.959649e+00 -9.043990e+00 -2.191792e-01 -4.181942e+00 -1.412864e-01 -8.546721e+00 -2.498063e+00 -5.830959e+00 5.865847e-01 -4.487358e+00 1.512057e+01 -2.989974e-01 -2.485876e-01 -1.857921e-01 -5.062760e-02 6.953254e-02 1.348607e-01 8.168909e-02 -1.641943e-03 1.418120e-02 1.866427e-02 1.135564e-01 5.824628e-02 -1.518552e-01 2.366673e-02 -7.472319e-03 -3.844215e-02 -6.360437e-02 -7.384092e-02 -6.420060e-02 -4.217804e-02 -1.949759e-03 -3.811857e-03 -6.770303e-03 -1.693854e-02 -5.217430e-03 2.531370e-02
<VARIANCE> 39
 6.971143e+00 8.607447e+00 9.564863e+00 1.168487e+01 1.486948e+01 1.538811e+01 1.765942e+01 1.877694e+01 2.046498e+01 1.954516e+01 1.858392e+01 1.638748e+01 1.209574e+00 1.686659e-01 3.746061e-01 4.430726e-01 5.866187e-01 7.339885e-01 8.284982e-01 8.455006e-01 9.076071e-01 9.109280e-01 8.356490e-01 9.046684e-01 7.998167e-01 2.155277e-02 2.201151e-02 4.568581e-02 6.338251e-02 7.749975e-02 1.032743e-01 1.189166e-01 1.186156e-01 1.276625e-01 1.369566e-01 1.216476e-01 1.281471e-01 1.153789e-01 2.526402e-03
<GCONST> 5.922247e+01
<STATE> 3
<MEAN> 39
 -7.156939e+00 -7.236735e+00 -5.866395e+00 -1.018523e+01 -1.012348e+00 -4.339155e+00 -3.654399e-01 -8.603598e+00 -2.680012e+00 -5.571366e+00 1.005066e+00 -4.037417e+00 1.452098e+01 -3.584195e-03 4.973526e-03 -6.192336e-03 3.801611e-03 1.879308e-03 4.715858e-03 1.254927e-03 -9.876018e-03 -4.555676e-03 1.094671e-02 -2.631852e-04 2.492683e-03 -1.193111e-03 -2.367777e-04 4.887866e-03 2.877434e-03 5.286433e-03 1.315790e-03 2.870289e-03 5.486155e-04 5.853322e-03 2.717704e-03 -8.293567e-04 -4.062811e-03 -3.430446e-03 1.584998e-03
<VARIANCE> 39
 3.027166e+00 3.564782e+00 6.172707e+00 8.254441e+00 1.253747e+01 1.387374e+01 1.474216e+01 1.582845e+01 1.623779e+01 1.398252e+01 1.548318e+01 1.300188e+01 1.028432e+00 5.842906e-02 1.319095e-01 2.563353e-01 3.600305e-01 4.751974e-01 6.449599e-01 6.224143e-01 6.900988e-01 6.643435e-01 5.534234e-01 6.422849e-01 5.676933e-01 2.417421e-03 1.073369e-02 2.426564e-02 4.638901e-02 6.443692e-02 8.854954e-02 1.218526e-01 1.105601e-01 1.289115e-01 1.215520e-01 9.644401e-02 1.150024e-01 1.070999e-01 5.051138e-04
<GCONST> 4.276595e+01
<STATE> 4
<MEAN> 39
 -8.044105e+00 -6.369833e+00 -6.079107e+00 -1.016941e+01 -1.188543e+00 -4.700861e+00 -5.106591e-01 -8.720682e+00 -2.519547e+00 -5.941773e+00 9.985307e-01 -4.417082e+00 1.453677e+01 3.423057e-03 1.545878e-01 2.794314e-02 1.227917e-02 -7.638119e-02 -6.394000e-02 -6.564912e-02 4.920991e-02 -5.532622e-02 -8.987621e-02 -1.027083e-01 -6.833719e-02 4.891997e-02 4.561792e-02 5.645882e-02 2.690575e-02 -6.751526e-03 -2.036260e-03 -2.716356e-02 -1.659560e-02 -1.573688e-02 -1.398940e-02 -1.821253e-02 -3.889866e-02 -1.456896e-02 3.347780e-02
<VARIANCE> 39
 5.361454e+00 5.850652e+00 7.452223e+00 1.031435e+01 1.202343e+01 1.461874e+01 1.655216e+01 1.791416e+01 1.851076e+01 1.737205e+01 1.645255e+01 1.416317e+01 1.276582e+00 2.534418e-01 3.365526e-01 3.772627e-01 5.664122e-01 6.053324e-01 7.375290e-01 7.088118e-01 9.202832e-01 8.939193e-01 7.990493e-01 7.762733e-01 6.718948e-01 2.073160e-02 3.954315e-02 5.724536e-02 6.069201e-02 9.818355e-02 9.287866e-02 1.226492e-01 1.060879e-01 1.502723e-01 1.416595e-01 1.225172e-01 1.118092e-01 9.929987e-02 4.412931e-03
<GCONST> 5.788790e+01
<TRANSP> 5
 0.000000e+00 1.000000e+00 0.000000e+00 0.000000e+00 0.000000e+00
 0.000000e+00 7.692410e-01 2.307590e-01 0.000000e+00 0.000000e+00
 0.000000e+00 0.000000e+00 9.590834e-01 4.091654e-02 0.000000e+00
 0.000000e+00 0.000000e+00 0.000000e+00 7.109247e-01 2.890753e-01
 0.000000e+00 0.000000e+00 0.000000e+00 0.000000e+00 0.000000e+00
<ENDHMM>
~h "six"
<BEGINHMM>
<NUMSTATES> 5
<STATE> 2
<MEAN> 39
 -9.124294e+00 -4.836953e+00 -7.749949e+00 -8.266640e+00 -2.438858e+00 -2.834771e+00 -1.487293e+00 -7.798927e+00 -3.116516e+00 -4.969312e+00 3.618701e-01 -3.493939e+00 1.461232e+01 2.726812e-02 1.591593e-01 1.186000e-01 -3.531422e-01 -3.868240e-01 -2.528206e-01 -1.307432e-02 8.920069e-03 1.418942e-01 1.896524e-01 -1.204981e-01 9.512624e-03 1.277529e-01 1.224180e-01 8.574618e-02 1.920704e-01 -2.156928e-01 -1.443492e-01 -1.911086e-01 -1.348156e-02 -1.142850e-02 4.335982e-02 1.788289e-02 -7.846195e-02 -1.185634e-01 9.579259e-02
<VARIANCE> 39
 5.881857e+00 7.824513e+00 1.145772e+01 1.170149e+01 1.691563e+01 1.670039e+01 1.585943e+01 1.681437e+01 1.957148e+01 2.023767e+01 1.844873e+01 1.536604e+01 1.012899e+00 5.537626e-01 4.715972e-01 1.205764e+00 1.010493e+00 1.007775e+00 1.470690e+00 8.038247e-01 8.137798e-01 1.030869e+00 1.294180e+00 9.459652e-01 9.358562e-01 1.411680e-01 4.636099e-02 5.967518e-02 9.845399e-02 1.366895e-01 1.730452e-01 1.833199e-01 1.418880e-01 1.549592e-01 1.804593e-01 1.774092e-01 1.522813e-01 1.540163e-01 7.503505e-03
<GCONST> 7.075551e+01
<STATE> 3
<MEAN> 39
 -6.389795e+00 -1.255084e+00 -8.810620e-01 -1.937228e+01 -7.577193e+00 -8.493302e+00 -2.595068e+00 -6.569140e+00 3.325129e-02 -3.820272e+00 -2.226169e+00 -7.108535e+00 1.817332e+01 6.033788e-02 -1.004580e-01 1.973094e-01 -2.318162e-01 3.399071e-01 1.645808e-01 -1.732648e-01 1.224701e-01 4.917460e-02 -1.716382e-01 1.772009e-01 -6.580616e-03 -4.431787e-02 -7.081279e-02 -1.914884e-01 -2.624974e-01 4.212634e-01 2.477779e-01 2.067547e-01 8.841413e-02 -7.030384e-02 -1.214316e-01 -5.252284e-02 1.186420e-01 1.339913e-01 -1.487445e-01
<VARIANCE> 39
 7.367367e+00 9.635596e+00 1.569742e+01 2.776346e+01 5.692443e+01 3.167277e+01 3.629292e+01 2.495915e+01 3.438403e+01 5.661711e+01 3.469409e+01 3.674877e+01 1.645047e+00 3.757045e-01 7.674609e-01 1.271301e+00 3.640179e+00 2.695807e+00 1.950655e+00 1.896175e+00 1.366034e+00 1.928482e+00 2.033425e+00 1.879827e+00 2.011310e+00 3.396144e-01 6.646572e-02 6.525156e-02 1.520792e-01 2.585391e-01 3.130457e-01 3.120062e-01 3.695939e-01 2.303203e-01 2.922210e-01 3.375136e-01 2.687100e-01 2.614650e-01 1.433633e-02
<GCONST> 9.337854e+01
<STATE> 4
<MEAN> 39
 -8.222577e+00 -6.451437e+00 -6.277396e+00 -9.275581e+00 -2.415955e+00 -3.256266e+00 -9.182792e-01 -8.615625e+00 -2.795307e+00 -5.153826e+00 7.408614e-01 -4.248633e+00 1.464348e+01 -7.442138e-02 -1.118078e-01 -2.389876e-01 2.870741e-01 3.500249e-02 6.666956e-02 1.390736e-01 -4.188119e-02 -8.121281e-02 -2.483460e-03 7.366258e-03 3.130442e-02 -6.889638e-02 2.173762e-02 7.154376e-02 7.432575e-02 -1.248944e-01 -5.118556e-02 -6.603886e-02 -5.131239e-02 3.815519e-02 2.469891e-02 6.733182e-03 -2.995415e-02 -2.922740e-02 4.497597e-02
<VARIANCE> 39
 7.836409e+00 8.036996e+00 1.202002e+01 1.253897e+01 1.775489e+01 1.684577e+01 1.688476e+01 1.718216e+01 1.742179e+01 1.762554e+01 1.547864e+01 1.427368e+01 1.310076e+00 3.471873e-01 5.518963e-01 7.463477e-01 9.087881e-01 9.875025e-01 1.059264e+00 1.026785e+00 9.108875e-01 8.760957e-01 8.051556e-01 7.558448e-01 6.350738e-01 5.456964e-02 4.509160e-02 7.355038e-02 1.100384e-01 1.327706e-01 1.825924e-01 1.706939e-01 1.655958e-01 1.667245e-01 1.581870e-01 1.441439e-01 1.370199e-01 1.246721e-01 7.388054e-03
<GCONST> 6.779649e+01
<TRANSP> 5
 0.000000e+00 1.000000e+00 0.000000e+00 0.000000e+00 0.000000e+00
 0.000000e+00 9.049472e-01 9.505282e-02 0.000000e+00 0.000000e+00
 0.000000e+00 0.000000e+00 8.983328e-01 1.016671e-01 0.000000e+00
 0.000000e+00 0.000000e+00 0.000000e+00 9.437303e-01 5.626973e-02
 0.000000e+00 0.000000e+00 0.000000e+00 0.000000e+00 0.000000e+00
<ENDHMM>
~h "two"
<BEGINHMM>
<NUMSTATES> 5
<STATE> 2
<MEAN> 39
 -9.639389e+00 -4.513421e+00 -6.580742e+00 -9.863552e+00 -9.720652e-01 -4.070683e+00 -1.373340e+00 -8.179420e+00 -2.537156e+00 -5.722522e+00 1.014193e+00 -3.721765e+00 1.495430e+01 -3.758368e-02 2.631140e-01 2.263379e-01 -3.008481e-01 -8.029264e-02 -1.059276e-02 -1.952109e-01 2.048010e-02 1.192920e-01 3.786898e-02 -4.395054e-03 -2.839625e-02 9.347359e-02 1.950330e-01 9.726162e-02 2.115311e-01 -1.064897e-01 -1.587309e-01 -1.867036e-01 -1.174417e-01 -6.690867e-02 -2.515935e-02 -1.346557e-03 -7.481480e-02 -1.170506e-01 8.904156e-02
<VARIANCE> 39
 9.732224e+00 8.411854e+00 1.057134e+01 1.130263e+01 1.669859e+01 1.858912e+01 1.761610e+01 1.993474e+01 2.015004e+01 2.109537e+01 2.063020e+01 1.756304e+01 9.683649e-01 1.154741e+00 7.385860e-01 1.484536e+00 7.320568e-01 1.243841e+00 1.212135e+00 9.533143e-01 1.050649e+00 1.054676e+00 1.129717e+00 1.398414e+00 9.929922e-01 1.174512e-01 1.107614e-01 1.110953e-01 1.232445e-01 1.199816e-01 2.136393e-01 1.859784e-01 1.655749e-01 1.895574e-01 1.984024e-01 1.764036e-01 2.621552e-01 1.380707e-01 7.422637e-03
<GCONST> 7.620215e+01
<STATE> 3
<MEAN> 39
 -4.756927e+00 1.149319e+00 1.778225e+00 -1.527068e+01 -6.598805e+00 -9.672951e+00 -6.598327e+00 -1.044179e+01 -2.516044e+00 -5.320362e+00 -1.030022e+00 -7.239760e+00 1.830119e+01 7.193316e-01 5.999750e-01 8.360479e-01 -6.091865e-01 -1.201094e+00 -1.150002e+00 -6.212707e-01 -3.241046e-01 -7.638565e-02 1.074630e-01 -2.783292e-01 -6.924759e-01 4.804429e-01 -2.461662e-01 -2.219687e-01 -4.234546e-01 2.838059e-01 2.397683e-01 2.108273e-01 2.293688e-01 1.474370e-01 -1.436227e-02 5.922000e-03 1.442221e-01 1.762002e-01 -1.356785e-01
<VARIANCE> 39
 7.637056e+00 8.201179e+00 1.359603e+01 2.286913e+01 4.094153e+01 2.664878e+01 2.842987e+01 2.392865e+01 3.044523e+01 5.369548e+01 4.334023e+01 4.700751e+01 1.220935e+00 6.002334e-01 6.134157e-01 9.871260e-01 1.413978e+00 1.245543e+00 1.154155e+00 1.636979e+00 1.535898e+00 1.877874e+00 2.038628e+00 2.554881e+00 1.859358e+00 8.416667e-02 6.196136e-02 5.703236e-02 8.188546e-02 1.318223e-01 2.159619e-01 1.828539e-01 2.050726e-01 1.926454e-01 2.096131e-01 2.724445e-01 2.909153e-01 2.224142e-01 8.053114e-03
<GCONST> 8.427509e+01
<STATE> 4
<MEAN> 39
 -3.074160e+00 -2.498521e-01 -1.582106e-01 -1.281028e+01 -6.631958e+00 -1.135589e+01 -5.742239e+00 -1.003087e+01 -3.079259e+00 -5.508291e+00 -1.510148e-01 -7.402939e+00 1.806439e+01 2.856379e-02 -3.108903e-01 -3.225634e-01 4.777230e-01 4.160344e-01 2.897211e-01 2.823399e-01 6.164475e-02 -7.978722e-02 -2.571154e-03 1.468312e-01 2.523627e-01 -1.813452e-01 -7.879080e-02 -6.534901e-02 -4.715151e-02 -2.747204e-03 8.374613e-02 1.333990e-01 8.168744e-02 3.501740e-02 2.799219e-02 -2.889549e-03 -1.431974e-02 4.589145e-02 -4.147508e-02
<VARIANCE> 39
 6.126965e+00 7.980879e+00 1.202321e+01 3.019342e+01 3.252039e+01 2.281901e+01 3.197464e+01 3.246529e+01 4.006974e+01 4.282228e+01 5.143116e+01 4.045084e+01 1.492825e+00 2.866631e-01 2.399528e-01 4.425735e-01 6.655246e-01 9.312068e-01 1.150723e+00 1.105538e+00 1.194716e+00 1.057023e+00 1.124071e+00 1.145986e+00 1.082552e+00 3.967653e-02 3.091886e-02 3.306121e-02 5.466450e-02 9.506738e-02 1.114157e-01 1.450113e-01 1.389046e-01 1.749011e-01 1.699729e-01 1.672946e-01 1.672981e-01 1.557807e-01 3.008825e-03
<GCONST> 7.111191e+01
<TRANSP> 5
 0.000000e+00 1.000000e+00 0.000000e+00 0.000000e+00 0.000000e+00
 0.000000e+00 9.084744e-01 9.152557e-02 0.000000e+00 0.000000e+00
 0.000000e+00 0.000000e+00 7.698598e-01 2.301402e-01 0.000000e+00
 0.000000e+00 0.000000e+00 0.000000e+00 9.201576e-01 7.984249e-02
 0.000000e+00 0.000000e+00 0.000000e+00 0.000000e+00 0.000000e+00
<ENDHMM>
~h "nine"
<BEGINHMM>
<NUMSTATES> 5
<STATE> 2
<MEAN> 39
 -4.077334e+00 -3.898050e+00 -1.677268e+00 -8.971152e+00 -2.804497e+00 -6.378204e+00 -1.642719e+00 -1.116135e+01 -5.117404e+00 -8.041980e+00 -2.887749e+00 -7.734885e+00 1.762904e+01 -1.811330e-01 -6.858049e-01 -2.834649e-01 4.408274e-01 -4.285440e-01 2.355709e-01 4.030294e-01 -1.731193e-01 -1.880370e-02 -1.236198e-01 -8.592755e-02 -8.366897e-02 2.069316e-01 -5.922487e-02 -1.590376e-01 -1.030370e-01 1.132275e-01 -5.453037e-03 -1.169371e-03 5.204881e-02 4.893652e-02 3.952454e-02 9.370391e-03 7.326277e-02 3.877689e-02 -9.215278e-03
<VARIANCE> 39
 8.090961e+00 1.916344e+01 1.444467e+01 1.669298e+01 2.834810e+01 2.875758e+01 3.145670e+01 2.650793e+01 4.734476e+01 3.538879e+01 3.033127e+01 3.281609e+01 1.829774e+00 4.871435e-01 1.494064e+00 1.080496e+00 1.097172e+00 1.264091e+00 1.393839e+00 1.627393e+00 1.205141e+00 1.553542e+00 1.157375e+00 1.183342e+00 1.006629e+00 4.894994e-02 6.265631e-02 1.682047e-01 1.288504e-01 1.425367e-01 2.181610e-01 2.178720e-01 2.447260e-01 1.814129e-01 2.032966e-01 1.691317e-01 1.711288e-01 1.443606e-01 4.463015e-03
<GCONST> 8.221030e+01
<STATE> 3
<MEAN> 39
 -6.347527e+00 -1.160442e+01 -4.860509e+00 -2.734692e+00 -5.693743e+00 -5.250023e+00 1.736060e+00 -1.135922e+01 -5.539678e+00 -9.015327e+00 -1.699770e+00 -7.646741e+00 1.861514e+01 -1.102202e-01 9.686087e-02 2.307477e-01 -2.420478e-01 -2.305172e-02 2.140792e-01 -1.050666e-01 -8.696245e-02 1.959002e-01 5.474252e-02 -5.526782e-02 4.596751e-02 -2.113690e-02 2.517134e-03 1.935469e-01 6.929499e-02 -2.402584e-01 4.426299e-02 6.240276e-02 -1.060978e-01 1.121212e-02 7.537667e-02 -1.084903e-02 -6.778213e-02 2.441987e-02 -1.480030e-02
<VARIANCE> 39
 7.253240e+00 8.472350e+00 2.450037e+01 3.236937e+01 1.900658e+01 3.083623e+01 3.095137e+01 3.397373e+01 4.391689e+01 4.150164e+01 2.842896e+01 3.075455e+01 1.006126e+00 8.384610e-02 3.840285e-01 4.111280e-01 1.132713e+00 5.000372e-01 6.241731e-01 5.587701e-01 5.153652e-01 6.511040e-01 6.707070e-01 6.806695e-01 5.420507e-01 4.827253e-03 1.133341e-02 3.005360e-02 4.127558e-02 5.547939e-02 7.264972e-02 7.246988e-02 7.391032e-02 8.095077e-02 8.281082e-02 8.716506e-02 7.873289e-02 7.922967e-02 3.983416e-04
<GCONST> 5.405606e+01
<STATE> 4
<MEAN> 39
 -5.408934e+00 -2.488681e+00 -1.320185e+00 -1.141011e+01 -1.443074e+00 -5.341781e+00 -3.676827e+00 -1.048140e+01 -3.509037e+00 -8.117114e+00 -2.930941e+00 -6.527737e+00 1.769446e+01 2.317151e-01 5.105895e-01 -3.093448e-03 -1.016915e-01 4.411192e-01 -2.479248e-01 -2.011418e-01 2.756154e-01 -1.277939e-01 8.107448e-02 2.108436e-01 1.169408e-01 -1.723585e-01 -2.715119e-02 -1.583067e-01 -8.625391e-02 1.474563e-01 -3.839177e-02 -6.090072e-03 1.204325e-01 1.985700e-02 -5.447870e-02 4.231452e-02 7.832273e-02 -9.554906e-03 -2.023006e-02
<VARIANCE> 39
 1.166846e+01 1.632526e+01 1.132170e+01 2.321634e+01 3.171838e+01 3.320288e+01 3.064788e+01 2.993112e+01 4.733527e+01 3.817847e+01 3.626936e+01 3.985383e+01 1.211664e+00 5.065153e-01 1.171871e+00 6.359946e-01 1.643073e+00 1.303740e+00 1.550627e+00 1.528430e+00 1.269755e+00 1.658818e+00 1.184173e+00 1.105879e+00 1.068940e+00 2.538143e-02 7.071380e-02 8.681940e-02 9.031530e-02 1.779846e-01 1.819095e-01 2.449433e-01 1.820610e-01 2.039850e-01 2.436526e-01 1.943311e-01 1.735394e-01 1.451955e-01 2.221680e-03
<GCONST> 8.083681e+01
<TRANSP> 5
 0.000000e+00 1.000000e+00 0.000000e+00 0.000000e+00 0.000000e+00
 0.000000e+00 9.012505e-01 9.874944e-02 0.000000e+00 0.000000e+00
 0.000000e+00 0.000000e+00 9.153502e-01 8.464976e-02 0.000000e+00
 0.000000e+00 0.000000e+00 0.000000e+00 9.176029e-01 8.239707e-02
 0.000000e+00 0.000000e+00 0.000000e+00 0.000000e+00 0.000000e+00
<ENDHMM>
~h "five"
<BEGINHMM>
<NUMSTATES> 5
<STATE> 2
<MEAN> 39
 -6.145320e+00 -8.579067e+00 -7.592477e+00 -9.225051e+00 -4.230686e-01 -6.121453e+00 6.972104e-03 -6.825434e+00 -3.778224e+00 -6.490667e+00 -3.219315e-01 -4.546301e+00 1.643808e+01 1.118007e-01 -6.872169e-01 -4.785951e-01 3.255058e-01 2.195616e-01 -2.712157e-01 2.421205e-01 2.802765e-01 -3.435881e-01 -1.302733e-01 -1.266209e-01 1.666806e-02 2.472824e-01 -1.686784e-03 -5.660525e-03 5.737648e-02 4.688855e-02 -1.725559e-02 -3.236554e-02 -1.989614e-02 -4.940978e-02 -1.732842e-02 2.411643e-02 1.546150e-02 -1.459360e-02 2.061892e-02
<VARIANCE> 39
 1.125213e+01 1.815389e+01 1.972016e+01 1.332430e+01 1.796996e+01 2.025477e+01 1.944233e+01 3.697221e+01 2.612185e+01 2.326821e+01 2.203219e+01 1.616224e+01 4.948145e+00 7.423181e-01 6.844147e-01 8.868350e-01 8.866023e-01 8.226787e-01 1.096097e+00 9.428301e-01 1.701113e+00 1.496832e+00 1.271830e+00 1.231869e+00 8.357606e-01 2.129107e-01 1.004224e-01 1.065272e-01 1.570923e-01 1.148709e-01 1.338449e-01 1.695191e-01 1.473376e-01 2.760085e-01 2.348385e-01 1.802753e-01 1.906090e-01 1.286200e-01 2.516607e-02
<GCONST> 8.141044e+01
<STATE> 3
<MEAN> 39
 -5.829910e+00 -1.543208e+01 -8.489590e+00 -3.791505e+00 1.364195e+00 -9.061786e+00 2.480586e+00 -7.543466e+00 -7.266444e+00 -5.482922e+00 -5.596463e-01 -4.576600e+00 1.903887e+01 -1.610333e-01 9.881347e-02 4.891212e-01 -2.808353e-01 -2.718480e-01 4.465800e-01 6.804504e-02 -3.852472e-01 3.469808e-02 2.820533e-01 5.019192e-02 -7.338840e-02 -4.962923e-02 4.119493e-02 1.198992e-01 1.074240e-02 -1.944130e-01 -5.746681e-02 8.541060e-02 -2.819499e-02 2.903894e-02 6.260728e-02 -5.057404e-02 -7.345663e-02 -1.855369e-02 -1.597170e-02
<VARIANCE> 39
 9.235523e+00 9.516528e+00 2.487407e+01 2.134834e+01 1.890436e+01 2.361060e+01 1.802781e+01 4.020390e+01 4.783455e+01 4.513334e+01 2.691067e+01 2.542699e+01 1.368736e+00 9.077766e-02 1.726031e-01 2.727432e-01 6.954170e-01 5.202838e-01 5.777707e-01 5.082273e-01 5.121694e-01 6.401097e-01 6.122542e-01 5.999659e-01 4.835862e-01 5.997593e-03 1.192115e-02 2.521035e-02 3.123392e-02 4.833081e-02 5.224703e-02 5.349397e-02 5.804969e-02 6.689404e-02 9.045400e-02 8.805477e-02 6.807333e-02 7.103814e-02 9.688320e-04
<GCONST> 5.083691e+01
<STATE> 4
<MEAN> 39
 -5.452399e+00 -7.798180e+00 -3.664720e+00 -1.292934e+01 -3.057850e+00 -3.760873e+00 1.120411e+00 -8.346090e+00 -3.888035e+00 -5.631060e+00 -1.734027e+00 -5.653005e+00 1.761938e+01 6.896023e-02 9.293803e-01 2.307963e-01 -1.987863e-01 -1.315908e-01 -8.908976e-02 -2.932279e-01 7.891101e-02 3.928489e-01 -1.370573e-01 7.672913e-02 1.233767e-02 -2.762190e-01 -4.002671e-02 -7.254116e-02 -8.900366e-02 1.945942e-01 1.092603e-01 -8.830119e-02 -1.665502e-02 -4.515914e-03 -4.075458e-02 1.309684e-02 7.345071e-02 3.240519e-02 -1.782511e-02
<VARIANCE> 39
 7.533119e+00 2.308247e+01 1.185585e+01 2.986157e+01 3.748621e+01 2.150837e+01 2.415421e+01 3.057120e+01 4.223587e+01 2.629445e+01 2.688213e+01 2.787957e+01 2.629520e+00 3.400318e-01 7.374050e-01 6.409175e-01 2.733146e+00 1.682088e+00 1.393087e+00 9.393050e-01 1.417221e+00 1.594574e+00 1.266553e+00 1.316848e+00 1.013080e+00 6.819280e-02 5.715520e-02 1.022109e-01 9.524719e-02 3.009325e-01 2.342666e-01 2.509231e-01 1.675267e-01 2.084453e-01 2.011773e-01 1.717467e-01 2.163431e-01 1.726194e-01 9.082134e-03
<GCONST> 8.298360e+01
<TRANSP> 5
 0.000000e+00 1.000000e+00 0.000000e+00 0.000000e+00 0.000000e+00
 0.000000e+00 9.300389e-01 6.996110e-02 0.000000e+00 0.000000e+00
 0.000000e+00 0.000000e+00 9.152320e-01 8.476805e-02 0.000000e+00
 0.000000e+00 0.000000e+00 0.000000e+00 8.980055e-01 1.019945e-01
 0.000000e+00 0.000000e+00 0.000000e+00 0.000000e+00 0.000000e+00
<ENDHMM>
~h "four"
<BEGINHMM>
<NUMSTATES> 5
<STATE> 2
<MEAN> 39
 -7.667616e+00 -6.677808e+00 -5.470644e+00 -9.688791e+00 -1.112551e+00 -4.543474e+00 -5.189717e-01 -8.559962e+00 -2.271119e+00 -5.732477e+00 1.121441e+00 -4.080833e+00 1.494338e+01 3.138348e-01 1.474862e-02 -3.778504e-01 -2.939827e-01 -1.125257e-01 -9.205883e-02 -1.320310e-01 -8.570198e-03 1.231803e-01 1.055100e-01 -1.625214e-02 -4.077199e-02 1.258383e-01 2.438173e-01 9.813491e-02 -1.170316e-01 -1.288144e-01 -5.303998e-02 -1.112582e-01 -1.097989e-01 -1.808114e-02 -8.184107e-03 7.009597e-03 -7.390767e-02 -1.029497e-01 1.065350e-01
<VARIANCE> 39
 4.657691e+00 4.193455e+00 6.876487e+00 8.704021e+00 1.156782e+01 1.418994e+01 1.488089e+01 1.611070e+01 1.489992e+01 1.410062e+01 1.539703e+01 1.167686e+01 9.116802e-01 1.047065e+00 4.639221e-01 5.766308e-01 6.437173e-01 6.049653e-01 9.842690e-01 9.577663e-01 8.519981e-01 8.544636e-01 7.821134e-01 1.037501e+00 8.674531e-01 1.654568e-01 5.929435e-02 5.711768e-02 1.015155e-01 1.069119e-01 1.041820e-01 1.638893e-01 1.311689e-01 1.613807e-01 1.551102e-01 1.347689e-01 1.544513e-01 1.329648e-01 6.555356e-03
<GCONST> 6.410859e+01
<STATE> 3
<MEAN> 39
 1.545542e+00 -3.506075e+00 -1.204608e+01 -1.693926e+01 -4.004877e+00 -6.246486e+00 -3.255047e+00 -8.958975e+00 -1.451340e+00 -3.992062e+00 3.068344e-01 -6.856421e+00 1.889500e+01 3.433107e-01 -1.623348e-01 -3.558473e-01 -7.216998e-02 6.820389e-02 -2.290288e-02 -2.270717e-01 1.736725e-01 3.472253e-01 1.047986e-01 -2.364448e-01 -2.329478e-01 1.594964e-01 -1.728060e-01 -1.511377e-01 1.446060e-01 2.267972e-01 4.013329e-02 -2.949186e-02 4.305380e-02 1.087217e-01 4.690715e-02 -7.877224e-02 -5.253183e-02 5.703616e-02 -6.698086e-02
<VARIANCE> 39
 4.227963e+00 1.022244e+01 1.029038e+01 1.432917e+01 2.460275e+01 1.721145e+01 1.818636e+01 1.709348e+01 2.334694e+01 2.481169e+01 3.750478e+01 3.594285e+01 1.115802e+00 5.912058e-01 7.438602e-01 7.231892e-01 1.240829e+00 9.895769e-01 7.948632e-01 9.115141e-01 9.642969e-01 1.307602e+00 1.180656e+00 1.372135e+00 1.243436e+00 1.038316e-01 4.871599e-02 4.642910e-02 9.628290e-02 8.305276e-02 1.340594e-01 1.435020e-01 1.544316e-01 1.396360e-01 1.799933e-01 1.932644e-01 2.021902e-01 1.820074e-01 7.090525e-03
<GCONST> 7.298953e+01
<STATE> 4
<MEAN> 39
 -5.429524e-01 -1.072220e+01 -7.323108e+00 -8.565813e+00 -5.391744e+00 -8.704762e+00 -2.323943e+00 -4.895539e+00 1.831968e-01 -7.540124e+00 -3.910868e+00 -7.426214e+00 1.840887e+01 -6.129130e-01 7.465231e-02 1.055965e+00 4.896508e-01 -3.433484e-01 7.616346e-02 5.981658e-01 -1.811754e-01 -6.240192e-01 -3.440984e-01 1.658257e-01 3.014706e-01 -2.432768e-01 -9.001616e-02 2.380775e-01 -4.453219e-02 -1.996031e-01 1.165280e-01 1.960448e-01 3.099983e-02 -1.858945e-01 -1.287923e-01 1.032561e-01 1.745547e-01 4.439813e-02 -4.962707e-02
<VARIANCE> 39
 7.333428e+00 1.779961e+01 3.181579e+01 1.828338e+01 4.522199e+01 3.700930e+01 3.509686e+01 4.319414e+01 4.621210e+01 3.482877e+01 3.460001e+01 3.076932e+01 1.741632e+00 2.971712e-01 1.587486e+00 9.179304e-01 1.626265e+00 2.564564e+00 2.221740e+00 1.718491e+00 2.564768e+00 1.885271e+00 1.705947e+00 1.829049e+00 1.123808e+00 5.832922e-02 2.926796e-02 1.346432e-01 2.064869e-01 1.690596e-01 4.288343e-01 2.940585e-01 3.516554e-01 3.668477e-01 3.851872e-01 2.816705e-01 3.092500e-01 2.124642e-01 3.411658e-03
<GCONST> 9.085587e+01
<TRANSP> 5
 0.000000e+00 1.000000e+00 0.000000e+00 0.000000e+00 0.000000e+00
 0.000000e+00 9.011176e-01 9.888243e-02 0.000000e+00 0.000000e+00
 0.000000e+00 0.000000e+00 9.186853e-01 8.131467e-02 0.000000e+00
 0.000000e+00 0.000000e+00 0.000000e+00 8.810122e-01 1.189878e-01
 0.000000e+00 0.000000e+00 0.000000e+00 0.000000e+00 0.000000e+00
<ENDHMM>
~h "zero"
<BEGINHMM>
<NUMSTATES> 5
<STATE> 2
<MEAN> 39
 -6.758223e+00 -3.060520e+00 -4.886805e+00 -7.466884e+00 -1.265808e+00 -3.807533e+00 -1.414130e+00 -8.520020e+00 -3.457380e+00 -5.106217e+00 5.900947e-01 -4.556115e+00 1.523185e+01 -8.169751e-02 3.317856e-01 1.413830e-01 -3.041430e-01 -2.133399e-01 -2.737833e-01 -1.777359e-01 -1.205173e-01 1.233189e-01 2.201307e-01 -1.254461e-02 -1.850254e-04 1.060503e-01 6.806501e-02 1.068921e-01 1.512888e-01 -2.257004e-01 -1.459358e-01 -2.462561e-01 -6.497218e-02 -7.538825e-02 6.202729e-02 1.080043e-02 -2.262536e-02 -5.403442e-02 8.252168e-02
<VARIANCE> 39
 7.745463e+00 1.028875e+01 1.429248e+01 1.360939e+01 1.783349e+01 1.930351e+01 1.877968e+01 1.949854e+01 2.377099e+01 2.085628e+01 1.977665e+01 1.678333e+01 1.208750e+00 4.211715e-01 7.290859e-01 1.003691e+00 9.500331e-01 8.893837e-01 1.750831e+00 9.589569e-01 1.102084e+00 1.068046e+00 8.963263e-01 1.006099e+00 1.001641e+00 1.192556e-01 5.258037e-02 9.179041e-02 1.144097e-01 1.198333e-01 1.237966e-01 1.946405e-01 1.597984e-01 1.730619e-01 1.607250e-01 1.399867e-01 1.706410e-01 1.584605e-01 7.959085e-03
<GCONST> 7.320337e+01
<STATE> 3
<MEAN> 39
 -5.591841e+00 3.939806e-01 8.081441e-01 -1.662392e+01 -7.708828e+00 -9.223977e+00 -4.659487e+00 -8.628969e+00 -4.962911e-02 -3.802429e+00 1.258800e-01 -6.759912e+00 1.834429e+01 3.379792e-01 -6.249802e-01 4.885625e-01 -2.653238e-01 -1.102026e+00 1.289771e-01 1.550955e-01 1.538076e-01 3.348290e-01 -5.401313e-02 2.660885e-02 -1.552390e-01 1.948904e-01 4.518526e-02 -2.659827e-01 -1.692323e-01 3.432561e-01 9.513037e-03 1.402136e-01 1.907868e-01 7.237935e-02 -7.131893e-02 -4.765437e-02 -7.084441e-03 6.282838e-02 -6.163986e-02
<VARIANCE> 39
 7.281867e+00 1.917017e+01 1.718661e+01 2.744203e+01 5.848484e+01 3.937461e+01 3.188980e+01 4.336084e+01 3.246060e+01 3.001664e+01 3.379524e+01 4.994692e+01 1.156403e+00 4.295245e-01 1.775742e+00 8.556579e-01 2.665175e+00 1.664607e+00 2.654083e+00 1.727695e+00 1.475526e+00 1.340058e+00 1.175668e+00 1.141438e+00 1.379909e+00 7.313660e-02 5.099289e-02 1.107463e-01 1.223745e-01 1.857656e-01 2.376004e-01 3.919024e-01 2.244392e-01 2.434454e-01 2.200032e-01 1.773790e-01 1.724092e-01 2.131377e-01 4.550993e-03
<GCONST> 8.729156e+01
<STATE> 4
<MEAN> 39
 -1.649425e+00 -9.930294e+00 -4.551067e+00 -9.836598e+00 -9.202128e+00 -8.373940e+00 4.419640e-02 -4.372614e+00 -3.072390e-01 -6.663133e+00 -1.066753e+00 -5.913397e+00 1.846296e+01 -1.792888e-03 4.121406e-02 -4.249149e-01 2.120660e-01 6.905236e-01 -3.664875e-02 1.293232e-02 7.660431e-02 -1.452999e-01 -9.953038e-02 -4.257381e-02 5.559301e-02 -9.981881e-02 -8.147097e-02 1.027124e-01 5.158551e-02 -8.308505e-02 8.991192e-02 7.165331e-02 -5.899094e-02 -6.226125e-02 -2.367644e-02 2.520044e-02 2.529439e-02 8.745860e-03 -2.410614e-02
<VARIANCE> 39
 6.049103e+00 2.022821e+01 2.591401e+01 2.575994e+01 6.116571e+01 5.179999e+01 3.776348e+01 3.636065e+01 4.391902e+01 3.594068e+01 2.597988e+01 3.311887e+01 1.509427e+00 3.011523e-01 8.275414e-01 7.834257e-01 1.013585e+00 1.236602e+00 1.841288e+00 1.589849e+00 1.897710e+00 1.647535e+00 1.476244e+00 1.053279e+00 9.581074e-01 3.797441e-02 2.902772e-02 5.182584e-02 8.360150e-02 1.130998e-01 1.905431e-01 2.370977e-01 2.060747e-01 2.034581e-01 2.219607e-01 2.011854e-01 1.522555e-01 1.418976e-01 2.415760e-03
<GCONST> 8.034225e+01
<TRANSP> 5
 0.000000e+00 1.000000e+00 0.000000e+00 0.000000e+00 0.000000e+00
 0.000000e+00 8.903291e-01 1.096710e-01 0.000000e+00 0.000000e+00
 0.000000e+00 0.000000e+00 8.972867e-01 1.027133e-01 0.000000e+00
 0.000000e+00 0.000000e+00 0.000000e+00 9.447561e-01 5.524393e-02
 0.000000e+00 0.000000e+00 0.000000e+00 0.000000e+00 0.000000e+00
<ENDHMM>
