~o
<STREAMINFO> 1 39
<VECSIZE> 39<NULLD><MFCC_E_D_A><DIAGC>
~s "silst"
<MEAN> 39
 -5.087172e+00 -3.739820e+00 -3.207979e+00 -8.838377e+00 -1.242131e+00 -5.745970e+00 -1.825042e+00 -9.464005e+00 -3.497977e+00 -6.419718e+00 -3.619426e-01 -5.631246e+00 1.585584e+01 -6.628366e-01 -4.422700e-01 -4.520433e-01 1.680973e-01 3.066771e-01 7.056584e-01 3.759792e-01 1.106209e-01 1.449656e-01 1.514810e-01 3.333261e-01 3.708020e-01 -3.626995e-01 -2.674949e-02 -6.964938e-02 -1.093925e-01 -1.275394e-01 -9.680352e-02 -7.287294e-02 3.814391e-04 7.261568e-02 3.781193e-02 9.385699e-03 -1.485648e-02 4.043627e-03 2.663255e-02
<VARIANCE> 39
 1.126416e+01 1.072065e+01 1.345817e+01 1.339828e+01 2.076661e+01 2.466450e+01 2.382796e+01 2.472489e+01 2.789802e+01 2.727057e+01 2.579621e+01 2.358208e+01 2.020077e+00 3.749569e-01 7.427798e-01 8.194012e-01 8.109564e-01 1.144174e+00 1.288225e+00 1.254765e+00 1.299847e+00 1.408952e+00 1.271404e+00 1.246157e+00 1.113827e+00 5.123068e-02 6.985812e-02 1.002563e-01 1.067570e-01 1.139501e-01 1.561010e-01 2.203975e-01 1.943248e-01 1.871548e-01 2.097956e-01 1.843271e-01 1.820692e-01 1.530764e-01 9.216064e-03
<GCONST> 7.758707e+01
~h "eight"
<BEGINHMM>
<NUMSTATES> 5
<STATE> 2
<MEAN> 39
 -8.244564e+00 -2.968753e+00 -5.889871e+00 -1.827312e+01 2.133053e-01 -4.913645e+00 8.333903e-01 -6.804831e+00 -1.602618e+00 -7.450387e+00 -1.731495e+00 -5.729598e+00 1.741915e+01 -1.713026e-01 1.036777e+00 -1.006978e-01 -1.064541e+00 -4.433087e-02 -5.839658e-01 8.834579e-02 4.710463e-01 3.876757e-01 -1.038970e-02 -1.779830e-01 -2.419731e-01 3.322699e-01 2.951657e-02 8.840022e-02 5.757133e-03 1.444302e-01 -6.182349e-02 -1.930385e-01 -8.366387e-02 -1.829104e-02 2.384217e-02 9.337049e-02 1.156822e-01 -2.109593e-04 -1.804376e-02
<VARIANCE> 39
 7.967371e+00 2.041358e+01 1.885661e+01 3.153530e+01 4.197801e+01 2.225058e+01 2.486053e+01 2.274289e+01 3.072695e+01 2.351628e+01 2.469290e+01 2.557546e+01 3.262927e+00 3.438665e-01 7.508750e-01 6.424819e-01 1.275965e+00 1.192949e+00 1.358417e+00 1.449392e+00 9.941342e-01 1.348459e+00 1.118425e+00 1.074041e+00 9.614959e-01 1.022825e-01 4.198927e-02 8.006965e-02 7.528960e-02 1.937122e-01 1.372758e-01 1.691288e-01 1.487726e-01 1.685925e-01 2.268503e-01 1.637048e-01 1.699605e-01 1.471550e-01 1.296938e-02
<GCONST> 7.930748e+01
<STATE> 3
<MEAN> 39
 -8.393438e+00 5.778222e+00 -5.519069e+00 -1.923591e+01 -2.892439e+00 -1.375450e+01 -1.643670e+00 -5.952294e+00 7.415812e-01 -4.024785e+00 7.633686e-01 -5.691549e+00 1.854673e+01 1.006846e-01 5.023561e-01 2.029878e-01 8.273734e-01 -1.141659e-02 -9.364271e-01 -6.092070e-01 -8.122104e-01 -3.599732e-01 3.267847e-01 4.640605e-01 2.253302e-01 -7.201315e-02 4.933396e-02 -2.809821e-01 2.288791e-02 1.890980e-01 8.654384e-02 2.720766e-01 2.091072e-02 -1.584434e-01 -1.937671e-01 -1.398807e-01 -7.158335e-02 3.682591e-02 -6.156378e-02
<VARIANCE> 39
 1.001424e+01 1.131892e+01 2.486370e+01 2.641450e+01 2.098464e+01 2.365715e+01 5.646614e+01 2.709399e+01 2.950424e+01 2.182250e+01 3.271806e+01 2.503684e+01 1.477770e+00 1.825731e-01 5.045353e-01 2.621531e-01 6.250578e-01 8.220134e-01 1.014062e+00 7.500187e-01 8.239534e-01 1.769168e+00 1.022776e+00 1.189676e+00 8.482802e-01 2.531613e-02 2.770208e-02 7.068372e-02 4.943387e-02 9.897155e-02 8.104880e-02 1.526372e-01 1.404405e-01 1.338012e-01 1.673424e-01 1.385939e-01 1.857673e-01 1.361816e-01 3.379725e-03
<GCONST> 6.901727e+01
<STATE> 4
<MEAN> 39
 -6.983673e+00 1.121684e+00 -4.081207e+00 -1.221426e+01 -1.204599e+00 -1.172766e+01 -4.082295e+00 -1.160520e+01 -4.450107e+00 -5.781350e+00 8.152007e-01 -4.551315e+00 1.652323e+01 2.183765e-01 -1.854751e+00 2.527437e-04 8.878775e-01 2.210460e-01 1.602934e+00 3.193847e-01 -3.066634e-02 -3.286192e-01 -3.989518e-01 -1.450929e-01 9.647629e-02 -4.692365e-01 -7.008895e-02 -1.008528e-01 -9.853490e-02 -1.304045e-01 -4.588656e-02 1.606981e-01 1.927754e-01 2.727506e-01 2.061225e-01 6.433538e-02 2.205984e-02 -3.134022e-02 -6.622285e-03
<VARIANCE> 39
 6.053541e+00 3.355480e+01 1.485637e+01 1.933898e+01 1.614951e+01 3.816061e+01 3.282978e+01 2.462949e+01 3.947219e+01 2.740751e+01 2.594800e+01 2.418379e+01 2.806820e+00 3.507007e-01 7.453300e-01 6.177105e-01 1.035214e+00 6.514579e-01 1.246109e+00 1.758046e+00 1.481038e+00 2.021296e+00 1.219173e+00 1.376350e+00 1.140459e+00 3.566645e-02 4.192159e-02 2.586505e-01 6.974553e-02 1.185892e-01 9.773009e-02 3.264162e-01 1.809291e-01 1.962032e-01 2.998049e-01 1.796732e-01 1.979046e-01 1.934353e-01 1.054155e-02
<GCONST> 8.037052e+01
<TRANSP> 5
 0.000000e+00 1.000000e+00 0.000000e+00 0.000000e+00 0.000000e+00
 0.000000e+00 8.667428e-01 1.332571e-01 0.000000e+00 0.000000e+00
 0.000000e+00 0.000000e+00 8.553528e-01 1.446472e-01 0.000000e+00
 0.000000e+00 0.000000e+00 0.000000e+00 8.207236e-01 1.792764e-01
 0.000000e+00 0.000000e+00 0.000000e+00 0.000000e+00 0.000000e+00
<ENDHMM>
~h "oh"
<BEGINHMM>
<NUMSTATES> 5
<STATE> 2
<MEAN> 39
 -4.350563e+00 -1.038373e+01 -8.318489e+00 -8.573950e+00 -2.644661e+00 -7.665905e+00 3.604945e+00 -7.393610e+00 -5.265056e+00 -7.112556e+00 -2.455606e+00 -5.432566e+00 1.783120e+01 5.454856e-01 -2.039146e-01 -6.065155e-01 1.684301e-01 9.423713e-02 -6.942579e-01 1.418874e-01 7.355599e-01 -1.472378e-02 -4.294684e-01 -4.096252e-01 -1.491303e-01 3.499196e-01 9.393190e-03 1.042689e-01 3.174010e-03 -5.282514e-02 3.900703e-02 -9.615357e-03 -1.533252e-01 7.653002e-03 1.331094e-01 2.618419e-02 -8.955603e-03 -2.728945e-02 -2.220081e-02
<VARIANCE> 39
 8.681590e+00 1.230840e+01 1.668967e+01 1.816002e+01 2.300226e+01 2.456962e+01 3.069990e+01 6.489338e+01 3.838779e+01 3.410132e+01 2.704245e+01 3.151985e+01 2.981744e+00 2.960214e-01 5.776131e-01 6.290192e-01 6.374882e-01 6.824264e-01 9.322490e-01 1.329358e+00 1.781398e+00 1.553553e+00 1.256381e+00 1.250488e+00 1.047764e+00 9.595095e-02 3.977709e-02 6.265166e-02 7.482911e-02 7.934171e-02 9.148503e-02 1.297020e-01 1.554250e-01 2.151709e-01 1.865678e-01 1.964212e-01 1.843334e-01 1.400977e-01 1.325287e-02
<GCONST> 7.709972e+01
<STATE> 3
<MEAN> 39
 -5.700111e-01 -8.241910e+00 -1.318095e+01 -9.930488e+00 -6.967094e-01 -1.204543e+01 -8.104334e-01 -7.774741e-01 1.363109e-01 -8.230164e+00 -5.129025e+00 -6.598532e+00 1.903654e+01 2.229927e-01 4.046471e-01 -2.789757e-02 -3.475343e-01 -3.612540e-02 -3.307650e-03 -6.740798e-01 -2.461144e-01 6.655803e-01 6.043664e-01 -3.240447e-02 -3.516470e-01 -9.677832e-03 -4.122549e-02 2.433211e-02 1.011816e-01 -2.061057e-02 -5.733676e-02 9.286125e-02 1.171008e-02 -1.581845e-01 -8.130824e-02 9.162851e-02 1.212682e-01 1.125147e-02 -2.519145e-02
<VARIANCE> 39
 6.095899e+00 8.377394e+00 1.531383e+01 1.468650e+01 1.917985e+01 2.241491e+01 4.162866e+01 3.068654e+01 3.921470e+01 3.569761e+01 3.180609e+01 4.013683e+01 1.217871e+00 8.017302e-02 1.367451e-01 2.628514e-01 2.766098e-01 3.854567e-01 5.143636e-01 7.293431e-01 1.009202e+00 7.301574e-01 8.539870e-01 7.857049e-01 6.994889e-01 1.317124e-02 1.110482e-02 1.421092e-02 3.352348e-02 3.312425e-02 4.697494e-02 6.865621e-02 7.737119e-02 9.569028e-02 1.049901e-01 1.012908e-01 9.144954e-02 8.854462e-02 1.197748e-03
<GCONST> 5.208881e+01
<STATE> 4
<MEAN> 39
 1.789851e-01 -3.748273e+00 -9.930670e+00 -1.348527e+01 -3.321004e+00 -1.008128e+01 -4.949287e+00 -7.352491e+00 1.044122e+00 -2.363689e+00 -1.843944e-01 -7.006582e+00 1.844935e+01 -3.488048e-01 2.883535e-01 8.524859e-01 1.505389e-01 -2.192200e-01 3.722749e-01 2.098522e-01 -5.763172e-01 -5.867949e-01 -1.038583e-01 5.091356e-01 4.131264e-01 -2.309376e-01 -1.311548e-01 -1.055777e-01 5.187401e-02 1.419639e-01 1.060783e-01 8.463878e-02 1.855118e-01 8.489299e-02 -1.052984e-01 -1.823402e-01 -7.806123e-02 8.006237e-02 -4.431937e-02
<VARIANCE> 39
 6.294415e+00 7.042595e+00 1.859738e+01 1.556949e+01 1.893044e+01 2.847987e+01 3.127072e+01 2.746945e+01 3.058822e+01 3.711681e+01 3.966280e+01 3.648087e+01 1.764478e+00 2.388713e-01 3.548149e-01 4.248310e-01 5.883036e-01 6.865085e-01 8.704405e-01 1.177020e+00 1.224813e+00 1.195742e+00 1.307867e+00 1.200903e+00 1.026390e+00 3.052782e-02 2.296480e-02 3.297732e-02 6.560808e-02 6.528457e-02 9.793118e-02 1.570698e-01 1.653958e-01 1.873286e-01 2.027314e-01 1.906441e-01 1.711972e-01 1.630773e-01 2.734578e-03
<GCONST> 6.920500e+01
<TRANSP> 5
 0.000000e+00 1.000000e+00 0.000000e+00 0.000000e+00 0.000000e+00
 0.000000e+00 8.829381e-01 1.170619e-01 0.000000e+00 0.000000e+00
 0.000000e+00 0.000000e+00 8.920430e-01 1.079570e-01 0.000000e+00
 0.000000e+00 0.000000e+00 0.000000e+00 8.562848e-01 1.437152e-01
 0.000000e+00 0.000000e+00 0.000000e+00 0.000000e+00 0.000000e+00
<ENDHMM>
~h "sp"
<BEGINHMM>
<NUMSTATES> 5
<STATE> 2
~s "silst"
<STATE> 3
<MEAN> 39
 -7.748748e+00 -6.430027e+00 -6.101702e+00 -9.686090e+00 -1.378968e+00 -4.055001e+00 -6.650235e-01 -8.575315e+00 -2.837869e+00 -5.600511e+00 9.458668e-01 -4.061606e+00 1.480068e+01 -9.720469e-02 -1.458849e-02 -1.073864e-01 -1.043770e-03 -2.714982e-02 2.866278e-02 -7.946759e-03 3.354567e-02 1.776808e-03 1.755326e-02 3.261390e-02 3.954258e-02 -1.255833e-02 6.261278e-02 8.001949e-02 6.184200e-02 -1.282753e-02 -9.154926e-03 -5.781044e-02 -3.897759e-02 -1.868572e-02 -8.817224e-03 -1.610892e-02 -3.397577e-02 -3.313544e-02 4.404349e-02
<VARIANCE> 39
 5.379050e+00 5.971489e+00 8.629963e+00 1.020696e+01 1.438335e+01 1.548057e+01 1.555321e+01 1.665636e+01 1.760632e+01 1.643031e+01 1.599976e+01 1.380287e+01 1.091258e+00 1.614476e-01 2.411063e-01 3.661130e-01 4.367950e-01 5.712796e-01 6.822572e-01 6.522424e-01 7.236040e-01 7.454094e-01 6.610340e-01 6.562042e-01 5.709106e-01 7.558760e-03 3.362630e-02 5.413507e-02 7.247972e-02 9.162542e-02 1.145762e-01 1.433040e-01 1.318415e-01 1.440289e-01 1.472348e-01 1.255481e-01 1.256353e-01 1.148601e-01 4.128281e-03
<GCONST> 5.527750e+01
<STATE> 4
<MEAN> 39
 -8.468603e+00 -4.998747e+00 -6.279329e+00 -9.006835e+00 -1.935405e+00 -3.810613e+00 -9.882200e-01 -8.368628e+00 -2.933731e+00 -5.497101e+00 6.568418e-01 -4.100734e+00 1.506269e+01 3.591209e-01 1.777676e-01 1.409586e-01 -2.155960e-01 -2.683052e-01 -3.907665e-01 -3.903964e-02 7.457075e-02 -1.837030e-02 -4.184456e-02 -2.346545e-01 -1.137234e-01 2.606575e-01 2.217792e-01 5.410155e-03 5.602045e-02 -1.644904e-01 -1.604478e-01 -2.224038e-01 4.127779e-03 2.410179e-02 1.218825e-02 -8.041213e-04 -1.158418e-01 -9.135261e-02 1.220452e-01
<VARIANCE> 39
 1.161600e+01 1.138604e+01 1.700682e+01 1.542814e+01 1.891339e+01 1.845537e+01 1.799689e+01 1.999615e+01 2.141717e+01 1.982065e+01 1.874736e+01 1.699026e+01 1.497108e+00 6.077033e-01 5.374042e-01 7.950047e-01 8.535122e-01 1.029265e+00 1.071340e+00 9.170389e-01 1.238869e+00 1.072469e+00 1.006845e+00 9.622712e-01 8.009704e-01 6.001389e-02 6.998631e-02 1.106490e-01 1.690702e-01 1.515364e-01 2.057025e-01 1.944298e-01 1.777276e-01 2.295961e-01 2.089937e-01 1.844998e-01 1.797228e-01 1.609435e-01 9.024330e-03
<GCONST> 7.536297e+01
<TRANSP> 5
 0.000000e+00 8.226466e-01 1.773534e-01 0.000000e+00 0.000000e+00
 0.000000e+00 7.938746e-01 2.061254e-01 0.000000e+00 0.000000e+00
 0.000000e+00 0.000000e+00 8.541416e-01 1.458584e-01 0.000000e+00
 0.000000e+00 0.000000e+00 0.000000e+00 5.705547e-01 4.294454e-01
 0.000000e+00 0.000000e+00 0.000000e+00 0.000000e+00 0.000000e+00
<ENDHMM>
~h "seven"
<BEGINHMM>
<NUMSTATES> 5
<STATE> 2
<MEAN> 39
 -5.751713e+00 -4.254808e+00 -4.884921e+00 -1.358422e+01 -6.833089e+00 -6.871501e+00 1.803067e+00 -8.063822e+00 -1.470965e+00 -4.969735e+00 -2.749766e+00 -6.002090e+00 1.718349e+01 5.159946e-01 -2.366312e-01 2.780962e-01 -1.360759e+00 -8.410423e-01 -2.304751e-01 1.097707e+00 6.358015e-03 1.387729e-01 -3.409722e-01 -8.231118e-01 -6.644804e-01 7.010112e-01 -1.859194e-01 -1.822551e-01 -1.935227e-01 1.236520e-01 2.248685e-01 3.147972e-01 1.144739e-02 2.491933e-02 -1.492428e-01 -1.210733e-01 6.512947e-02 6.727074e-02 -2.689316e-02
<VARIANCE> 39
 1.076793e+01 6.245372e+00 1.028502e+01 2.912663e+01 3.407373e+01 2.991802e+01 2.833744e+01 2.516522e+01 2.819561e+01 5.869154e+01 2.711909e+01 2.678292e+01 4.052406e+00 6.352043e-01 5.415130e-01 7.598734e-01 8.926792e-01 1.775101e+00 1.929345e+00 1.372162e+00 1.237279e+00 1.510283e+00 2.143842e+00 1.220196e+00 1.546320e+00 6.083207e-02 8.593606e-02 5.784930e-02 8.830069e-02 2.316909e-01 2.937694e-01 2.099306e-01 1.856245e-01 1.477615e-01 1.607453e-01 2.833411e-01 1.893209e-01 2.141189e-01 3.022324e-02
<GCONST> 8.442926e+01
<STATE> 3
<MEAN> 39
 -6.209204e+00 -8.504754e+00 -5.712998e+00 -1.578897e+01 -4.751839e+00 -2.877439e+00 5.284951e+00 -9.074368e+00 -3.314935e+00 -7.486920e+00 -3.852868e+00 -5.959758e+00 1.910872e+01 1.406509e-01 -2.164993e-01 1.399468e-01 5.971609e-01 1.755060e-01 -1.790556e-01 -1.320855e-01 3.277473e-01 -4.366775e-01 1.781466e-01 2.465126e-01 9.629690e-02 -1.050655e-01 9.168528e-02 2.116074e-01 1.394723e-01 2.569581e-01 -1.334644e-02 -2.732475e-01 -2.987953e-01 8.483160e-02 6.517179e-02 6.420822e-02 1.745444e-01 -2.018633e-02 -1.192298e-01
<VARIANCE> 39
 9.164638e+00 9.185338e+00 8.243551e+00 1.602532e+01 4.746687e+01 3.184945e+01 3.255893e+01 3.996139e+01 5.025483e+01 4.654236e+01 3.491309e+01 3.300494e+01 1.253580e+00 3.492571e-01 5.652167e-01 3.945381e-01 6.268757e-01 1.219043e+00 1.527808e+00 1.241181e+00 9.775403e-01 1.105731e+00 1.612072e+00 1.615652e+00 9.419127e-01 6.438934e-02 4.588265e-02 4.454028e-02 4.826752e-02 1.002892e-01 2.133022e-01 1.491824e-01 1.913147e-01 1.591307e-01 1.981445e-01 1.911187e-01 2.510157e-01 1.754825e-01 4.994712e-03
<GCONST> 7.641093e+01
<STATE> 4
<MEAN> 39
 -3.264834e+00 -4.159372e+00 -2.037331e+00 -9.790469e+00 -4.041729e+00 -7.973443e+00 -4.669373e-01 -7.826204e+00 -3.905260e+00 -6.625219e+00 -1.647751e+00 -7.014966e+00 1.714876e+01 1.029756e-01 3.742098e-01 2.351648e-01 2.409621e-01 3.891153e-01 -3.363293e-02 -4.375523e-01 -3.547303e-01 4.086376e-02 -7.565062e-02 8.493143e-02 -1.294687e-02 -9.130235e-02 -4.141784e-02 -5.779042e-02 -5.429109e-02 -7.422255e-02 6.417944e-03 1.143439e-01 9.005567e-02 -4.906280e-02 -1.701249e-03 -1.541669e-03 -4.413669e-02 3.611176e-02 1.934071e-02
<VARIANCE> 39
 4.974673e+00 1.059763e+01 1.013304e+01 1.381349e+01 2.840697e+01 3.238902e+01 2.626326e+01 4.131329e+01 3.187377e+01 3.583348e+01 3.240894e+01 2.851212e+01 1.725961e+00 1.942102e-01 4.216589e-01 4.832191e-01 9.301309e-01 1.402411e+00 1.180122e+00 1.672469e+00 1.272668e+00 1.409159e+00 1.398679e+00 1.277174e+00 9.398624e-01 9.213414e-02 3.548194e-02 8.008188e-02 8.784690e-02 1.534116e-01 2.517770e-01 2.065545e-01 2.866104e-01 2.292280e-01 2.303465e-01 2.410633e-01 2.152975e-01 1.494204e-01 1.512553e-02
<GCONST> 7.887817e+01
<TRANSP> 5
 0.000000e+00 1.000000e+00 0.000000e+00 0.000000e+00 0.000000e+00
 0.000000e+00 7.982624e-01 2.017377e-01 0.000000e+00 0.000000e+00
 0.000000e+00 0.000000e+00 8.566260e-01 1.433740e-01 0.000000e+00
 0.000000e+00 0.000000e+00 0.000000e+00 9.304845e-01 6.951552e-02
 0.000000e+00 0.000000e+00 0.000000e+00 0.000000e+00 0.000000e+00
<ENDHMM>
~h "three"
<BEGINHMM>
<NUMSTATES> 5
<STATE> 2
<MEAN> 39
 -3.037155e+00 -6.959133e+00 -2.995135e-01 -8.974702e+00 -1.050053e+01 -1.092531e+01 -1.257946e+00 -8.789512e+00 -1.784440e+00 -5.087503e+00 -2.264200e-01 -5.336535e+00 1.741461e+01 4.717750e-01 -1.389558e-01 9.489651e-01 -2.764536e-01 -1.576294e+00 -8.758703e-02 -2.510101e-01 -2.380003e-01 4.070109e-01 1.041573e-01 -2.956996e-02 -2.391060e-01 3.681438e-01 -1.806928e-01 1.208596e-01 3.567470e-03 -2.963376e-01 2.234959e-01 3.100570e-01 -1.653425e-01 1.568290e-02 8.037798e-02 -1.806104e-02 4.599408e-02 8.557373e-03 -3.275398e-02
<VARIANCE> 39
 1.156566e+01 1.272196e+01 1.693042e+01 3.004723e+01 5.274585e+01 4.899631e+01 2.348420e+01 2.649479e+01 2.833558e+01 2.600703e+01 3.423587e+01 3.200029e+01 2.728768e+00 7.883465e-01 6.954234e-01 8.026667e-01 2.121878e+00 1.939127e+00 3.487865e+00 1.438254e+00 1.559717e+00 1.257112e+00 1.073724e+00 1.374807e+00 1.277376e+00 6.037913e-02 1.129233e-01 1.470754e-01 1.340375e-01 2.998427e-01 4.726176e-01 4.268462e-01 2.924230e-01 2.406667e-01 1.943276e-01 1.817274e-01 1.986353e-01 1.935676e-01 9.926175e-03
<GCONST> 8.972205e+01
<STATE> 3
<MEAN> 39
 -5.085669e+00 -3.557405e+00 5.571839e+00 -1.908318e+01 -1.227482e+01 -4.189693e+00 -8.755517e+00 -8.655589e+00 1.876567e+00 -5.806365e+00 1.069753e+00 -5.958204e+00 1.864774e+01 -8.420352e-01 1.793042e+00 -2.836507e-01 -1.695156e+00 2.373842e+00 -1.611383e-01 -1.441979e+00 9.147905e-01 -4.328586e-01 -2.272352e-01 1.179869e-01 2.318841e-02 -2.370413e-02 4.662360e-02 1.175778e-01 -4.611533e-01 5.228209e-01 3.812650e-01 -6.711684e-01 4.361477e-01 5.081946e-02 -3.683853e-01 7.723623e-02 -5.720853e-02 3.740311e-02 -5.363056e-02
<VARIANCE> 39
 7.775543e+00 2.370900e+01 1.166555e+01 3.125656e+01 6.009907e+01 2.840492e+01 4.172469e+01 6.423933e+01 2.620312e+01 2.807226e+01 3.813903e+01 2.968819e+01 1.294232e+00 2.530348e-01 6.070930e-01 1.013227e+00 1.789022e+00 1.356616e+00 3.606254e+00 2.049424e+00 1.357428e+00 1.397784e+00 1.086429e+00 7.200490e-01 7.926640e-01 2.004157e-02 5.112426e-02 1.568329e-01 9.303975e-02 2.381513e-01 4.969873e-01 2.354100e-01 3.844029e-01 3.778007e-01 1.669804e-01 1.490598e-01 1.327783e-01 1.103636e-01 2.183171e-03
<GCONST> 8.254509e+01
<STATE> 4
<MEAN> 39
 -6.745428e+00 4.098758e+00 -1.729547e+00 -1.633941e+01 -1.326689e+00 -1.257805e+01 -5.451195e+00 -8.166302e+00 -3.431820e+00 -4.967008e+00 -2.629820e-01 -6.249354e+00 1.786823e+01 1.484158e-01 -9.422173e-02 -5.608549e-01 9.720442e-01 4.129037e-01 -1.216858e-01 7.105582e-01 -3.732627e-01 -3.061834e-01 -2.261039e-02 -1.984976e-01 2.102251e-03 -1.797788e-01 6.419574e-02 -3.144429e-01 9.488204e-02 8.097947e-02 -2.295564e-01 3.117212e-01 3.574562e-02 -3.201706e-02 1.383226e-01 -3.376331e-02 2.244917e-02 1.233817e-02 -2.587845e-02
<VARIANCE> 39
 7.452312e+00 1.521579e+01 1.622871e+01 3.035697e+01 2.259718e+01 2.541861e+01 4.754988e+01 4.499119e+01 3.217650e+01 4.072150e+01 4.082744e+01 3.688705e+01 1.619264e+00 2.174874e-01 1.344773e+00 6.415477e-01 8.477656e-01 1.201034e+00 2.038364e+00 1.289611e+00 1.482651e+00 1.224221e+00 1.177711e+00 8.517942e-01 8.689396e-01 2.472601e-02 3.732082e-02 9.141497e-02 7.177812e-02 1.609408e-01 1.830625e-01 1.713279e-01 2.108334e-01 2.211774e-01 1.731790e-01 1.653039e-01 1.335395e-01 1.305069e-01 2.683819e-03
<GCONST> 7.748415e+01
<TRANSP> 5
 0.000000e+00 1.000000e+00 0.000000e+00 0.000000e+00 0.000000e+00
 0.000000e+00 8.772036e-01 1.227964e-01 0.000000e+00 0.000000e+00
 0.000000e+00 0.000000e+00 7.870661e-01 2.129339e-01 0.000000e+00
 0.000000e+00 0.000000e+00 0.000000e+00 8.904234e-01 1.095766e-01
 0.000000e+00 0.000000e+00 0.000000e+00 0.000000e+00 0.000000e+00
<ENDHMM>
~h "one"
<BEGINHMM>
<NUMSTATES> 5
<STATE> 2
<MEAN> 39
 -5.597717e-01 -3.775555e+00 -9.284923e+00 -1.282344e+01 -1.659592e+00 -5.563420e+00 -2.020435e+00 -8.864482e+00 -2.705343e+00 -6.731599e+00 -1.549599e+00 -7.295906e+00 1.774993e+01 2.768565e-01 -4.069020e-01 -8.737398e-01 4.591882e-01 4.890134e-01 4.087558e-02 -2.918779e-01 2.273271e-01 2.045829e-01 -3.066716e-01 -3.897118e-01 -2.719277e-01 2.372611e-01 -1.195009e-01 -1.466762e-01 5.447568e-02 2.656072e-01 8.072282e-03 -1.161906e-01 -1.522222e-02 9.394514e-02 -1.097767e-02 -9.043591e-02 1.123636e-02 8.335865e-02 -2.118700e-02
<VARIANCE> 39
 7.537336e+00 9.252968e+00 2.885548e+01 2.285367e+01 2.892077e+01 2.534810e+01 2.282738e+01 2.066526e+01 2.828671e+01 2.396812e+01 2.968637e+01 2.875366e+01 2.263558e+00 4.570303e-01 7.990826e-01 8.712426e-01 2.245081e+00 1.372000e+00 1.441710e+00 1.268458e+00 1.066281e+00 1.133292e+00 1.021126e+00 1.095152e+00 1.045183e+00 4.807203e-02 4.468798e-02 6.121546e-02 1.908706e-01 2.173874e-01 2.630336e-01 2.527055e-01 2.368470e-01 1.811114e-01 2.006962e-01 1.693438e-01 1.889282e-01 1.837784e-01 4.990408e-03
<GCONST> 8.016030e+01
<STATE> 3
<MEAN> 39
 -2.365884e+00 -1.071516e+01 -1.090182e+01 -1.688873e+00 -4.439499e-01 -9.494728e+00 -2.446758e+00 -4.207008e+00 -3.535877e+00 -1.172808e+01 -2.378040e+00 -6.055619e+00 1.853591e+01 -6.083175e-01 -3.737978e-01 1.339313e+00 5.725325e-01 -1.353481e+00 -3.280761e-01 1.195765e+00 -8.909345e-02 -9.245958e-01 -9.229425e-02 5.862358e-01 1.197647e-01 -4.917604e-02 2.359760e-02 3.139459e-01 2.517563e-01 -5.823405e-01 -1.342512e-01 3.766113e-01 9.197506e-02 -4.376757e-01 -1.810223e-04 3.805238e-01 4.404572e-02 -1.768193e-01 -2.978514e-02
<VARIANCE> 39
 6.138710e+00 9.607977e+00 1.865649e+01 2.375387e+01 2.701028e+01 1.740392e+01 3.766938e+01 3.138850e+01 4.646131e+01 3.755271e+01 3.383810e+01 3.321640e+01 1.544345e+00 1.544840e-01 5.159476e-01 6.043125e-01 1.831921e+00 7.392733e-01 1.711890e+00 1.007347e+00 2.247486e+00 1.165747e+00 1.864545e+00 1.028576e+00 1.293578e+00 8.478000e-03 2.364607e-02 5.254928e-02 1.008224e-01 1.224700e-01 2.853011e-01 1.528423e-01 3.759976e-01 1.781977e-01 3.358923e-01 2.003509e-01 2.674354e-01 1.680935e-01 8.554315e-04
<GCONST> 7.513165e+01
<STATE> 4
<MEAN> 39
 -4.105536e+00 -5.417880e+00 -1.638481e+00 -8.750096e+00 -4.066271e+00 -5.852129e+00 -1.672929e+00 -1.194839e+01 -4.642029e+00 -8.687737e+00 -2.581126e+00 -8.293589e+00 1.778398e+01 1.508984e-01 9.707201e-01 6.254141e-01 -7.286727e-01 4.273227e-01 -6.600447e-02 -6.311896e-01 -4.444149e-01 8.189715e-02 2.299560e-01 -1.762377e-01 5.048171e-02 -1.279210e-01 4.435181e-02 -6.855718e-02 -2.143149e-01 1.672588e-01 1.612206e-01 -6.880940e-02 -6.809968e-02 1.651927e-01 1.347119e-02 -1.166176e-01 1.024529e-02 7.498839e-02 -5.521533e-03
<VARIANCE> 39
 6.949645e+00 2.329737e+01 1.104086e+01 2.143719e+01 1.961319e+01 4.666823e+01 3.616589e+01 3.532873e+01 4.120970e+01 4.575108e+01 3.326508e+01 3.779195e+01 1.325613e+00 2.766253e-01 6.136920e-01 8.064082e-01 1.205894e+00 9.142133e-01 1.967879e+00 1.135472e+00 1.444673e+00 1.608610e+00 1.541598e+00 9.443946e-01 9.595531e-01 1.267925e-02 4.884287e-02 1.200086e-01 8.178654e-02 1.339795e-01 2.007146e-01 3.083095e-01 2.740838e-01 1.858697e-01 2.303252e-01 2.258396e-01 1.685985e-01 1.675965e-01 1.602746e-03
<GCONST> 7.851495e+01
<TRANSP> 5
 0.000000e+00 1.000000e+00 0.000000e+00 0.000000e+00 0.000000e+00
 0.000000e+00 8.981032e-01 1.018968e-01 0.000000e+00 0.000000e+00
 0.000000e+00 0.000000e+00 8.248826e-01 1.751174e-01 0.000000e+00
 0.000000e+00 0.000000e+00 0.000000e+00 8.842329e-01 1.157671e-01
 0.000000e+00 0.000000e+00 0.000000e+00 0.000000e+00 0.000000e+00
<ENDHMM>
~h "sil"
<BEGINHMM>
<NUMSTATES> 5
<STATE> 2
<MEAN> 39
 -6.780034e+00 -6.749225e+00 -5.112382e+00 -9.119885e+00 -2.580793e-02 -3.394932e+00 1.712714e-01 -8.541556e+00 -2.619453e+00 -5.769123e+00 5.599080e-01 -4.300304e+00 1.461593e+01 -3.760294e-02 -2.105180e-03 -2.305511e-03 3.394452e-02 4.159210e-02 2.674541e-02 4.787818e-02 3.517112e-03 -1.781625e-02 5.924259e-03 1.623111e-02 1.292584e-02 -1.225699e-02 -2.601080e-02 -3.365243e-02 -7.329050e-02 -1.079054e-01 -1.180316e-01 -1.154210e-01 -6.102594e-02 -7.834656e-03 -2.140629e-02 1.066641e-02 3.706758e-02 2.952362e-02 1.881976e-03
<VARIANCE> 39
 3.597680e+00 4.333821e+00 5.972996e+00 7.600250e+00 1.196733e+01 1.365622e+01 1.465335e+01 1.630853e+01 1.573401e+01 1.373508e+01 1.578183e+01 1.310039e+01 1.166381e+00 7.780594e-02 1.583380e-01 2.701770e-01 3.722691e-01 4.931226e-01 6.555713e-01 6.793062e-01 7.116170e-01 6.930664e-01 5.744427e-01 6.349635e-01 5.626815e-01 4.977995e-03 1.086118e-02 2.395339e-02 4.026626e-02 5.011752e-02 7.068349e-02 1.016800e-01 1.068311e-01 1.301318e-01 1.116903e-01 9.220722e-02 1.051721e-01 9.908466e-02 6.310279e-04
<GCONST> 4.369197e+01
<STATE> 3
~s "silst"
<STATE> 4
<MEAN> 39
 -7.610003e+00 -7.341039e+00 -6.620667e+00 -1.117253e+01 -2.174107e+00 -5.392535e+00 -1.002954e+00 -8.636559e+00 -2.695204e+00 -5.393792e+00 1.457756e+00 -3.845133e+00 1.448323e+01 -3.224918e-03 7.134232e-03 -2.817979e-02 -2.992789e-02 -5.450194e-02 -2.092532e-02 -6.061387e-02 -7.369521e-03 -3.289752e-03 -6.382964e-03 -2.120533e-02 -1.988603e-02 5.317535e-05 3.924455e-02 5.890856e-02 9.640625e-02 1.263407e-01 1.319613e-01 1.255394e-01 6.197963e-02 1.478901e-02 2.555655e-02 -1.770088e-02 -5.661711e-02 -4.027049e-02 8.931840e-03
<VARIANCE> 39
 3.535241e+00 4.171247e+00 6.421151e+00 7.864534e+00 1.126943e+01 1.260821e+01 1.499196e+01 1.598335e+01 1.772826e+01 1.534086e+01 1.513311e+01 1.342209e+01 9.967422e-01 7.781239e-02 1.690632e-01 2.887958e-01 4.171082e-01 5.057731e-01 6.766803e-01 5.963128e-01 7.442930e-01 7.109749e-01 6.082916e-01 7.012593e-01 6.132390e-01 3.289815e-03 1.448076e-02 2.901502e-02 4.220779e-02 5.737723e-02 7.352704e-02 1.090208e-01 1.041247e-01 1.285713e-01 1.334474e-01 1.061447e-01 1.175977e-01 1.100316e-01 1.129669e-03
<GCONST> 4.558274e+01
<TRANSP> 5
 0.000000e+00 1.000000e+00 0.000000e+00 0.000000e+00 0.000000e+00
 0.000000e+00 7.708047e-01 2.417350e-02 2.050218e-01 0.000000e+00
 0.000000e+00 0.000000e+00 8.268237e-01 1.731762e-01 0.000000e+00
 0.000000e+00 1.880219e-01 0.000000e+00 7.418808e-01 7.009728e-02
 0.000000e+00 0.000000e+00 0.000000e+00 0.000000e+00 0.000000e+00
<ENDHMM>
~h "six"
<BEGINHMM>
<NUMSTATES> 5
<STATE> 2
<MEAN> 39
 -8.656387e+00 -4.244180e+00 -6.950641e+00 -8.756404e+00 -3.125173e+00 -4.280949e+00 -1.961683e+00 -8.226699e+00 -3.547389e+00 -3.983232e+00 1.208925e-01 -3.144435e+00 1.496509e+01 6.815048e-01 6.848638e-01 1.209187e+00 -1.395448e+00 -1.169862e+00 -1.220787e+00 4.326487e-02 -1.311778e-01 4.282769e-01 3.499131e-01 -5.232038e-01 -4.829579e-01 6.353625e-01 6.325264e-02 1.134911e-01 2.230677e-01 -4.787785e-01 -2.753413e-01 -1.644867e-01 4.426312e-02 7.707933e-02 2.055032e-01 -2.979939e-03 -1.366537e-01 -2.397152e-01 1.438580e-01
<VARIANCE> 39
 7.526372e+00 7.816511e+00 1.271947e+01 1.149166e+01 1.915611e+01 2.016243e+01 1.522940e+01 1.796020e+01 2.009478e+01 2.995314e+01 1.914214e+01 1.708603e+01 1.890220e+00 3.592075e-01 4.714316e-01 8.849878e-01 1.149163e+00 1.078368e+00 1.327592e+00 1.010906e+00 8.123704e-01 1.423972e+00 2.248127e+00 1.080180e+00 1.331215e+00 7.599135e-02 6.202115e-02 5.620125e-02 1.152413e-01 9.837229e-02 2.027733e-01 2.094900e-01 1.473022e-01 1.774037e-01 1.847865e-01 2.377878e-01 1.710227e-01 1.684168e-01 9.005963e-03
<GCONST> 7.415965e+01
<STATE> 3
<MEAN> 39
 -6.472523e+00 -1.099678e+00 -8.560899e-01 -2.012918e+01 -7.858525e+00 -8.732308e+00 -2.437782e+00 -6.377798e+00 2.500360e-01 -3.797136e+00 -2.525696e+00 -7.323286e+00 1.832995e+01 2.362099e-02 -8.767319e-02 2.197692e-01 -2.796446e-01 3.775905e-01 2.150148e-01 -2.753999e-01 1.719916e-01 3.666155e-02 -1.967481e-01 1.709819e-01 8.459627e-03 -4.867163e-02 -5.659460e-02 -2.053695e-01 -2.670161e-01 4.882730e-01 2.883179e-01 2.208840e-01 6.808361e-02 -9.127270e-02 -1.469844e-01 -5.871783e-02 1.517471e-01 1.662796e-01 -1.671577e-01
<VARIANCE> 39
 7.693172e+00 9.753020e+00 1.664020e+01 2.299963e+01 5.854263e+01 3.111395e+01 3.720646e+01 2.460835e+01 3.463426e+01 5.832294e+01 3.544338e+01 3.744975e+01 1.431969e+00 3.494125e-01 6.520424e-01 1.074852e+00 3.227769e+00 2.392843e+00 1.757390e+00 1.734543e+00 1.341593e+00 1.887458e+00 2.011102e+00 1.867128e+00 1.895540e+00 2.932445e-01 6.821802e-02 6.608316e-02 1.610326e-01 2.255801e-01 3.063690e-01 3.194124e-01 3.838446e-01 2.241015e-01 2.869022e-01 3.401662e-01 2.637662e-01 2.553517e-01 1.166127e-02
<GCONST> 9.187629e+01
<STATE> 4
<MEAN> 39
 -6.563379e+00 -6.252047e+00 -4.682182e+00 -1.081067e+01 -1.003202e+00 -3.975652e+00 -1.433116e+00 -8.751295e+00 -2.164808e+00 -5.868391e+00 1.161812e+00 -4.221298e+00 1.475217e+01 -2.344898e-01 -9.097459e-01 -1.004522e+00 1.460411e+00 4.121986e-01 4.082681e-01 9.066173e-01 -4.564010e-01 -2.817318e-01 -4.063363e-02 1.998807e-01 2.980412e-01 -4.639525e-01 -1.054747e-01 1.694078e-01 2.075624e-01 -4.380594e-01 -3.785173e-01 -1.604496e-01 -8.582969e-02 1.718398e-01 1.164049e-01 1.033782e-01 -1.790354e-01 -1.429601e-01 1.500139e-01
<VARIANCE> 39
 3.289017e+00 5.448375e+00 9.438308e+00 1.105923e+01 1.462189e+01 1.564706e+01 1.949574e+01 1.856633e+01 1.687155e+01 1.704509e+01 1.861047e+01 1.491270e+01 1.490391e+00 2.678453e-01 4.876559e-01 8.968418e-01 1.310956e+00 2.110391e+00 1.650529e+00 1.602756e+00 1.249268e+00 1.214680e+00 1.204219e+00 1.177999e+00 1.023094e+00 7.955085e-02 3.887326e-02 6.524218e-02 1.378393e-01 1.468054e-01 2.332042e-01 1.806095e-01 2.656406e-01 1.924821e-01 1.856029e-01 1.735671e-01 1.978114e-01 1.824828e-01 5.792215e-03
<GCONST> 7.240009e+01
<TRANSP> 5
 0.000000e+00 1.000000e+00 0.000000e+00 0.000000e+00 0.000000e+00
 0.000000e+00 7.148575e-01 2.851425e-01 0.000000e+00 0.000000e+00
 0.000000e+00 0.000000e+00 8.890462e-01 1.109538e-01 0.000000e+00
 0.000000e+00 0.000000e+00 0.000000e+00 7.506884e-01 2.493116e-01
 0.000000e+00 0.000000e+00 0.000000e+00 0.000000e+00 0.000000e+00
<ENDHMM>
~h "two"
<BEGINHMM>
<NUMSTATES> 5
<STATE> 2
<MEAN> 39
 -1.100652e+01 -3.239104e+00 -6.816863e+00 -1.057448e+01 -1.032741e+00 -3.866930e+00 -1.989004e+00 -7.542824e+00 -2.342257e+00 -5.695073e+00 1.128618e+00 -3.351769e+00 1.506423e+01 4.695889e-01 6.202717e-01 9.788553e-01 -5.728945e-01 -2.545174e-01 -3.416147e-01 -4.639609e-01 -2.047708e-01 6.656113e-02 -5.605767e-02 -2.372177e-01 -3.436834e-01 3.171767e-01 2.989404e-01 5.518215e-02 2.928622e-01 -1.316062e-01 -1.968488e-01 -2.339564e-01 -1.127897e-01 -1.227008e-01 -2.512905e-02 4.147305e-03 -7.560202e-02 -1.670731e-01 9.031327e-02
<VARIANCE> 39
 8.761556e+00 8.107175e+00 1.277834e+01 1.242236e+01 1.841799e+01 2.276577e+01 1.912571e+01 2.134188e+01 2.115182e+01 2.376611e+01 2.460200e+01 1.978339e+01 9.004402e-01 1.387861e+00 5.623652e-01 1.301344e+00 8.294344e-01 1.349868e+00 1.289322e+00 9.782739e-01 1.192043e+00 1.160105e+00 1.281188e+00 1.851071e+00 1.100644e+00 7.245528e-02 1.249442e-01 1.104148e-01 1.335677e-01 1.291336e-01 2.299384e-01 1.993192e-01 1.749618e-01 2.241564e-01 2.244129e-01 2.010577e-01 3.569927e-01 1.589182e-01 7.991725e-03
<GCONST> 7.891818e+01
<STATE> 3
<MEAN> 39
 -4.604305e+00 1.265127e+00 1.857351e+00 -1.551282e+01 -6.937409e+00 -9.934113e+00 -6.694720e+00 -1.043762e+01 -2.411098e+00 -5.176596e+00 -1.122336e+00 -7.304840e+00 1.840399e+01 6.656407e-01 5.447065e-01 7.455186e-01 -5.424216e-01 -1.163397e+00 -1.106801e+00 -5.678680e-01 -2.815726e-01 -6.569463e-02 1.262809e-01 -2.157899e-01 -6.249732e-01 4.520194e-01 -2.500989e-01 -2.343935e-01 -4.260560e-01 2.986859e-01 2.714888e-01 2.315294e-01 2.354299e-01 1.458524e-01 -1.887294e-02 -9.355306e-03 1.530910e-01 1.828482e-01 -1.447933e-01
<VARIANCE> 39
 7.467840e+00 8.105322e+00 1.363550e+01 2.234106e+01 3.972013e+01 2.564943e+01 2.822459e+01 2.453150e+01 3.157898e+01 5.527531e+01 4.391610e+01 4.845670e+01 1.040174e+00 5.688629e-01 6.280328e-01 9.889714e-01 1.463591e+00 1.293030e+00 1.204794e+00 1.680593e+00 1.517051e+00 1.847267e+00 1.989828e+00 2.395664e+00 1.873547e+00 8.947163e-02 6.147651e-02 5.374036e-02 8.128501e-02 1.251121e-01 2.053777e-01 1.810995e-01 2.042426e-01 1.911823e-01 2.124442e-01 2.738330e-01 2.889929e-01 2.221181e-01 6.567868e-03
<GCONST> 8.379087e+01
<STATE> 4
<MEAN> 39
 -3.233571e+00 -5.590023e-02 -4.193532e-02 -1.366642e+01 -7.124210e+00 -1.157517e+01 -5.645081e+00 -9.634684e+00 -2.709074e+00 -5.306891e+00 -1.592122e-01 -7.599717e+00 1.824058e+01 1.670661e-01 -2.230375e-01 -2.383736e-01 5.384378e-01 3.364173e-01 8.550008e-02 9.819844e-02 -5.494808e-02 -1.933680e-01 -8.649138e-02 7.789335e-02 1.596323e-01 -1.199647e-01 -4.353501e-02 -3.799236e-02 -2.659048e-02 2.451087e-02 9.575754e-02 1.093792e-01 5.175706e-02 4.745377e-03 1.991018e-02 1.189494e-03 -5.781700e-03 4.462781e-02 -3.523794e-02
<VARIANCE> 39
 5.894556e+00 7.954402e+00 1.254166e+01 2.980061e+01 3.401033e+01 2.156039e+01 3.316267e+01 3.371323e+01 3.985347e+01 4.293752e+01 5.473575e+01 4.156758e+01 1.358789e+00 1.335501e-01 1.530509e-01 3.772070e-01 6.213189e-01 9.118911e-01 8.554744e-01 8.813207e-01 1.028798e+00 9.026901e-01 9.881255e-01 1.046281e+00 9.318215e-01 1.450270e-02 2.163319e-02 2.516372e-02 5.076645e-02 8.857960e-02 1.056401e-01 1.240828e-01 1.292623e-01 1.600125e-01 1.488405e-01 1.526852e-01 1.593419e-01 1.459253e-01 2.344367e-03
<GCONST> 6.575169e+01
<TRANSP> 5
 0.000000e+00 1.000000e+00 0.000000e+00 0.000000e+00 0.000000e+00
 0.000000e+00 8.241383e-01 1.758617e-01 0.000000e+00 0.000000e+00
 0.000000e+00 0.000000e+00 7.674202e-01 2.325798e-01 0.000000e+00
 0.000000e+00 0.000000e+00 0.000000e+00 9.013754e-01 9.862460e-02
 0.000000e+00 0.000000e+00 0.000000e+00 0.000000e+00 0.000000e+00
<ENDHMM>
~h "nine"
<BEGINHMM>
<NUMSTATES> 5
<STATE> 2
<MEAN> 39
 -4.466818e+00 -4.320148e+00 -2.080390e+00 -8.923031e+00 -3.041829e+00 -6.192696e+00 -1.512081e+00 -1.117617e+01 -5.008573e+00 -8.086556e+00 -2.957644e+00 -7.813785e+00 1.757235e+01 -1.381161e-01 -6.745237e-01 -2.232491e-01 4.963807e-01 -4.938939e-01 1.747979e-01 3.887565e-01 -1.975286e-01 -3.794672e-02 -1.528864e-01 -1.773563e-01 -1.449485e-01 2.491652e-01 -3.847509e-02 -1.265534e-01 -7.496729e-02 1.150178e-01 1.894339e-02 -6.520047e-03 3.815836e-02 3.160894e-02 1.015536e-02 6.541870e-03 8.091883e-02 3.521883e-02 -1.075363e-02
<VARIANCE> 39
 8.936776e+00 2.040151e+01 1.531399e+01 1.685769e+01 2.864211e+01 2.893085e+01 3.201360e+01 2.752184e+01 4.729489e+01 3.537996e+01 3.015627e+01 3.278874e+01 2.295290e+00 5.319872e-01 1.580231e+00 1.145449e+00 1.118217e+00 1.137186e+00 1.424585e+00 1.645950e+00 1.278098e+00 1.529161e+00 1.154994e+00 1.246391e+00 1.038595e+00 3.756328e-02 6.486311e-02 1.815528e-01 1.344946e-01 1.402308e-01 2.018294e-01 2.221319e-01 2.428963e-01 1.863106e-01 1.998315e-01 1.611054e-01 1.733919e-01 1.448730e-01 4.921142e-03
<GCONST> 8.288573e+01
<STATE> 3
<MEAN> 39
 -6.290552e+00 -1.167304e+01 -4.987426e+00 -2.492916e+00 -5.655637e+00 -5.432111e+00 1.785400e+00 -1.126480e+01 -5.679755e+00 -9.068557e+00 -1.604775e+00 -7.685264e+00 1.862179e+01 -1.082509e-01 6.588123e-02 2.330157e-01 -2.054493e-01 -4.684419e-02 2.055130e-01 -7.342402e-02 -1.009181e-01 1.717352e-01 6.961967e-02 -3.996657e-02 3.052208e-02 -1.980549e-02 -3.002702e-03 1.878665e-01 7.743042e-02 -2.486263e-01 3.303389e-02 8.100849e-02 -1.012172e-01 -1.951657e-03 8.310129e-02 -5.381865e-03 -7.945070e-02 2.508825e-02 -1.439646e-02
<VARIANCE> 39
 7.198246e+00 8.451929e+00 2.463121e+01 3.136955e+01 1.880498e+01 3.042339e+01 3.088296e+01 3.410283e+01 4.310158e+01 4.184374e+01 2.805922e+01 3.031914e+01 1.011884e+00 8.115185e-02 3.212120e-01 4.021007e-01 1.031873e+00 4.633261e-01 6.109363e-01 5.231587e-01 4.996015e-01 6.120881e-01 6.481575e-01 6.582908e-01 5.176815e-01 4.580678e-03 1.054447e-02 2.931896e-02 3.925811e-02 5.256605e-02 6.928802e-02 6.526258e-02 7.263185e-02 7.667637e-02 7.949853e-02 8.555062e-02 7.633631e-02 7.775867e-02 3.924957e-04
<GCONST> 5.266735e+01
<STATE> 4
<MEAN> 39
 -6.220294e+00 -3.174913e+00 -1.625397e+00 -1.203776e+01 -1.903180e+00 -4.489400e+00 -3.315038e+00 -1.019679e+01 -2.792445e+00 -8.220316e+00 -3.089325e+00 -6.512290e+00 1.789974e+01 3.932401e-01 8.496860e-01 1.536086e-01 -3.101999e-01 5.438086e-01 -4.756075e-01 -4.738768e-01 3.276460e-01 -1.990122e-01 5.480517e-02 9.735409e-02 5.328708e-02 -1.226531e-01 4.365582e-02 -1.235348e-01 -3.710287e-02 2.356162e-01 -1.485694e-02 -7.323567e-02 1.047756e-01 -3.504004e-02 -1.090099e-01 2.570850e-02 7.968301e-02 -2.938925e-02 -1.026343e-02
<VARIANCE> 39
 1.145009e+01 2.011075e+01 1.219836e+01 2.402402e+01 3.582779e+01 3.415444e+01 3.367040e+01 2.992309e+01 4.906838e+01 3.962738e+01 3.857232e+01 4.243753e+01 1.075923e+00 4.063123e-01 9.276319e-01 5.741585e-01 1.873252e+00 1.354285e+00 1.383396e+00 1.361053e+00 1.284847e+00 1.675510e+00 1.184614e+00 1.059460e+00 1.024094e+00 9.885533e-03 5.704865e-02 9.916858e-02 8.651868e-02 1.494119e-01 1.942321e-01 2.405289e-01 1.805688e-01 1.979424e-01 2.316386e-01 1.955311e-01 1.707171e-01 1.415390e-01 1.008220e-03
<GCONST> 7.866699e+01
<TRANSP> 5
 0.000000e+00 1.000000e+00 0.000000e+00 0.000000e+00 0.000000e+00
 0.000000e+00 8.953388e-01 1.046612e-01 0.000000e+00 0.000000e+00
 0.000000e+00 0.000000e+00 9.109108e-01 8.908913e-02 0.000000e+00
 0.000000e+00 0.000000e+00 0.000000e+00 8.980662e-01 1.019339e-01
 0.000000e+00 0.000000e+00 0.000000e+00 0.000000e+00 0.000000e+00
<ENDHMM>
~h "five"
<BEGINHMM>
<NUMSTATES> 5
<STATE> 2
<MEAN> 39
 -4.124849e+00 -1.140912e+01 -1.012722e+01 -8.232991e+00 5.131043e-01 -8.189506e+00 3.451180e-01 -4.612220e+00 -5.284377e+00 -7.972211e+00 -1.857106e+00 -4.917600e+00 1.801747e+01 3.512312e-01 -1.177574e+00 -7.098619e-01 7.906160e-01 5.186496e-01 -6.349657e-01 3.375467e-01 3.893865e-01 -7.516324e-01 -2.130850e-01 -2.909350e-01 4.489433e-04 5.610237e-01 -1.950461e-01 3.085638e-02 1.816720e-01 8.941255e-02 -1.569599e-02 1.079405e-01 2.962749e-02 -2.092190e-01 3.027554e-02 1.414860e-01 1.637410e-01 5.112875e-02 -7.725833e-02
<VARIANCE> 39
 1.074222e+01 1.958180e+01 2.371473e+01 1.681740e+01 1.907198e+01 2.049097e+01 2.536422e+01 5.171809e+01 3.235392e+01 2.814487e+01 2.502207e+01 2.001058e+01 4.290246e+00 7.717260e-01 5.619854e-01 1.177030e+00 9.041941e-01 7.892810e-01 9.841835e-01 9.696990e-01 2.215205e+00 1.726498e+00 1.727213e+00 1.363347e+00 1.026536e+00 1.232663e-01 9.370342e-02 1.322079e-01 1.756522e-01 1.234411e-01 1.364450e-01 1.441788e-01 1.542393e-01 2.991285e-01 2.738477e-01 1.917167e-01 1.748804e-01 1.404340e-01 2.773797e-02
<GCONST> 8.425709e+01
<STATE> 3
<MEAN> 39
 -5.810760e+00 -1.545234e+01 -8.552740e+00 -3.643079e+00 1.424405e+00 -9.173906e+00 2.536901e+00 -7.498952e+00 -7.216584e+00 -5.450750e+00 -4.633915e-01 -4.502105e+00 1.904646e+01 -1.658471e-01 8.411532e-02 4.905832e-01 -2.584009e-01 -2.714253e-01 4.346725e-01 6.862616e-02 -3.989722e-01 2.733911e-02 3.039666e-01 6.064258e-02 -8.469053e-02 -4.857438e-02 4.024218e-02 1.143084e-01 1.127738e-02 -1.966330e-01 -5.478564e-02 9.322809e-02 -2.890550e-02 2.474565e-02 5.636888e-02 -4.913402e-02 -7.794797e-02 -1.867222e-02 -1.492735e-02
<VARIANCE> 39
 9.172221e+00 9.381018e+00 2.483115e+01 2.081556e+01 1.874736e+01 2.313074e+01 1.750138e+01 3.903704e+01 4.702060e+01 4.448373e+01 2.687595e+01 2.551583e+01 1.356793e+00 8.777815e-02 1.528967e-01 2.696143e-01 6.331311e-01 4.954583e-01 5.512218e-01 4.976084e-01 4.928285e-01 6.123765e-01 5.700938e-01 5.679494e-01 4.732028e-01 5.850234e-03 1.173601e-02 2.417662e-02 3.026940e-02 4.804397e-02 5.114865e-02 5.159410e-02 5.698208e-02 6.413780e-02 8.519672e-02 8.417932e-02 6.640600e-02 7.035359e-02 9.022999e-04
<GCONST> 4.960627e+01
<STATE> 4
<MEAN> 39
 -5.752632e+00 -9.410250e+00 -3.940793e+00 -1.391086e+01 -3.282417e+00 -2.813709e+00 1.870131e+00 -8.421723e+00 -4.204811e+00 -5.237844e+00 -2.264782e+00 -5.520985e+00 1.830200e+01 2.169492e-01 1.206546e+00 3.702441e-01 -6.416883e-01 -3.921901e-01 -1.029662e-01 -3.103213e-01 2.564699e-01 5.543945e-01 -2.121712e-01 -7.185010e-02 -8.885746e-02 -2.459530e-01 -1.746697e-02 -2.155819e-02 -5.278071e-02 3.436382e-01 1.403166e-01 -1.802166e-01 -6.278669e-02 -1.010160e-02 -4.297435e-02 1.664820e-02 1.214714e-01 3.991851e-02 -4.834123e-02
<VARIANCE> 39
 7.867645e+00 2.308999e+01 1.221547e+01 3.191307e+01 4.211802e+01 1.957987e+01 2.462957e+01 3.666285e+01 5.312413e+01 2.795844e+01 2.708557e+01 3.009048e+01 1.837624e+00 2.146158e-01 4.989951e-01 5.739000e-01 2.637056e+00 1.471085e+00 1.621302e+00 9.745026e-01 1.331520e+00 1.638299e+00 1.337626e+00 1.268724e+00 9.162130e-01 4.137066e-02 4.305574e-02 9.682640e-02 7.587957e-02 2.402672e-01 2.361743e-01 2.301094e-01 1.663135e-01 2.294296e-01 2.225933e-01 1.790861e-01 2.066261e-01 1.646414e-01 4.442472e-03
<GCONST> 8.035792e+01
<TRANSP> 5
 0.000000e+00 1.000000e+00 0.000000e+00 0.000000e+00 0.000000e+00
 0.000000e+00 8.463293e-01 1.536707e-01 0.000000e+00 0.000000e+00
 0.000000e+00 0.000000e+00 9.123937e-01 8.760626e-02 0.000000e+00
 0.000000e+00 0.000000e+00 0.000000e+00 8.642496e-01 1.357504e-01
 0.000000e+00 0.000000e+00 0.000000e+00 0.000000e+00 0.000000e+00
<ENDHMM>
~h "four"
<BEGINHMM>
<NUMSTATES> 5
<STATE> 2
<MEAN> 39
 -6.714577e+00 -6.526537e+00 -5.537554e+00 -9.771714e+00 -1.588236e+00 -5.578545e+00 -1.233993e+00 -8.411813e+00 -1.994897e+00 -5.578278e+00 9.560089e-01 -4.280563e+00 1.537318e+01 1.580505e+00 5.404419e-01 -9.151854e-01 -8.691839e-01 -3.081684e-01 -5.376168e-01 -6.994791e-01 -1.954989e-01 1.922345e-01 2.031249e-01 -3.474560e-01 -4.916974e-01 6.482379e-01 3.468664e-01 1.236784e-01 -3.366305e-01 -3.158328e-01 -5.687699e-02 -3.820537e-03 -7.813434e-02 -1.646541e-02 1.605753e-03 5.390529e-02 -7.826842e-02 -1.312703e-01 1.419142e-01
<VARIANCE> 39
 7.759251e+00 5.455015e+00 5.402842e+00 7.851484e+00 1.004778e+01 1.248446e+01 1.447362e+01 1.361186e+01 1.602615e+01 1.349804e+01 1.617255e+01 1.225346e+01 1.743268e+00 5.089334e-01 4.364902e-01 5.957049e-01 7.395226e-01 7.177824e-01 9.100882e-01 7.475552e-01 8.229584e-01 1.025027e+00 1.095491e+00 1.533987e+00 1.237569e+00 5.684136e-02 6.872100e-02 5.331056e-02 6.048048e-02 8.247788e-02 1.011841e-01 1.517367e-01 1.211573e-01 1.502069e-01 1.395707e-01 1.606387e-01 1.995021e-01 1.876032e-01 7.275047e-03
<GCONST> 6.406142e+01
<STATE> 3
<MEAN> 39
 1.597657e+00 -3.481075e+00 -1.217125e+01 -1.705228e+01 -4.001136e+00 -6.174905e+00 -3.166945e+00 -8.952582e+00 -1.398343e+00 -3.854558e+00 4.308571e-01 -6.777185e+00 1.891556e+01 3.022621e-01 -1.876791e-01 -3.238068e-01 -3.550756e-02 7.452231e-02 -1.742485e-02 -2.187282e-01 1.754494e-01 3.538589e-01 9.301616e-02 -2.294960e-01 -2.196341e-01 1.422829e-01 -1.735000e-01 -1.542562e-01 1.501362e-01 2.363958e-01 3.839558e-02 -3.674554e-02 3.790003e-02 1.109920e-01 4.736366e-02 -8.562700e-02 -5.591489e-02 5.677175e-02 -6.756341e-02
<VARIANCE> 39
 4.138848e+00 1.027110e+01 9.581051e+00 1.372875e+01 2.440878e+01 1.714834e+01 1.857880e+01 1.715078e+01 2.363326e+01 2.482628e+01 3.810828e+01 3.758130e+01 1.085957e+00 5.197461e-01 7.263157e-01 6.843340e-01 1.211744e+00 9.694006e-01 7.709856e-01 9.084732e-01 9.564517e-01 1.307975e+00 1.174631e+00 1.337518e+00 1.240849e+00 9.254146e-02 4.952406e-02 4.574857e-02 9.588382e-02 8.009624e-02 1.358406e-01 1.434649e-01 1.561175e-01 1.412619e-01 1.815361e-01 1.920985e-01 1.991690e-01 1.870771e-01 7.212941e-03
<GCONST> 7.250493e+01
<STATE> 4
<MEAN> 39
 -2.647111e-01 -1.131117e+01 -7.978369e+00 -8.561973e+00 -5.377198e+00 -8.944708e+00 -2.202364e+00 -4.233395e+00 6.471977e-01 -7.567342e+00 -3.911175e+00 -7.362761e+00 1.854936e+01 -5.527310e-01 -3.259856e-02 1.188417e+00 5.179666e-01 -5.922632e-01 2.898641e-02 6.830730e-01 -1.585353e-01 -6.806892e-01 -3.923345e-01 1.338776e-01 2.578383e-01 -2.039160e-01 -8.728402e-02 3.020262e-01 7.049807e-04 -2.178432e-01 1.357229e-01 2.153004e-01 1.413536e-02 -2.457212e-01 -1.512550e-01 1.212611e-01 1.775452e-01 3.066053e-02 -5.097852e-02
<VARIANCE> 39
 6.981392e+00 1.431259e+01 2.849807e+01 1.843000e+01 4.719048e+01 3.739302e+01 3.524824e+01 3.894823e+01 4.505058e+01 3.449813e+01 3.467598e+01 3.193288e+01 1.577325e+00 2.194195e-01 1.523616e+00 6.633419e-01 1.663089e+00 2.091073e+00 2.162640e+00 1.566501e+00 2.597070e+00 1.819860e+00 1.725714e+00 1.796421e+00 1.076785e+00 4.096898e-02 2.919710e-02 9.481505e-02 1.879132e-01 1.663719e-01 4.426192e-01 3.015817e-01 3.549988e-01 3.384913e-01 3.788887e-01 2.795210e-01 3.071807e-01 2.166502e-01 3.209564e-03
<GCONST> 8.839976e+01
<TRANSP> 5
 0.000000e+00 1.000000e+00 0.000000e+00 0.000000e+00 0.000000e+00
 0.000000e+00 7.001335e-01 2.998665e-01 0.000000e+00 0.000000e+00
 0.000000e+00 0.000000e+00 9.181885e-01 8.181155e-02 0.000000e+00
 0.000000e+00 0.000000e+00 0.000000e+00 8.713654e-01 1.286346e-01
 0.000000e+00 0.000000e+00 0.000000e+00 0.000000e+00 0.000000e+00
<ENDHMM>
~h "zero"
<BEGINHMM>
<NUMSTATES> 5
<STATE> 2
<MEAN> 39
 -6.837158e+00 -1.847434e+00 -4.561911e+00 -7.691713e+00 -2.545809e+00 -4.720165e+00 -2.863292e+00 -8.935521e+00 -3.644719e+00 -4.145692e+00 1.125760e-01 -4.382741e+00 1.566937e+01 2.799169e-01 1.047364e+00 9.755781e-01 -1.162880e+00 -8.316296e-01 -1.411620e+00 -6.266262e-01 -6.042081e-01 3.246482e-01 3.363481e-01 -1.310084e-01 -2.375115e-01 4.924592e-01 3.536257e-02 9.254261e-02 1.815510e-01 -3.581069e-01 -1.712282e-01 -2.277843e-01 5.483999e-03 -2.018049e-02 1.703711e-01 -3.794594e-04 3.209804e-02 -8.964057e-02 9.130732e-02
<VARIANCE> 39
 6.897316e+00 1.041729e+01 1.559221e+01 1.474114e+01 2.111241e+01 2.225732e+01 1.919167e+01 1.978377e+01 2.973598e+01 2.459557e+01 2.237023e+01 2.005631e+01 1.481803e+00 3.164347e-01 4.274815e-01 7.609427e-01 9.397434e-01 8.501344e-01 1.288768e+00 9.725946e-01 1.181424e+00 1.345891e+00 9.780024e-01 1.205109e+00 1.536219e+00 4.252763e-02 4.659671e-02 1.026879e-01 1.275873e-01 1.084344e-01 1.314593e-01 2.179107e-01 1.588681e-01 1.926582e-01 1.622294e-01 1.508591e-01 1.800509e-01 1.674753e-01 6.448703e-03
<GCONST> 7.328552e+01
<STATE> 3
<MEAN> 39
 -5.561366e+00 3.119119e-01 9.489384e-01 -1.694448e+01 -7.864123e+00 -9.185486e+00 -4.572025e+00 -8.439480e+00 1.779274e-01 -3.752370e+00 1.726526e-01 -6.833648e+00 1.840920e+01 3.376097e-01 -7.455660e-01 4.404620e-01 -1.676942e-01 -1.079932e+00 2.658322e-01 2.064853e-01 1.956589e-01 3.197500e-01 -7.837548e-02 4.350237e-02 -1.245646e-01 1.655498e-01 5.179878e-02 -2.690424e-01 -1.737350e-01 3.722296e-01 1.659462e-02 1.350669e-01 1.951653e-01 5.515677e-02 -8.700831e-02 -4.398058e-02 -1.271442e-02 7.176597e-02 -6.444692e-02
<VARIANCE> 39
 7.434570e+00 2.065915e+01 1.739184e+01 2.625750e+01 5.933687e+01 4.055757e+01 3.224589e+01 4.423186e+01 3.109811e+01 3.030630e+01 3.454588e+01 5.111368e+01 1.092114e+00 4.424945e-01 1.622982e+00 8.027293e-01 2.614748e+00 1.742748e+00 2.525111e+00 1.685856e+00 1.421731e+00 1.340995e+00 1.177400e+00 1.106943e+00 1.319371e+00 6.272463e-02 5.145686e-02 1.130283e-01 1.260963e-01 1.801928e-01 2.456063e-01 4.095904e-01 2.257805e-01 2.479221e-01 2.119975e-01 1.744518e-01 1.723988e-01 2.174265e-01 4.560449e-03
<GCONST> 8.704747e+01
<STATE> 4
<MEAN> 39
 -1.604362e+00 -1.051384e+01 -4.390454e+00 -9.815336e+00 -9.685117e+00 -8.038277e+00 5.593967e-01 -4.106163e+00 -1.755926e-01 -6.700557e+00 -1.004112e+00 -5.666132e+00 1.854226e+01 8.290201e-02 1.125680e-02 -5.495575e-01 1.632922e-01 6.665050e-01 -1.771563e-01 -1.656452e-02 2.075324e-01 -6.447557e-02 -1.488403e-01 -9.256149e-02 -7.514579e-03 -5.365054e-02 -5.977285e-02 1.431506e-01 6.309720e-02 -8.620857e-02 8.694082e-02 4.118040e-02 -9.760449e-02 -8.209373e-02 -2.053321e-02 3.422691e-02 2.040764e-02 -8.822124e-03 -1.775972e-02
<VARIANCE> 39
 6.463555e+00 1.774257e+01 2.652425e+01 2.679280e+01 6.271932e+01 5.437052e+01 3.558437e+01 3.645009e+01 4.419032e+01 3.497942e+01 2.490784e+01 3.291632e+01 1.494944e+00 2.246398e-01 8.377893e-01 6.306614e-01 1.037594e+00 1.227034e+00 1.669754e+00 1.529008e+00 1.766341e+00 1.573625e+00 1.377085e+00 1.023309e+00 9.264635e-01 1.576829e-02 2.391125e-02 3.502410e-02 7.639940e-02 1.110556e-01 1.911254e-01 2.326241e-01 1.870171e-01 1.959294e-01 2.164931e-01 1.823334e-01 1.466986e-01 1.334143e-01 1.767035e-03
<GCONST> 7.715056e+01
<TRANSP> 5
 0.000000e+00 1.000000e+00 0.000000e+00 0.000000e+00 0.000000e+00
 0.000000e+00 7.323959e-01 2.676041e-01 0.000000e+00 0.000000e+00
 0.000000e+00 0.000000e+00 8.920872e-01 1.079127e-01 0.000000e+00
 0.000000e+00 0.000000e+00 0.000000e+00 9.397771e-01 6.022290e-02
 0.000000e+00 0.000000e+00 0.000000e+00 0.000000e+00 0.000000e+00
<ENDHMM>
