~o
<STREAMINFO> 1 39
<VECSIZE> 39<NULLD><MFCC_E_D_A><DIAGC>
~h "eight"
<BEGINHMM>
<NUMSTATES> 5
<STATE> 2
<MEAN> 39
 -7.524252e+00 -3.425467e+00 -5.693404e+00 -1.668127e+01 -6.472243e-01 -5.182427e+00 5.464619e-01 -6.746656e+00 -1.554751e+00 -6.763818e+00 -1.027580e+00 -5.331583e+00 1.714911e+01 -1.900196e-01 7.575289e-01 -8.186720e-02 -7.814744e-01 3.923779e-02 -4.145848e-01 5.498305e-02 2.967997e-01 3.011552e-01 4.553941e-02 -9.449557e-02 -9.567278e-02 2.139843e-01 3.509390e-02 8.254564e-02 1.092672e-02 8.963335e-02 -4.104003e-02 -1.680770e-01 -8.082496e-02 -2.284123e-02 2.705538e-02 6.061802e-02 5.858078e-02 -4.580717e-03 3.466510e-03
<VARIANCE> 39
 1.075576e+01 2.305835e+01 1.835778e+01 3.944752e+01 4.045808e+01 2.353714e+01 2.441506e+01 2.433811e+01 3.137291e+01 2.547062e+01 2.575901e+01 2.447309e+01 3.380897e+00 3.360931e-01 9.651076e-01 6.847399e-01 1.411190e+00 1.254018e+00 1.634325e+00 1.348156e+00 1.128211e+00 1.374383e+00 1.216730e+00 1.140045e+00 1.007758e+00 1.229794e-01 4.082861e-02 8.491883e-02 8.461758e-02 2.011357e-01 1.478591e-01 1.778295e-01 1.529717e-01 1.814240e-01 2.320961e-01 1.695073e-01 1.833573e-01 1.573080e-01 1.323969e-02
<GCONST> 8.183726e+01
<STATE> 3
<MEAN> 39
 -7.935269e+00 5.475985e+00 -4.908606e+00 -1.664728e+01 -2.357275e+00 -1.441936e+01 -3.035213e+00 -8.590790e+00 -1.333274e+00 -4.426884e+00 9.894395e-01 -5.287221e+00 1.807283e+01 2.038412e-01 -4.290156e-01 1.808107e-01 9.720491e-01 1.361373e-01 6.933902e-02 -3.419804e-01 -6.694551e-01 -5.148335e-01 -4.113051e-02 2.100344e-01 1.945944e-01 -2.363278e-01 1.021284e-02 -3.328930e-01 -3.043261e-02 6.396132e-02 4.254456e-02 3.532508e-01 1.234172e-01 5.585718e-02 -2.347394e-02 -9.194035e-02 -6.257300e-02 3.917447e-03 -6.257652e-02
<VARIANCE> 39
 9.284462e+00 1.350718e+01 2.250874e+01 3.248520e+01 1.967649e+01 2.420523e+01 5.254556e+01 3.438114e+01 4.415734e+01 2.637301e+01 3.191332e+01 2.703314e+01 1.959815e+00 2.642207e-01 1.895688e+00 4.088294e-01 7.647220e-01 7.868131e-01 2.502149e+00 1.307328e+00 1.116772e+00 1.804253e+00 1.195110e+00 1.398758e+00 1.008694e+00 6.759363e-02 3.641365e-02 9.029845e-02 5.905547e-02 1.265766e-01 9.250863e-02 1.745031e-01 1.630074e-01 2.078774e-01 2.767940e-01 1.690442e-01 1.958874e-01 1.643072e-01 4.024228e-03
<GCONST> 7.874339e+01
<STATE> 4
<MEAN> 39
 -7.116767e+00 -6.541067e+00 -5.514878e+00 -1.004293e+01 -1.215375e+00 -4.682480e+00 -8.409407e-01 -8.921490e+00 -3.019660e+00 -5.935846e+00 9.428731e-01 -4.004976e+00 1.468662e+01 -7.179784e-02 -3.660489e-01 -1.176298e-01 1.204242e-01 -4.112488e-02 3.696104e-01 1.855421e-01 1.810012e-01 1.167377e-01 8.797111e-03 1.649079e-02 9.387989e-03 -9.300599e-02 -5.685299e-03 1.757349e-01 1.039992e-02 -6.684013e-02 -1.211832e-02 -1.464314e-01 -4.599055e-02 -1.503946e-02 -6.331506e-03 2.179371e-02 -5.186073e-03 -1.391517e-02 4.871764e-02
<VARIANCE> 39
 4.560894e+00 6.159153e+00 8.314756e+00 9.574123e+00 1.262566e+01 1.589435e+01 1.697651e+01 1.696682e+01 1.732072e+01 1.627313e+01 1.523352e+01 1.399438e+01 1.034501e+00 2.099294e-01 8.405246e-01 4.288090e-01 5.955232e-01 4.862396e-01 1.170447e+00 9.931198e-01 8.546665e-01 9.812970e-01 7.909757e-01 7.432473e-01 7.057066e-01 4.874193e-02 3.460032e-02 9.647734e-02 7.128503e-02 1.091523e-01 9.177043e-02 1.887645e-01 1.756934e-01 1.504274e-01 1.623781e-01 1.354729e-01 1.324253e-01 1.272722e-01 4.818405e-03
<GCONST> 6.216207e+01
<TRANSP> 5
 0.000000e+00 1.000000e+00 0.000000e+00 0.000000e+00 0.000000e+00
 0.000000e+00 9.121923e-01 8.780765e-02 0.000000e+00 0.000000e+00
 0.000000e+00 0.000000e+00 8.976273e-01 1.023727e-01 0.000000e+00
 0.000000e+00 0.000000e+00 0.000000e+00 9.213891e-01 7.861094e-02
 0.000000e+00 0.000000e+00 0.000000e+00 0.000000e+00 0.000000e+00
<ENDHMM>
~h "oh"
<BEGINHMM>
<NUMSTATES> 5
<STATE> 2
<MEAN> 39
 -5.072906e+00 -9.817536e+00 -7.833377e+00 -8.759861e+00 -2.347719e+00 -7.078436e+00 2.847754e+00 -7.616875e+00 -4.773004e+00 -6.878155e+00 -1.687974e+00 -4.955315e+00 1.721407e+01 4.015585e-01 -2.821494e-01 -5.485501e-01 2.171545e-01 1.401626e-01 -4.945689e-01 2.322910e-01 5.781039e-01 -1.037486e-01 -3.932609e-01 -3.404421e-01 -6.349500e-02 2.903814e-01 6.013421e-02 8.892389e-02 -1.210266e-02 -5.544872e-02 1.547172e-02 -6.012467e-02 -1.276603e-01 1.861854e-02 1.092551e-01 1.494774e-03 -5.272238e-02 -5.050195e-02 1.424377e-02
<VARIANCE> 39
 8.382305e+00 1.228220e+01 1.538583e+01 1.591970e+01 2.185689e+01 2.340161e+01 2.846190e+01 5.757657e+01 3.748621e+01 3.054211e+01 2.663985e+01 2.711323e+01 3.812013e+00 4.045048e-01 5.595050e-01 6.603169e-01 6.405978e-01 7.460980e-01 1.180177e+00 1.235327e+00 1.815301e+00 1.533159e+00 1.309645e+00 1.311777e+00 1.082004e+00 1.254167e-01 4.813059e-02 7.023268e-02 8.521730e-02 8.555459e-02 1.118070e-01 1.482320e-01 1.609972e-01 2.226749e-01 2.095436e-01 1.953586e-01 2.000352e-01 1.548820e-01 1.713554e-02
<GCONST> 7.894449e+01
<STATE> 3
<MEAN> 39
 -4.965994e-01 -8.085561e+00 -1.303811e+01 -1.018378e+01 -8.909650e-01 -1.201037e+01 -8.892385e-01 -1.284799e+00 1.939157e-01 -7.884272e+00 -5.009706e+00 -6.855098e+00 1.903839e+01 2.239072e-01 4.083353e-01 -6.301265e-03 -3.375470e-01 -6.150928e-02 -1.964745e-02 -6.569722e-01 -2.515010e-01 6.164271e-01 5.838704e-01 3.178536e-02 -3.234859e-01 -1.058156e-02 -4.688027e-02 2.213276e-02 1.000644e-01 -1.014050e-02 -5.009495e-02 8.897687e-02 1.630278e-02 -1.447877e-01 -8.520344e-02 7.581960e-02 1.148444e-01 2.391842e-02 -2.662398e-02
<VARIANCE> 39
 6.028922e+00 9.347391e+00 1.555831e+01 1.589685e+01 1.975419e+01 2.333681e+01 4.428231e+01 3.314379e+01 4.055783e+01 3.755699e+01 3.123152e+01 3.914726e+01 1.183734e+00 8.543305e-02 1.427004e-01 2.976720e-01 2.936641e-01 3.913098e-01 5.535882e-01 7.245919e-01 1.116325e+00 7.998049e-01 8.947310e-01 8.656509e-01 6.944235e-01 1.391791e-02 1.175630e-02 1.537127e-02 3.537053e-02 3.572029e-02 4.852976e-02 7.178196e-02 8.156147e-02 1.012436e-01 1.109302e-01 1.074998e-01 9.628421e-02 9.289261e-02 1.245801e-03
<GCONST> 5.396379e+01
<STATE> 4
<MEAN> 39
 -7.418178e-01 -3.730195e+00 -8.383332e+00 -1.248796e+01 -3.622056e+00 -9.300144e+00 -4.000158e+00 -8.066672e+00 -2.979430e-01 -3.366245e+00 3.569725e-01 -6.248672e+00 1.795417e+01 -5.069021e-01 1.203024e-01 7.350002e-01 2.727178e-01 1.213550e-02 5.559242e-01 3.365020e-01 -4.405237e-01 -5.363585e-01 -1.885735e-01 3.968889e-01 4.349113e-01 -2.802318e-01 -1.126523e-01 -1.140014e-01 -2.907864e-02 7.595470e-02 9.950964e-02 8.985818e-02 1.345922e-01 9.031348e-02 -3.953846e-02 -1.066726e-01 -6.855579e-02 5.315378e-02 -3.464303e-02
<VARIANCE> 39
 9.361491e+00 7.810180e+00 2.079551e+01 1.825480e+01 1.941330e+01 2.692006e+01 3.110310e+01 2.683559e+01 3.199027e+01 4.008418e+01 3.906118e+01 3.790241e+01 2.412500e+00 3.826953e-01 4.593656e-01 5.507361e-01 6.217663e-01 8.842406e-01 1.264738e+00 1.251874e+00 1.298648e+00 1.305791e+00 1.263464e+00 1.279160e+00 1.245754e+00 5.453464e-02 3.299578e-02 4.469838e-02 8.896654e-02 8.728103e-02 1.096993e-01 1.661355e-01 1.871798e-01 1.997285e-01 2.127136e-01 2.068777e-01 1.755926e-01 1.748503e-01 4.194857e-03
<GCONST> 7.532736e+01
<TRANSP> 5
 0.000000e+00 1.000000e+00 0.000000e+00 0.000000e+00 0.000000e+00
 0.000000e+00 9.027608e-01 9.723922e-02 0.000000e+00 0.000000e+00
 0.000000e+00 0.000000e+00 9.042472e-01 9.575286e-02 0.000000e+00
 0.000000e+00 0.000000e+00 0.000000e+00 8.838429e-01 1.161571e-01
 0.000000e+00 0.000000e+00 0.000000e+00 0.000000e+00 0.000000e+00
<ENDHMM>
~h "seven"
<BEGINHMM>
<NUMSTATES> 5
<STATE> 2
<MEAN> 39
 -8.806630e+00 -4.769281e+00 -7.050017e+00 -8.596655e+00 -2.107394e+00 -3.131447e+00 -1.276509e+00 -8.136147e+00 -2.909429e+00 -5.214480e+00 6.799269e-01 -3.793395e+00 1.484347e+01 4.741053e-02 -4.084794e-02 -4.356900e-02 -3.256979e-01 -2.671273e-01 -1.353342e-01 2.667653e-01 1.513760e-02 1.375778e-01 -7.737718e-04 -2.047791e-01 -6.332368e-02 1.080878e-01 1.303975e-01 9.204517e-03 8.983020e-02 -1.476355e-01 -1.309363e-01 -1.120195e-01 8.732995e-02 -1.238424e-02 2.002496e-02 -2.644500e-02 -8.712241e-02 -9.269764e-02 9.199266e-02
<VARIANCE> 39
 8.340012e+00 1.013035e+01 1.380078e+01 1.310765e+01 1.612601e+01 1.582008e+01 1.759687e+01 1.745255e+01 1.826360e+01 1.723364e+01 1.706742e+01 1.463345e+01 9.047275e-01 7.144133e-01 4.608480e-01 8.613430e-01 9.991095e-01 9.701381e-01 1.283294e+00 9.959625e-01 8.575957e-01 1.029544e+00 1.155908e+00 9.210114e-01 9.517399e-01 1.512429e-01 5.368429e-02 6.783888e-02 9.750190e-02 1.360510e-01 1.662413e-01 1.770663e-01 1.648983e-01 1.456986e-01 1.700096e-01 1.546174e-01 1.450091e-01 1.504834e-01 8.093953e-03
<GCONST> 7.123421e+01
<STATE> 3
<MEAN> 39
 -5.558075e+00 -7.172778e+00 -5.193472e+00 -1.591174e+01 -6.355659e+00 -4.897009e+00 4.772487e+00 -8.475010e+00 -2.770160e+00 -6.761119e+00 -3.975050e+00 -6.626519e+00 1.896182e+01 1.894532e-01 -2.722632e-01 1.233811e-01 3.882812e-02 -6.137379e-02 -1.088002e-01 2.446589e-01 2.681849e-01 -2.807252e-01 -5.543010e-02 -6.964494e-02 -1.107269e-01 1.236368e-01 -4.177997e-02 7.839749e-02 1.111911e-02 2.926458e-01 1.553699e-01 -2.480878e-02 -2.548968e-01 3.867893e-02 -2.091178e-02 1.592025e-02 1.771704e-01 7.159716e-02 -1.270850e-01
<VARIANCE> 39
 9.614646e+00 1.303328e+01 9.436707e+00 1.827779e+01 4.580249e+01 3.937848e+01 3.187668e+01 3.950835e+01 4.652962e+01 5.849232e+01 3.255420e+01 3.130153e+01 1.240813e+00 4.410259e-01 5.954198e-01 4.993327e-01 1.548395e+00 1.671524e+00 1.672650e+00 1.827650e+00 1.089302e+00 1.392667e+00 1.776832e+00 1.809613e+00 1.326400e+00 2.114268e-01 8.204690e-02 9.001198e-02 9.646610e-02 1.114838e-01 2.523420e-01 2.721471e-01 1.781217e-01 1.666769e-01 2.018927e-01 2.407534e-01 2.262372e-01 1.834979e-01 6.062320e-03
<GCONST> 8.474817e+01
<STATE> 4
<MEAN> 39
 -3.244347e+00 -3.881843e+00 -1.891207e+00 -9.521952e+00 -3.365988e+00 -8.015697e+00 -1.088915e+00 -8.732973e+00 -4.324260e+00 -7.120053e+00 -1.906874e+00 -7.105269e+00 1.713248e+01 1.768520e-02 2.205678e-01 1.049621e-01 2.065503e-01 3.193775e-01 1.039528e-01 -2.925325e-01 -2.637353e-01 8.569291e-02 -1.439428e-02 1.277888e-01 4.227583e-02 -1.184134e-01 -5.595604e-02 -7.367291e-02 -7.384456e-02 -8.778007e-02 -2.233358e-02 9.372200e-02 1.106988e-01 -4.596834e-03 1.866148e-02 1.745089e-02 -3.220638e-02 2.023126e-02 1.415730e-02
<VARIANCE> 39
 4.974844e+00 1.019479e+01 9.926723e+00 1.395349e+01 2.822470e+01 3.043305e+01 2.586529e+01 4.089539e+01 3.293283e+01 3.570398e+01 3.328820e+01 2.974882e+01 1.533693e+00 2.533936e-01 5.250467e-01 5.539056e-01 8.538671e-01 1.339955e+00 1.253491e+00 1.628739e+00 1.363173e+00 1.438486e+00 1.411172e+00 1.273564e+00 9.896297e-01 9.358779e-02 3.738633e-02 7.812216e-02 8.698367e-02 1.507717e-01 2.341878e-01 2.027751e-01 2.726199e-01 2.366434e-01 2.360255e-01 2.409610e-01 2.174078e-01 1.500707e-01 1.437088e-02
<GCONST> 7.928016e+01
<TRANSP> 5
 0.000000e+00 1.000000e+00 0.000000e+00 0.000000e+00 0.000000e+00
 0.000000e+00 9.125739e-01 8.742607e-02 0.000000e+00 0.000000e+00
 0.000000e+00 0.000000e+00 9.003658e-01 9.963418e-02 0.000000e+00
 0.000000e+00 0.000000e+00 0.000000e+00 9.365581e-01 6.344187e-02
 0.000000e+00 0.000000e+00 0.000000e+00 0.000000e+00 0.000000e+00
<ENDHMM>
~h "three"
<BEGINHMM>
<NUMSTATES> 5
<STATE> 2
<MEAN> 39
 -7.753082e+00 -6.035266e+00 -4.949138e+00 -1.011976e+01 -8.176900e-01 -4.845856e+00 -5.887960e-01 -8.498263e+00 -2.602043e+00 -5.425551e+00 9.830297e-01 -3.779382e+00 1.488863e+01 1.181817e-01 -8.363591e-02 2.207188e-01 -4.797689e-02 -4.167404e-01 -2.858677e-01 -6.849112e-02 1.494111e-02 7.425301e-02 3.189594e-02 1.361430e-02 4.314817e-04 9.208684e-02 1.742197e-01 2.254016e-02 1.428289e-01 1.951441e-03 -2.577675e-01 -1.755563e-01 -7.574126e-02 -1.877699e-02 1.537907e-02 -9.218377e-03 -3.924779e-02 -7.054541e-02 8.471629e-02
<VARIANCE> 39
 5.400868e+00 6.329596e+00 9.779341e+00 1.060192e+01 1.435539e+01 1.431226e+01 1.606517e+01 1.761144e+01 1.951329e+01 1.776078e+01 1.686058e+01 1.459230e+01 1.170455e+00 7.019925e-01 5.235446e-01 8.963120e-01 7.510099e-01 1.499186e+00 1.312560e+00 9.016346e-01 1.036179e+00 9.999576e-01 9.323086e-01 9.825643e-01 9.153206e-01 1.193093e-01 5.916817e-02 9.076454e-02 9.846702e-02 1.380231e-01 2.011592e-01 1.855363e-01 1.564496e-01 2.030750e-01 1.781607e-01 1.662449e-01 1.641534e-01 1.611113e-01 4.958384e-03
<GCONST> 7.052036e+01
<STATE> 3
<MEAN> 39
 -2.518137e+00 -6.783541e+00 2.449298e+00 -1.140187e+01 -1.369865e+01 -9.363333e+00 -3.152537e+00 -9.428354e+00 -9.455022e-03 -5.130504e+00 1.270093e-01 -5.735047e+00 1.823541e+01 -6.862406e-02 4.227093e-01 6.951846e-01 -1.049856e+00 -3.996573e-01 3.060278e-01 -8.254075e-01 1.096438e-01 3.076173e-01 -2.807257e-02 6.153166e-02 -1.674223e-01 2.367503e-01 -2.156734e-01 2.146464e-01 -2.005198e-01 -1.428205e-01 5.230277e-01 4.712692e-02 -5.942057e-02 1.143476e-01 -1.140713e-01 -2.023168e-02 2.135188e-02 3.956064e-02 -6.774376e-02
<VARIANCE> 39
 6.507146e+00 1.457567e+01 2.008426e+01 4.937637e+01 4.245367e+01 6.100885e+01 3.522881e+01 3.826532e+01 3.064140e+01 2.820659e+01 3.707789e+01 3.334343e+01 1.447084e+00 9.619797e-01 1.476627e+00 9.228625e-01 2.725314e+00 4.895082e+00 3.382431e+00 2.206999e+00 1.969151e+00 1.296619e+00 1.095892e+00 1.152278e+00 1.164600e+00 6.899489e-02 6.798208e-02 1.290743e-01 1.773857e-01 3.907520e-01 3.806304e-01 6.812702e-01 3.772548e-01 2.755093e-01 2.400974e-01 1.746557e-01 1.705918e-01 1.637534e-01 3.908583e-03
<GCONST> 9.265437e+01
<STATE> 4
<MEAN> 39
 -6.590552e+00 3.298164e+00 -7.803053e-01 -1.672948e+01 -2.106745e+00 -1.135582e+01 -6.399225e+00 -7.962152e+00 -3.159434e+00 -5.505670e+00 -3.370709e-01 -6.525783e+00 1.789479e+01 -2.820226e-02 6.330369e-02 -6.391535e-01 7.253038e-01 7.234859e-01 -1.648782e-01 5.492607e-01 -8.268346e-02 -3.564605e-01 1.203082e-02 -7.059458e-02 5.073460e-02 -1.956445e-01 5.814832e-02 -2.881115e-01 2.508546e-03 1.697355e-01 -2.211509e-01 1.819721e-01 1.647819e-01 -6.734921e-02 9.742321e-02 8.240812e-03 2.041615e-02 2.496871e-02 -3.092087e-02
<VARIANCE> 39
 7.580472e+00 1.700897e+01 1.909990e+01 3.484708e+01 2.704758e+01 2.948791e+01 4.823341e+01 4.778470e+01 3.321846e+01 3.976920e+01 4.240158e+01 3.677536e+01 1.619884e+00 3.151343e-01 1.882922e+00 6.700022e-01 1.043734e+00 1.834891e+00 2.559861e+00 1.467142e+00 1.693772e+00 1.384672e+00 1.287924e+00 1.031998e+00 9.705020e-01 3.582554e-02 4.748385e-02 9.098802e-02 9.640400e-02 2.205423e-01 1.814732e-01 2.352879e-01 2.696368e-01 2.497843e-01 1.837021e-01 1.709958e-01 1.443272e-01 1.353045e-01 2.469564e-03
<GCONST> 8.276377e+01
<TRANSP> 5
 0.000000e+00 1.000000e+00 0.000000e+00 0.000000e+00 0.000000e+00
 0.000000e+00 9.016224e-01 9.837764e-02 0.000000e+00 0.000000e+00
 0.000000e+00 0.000000e+00 8.936676e-01 1.063323e-01 0.000000e+00
 0.000000e+00 0.000000e+00 0.000000e+00 9.153336e-01 8.466643e-02
 0.000000e+00 0.000000e+00 0.000000e+00 0.000000e+00 0.000000e+00
<ENDHMM>
~h "one"
<BEGINHMM>
<NUMSTATES> 5
<STATE> 2
<MEAN> 39
 -4.518794e-01 -3.402783e+00 -8.443934e+00 -1.270263e+01 -1.875606e+00 -5.987660e+00 -2.275723e+00 -8.867911e+00 -2.601642e+00 -6.646010e+00 -1.475402e+00 -7.365994e+00 1.769859e+01 2.103999e-01 -3.606905e-01 -7.771861e-01 3.866610e-01 4.274687e-01 9.435685e-02 -2.048134e-01 2.134636e-01 1.819850e-01 -2.419251e-01 -3.084226e-01 -2.085046e-01 1.796985e-01 -1.118917e-01 -1.460599e-01 2.928782e-02 2.153365e-01 1.225157e-02 -9.389186e-02 -2.919337e-03 1.044305e-01 5.143867e-03 -7.578713e-02 2.515424e-03 7.602525e-02 -1.570837e-02
<VARIANCE> 39
 5.495449e+00 8.375301e+00 3.133023e+01 2.276518e+01 2.856289e+01 2.622850e+01 2.260918e+01 2.060510e+01 2.743982e+01 2.315639e+01 3.019646e+01 3.007907e+01 2.038591e+00 4.331118e-01 7.311468e-01 9.486066e-01 2.139370e+00 1.343968e+00 1.366099e+00 1.271948e+00 1.039807e+00 1.139394e+00 9.681925e-01 1.111004e+00 9.685559e-01 5.947199e-02 3.949684e-02 5.502414e-02 1.856311e-01 2.318594e-01 2.499859e-01 2.470845e-01 2.300213e-01 1.749951e-01 1.963441e-01 1.583902e-01 1.854134e-01 1.750185e-01 4.527909e-03
<GCONST> 7.904119e+01
<STATE> 3
<MEAN> 39
 -2.465531e+00 -1.063755e+01 -1.057806e+01 -1.816900e+00 -8.205512e-01 -9.426733e+00 -2.030190e+00 -4.359923e+00 -3.708465e+00 -1.158850e+01 -2.280303e+00 -6.159983e+00 1.852691e+01 -5.923280e-01 -3.130909e-01 1.360808e+00 4.865195e-01 -1.327708e+00 -2.683872e-01 1.140204e+00 -1.565538e-01 -8.915407e-01 -1.471413e-02 5.522611e-01 9.288766e-02 -5.213564e-02 3.157375e-02 3.182565e-01 2.336368e-01 -5.691901e-01 -9.458846e-02 3.616263e-01 5.219143e-02 -4.228624e-01 2.293656e-02 3.597822e-01 2.881060e-02 -1.620904e-01 -2.971558e-02
<VARIANCE> 39
 6.425574e+00 9.764834e+00 1.981017e+01 2.419557e+01 2.885874e+01 1.776315e+01 3.884035e+01 3.255224e+01 4.659214e+01 3.887000e+01 3.430857e+01 3.411104e+01 1.525048e+00 1.633406e-01 5.914714e-01 6.367462e-01 1.980046e+00 7.715704e-01 1.823207e+00 1.053304e+00 2.307828e+00 1.240627e+00 1.946858e+00 1.064869e+00 1.293228e+00 8.977595e-03 2.596247e-02 5.244818e-02 1.077559e-01 1.227773e-01 3.162030e-01 1.590554e-01 4.062645e-01 1.859148e-01 3.425929e-01 2.133327e-01 2.683239e-01 1.720577e-01 8.707188e-04
<GCONST> 7.673700e+01
<STATE> 4
<MEAN> 39
 -3.841179e+00 -4.380179e+00 -1.380852e+00 -8.920088e+00 -3.196714e+00 -6.281981e+00 -2.462188e+00 -1.221242e+01 -5.214602e+00 -8.497523e+00 -2.664974e+00 -8.175468e+00 1.759471e+01 -3.696621e-03 5.640359e-01 2.622676e-01 -4.548989e-01 4.116559e-01 1.698907e-01 -3.735679e-01 -2.333214e-01 1.575195e-01 1.861187e-01 -2.807054e-02 1.649840e-01 -1.759986e-01 -2.107779e-02 -1.171217e-01 -2.145141e-01 1.096546e-01 8.704734e-02 -2.722257e-02 2.045614e-02 1.849960e-01 4.517066e-02 -7.363619e-02 3.749548e-02 8.076188e-02 -1.677499e-02
<VARIANCE> 39
 6.725615e+00 2.077659e+01 9.946245e+00 1.740463e+01 2.093878e+01 4.195576e+01 3.341080e+01 3.282929e+01 4.008432e+01 4.409937e+01 3.259617e+01 3.568709e+01 1.337940e+00 3.443296e-01 1.010750e+00 9.863689e-01 1.216703e+00 8.805140e-01 1.865039e+00 1.353860e+00 1.411842e+00 1.573528e+00 1.478436e+00 1.085054e+00 1.050132e+00 2.735215e-02 5.694386e-02 1.045752e-01 8.382138e-02 1.278463e-01 1.951441e-01 2.806747e-01 2.505352e-01 1.784447e-01 2.218368e-01 2.216927e-01 1.661902e-01 1.590879e-01 2.928948e-03
<GCONST> 7.987355e+01
<TRANSP> 5
 0.000000e+00 1.000000e+00 0.000000e+00 0.000000e+00 0.000000e+00
 0.000000e+00 9.096045e-01 9.039548e-02 0.000000e+00 0.000000e+00
 0.000000e+00 0.000000e+00 8.314074e-01 1.685926e-01 0.000000e+00
 0.000000e+00 0.000000e+00 0.000000e+00 9.086885e-01 9.131157e-02
 0.000000e+00 0.000000e+00 0.000000e+00 0.000000e+00 0.000000e+00
<ENDHMM>
~h "sil"
<BEGINHMM>
<NUMSTATES> 5
<STATE> 2
<MEAN> 39
 -5.629638e+00 -5.381877e+00 -3.959651e+00 -9.043993e+00 -2.191857e-01 -4.181952e+00 -1.412911e-01 -8.546722e+00 -2.498070e+00 -5.830968e+00 5.865732e-01 -4.487363e+00 1.512057e+01 -2.989974e-01 -2.485853e-01 -1.857904e-01 -5.062583e-02 6.953603e-02 1.348616e-01 8.168858e-02 -1.643371e-03 1.418119e-02 1.866469e-02 1.135565e-01 5.824592e-02 -1.518555e-01 2.366618e-02 -7.472731e-03 -3.844206e-02 -6.360448e-02 -7.384087e-02 -6.419985e-02 -4.217746e-02 -1.949277e-03 -3.811440e-03 -6.770061e-03 -1.693805e-02 -5.217329e-03 2.531352e-02
<VARIANCE> 39
 6.971160e+00 8.607512e+00 9.564878e+00 1.168488e+01 1.486951e+01 1.538815e+01 1.765944e+01 1.877704e+01 2.046500e+01 1.954520e+01 1.858395e+01 1.638751e+01 1.209580e+00 1.686659e-01 3.746074e-01 4.430737e-01 5.866190e-01 7.339911e-01 8.284981e-01 8.455007e-01 9.076099e-01 9.109294e-01 8.356495e-01 9.046667e-01 7.998166e-01 2.155277e-02 2.201153e-02 4.568584e-02 6.338255e-02 7.749970e-02 1.032744e-01 1.189166e-01 1.186155e-01 1.276628e-01 1.369567e-01 1.216473e-01 1.281471e-01 1.153788e-01 2.526398e-03
<GCONST> 5.922251e+01
<STATE> 3
<MEAN> 39
 -7.156939e+00 -7.236734e+00 -5.866395e+00 -1.018522e+01 -1.012348e+00 -4.339154e+00 -3.654399e-01 -8.603598e+00 -2.680012e+00 -5.571365e+00 1.005066e+00 -4.037417e+00 1.452098e+01 -3.584253e-03 4.973499e-03 -6.192434e-03 3.801541e-03 1.879203e-03 4.715809e-03 1.254842e-03 -9.876017e-03 -4.555699e-03 1.094670e-02 -2.631773e-04 2.492692e-03 -1.193109e-03 -2.367714e-04 4.887862e-03 2.877427e-03 5.286409e-03 1.315768e-03 2.870244e-03 5.485960e-04 5.853314e-03 2.717681e-03 -8.293819e-04 -4.062823e-03 -3.430440e-03 1.585004e-03
<VARIANCE> 39
 3.027166e+00 3.564784e+00 6.172709e+00 8.254450e+00 1.253748e+01 1.387374e+01 1.474216e+01 1.582846e+01 1.623780e+01 1.398252e+01 1.548318e+01 1.300188e+01 1.028432e+00 5.842909e-02 1.319095e-01 2.563354e-01 3.600305e-01 4.751974e-01 6.449597e-01 6.224145e-01 6.900988e-01 6.643434e-01 5.534237e-01 6.422849e-01 5.676933e-01 2.417421e-03 1.073370e-02 2.426565e-02 4.638902e-02 6.443691e-02 8.854955e-02 1.218526e-01 1.105601e-01 1.289115e-01 1.215520e-01 9.644405e-02 1.150024e-01 1.070999e-01 5.051139e-04
<GCONST> 4.276596e+01
<STATE> 4
<MEAN> 39
 -8.044107e+00 -6.369842e+00 -6.079111e+00 -1.016942e+01 -1.188543e+00 -4.700867e+00 -5.106555e-01 -8.720682e+00 -2.519547e+00 -5.941778e+00 9.985304e-01 -4.417086e+00 1.453677e+01 3.423570e-03 1.545876e-01 2.794384e-02 1.227891e-02 -7.638057e-02 -6.393969e-02 -6.564833e-02 4.921008e-02 -5.532650e-02 -8.987783e-02 -1.027088e-01 -6.833786e-02 4.891998e-02 4.561826e-02 5.645913e-02 2.690597e-02 -6.751064e-03 -2.035900e-03 -2.716325e-02 -1.659571e-02 -1.573692e-02 -1.398931e-02 -1.821260e-02 -3.889870e-02 -1.456905e-02 3.347785e-02
<VARIANCE> 39
 5.361445e+00 5.850626e+00 7.452220e+00 1.031433e+01 1.202341e+01 1.461872e+01 1.655215e+01 1.791415e+01 1.851074e+01 1.737203e+01 1.645254e+01 1.416317e+01 1.276580e+00 2.534414e-01 3.365528e-01 3.772617e-01 5.664120e-01 6.053326e-01 7.375282e-01 7.088112e-01 9.202839e-01 8.939189e-01 7.990484e-01 7.762731e-01 6.718948e-01 2.073160e-02 3.954313e-02 5.724534e-02 6.069192e-02 9.818338e-02 9.287851e-02 1.226491e-01 1.060877e-01 1.502723e-01 1.416595e-01 1.225171e-01 1.118090e-01 9.929996e-02 4.412928e-03
<GCONST> 5.788786e+01
<TRANSP> 5
 0.000000e+00 1.000000e+00 0.000000e+00 0.000000e+00 0.000000e+00
 0.000000e+00 7.692422e-01 2.307578e-01 0.000000e+00 0.000000e+00
 0.000000e+00 0.000000e+00 9.590835e-01 4.091651e-02 0.000000e+00
 0.000000e+00 0.000000e+00 0.000000e+00 7.109236e-01 2.890764e-01
 0.000000e+00 0.000000e+00 0.000000e+00 0.000000e+00 0.000000e+00
<ENDHMM>
~h "six"
<BEGINHMM>
<NUMSTATES> 5
<STATE> 2
<MEAN> 39
 -9.124295e+00 -4.836953e+00 -7.749949e+00 -8.266639e+00 -2.438858e+00 -2.834769e+00 -1.487292e+00 -7.798928e+00 -3.116517e+00 -4.969313e+00 3.618690e-01 -3.493940e+00 1.461232e+01 2.726807e-02 1.591592e-01 1.185998e-01 -3.531423e-01 -3.868238e-01 -2.528210e-01 -1.307457e-02 8.920161e-03 1.418941e-01 1.896524e-01 -1.204983e-01 9.512820e-03 1.277529e-01 1.224179e-01 8.574615e-02 1.920704e-01 -2.156928e-01 -1.443491e-01 -1.911087e-01 -1.348149e-02 -1.142856e-02 4.335983e-02 1.788299e-02 -7.846190e-02 -1.185633e-01 9.579257e-02
<VARIANCE> 39
 5.881855e+00 7.824513e+00 1.145771e+01 1.170149e+01 1.691563e+01 1.670037e+01 1.585943e+01 1.681437e+01 1.957148e+01 2.023768e+01 1.844873e+01 1.536605e+01 1.012899e+00 5.537620e-01 4.715972e-01 1.205764e+00 1.010492e+00 1.007774e+00 1.470687e+00 8.038241e-01 8.137797e-01 1.030869e+00 1.294180e+00 9.459645e-01 9.358562e-01 1.411679e-01 4.636098e-02 5.967520e-02 9.845393e-02 1.366895e-01 1.730452e-01 1.833199e-01 1.418879e-01 1.549592e-01 1.804592e-01 1.774092e-01 1.522813e-01 1.540163e-01 7.503505e-03
<GCONST> 7.075549e+01
<STATE> 3
<MEAN> 39
 -6.389795e+00 -1.255084e+00 -8.810619e-01 -1.937228e+01 -7.577193e+00 -8.493302e+00 -2.595068e+00 -6.569140e+00 3.325129e-02 -3.820273e+00 -2.226168e+00 -7.108535e+00 1.817332e+01 6.033788e-02 -1.004580e-01 1.973094e-01 -2.318162e-01 3.399071e-01 1.645808e-01 -1.732649e-01 1.224701e-01 4.917460e-02 -1.716382e-01 1.772009e-01 -6.580690e-03 -4.431787e-02 -7.081279e-02 -1.914884e-01 -2.624973e-01 4.212634e-01 2.477778e-01 2.067547e-01 8.841414e-02 -7.030384e-02 -1.214316e-01 -5.252282e-02 1.186420e-01 1.339913e-01 -1.487445e-01
<VARIANCE> 39
 7.367367e+00 9.635596e+00 1.569742e+01 2.776347e+01 5.692443e+01 3.167277e+01 3.629292e+01 2.495915e+01 3.438403e+01 5.661711e+01 3.469410e+01 3.674877e+01 1.645047e+00 3.757044e-01 7.674610e-01 1.271302e+00 3.640179e+00 2.695807e+00 1.950655e+00 1.896175e+00 1.366034e+00 1.928482e+00 2.033425e+00 1.879827e+00 2.011311e+00 3.396144e-01 6.646573e-02 6.525157e-02 1.520792e-01 2.585391e-01 3.130457e-01 3.120063e-01 3.695939e-01 2.303203e-01 2.922211e-01 3.375136e-01 2.687100e-01 2.614650e-01 1.433633e-02
<GCONST> 9.337854e+01
<STATE> 4
<MEAN> 39
 -8.222577e+00 -6.451437e+00 -6.277396e+00 -9.275581e+00 -2.415955e+00 -3.256267e+00 -9.182798e-01 -8.615625e+00 -2.795308e+00 -5.153826e+00 7.408614e-01 -4.248632e+00 1.464348e+01 -7.442142e-02 -1.118081e-01 -2.389876e-01 2.870741e-01 3.500236e-02 6.666959e-02 1.390738e-01 -4.188105e-02 -8.121283e-02 -2.483577e-03 7.366242e-03 3.130436e-02 -6.889642e-02 2.173760e-02 7.154375e-02 7.432570e-02 -1.248943e-01 -5.118547e-02 -6.603874e-02 -5.131236e-02 3.815522e-02 2.469897e-02 6.733134e-03 -2.995414e-02 -2.922746e-02 4.497596e-02
<VARIANCE> 39
 7.836409e+00 8.036997e+00 1.202002e+01 1.253897e+01 1.775490e+01 1.684577e+01 1.688476e+01 1.718216e+01 1.742179e+01 1.762554e+01 1.547864e+01 1.427368e+01 1.310077e+00 3.471873e-01 5.518963e-01 7.463475e-01 9.087881e-01 9.875025e-01 1.059265e+00 1.026786e+00 9.108874e-01 8.760958e-01 8.051558e-01 7.558445e-01 6.350735e-01 5.456961e-02 4.509161e-02 7.355037e-02 1.100384e-01 1.327706e-01 1.825924e-01 1.706939e-01 1.655958e-01 1.667245e-01 1.581869e-01 1.441439e-01 1.370199e-01 1.246721e-01 7.388056e-03
<GCONST> 6.779649e+01
<TRANSP> 5
 0.000000e+00 1.000000e+00 0.000000e+00 0.000000e+00 0.000000e+00
 0.000000e+00 9.049472e-01 9.505278e-02 0.000000e+00 0.000000e+00
 0.000000e+00 0.000000e+00 8.983328e-01 1.016671e-01 0.000000e+00
 0.000000e+00 0.000000e+00 0.000000e+00 9.437303e-01 5.626971e-02
 0.000000e+00 0.000000e+00 0.000000e+00 0.000000e+00 0.000000e+00
<ENDHMM>
~h "two"
<BEGINHMM>
<NUMSTATES> 5
<STATE> 2
<MEAN> 39
 -9.639380e+00 -4.513418e+00 -6.580735e+00 -9.863549e+00 -9.720708e-01 -4.070689e+00 -1.373342e+00 -8.179421e+00 -2.537153e+00 -5.722522e+00 1.014189e+00 -3.721768e+00 1.495430e+01 -3.758525e-02 2.631133e-01 2.263371e-01 -3.008477e-01 -8.029173e-02 -1.059112e-02 -1.952107e-01 2.048026e-02 1.192919e-01 3.786845e-02 -4.394701e-03 -2.839594e-02 9.347275e-02 1.950325e-01 9.726084e-02 2.115304e-01 -1.064899e-01 -1.587306e-01 -1.867032e-01 -1.174413e-01 -6.690830e-02 -2.515923e-02 -1.346584e-03 -7.481471e-02 -1.170505e-01 8.904144e-02
<VARIANCE> 39
 9.732280e+00 8.411869e+00 1.057138e+01 1.130263e+01 1.669863e+01 1.858915e+01 1.761610e+01 1.993474e+01 2.015007e+01 2.109535e+01 2.063022e+01 1.756303e+01 9.683678e-01 1.154743e+00 7.385868e-01 1.484535e+00 7.320569e-01 1.243841e+00 1.212138e+00 9.533136e-01 1.050649e+00 1.054677e+00 1.129717e+00 1.398421e+00 9.929953e-01 1.174518e-01 1.107615e-01 1.110960e-01 1.232448e-01 1.199815e-01 2.136392e-01 1.859785e-01 1.655751e-01 1.895574e-01 1.984026e-01 1.764035e-01 2.621551e-01 1.380705e-01 7.422640e-03
<GCONST> 7.620220e+01
<STATE> 3
<MEAN> 39
 -4.756927e+00 1.149320e+00 1.778226e+00 -1.527068e+01 -6.598805e+00 -9.672952e+00 -6.598328e+00 -1.044179e+01 -2.516045e+00 -5.320361e+00 -1.030022e+00 -7.239760e+00 1.830119e+01 7.193316e-01 5.999751e-01 8.360481e-01 -6.091867e-01 -1.201094e+00 -1.150002e+00 -6.212710e-01 -3.241047e-01 -7.638556e-02 1.074631e-01 -2.783293e-01 -6.924759e-01 4.804429e-01 -2.461664e-01 -2.219688e-01 -4.234547e-01 2.838060e-01 2.397684e-01 2.108274e-01 2.293690e-01 1.474371e-01 -1.436220e-02 5.922061e-03 1.442222e-01 1.762003e-01 -1.356786e-01
<VARIANCE> 39
 7.637055e+00 8.201179e+00 1.359603e+01 2.286914e+01 4.094153e+01 2.664878e+01 2.842987e+01 2.392866e+01 3.044524e+01 5.369550e+01 4.334023e+01 4.700751e+01 1.220934e+00 6.002336e-01 6.134157e-01 9.871258e-01 1.413978e+00 1.245543e+00 1.154156e+00 1.636979e+00 1.535898e+00 1.877875e+00 2.038629e+00 2.554882e+00 1.859359e+00 8.416659e-02 6.196138e-02 5.703236e-02 8.188549e-02 1.318224e-01 2.159619e-01 1.828539e-01 2.050726e-01 1.926454e-01 2.096132e-01 2.724445e-01 2.909153e-01 2.224143e-01 8.053105e-03
<GCONST> 8.427508e+01
<STATE> 4
<MEAN> 39
 -3.074160e+00 -2.498502e-01 -1.582089e-01 -1.281028e+01 -6.631962e+00 -1.135589e+01 -5.742242e+00 -1.003087e+01 -3.079259e+00 -5.508291e+00 -1.510168e-01 -7.402940e+00 1.806439e+01 2.856436e-02 -3.108901e-01 -3.225633e-01 4.777231e-01 4.160340e-01 2.897203e-01 2.823396e-01 6.164466e-02 -7.978725e-02 -2.571167e-03 1.468313e-01 2.523626e-01 -1.813451e-01 -7.879078e-02 -6.534902e-02 -4.715157e-02 -2.747028e-03 8.374634e-02 1.333991e-01 8.168754e-02 3.501743e-02 2.799211e-02 -2.889528e-03 -1.431960e-02 4.589152e-02 -4.147514e-02
<VARIANCE> 39
 6.126969e+00 7.980877e+00 1.202322e+01 3.019343e+01 3.252041e+01 2.281901e+01 3.197464e+01 3.246532e+01 4.006976e+01 4.282231e+01 5.143119e+01 4.045087e+01 1.492823e+00 2.866627e-01 2.399527e-01 4.425736e-01 6.655245e-01 9.312073e-01 1.150723e+00 1.105538e+00 1.194716e+00 1.057023e+00 1.124072e+00 1.145986e+00 1.082552e+00 3.967652e-02 3.091885e-02 3.306121e-02 5.466450e-02 9.506740e-02 1.114157e-01 1.450114e-01 1.389046e-01 1.749011e-01 1.699729e-01 1.672947e-01 1.672982e-01 1.557807e-01 3.008824e-03
<GCONST> 7.111190e+01
<TRANSP> 5
 0.000000e+00 1.000000e+00 0.000000e+00 0.000000e+00 0.000000e+00
 0.000000e+00 9.084746e-01 9.152544e-02 0.000000e+00 0.000000e+00
 0.000000e+00 0.000000e+00 7.698596e-01 2.301404e-01 0.000000e+00
 0.000000e+00 0.000000e+00 0.000000e+00 9.201574e-01 7.984255e-02
 0.000000e+00 0.000000e+00 0.000000e+00 0.000000e+00 0.000000e+00
<ENDHMM>
~h "nine"
<BEGINHMM>
<NUMSTATES> 5
<STATE> 2
<MEAN> 39
 -4.077331e+00 -3.898046e+00 -1.677266e+00 -8.971155e+00 -2.804492e+00 -6.378209e+00 -1.642721e+00 -1.116134e+01 -5.117402e+00 -8.041976e+00 -2.887750e+00 -7.734883e+00 1.762904e+01 -1.811327e-01 -6.858036e-01 -2.834643e-01 4.408270e-01 -4.285433e-01 2.355706e-01 4.030291e-01 -1.731195e-01 -1.880387e-02 -1.236192e-01 -8.592729e-02 -8.366863e-02 2.069312e-01 -5.922491e-02 -1.590376e-01 -1.030370e-01 1.132273e-01 -5.453299e-03 -1.169240e-03 5.204879e-02 4.893639e-02 3.952457e-02 9.370369e-03 7.326274e-02 3.877681e-02 -9.215224e-03
<VARIANCE> 39
 8.090956e+00 1.916343e+01 1.444467e+01 1.669296e+01 2.834809e+01 2.875757e+01 3.145667e+01 2.650790e+01 4.734473e+01 3.538877e+01 3.033127e+01 3.281607e+01 1.829773e+00 4.871428e-01 1.494063e+00 1.080495e+00 1.097171e+00 1.264090e+00 1.393837e+00 1.627391e+00 1.205140e+00 1.553540e+00 1.157374e+00 1.183341e+00 1.006628e+00 4.894995e-02 6.265622e-02 1.682045e-01 1.288503e-01 1.425366e-01 2.181608e-01 2.178718e-01 2.447258e-01 1.814128e-01 2.032964e-01 1.691315e-01 1.711286e-01 1.443606e-01 4.463009e-03
<GCONST> 8.221026e+01
<STATE> 3
<MEAN> 39
 -6.347527e+00 -1.160442e+01 -4.860510e+00 -2.734691e+00 -5.693742e+00 -5.250024e+00 1.736059e+00 -1.135922e+01 -5.539678e+00 -9.015328e+00 -1.699770e+00 -7.646741e+00 1.861514e+01 -1.102202e-01 9.686067e-02 2.307477e-01 -2.420476e-01 -2.305182e-02 2.140791e-01 -1.050664e-01 -8.696248e-02 1.959001e-01 5.474257e-02 -5.526774e-02 4.596744e-02 -2.113689e-02 2.517121e-03 1.935469e-01 6.929501e-02 -2.402585e-01 4.426290e-02 6.240283e-02 -1.060978e-01 1.121207e-02 7.537669e-02 -1.084901e-02 -6.778218e-02 2.441986e-02 -1.480030e-02
<VARIANCE> 39
 7.253240e+00 8.472352e+00 2.450037e+01 3.236937e+01 1.900658e+01 3.083623e+01 3.095137e+01 3.397374e+01 4.391690e+01 4.150164e+01 2.842895e+01 3.075455e+01 1.006126e+00 8.384610e-02 3.840282e-01 4.111280e-01 1.132712e+00 5.000371e-01 6.241731e-01 5.587701e-01 5.153653e-01 6.511036e-01 6.707070e-01 6.806695e-01 5.420509e-01 4.827253e-03 1.133341e-02 3.005361e-02 4.127556e-02 5.547938e-02 7.264970e-02 7.246988e-02 7.391030e-02 8.095077e-02 8.281080e-02 8.716508e-02 7.873289e-02 7.922965e-02 3.983417e-04
<GCONST> 5.405605e+01
<STATE> 4
<MEAN> 39
 -5.408938e+00 -2.488681e+00 -1.320186e+00 -1.141012e+01 -1.443077e+00 -5.341779e+00 -3.676828e+00 -1.048140e+01 -3.509035e+00 -8.117118e+00 -2.930945e+00 -6.527739e+00 1.769446e+01 2.317153e-01 5.105908e-01 -3.092800e-03 -1.016926e-01 4.411193e-01 -2.479252e-01 -2.011421e-01 2.756161e-01 -1.277940e-01 8.107455e-02 2.108436e-01 1.169407e-01 -1.723584e-01 -2.715100e-02 -1.583067e-01 -8.625384e-02 1.474568e-01 -3.839153e-02 -6.090404e-03 1.204325e-01 1.985704e-02 -5.447885e-02 4.231454e-02 7.832289e-02 -9.554874e-03 -2.023009e-02
<VARIANCE> 39
 1.166846e+01 1.632528e+01 1.132170e+01 2.321636e+01 3.171842e+01 3.320291e+01 3.064790e+01 2.993113e+01 4.733530e+01 3.817849e+01 3.626938e+01 3.985386e+01 1.211661e+00 5.065153e-01 1.171872e+00 6.359946e-01 1.643074e+00 1.303741e+00 1.550628e+00 1.528431e+00 1.269756e+00 1.658819e+00 1.184174e+00 1.105880e+00 1.068940e+00 2.538142e-02 7.071386e-02 8.681949e-02 9.031533e-02 1.779846e-01 1.819097e-01 2.449436e-01 1.820612e-01 2.039852e-01 2.436527e-01 1.943311e-01 1.735394e-01 1.451956e-01 2.221679e-03
<GCONST> 8.083681e+01
<TRANSP> 5
 0.000000e+00 1.000000e+00 0.000000e+00 0.000000e+00 0.000000e+00
 0.000000e+00 9.012508e-01 9.874922e-02 0.000000e+00 0.000000e+00
 0.000000e+00 0.000000e+00 9.153502e-01 8.464979e-02 0.000000e+00
 0.000000e+00 0.000000e+00 0.000000e+00 9.176028e-01 8.239721e-02
 0.000000e+00 0.000000e+00 0.000000e+00 0.000000e+00 0.000000e+00
<ENDHMM>
~h "five"
<BEGINHMM>
<NUMSTATES> 5
<STATE> 2
<MEAN> 39
 -6.145302e+00 -8.579067e+00 -7.592478e+00 -9.225047e+00 -4.230653e-01 -6.121464e+00 6.970128e-03 -6.825416e+00 -3.778211e+00 -6.490662e+00 -3.219432e-01 -4.546302e+00 1.643808e+01 1.117982e-01 -6.872119e-01 -4.785923e-01 3.255059e-01 2.195613e-01 -2.712122e-01 2.421207e-01 2.802705e-01 -3.435879e-01 -1.302723e-01 -1.266205e-01 1.667010e-02 2.472801e-01 -1.687801e-03 -5.660849e-03 5.737708e-02 4.688835e-02 -1.725663e-02 -3.236467e-02 -1.989585e-02 -4.941039e-02 -1.732883e-02 2.411547e-02 1.546277e-02 -1.459350e-02 2.061854e-02
<VARIANCE> 39
 1.125220e+01 1.815387e+01 1.972012e+01 1.332428e+01 1.796994e+01 2.025480e+01 1.944230e+01 3.697227e+01 2.612189e+01 2.326820e+01 2.203222e+01 1.616225e+01 4.948137e+00 7.423182e-01 6.844230e-01 8.868368e-01 8.866006e-01 8.226772e-01 1.096099e+00 9.428284e-01 1.701122e+00 1.496833e+00 1.271831e+00 1.231869e+00 8.357613e-01 2.129117e-01 1.004225e-01 1.065271e-01 1.570923e-01 1.148708e-01 1.338450e-01 1.695190e-01 1.473376e-01 2.760081e-01 2.348384e-01 1.802755e-01 1.906099e-01 1.286198e-01 2.516605e-02
<GCONST> 8.141045e+01
<STATE> 3
<MEAN> 39
 -5.829909e+00 -1.543208e+01 -8.489592e+00 -3.791502e+00 1.364196e+00 -9.061790e+00 2.480586e+00 -7.543463e+00 -7.266444e+00 -5.482922e+00 -5.596443e-01 -4.576599e+00 1.903887e+01 -1.610333e-01 9.881292e-02 4.891212e-01 -2.808344e-01 -2.718478e-01 4.465794e-01 6.804523e-02 -3.852472e-01 3.469785e-02 2.820537e-01 5.019218e-02 -7.338864e-02 -4.962919e-02 4.119490e-02 1.198991e-01 1.074241e-02 -1.944130e-01 -5.746679e-02 8.541080e-02 -2.819498e-02 2.903877e-02 6.260718e-02 -5.057390e-02 -7.345670e-02 -1.855370e-02 -1.597168e-02
<VARIANCE> 39
 9.235521e+00 9.516522e+00 2.487405e+01 2.134832e+01 1.890436e+01 2.361058e+01 1.802779e+01 4.020387e+01 4.783452e+01 4.513331e+01 2.691066e+01 2.542698e+01 1.368736e+00 9.077754e-02 1.726025e-01 2.727430e-01 6.954149e-01 5.202826e-01 5.777696e-01 5.082269e-01 5.121690e-01 6.401092e-01 6.122528e-01 5.999653e-01 4.835857e-01 5.997587e-03 1.192115e-02 2.521031e-02 3.123388e-02 4.833080e-02 5.224699e-02 5.349389e-02 5.804964e-02 6.689398e-02 9.045378e-02 8.805466e-02 6.807324e-02 7.103812e-02 9.688304e-04
<GCONST> 5.083686e+01
<STATE> 4
<MEAN> 39
 -5.452401e+00 -7.798195e+00 -3.664724e+00 -1.292934e+01 -3.057850e+00 -3.760870e+00 1.120415e+00 -8.346091e+00 -3.888038e+00 -5.631059e+00 -1.734032e+00 -5.653007e+00 1.761938e+01 6.896103e-02 9.293821e-01 2.307977e-01 -1.987883e-01 -1.315928e-01 -8.908901e-02 -2.932281e-01 7.891071e-02 3.928494e-01 -1.370573e-01 7.672828e-02 1.233728e-02 -2.762189e-01 -4.002640e-02 -7.254066e-02 -8.900339e-02 1.945952e-01 1.092603e-01 -8.830161e-02 -1.665547e-02 -4.516100e-03 -4.075460e-02 1.309681e-02 7.345103e-02 3.240533e-02 -1.782530e-02
<VARIANCE> 39
 7.533137e+00 2.308251e+01 1.185585e+01 2.986159e+01 3.748623e+01 2.150838e+01 2.415422e+01 3.057126e+01 4.223596e+01 2.629448e+01 2.688212e+01 2.787960e+01 2.629520e+00 3.400313e-01 7.374029e-01 6.409169e-01 2.733146e+00 1.682087e+00 1.393089e+00 9.393058e-01 1.417222e+00 1.594574e+00 1.266555e+00 1.316848e+00 1.013080e+00 6.819271e-02 5.715517e-02 1.022110e-01 9.524720e-02 3.009316e-01 2.342666e-01 2.509230e-01 1.675267e-01 2.084453e-01 2.011775e-01 1.717468e-01 2.163430e-01 1.726192e-01 9.082116e-03
<GCONST> 8.298357e+01
<TRANSP> 5
 0.000000e+00 1.000000e+00 0.000000e+00 0.000000e+00 0.000000e+00
 0.000000e+00 9.300391e-01 6.996090e-02 0.000000e+00 0.000000e+00
 0.000000e+00 0.000000e+00 9.152319e-01 8.476811e-02 0.000000e+00
 0.000000e+00 0.000000e+00 0.000000e+00 8.980054e-01 1.019946e-01
 0.000000e+00 0.000000e+00 0.000000e+00 0.000000e+00 0.000000e+00
<ENDHMM>
~h "four"
<BEGINHMM>
<NUMSTATES> 5
<STATE> 2
<MEAN> 39
 -7.667614e+00 -6.677808e+00 -5.470642e+00 -9.688792e+00 -1.112550e+00 -4.543475e+00 -5.189728e-01 -8.559962e+00 -2.271121e+00 -5.732478e+00 1.121441e+00 -4.080834e+00 1.494338e+01 3.138355e-01 1.474950e-02 -3.778507e-01 -2.939831e-01 -1.125255e-01 -9.205828e-02 -1.320307e-01 -8.569897e-03 1.231802e-01 1.055108e-01 -1.625158e-02 -4.077195e-02 1.258385e-01 2.438173e-01 9.813484e-02 -1.170317e-01 -1.288143e-01 -5.303991e-02 -1.112579e-01 -1.097986e-01 -1.808099e-02 -8.184104e-03 7.009548e-03 -7.390761e-02 -1.029496e-01 1.065350e-01
<VARIANCE> 39
 4.657702e+00 4.193451e+00 6.876489e+00 8.704023e+00 1.156782e+01 1.418994e+01 1.488089e+01 1.611071e+01 1.489992e+01 1.410062e+01 1.539704e+01 1.167687e+01 9.116806e-01 1.047066e+00 4.639235e-01 5.766308e-01 6.437173e-01 6.049650e-01 9.842695e-01 9.577664e-01 8.519986e-01 8.544641e-01 7.821127e-01 1.037501e+00 8.674544e-01 1.654569e-01 5.929432e-02 5.711767e-02 1.015155e-01 1.069120e-01 1.041820e-01 1.638892e-01 1.311690e-01 1.613808e-01 1.551103e-01 1.347689e-01 1.544513e-01 1.329648e-01 6.555353e-03
<GCONST> 6.410861e+01
<STATE> 3
<MEAN> 39
 1.545542e+00 -3.506072e+00 -1.204609e+01 -1.693926e+01 -4.004880e+00 -6.246487e+00 -3.255047e+00 -8.958975e+00 -1.451340e+00 -3.992062e+00 3.068367e-01 -6.856421e+00 1.889500e+01 3.433107e-01 -1.623348e-01 -3.558476e-01 -7.217035e-02 6.820396e-02 -2.290277e-02 -2.270717e-01 1.736722e-01 3.472252e-01 1.047986e-01 -2.364447e-01 -2.329478e-01 1.594964e-01 -1.728061e-01 -1.511378e-01 1.446060e-01 2.267973e-01 4.013351e-02 -2.949183e-02 4.305374e-02 1.087216e-01 4.690729e-02 -7.877221e-02 -5.253188e-02 5.703615e-02 -6.698091e-02
<VARIANCE> 39
 4.227961e+00 1.022245e+01 1.029036e+01 1.432916e+01 2.460276e+01 1.721146e+01 1.818636e+01 1.709347e+01 2.334695e+01 2.481169e+01 3.750478e+01 3.594286e+01 1.115800e+00 5.912059e-01 7.438594e-01 7.231894e-01 1.240829e+00 9.895769e-01 7.948631e-01 9.115144e-01 9.642966e-01 1.307602e+00 1.180656e+00 1.372135e+00 1.243437e+00 1.038316e-01 4.871599e-02 4.642921e-02 9.628293e-02 8.305277e-02 1.340594e-01 1.435021e-01 1.544317e-01 1.396360e-01 1.799932e-01 1.932645e-01 2.021902e-01 1.820074e-01 7.090522e-03
<GCONST> 7.298955e+01
<STATE> 4
<MEAN> 39
 -5.429476e-01 -1.072220e+01 -7.323116e+00 -8.565815e+00 -5.391744e+00 -8.704766e+00 -2.323944e+00 -4.895530e+00 1.832060e-01 -7.540123e+00 -3.910872e+00 -7.426217e+00 1.840887e+01 -6.129127e-01 7.465069e-02 1.055966e+00 4.896523e-01 -3.433495e-01 7.616265e-02 5.981665e-01 -1.811751e-01 -6.240197e-01 -3.440994e-01 1.658254e-01 3.014709e-01 -2.432765e-01 -9.001634e-02 2.380779e-01 -4.453162e-02 -1.996030e-01 1.165280e-01 1.960449e-01 3.099991e-02 -1.858952e-01 -1.287928e-01 1.032561e-01 1.745549e-01 4.439843e-02 -4.962716e-02
<VARIANCE> 39
 7.333425e+00 1.779958e+01 3.181578e+01 1.828339e+01 4.522202e+01 3.700931e+01 3.509687e+01 4.319410e+01 4.621207e+01 3.482880e+01 3.460002e+01 3.076935e+01 1.741630e+00 2.971708e-01 1.587486e+00 9.179295e-01 1.626264e+00 2.564564e+00 2.221741e+00 1.718492e+00 2.564770e+00 1.885271e+00 1.705947e+00 1.829050e+00 1.123808e+00 5.832914e-02 2.926799e-02 1.346432e-01 2.064868e-01 1.690598e-01 4.288346e-01 2.940586e-01 3.516556e-01 3.668475e-01 3.851871e-01 2.816707e-01 3.092501e-01 2.124644e-01 3.411654e-03
<GCONST> 9.085587e+01
<TRANSP> 5
 0.000000e+00 1.000000e+00 0.000000e+00 0.000000e+00 0.000000e+00
 0.000000e+00 9.011176e-01 9.888241e-02 0.000000e+00 0.000000e+00
 0.000000e+00 0.000000e+00 9.186853e-01 8.131474e-02 0.000000e+00
 0.000000e+00 0.000000e+00 0.000000e+00 8.810120e-01 1.189880e-01
 0.000000e+00 0.000000e+00 0.000000e+00 0.000000e+00 0.000000e+00
<ENDHMM>
~h "zero"
<BEGINHMM>
<NUMSTATES> 5
<STATE> 2
<MEAN> 39
 -6.758180e+00 -3.060530e+00 -4.886794e+00 -7.466867e+00 -1.265792e+00 -3.807551e+00 -1.414104e+00 -8.519999e+00 -3.457352e+00 -5.106209e+00 5.901217e-01 -4.556120e+00 1.523185e+01 -8.170368e-02 3.317777e-01 1.413711e-01 -3.041213e-01 -2.133227e-01 -2.737635e-01 -1.777338e-01 -1.205109e-01 1.233111e-01 2.201347e-01 -1.254839e-02 -1.808653e-04 1.060427e-01 6.806292e-02 1.068908e-01 1.512871e-01 -2.256987e-01 -1.459337e-01 -2.462535e-01 -6.497100e-02 -7.538809e-02 6.202407e-02 1.080051e-02 -2.262737e-02 -5.403187e-02 8.252084e-02
<VARIANCE> 39
 7.745583e+00 1.028862e+01 1.429243e+01 1.360918e+01 1.783331e+01 1.930369e+01 1.877953e+01 1.949849e+01 2.377085e+01 2.085611e+01 1.977660e+01 1.678327e+01 1.208744e+00 4.211678e-01 7.290796e-01 1.003669e+00 9.500222e-01 8.893800e-01 1.750821e+00 9.589474e-01 1.102065e+00 1.068043e+00 8.963273e-01 1.006095e+00 1.001626e+00 1.192542e-01 5.258033e-02 9.179012e-02 1.144092e-01 1.198336e-01 1.237964e-01 1.946420e-01 1.597987e-01 1.730610e-01 1.607245e-01 1.399861e-01 1.706399e-01 1.584597e-01 7.959138e-03
<GCONST> 7.320314e+01
<STATE> 3
<MEAN> 39
 -5.592244e+00 3.952679e-01 8.078194e-01 -1.662421e+01 -7.707522e+00 -9.224842e+00 -4.659981e+00 -8.628924e+00 -4.991184e-02 -3.802475e+00 1.258529e-01 -6.759888e+00 1.834423e+01 3.379259e-01 -6.248261e-01 4.887477e-01 -2.656506e-01 -1.102034e+00 1.290218e-01 1.548538e-01 1.538448e-01 3.349159e-01 -5.399984e-02 2.664365e-02 -1.553024e-01 1.949234e-01 4.521030e-02 -2.660609e-01 -1.692066e-01 3.433150e-01 9.416069e-03 1.403089e-01 1.908109e-01 7.235166e-02 -7.128896e-02 -4.766035e-02 -7.068248e-03 6.281676e-02 -6.164875e-02
<VARIANCE> 39
 7.281382e+00 1.916098e+01 1.718722e+01 2.744044e+01 5.847533e+01 3.936639e+01 3.189029e+01 4.336196e+01 3.246217e+01 3.001782e+01 3.379675e+01 4.994952e+01 1.156440e+00 4.295147e-01 1.775852e+00 8.555415e-01 2.664711e+00 1.664685e+00 2.654121e+00 1.727436e+00 1.475462e+00 1.340082e+00 1.175746e+00 1.141504e+00 1.379963e+00 7.314143e-02 5.099233e-02 1.107197e-01 1.223835e-01 1.857552e-01 2.375542e-01 3.918700e-01 2.244540e-01 2.434555e-01 2.200167e-01 1.773833e-01 1.724193e-01 2.131516e-01 4.550983e-03
<GCONST> 8.729054e+01
<STATE> 4
<MEAN> 39
 -1.649536e+00 -9.930148e+00 -4.550431e+00 -9.837007e+00 -9.202782e+00 -8.373547e+00 4.406801e-02 -4.372983e+00 -3.070652e-01 -6.662860e+00 -1.066633e+00 -5.913469e+00 1.846299e+01 -1.730445e-03 4.107425e-02 -4.249410e-01 2.121976e-01 6.903760e-01 -3.667233e-02 1.307408e-02 7.659608e-02 -1.453030e-01 -9.953626e-02 -4.258732e-02 5.560794e-02 -9.980766e-02 -8.147341e-02 1.027259e-01 5.155319e-02 -8.308265e-02 8.995859e-02 7.160679e-02 -5.898424e-02 -6.223600e-02 -2.369540e-02 2.519779e-02 2.528239e-02 8.755465e-03 -2.410430e-02
<VARIANCE> 39
 6.049094e+00 2.022764e+01 2.591733e+01 2.576270e+01 6.116841e+01 5.180280e+01 3.776233e+01 3.636226e+01 4.391747e+01 3.594059e+01 2.597992e+01 3.311917e+01 1.509348e+00 3.011976e-01 8.277124e-01 7.833925e-01 1.013840e+00 1.236861e+00 1.841343e+00 1.590049e+00 1.897713e+00 1.647475e+00 1.476177e+00 1.053245e+00 9.581065e-01 3.797248e-02 2.902777e-02 5.182427e-02 8.361025e-02 1.130990e-01 1.905644e-01 2.371225e-01 2.060674e-01 2.034608e-01 2.219555e-01 2.011825e-01 1.522522e-01 1.418978e-01 2.415680e-03
<GCONST> 8.034341e+01
<TRANSP> 5
 0.000000e+00 1.000000e+00 0.000000e+00 0.000000e+00 0.000000e+00
 0.000000e+00 8.903300e-01 1.096700e-01 0.000000e+00 0.000000e+00
 0.000000e+00 0.000000e+00 8.972711e-01 1.027289e-01 0.000000e+00
 0.000000e+00 0.000000e+00 0.000000e+00 9.447601e-01 5.523986e-02
 0.000000e+00 0.000000e+00 0.000000e+00 0.000000e+00 0.000000e+00
<ENDHMM>
