~o
<STREAMINFO> 1 39
<VECSIZE> 39<NULLD><MFCC_E_D_A><DIAGC>
~h "eight"
<BEGINHMM>
<NUMSTATES> 5
<STATE> 2
<MEAN> 39
 -7.524435e+00 -3.424712e+00 -5.693442e+00 -1.668191e+01 -6.473214e-01 -5.182828e+00 5.464929e-01 -6.746254e+00 -1.554474e+00 -6.763641e+00 -1.027642e+00 -5.331661e+00 1.714925e+01 -1.899904e-01 7.575573e-01 -8.185775e-02 -7.813977e-01 3.921732e-02 -4.146710e-01 5.494283e-02 2.967697e-01 3.011685e-01 4.561323e-02 -9.445964e-02 -9.566928e-02 2.139851e-01 3.509736e-02 8.252612e-02 1.093427e-02 8.966654e-02 -4.103531e-02 -1.680696e-01 -8.082612e-02 -2.286976e-02 2.703808e-02 6.061512e-02 5.859260e-02 -4.568745e-03 3.458178e-03
<VARIANCE> 39
 1.075562e+01 2.306058e+01 1.835969e+01 3.944754e+01 4.045761e+01 2.353874e+01 2.441766e+01 2.433753e+01 3.137264e+01 2.546965e+01 2.575874e+01 2.447248e+01 3.380870e+00 3.360927e-01 9.650773e-01 6.847121e-01 1.411207e+00 1.254011e+00 1.634345e+00 1.348129e+00 1.128155e+00 1.374343e+00 1.216747e+00 1.140116e+00 1.007736e+00 1.229700e-01 4.082762e-02 8.492113e-02 8.461773e-02 2.011270e-01 1.478557e-01 1.778256e-01 1.529648e-01 1.814225e-01 2.320940e-01 1.695009e-01 1.833506e-01 1.573068e-01 1.323947e-02
<GCONST> 8.183706e+01
<STATE> 3
<MEAN> 39
 -7.935192e+00 5.476149e+00 -4.908454e+00 -1.664677e+01 -2.357301e+00 -1.441975e+01 -3.035582e+00 -8.591290e+00 -1.333529e+00 -4.426772e+00 9.897573e-01 -5.287059e+00 1.807280e+01 2.038538e-01 -4.291566e-01 1.808174e-01 9.721209e-01 1.361669e-01 6.946985e-02 -3.419579e-01 -6.694919e-01 -5.149022e-01 -4.121172e-02 2.099999e-01 1.946177e-01 -2.363591e-01 1.020738e-02 -3.329076e-01 -3.044405e-02 6.393049e-02 4.254444e-02 3.532853e-01 1.234362e-01 5.588792e-02 -2.346043e-02 -9.194963e-02 -6.259403e-02 3.903804e-03 -6.257562e-02
<VARIANCE> 39
 9.284580e+00 1.350773e+01 2.250709e+01 3.248421e+01 1.967590e+01 2.420427e+01 5.254327e+01 3.438012e+01 4.415855e+01 2.637424e+01 3.191343e+01 2.703352e+01 1.959891e+00 2.642232e-01 1.895669e+00 4.088394e-01 7.647028e-01 7.867970e-01 2.502124e+00 1.307372e+00 1.116815e+00 1.804280e+00 1.195066e+00 1.398732e+00 1.008717e+00 6.758808e-02 3.641498e-02 9.030096e-02 5.905213e-02 1.265715e-01 9.250698e-02 1.744958e-01 1.630093e-01 2.078766e-01 2.768025e-01 1.690504e-01 1.958923e-01 1.643105e-01 4.024191e-03
<GCONST> 7.874329e+01
<STATE> 4
<MEAN> 39
 -7.116772e+00 -6.541081e+00 -5.514888e+00 -1.004293e+01 -1.215376e+00 -4.682458e+00 -8.409293e-01 -8.921481e+00 -3.019655e+00 -5.935841e+00 9.428663e-01 -4.004982e+00 1.468661e+01 -7.179928e-02 -3.660384e-01 -1.176294e-01 1.204210e-01 -4.112440e-02 3.696042e-01 1.855384e-01 1.810011e-01 1.167373e-01 8.799615e-03 1.649156e-02 9.387522e-03 -9.300368e-02 -5.684404e-03 1.757348e-01 1.040039e-02 -6.683970e-02 -1.211812e-02 -1.464315e-01 -4.599097e-02 -1.504064e-02 -6.332646e-03 2.179285e-02 -5.186809e-03 -1.391478e-02 4.871775e-02
<VARIANCE> 39
 4.560891e+00 6.159054e+00 8.314739e+00 9.574134e+00 1.262566e+01 1.589417e+01 1.697644e+01 1.696683e+01 1.732064e+01 1.627314e+01 1.523353e+01 1.399440e+01 1.034500e+00 2.099288e-01 8.405125e-01 4.288100e-01 5.955186e-01 4.862417e-01 1.170435e+00 9.931150e-01 8.546661e-01 9.812913e-01 7.909734e-01 7.432456e-01 7.057024e-01 4.874123e-02 3.460000e-02 9.647747e-02 7.128548e-02 1.091524e-01 9.177067e-02 1.887649e-01 1.756936e-01 1.504276e-01 1.623774e-01 1.354732e-01 1.324255e-01 1.272724e-01 4.818425e-03
<GCONST> 6.216197e+01
<TRANSP> 5
 0.000000e+00 1.000000e+00 0.000000e+00 0.000000e+00 0.000000e+00
 0.000000e+00 9.121965e-01 8.780352e-02 0.000000e+00 0.000000e+00
 0.000000e+00 0.000000e+00 8.976179e-01 1.023821e-01 0.000000e+00
 0.000000e+00 0.000000e+00 0.000000e+00 9.213890e-01 7.861096e-02
 0.000000e+00 0.000000e+00 0.000000e+00 0.000000e+00 0.000000e+00
<ENDHMM>
~h "oh"
<BEGINHMM>
<NUMSTATES> 5
<STATE> 2
<MEAN> 39
 -5.072902e+00 -9.817546e+00 -7.833387e+00 -8.759854e+00 -2.347719e+00 -7.078443e+00 2.847762e+00 -7.616868e+00 -4.773015e+00 -6.878159e+00 -1.687983e+00 -4.955318e+00 1.721408e+01 4.015616e-01 -2.821477e-01 -5.485507e-01 2.171538e-01 1.401621e-01 -4.945737e-01 2.322875e-01 5.781058e-01 -1.037469e-01 -3.932625e-01 -3.404448e-01 -6.349775e-02 2.903830e-01 6.013396e-02 8.892418e-02 -1.210222e-02 -5.544902e-02 1.547182e-02 -6.012396e-02 -1.276605e-01 1.861805e-02 1.092559e-01 1.495227e-03 -5.272214e-02 -5.050193e-02 1.424341e-02
<VARIANCE> 39
 8.382332e+00 1.228216e+01 1.538581e+01 1.591972e+01 2.185693e+01 2.340166e+01 2.846189e+01 5.757673e+01 3.748623e+01 3.054217e+01 2.663992e+01 2.711328e+01 3.812016e+00 4.045018e-01 5.595037e-01 6.603153e-01 6.405975e-01 7.460973e-01 1.180169e+00 1.235328e+00 1.815304e+00 1.533160e+00 1.309644e+00 1.311774e+00 1.082002e+00 1.254156e-01 4.813059e-02 7.023262e-02 8.521721e-02 8.555444e-02 1.118069e-01 1.482320e-01 1.609971e-01 2.226751e-01 2.095434e-01 1.953586e-01 2.000355e-01 1.548818e-01 1.713554e-02
<GCONST> 7.894446e+01
<STATE> 3
<MEAN> 39
 -4.965922e-01 -8.085546e+00 -1.303811e+01 -1.018380e+01 -8.909621e-01 -1.201037e+01 -8.892635e-01 -1.284812e+00 1.939395e-01 -7.884242e+00 -5.009697e+00 -6.855107e+00 1.903839e+01 2.239061e-01 4.083360e-01 -6.298141e-03 -3.375477e-01 -6.151097e-02 -1.964422e-02 -6.569707e-01 -2.515064e-01 6.164225e-01 5.838727e-01 3.179011e-02 -3.234844e-01 -1.058211e-02 -4.688041e-02 2.213239e-02 1.000647e-01 -1.013994e-02 -5.009497e-02 8.897670e-02 1.630385e-02 -1.447870e-01 -8.520450e-02 7.581806e-02 1.148444e-01 2.391957e-02 -2.662400e-02
<VARIANCE> 39
 6.028924e+00 9.347422e+00 1.555830e+01 1.589689e+01 1.975414e+01 2.333686e+01 4.428241e+01 3.314376e+01 4.055777e+01 3.755722e+01 3.123155e+01 3.914727e+01 1.183736e+00 8.543302e-02 1.427007e-01 2.976735e-01 2.936643e-01 3.913106e-01 5.535881e-01 7.245918e-01 1.116327e+00 7.998074e-01 8.947291e-01 8.656552e-01 6.944242e-01 1.391789e-02 1.175630e-02 1.537125e-02 3.537058e-02 3.572028e-02 4.852979e-02 7.178199e-02 8.156174e-02 1.012437e-01 1.109303e-01 1.075003e-01 9.628420e-02 9.289281e-02 1.245800e-03
<GCONST> 5.396382e+01
<STATE> 4
<MEAN> 39
 -7.418700e-01 -3.730207e+00 -8.383273e+00 -1.248793e+01 -3.622045e+00 -9.300095e+00 -4.000102e+00 -8.066699e+00 -2.979877e-01 -3.366285e+00 3.569912e-01 -6.248635e+00 1.795415e+01 -5.069087e-01 1.202954e-01 7.349985e-01 2.727208e-01 1.214353e-02 5.559315e-01 3.365068e-01 -4.405192e-01 -5.363598e-01 -1.885778e-01 3.968846e-01 4.349144e-01 -2.802335e-01 -1.126500e-01 -1.140008e-01 -2.908212e-02 7.595147e-02 9.950877e-02 8.985641e-02 1.345875e-01 9.031337e-02 -3.953424e-02 -1.066694e-01 -6.855733e-02 5.315034e-02 -3.464182e-02
<VARIANCE> 39
 9.361613e+00 7.810265e+00 2.079551e+01 1.825483e+01 1.941329e+01 2.692004e+01 3.110318e+01 2.683564e+01 3.199016e+01 4.008406e+01 3.906104e+01 3.790222e+01 2.412528e+00 3.826962e-01 4.593671e-01 5.507388e-01 6.217662e-01 8.842422e-01 1.264744e+00 1.251876e+00 1.298658e+00 1.305794e+00 1.263461e+00 1.279159e+00 1.245757e+00 5.453481e-02 3.299631e-02 4.469869e-02 8.896708e-02 8.728195e-02 1.096998e-01 1.661356e-01 1.871825e-01 1.997290e-01 2.127143e-01 2.068775e-01 1.755923e-01 1.748506e-01 4.194988e-03
<GCONST> 7.532752e+01
<TRANSP> 5
 0.000000e+00 1.000000e+00 0.000000e+00 0.000000e+00 0.000000e+00
 0.000000e+00 9.027605e-01 9.723945e-02 0.000000e+00 0.000000e+00
 0.000000e+00 0.000000e+00 9.042474e-01 9.575260e-02 0.000000e+00
 0.000000e+00 0.000000e+00 0.000000e+00 8.838438e-01 1.161562e-01
 0.000000e+00 0.000000e+00 0.000000e+00 0.000000e+00 0.000000e+00
<ENDHMM>
~h "seven"
<BEGINHMM>
<NUMSTATES> 5
<STATE> 2
<MEAN> 39
 -8.806651e+00 -4.769288e+00 -7.050035e+00 -8.596656e+00 -2.107400e+00 -3.131432e+00 -1.276505e+00 -8.136148e+00 -2.909431e+00 -5.214486e+00 6.799193e-01 -3.793392e+00 1.484347e+01 4.741293e-02 -4.084780e-02 -4.356938e-02 -3.257000e-01 -2.671289e-01 -1.353371e-01 2.667642e-01 1.513720e-02 1.375786e-01 -7.722839e-04 -2.047782e-01 -6.332573e-02 1.080892e-01 1.303988e-01 9.205100e-03 8.983113e-02 -1.476360e-01 -1.309364e-01 -1.120209e-01 8.733018e-02 -1.238450e-02 2.002480e-02 -2.644477e-02 -8.712218e-02 -9.269814e-02 9.199303e-02
<VARIANCE> 39
 8.339925e+00 1.013035e+01 1.380075e+01 1.310767e+01 1.612598e+01 1.582001e+01 1.759684e+01 1.745254e+01 1.826357e+01 1.723362e+01 1.706740e+01 1.463344e+01 9.047257e-01 7.144111e-01 4.608467e-01 8.613405e-01 9.991083e-01 9.701360e-01 1.283294e+00 9.959635e-01 8.575963e-01 1.029544e+00 1.155905e+00 9.210104e-01 9.517389e-01 1.512424e-01 5.368380e-02 6.783882e-02 9.750175e-02 1.360510e-01 1.662415e-01 1.770661e-01 1.648984e-01 1.456988e-01 1.700097e-01 1.546175e-01 1.450092e-01 1.504832e-01 8.093928e-03
<GCONST> 7.123417e+01
<STATE> 3
<MEAN> 39
 -5.558071e+00 -7.172779e+00 -5.193472e+00 -1.591173e+01 -6.355661e+00 -4.897016e+00 4.772485e+00 -8.474993e+00 -2.770168e+00 -6.761117e+00 -3.975044e+00 -6.626521e+00 1.896182e+01 1.894539e-01 -2.722614e-01 1.233820e-01 3.882926e-02 -6.137292e-02 -1.088016e-01 2.446558e-01 2.681849e-01 -2.807229e-01 -5.543074e-02 -6.964343e-02 -1.107262e-01 1.236361e-01 -4.178017e-02 7.839752e-02 1.111921e-02 2.926454e-01 1.553701e-01 -2.480831e-02 -2.548966e-01 3.867801e-02 -2.091150e-02 1.592017e-02 1.771699e-01 7.159729e-02 -1.270849e-01
<VARIANCE> 39
 9.614648e+00 1.303328e+01 9.436713e+00 1.827780e+01 4.580247e+01 3.937849e+01 3.187667e+01 3.950849e+01 4.652959e+01 5.849226e+01 3.255420e+01 3.130153e+01 1.240815e+00 4.410258e-01 5.954210e-01 4.993332e-01 1.548395e+00 1.671524e+00 1.672650e+00 1.827658e+00 1.089302e+00 1.392671e+00 1.776832e+00 1.809614e+00 1.326400e+00 2.114272e-01 8.204682e-02 9.001192e-02 9.646603e-02 1.114839e-01 2.523418e-01 2.721470e-01 1.781217e-01 1.666775e-01 2.018927e-01 2.407532e-01 2.262371e-01 1.834978e-01 6.062328e-03
<GCONST> 8.474818e+01
<STATE> 4
<MEAN> 39
 -3.244349e+00 -3.881835e+00 -1.891201e+00 -9.521935e+00 -3.365956e+00 -8.015668e+00 -1.088927e+00 -8.732984e+00 -4.324240e+00 -7.120041e+00 -1.906852e+00 -7.105245e+00 1.713247e+01 1.768088e-02 2.205642e-01 1.049592e-01 2.065496e-01 3.193763e-01 1.039567e-01 -2.925264e-01 -2.637326e-01 8.569254e-02 -1.439172e-02 1.277874e-01 4.227493e-02 -1.184139e-01 -5.595616e-02 -7.367330e-02 -7.384549e-02 -8.778065e-02 -2.233461e-02 9.372075e-02 1.106993e-01 -4.595488e-03 1.866107e-02 1.745064e-02 -3.220651e-02 2.023107e-02 1.415743e-02
<VARIANCE> 39
 4.974844e+00 1.019477e+01 9.926689e+00 1.395349e+01 2.822470e+01 3.043309e+01 2.586526e+01 4.089507e+01 3.293279e+01 3.570386e+01 3.328817e+01 2.974874e+01 1.533697e+00 2.533962e-01 5.250481e-01 5.539086e-01 8.538641e-01 1.339953e+00 1.253488e+00 1.628736e+00 1.363171e+00 1.438484e+00 1.411168e+00 1.273558e+00 9.896278e-01 9.358729e-02 3.738624e-02 7.812187e-02 8.698367e-02 1.507714e-01 2.341871e-01 2.027750e-01 2.726187e-01 2.366423e-01 2.360249e-01 2.409598e-01 2.174071e-01 1.500706e-01 1.437078e-02
<GCONST> 7.928007e+01
<TRANSP> 5
 0.000000e+00 1.000000e+00 0.000000e+00 0.000000e+00 0.000000e+00
 0.000000e+00 9.125736e-01 8.742645e-02 0.000000e+00 0.000000e+00
 0.000000e+00 0.000000e+00 9.003660e-01 9.963401e-02 0.000000e+00
 0.000000e+00 0.000000e+00 0.000000e+00 9.365587e-01 6.344137e-02
 0.000000e+00 0.000000e+00 0.000000e+00 0.000000e+00 0.000000e+00
<ENDHMM>
~h "three"
<BEGINHMM>
<NUMSTATES> 5
<STATE> 2
<MEAN> 39
 -7.753113e+00 -6.035283e+00 -4.949148e+00 -1.011978e+01 -8.176997e-01 -4.845855e+00 -5.888126e-01 -8.498262e+00 -2.602029e+00 -5.425553e+00 9.830346e-01 -3.779361e+00 1.488862e+01 1.181861e-01 -8.363391e-02 2.207213e-01 -4.798019e-02 -4.167420e-01 -2.858691e-01 -6.849275e-02 1.494209e-02 7.425327e-02 3.189612e-02 1.361091e-02 4.256692e-04 9.209007e-02 1.742218e-01 2.254253e-02 1.428302e-01 1.953782e-03 -2.577671e-01 -1.755568e-01 -7.574120e-02 -1.877750e-02 1.537829e-02 -9.217812e-03 -3.924707e-02 -7.054724e-02 8.471677e-02
<VARIANCE> 39
 5.400704e+00 6.329554e+00 9.779352e+00 1.060189e+01 1.435535e+01 1.431225e+01 1.606496e+01 1.761141e+01 1.951312e+01 1.776074e+01 1.686064e+01 1.459225e+01 1.170444e+00 7.019877e-01 5.235438e-01 8.963091e-01 7.510069e-01 1.499180e+00 1.312558e+00 9.016327e-01 1.036178e+00 9.999521e-01 9.323032e-01 9.825646e-01 9.153140e-01 1.193071e-01 5.916767e-02 9.076396e-02 9.846705e-02 1.380225e-01 2.011594e-01 1.855364e-01 1.564497e-01 2.030750e-01 1.781603e-01 1.662448e-01 1.641537e-01 1.611109e-01 4.958369e-03
<GCONST> 7.052022e+01
<STATE> 3
<MEAN> 39
 -2.518162e+00 -6.783498e+00 2.449323e+00 -1.140196e+01 -1.369859e+01 -9.363278e+00 -3.152606e+00 -9.428318e+00 -9.445810e-03 -5.130516e+00 1.270158e-01 -5.735049e+00 1.823541e+01 -6.862809e-02 4.227221e-01 6.951715e-01 -1.049856e+00 -3.996293e-01 3.060100e-01 -8.254082e-01 1.096532e-01 3.076051e-01 -2.807270e-02 6.153237e-02 -1.674196e-01 2.367481e-01 -2.156704e-01 2.146441e-01 -2.005223e-01 -1.428116e-01 5.230223e-01 4.711982e-02 -5.941241e-02 1.143438e-01 -1.140730e-01 -2.022959e-02 2.135084e-02 3.956051e-02 -6.774347e-02
<VARIANCE> 39
 6.507201e+00 1.457582e+01 2.008424e+01 4.937709e+01 4.245391e+01 6.100880e+01 3.522922e+01 3.826569e+01 3.064138e+01 2.820662e+01 3.707784e+01 3.334345e+01 1.447084e+00 9.619779e-01 1.476637e+00 9.228765e-01 2.725294e+00 4.895148e+00 3.382447e+00 2.206990e+00 1.969151e+00 1.296633e+00 1.095894e+00 1.152274e+00 1.164595e+00 6.899525e-02 6.798263e-02 1.290742e-01 1.773854e-01 3.907577e-01 3.806302e-01 6.812713e-01 3.772601e-01 2.755101e-01 2.400967e-01 1.746556e-01 1.705917e-01 1.637533e-01 3.908572e-03
<GCONST> 9.265448e+01
<STATE> 4
<MEAN> 39
 -6.590484e+00 3.298110e+00 -7.804143e-01 -1.672929e+01 -2.106703e+00 -1.135584e+01 -6.399116e+00 -7.962244e+00 -3.159502e+00 -5.505676e+00 -3.371225e-01 -6.525803e+00 1.789476e+01 -2.819544e-02 6.327236e-02 -6.391348e-01 7.253183e-01 7.234595e-01 -1.648436e-01 5.492758e-01 -8.269197e-02 -3.564372e-01 1.202494e-02 -7.059459e-02 5.073905e-02 -1.956452e-01 5.814350e-02 -2.881061e-01 2.511151e-03 1.697232e-01 -2.211430e-01 1.819760e-01 1.647747e-01 -6.734274e-02 9.742455e-02 8.239756e-03 2.041817e-02 2.496879e-02 -3.092018e-02
<VARIANCE> 39
 7.580610e+00 1.700886e+01 1.909964e+01 3.484731e+01 2.704693e+01 2.948709e+01 4.823289e+01 4.778419e+01 3.321818e+01 3.976875e+01 4.240115e+01 3.677529e+01 1.619910e+00 3.151293e-01 1.882882e+00 6.700150e-01 1.043704e+00 1.834850e+00 2.559835e+00 1.467115e+00 1.693747e+00 1.384676e+00 1.287914e+00 1.031998e+00 9.705048e-01 3.582558e-02 4.748406e-02 9.098900e-02 9.640194e-02 2.205386e-01 1.814761e-01 2.352795e-01 2.696305e-01 2.497811e-01 1.837019e-01 1.709952e-01 1.443275e-01 1.353062e-01 2.469559e-03
<GCONST> 8.276352e+01
<TRANSP> 5
 0.000000e+00 1.000000e+00 0.000000e+00 0.000000e+00 0.000000e+00
 0.000000e+00 9.016218e-01 9.837820e-02 0.000000e+00 0.000000e+00
 0.000000e+00 0.000000e+00 8.936686e-01 1.063314e-01 0.000000e+00
 0.000000e+00 0.000000e+00 0.000000e+00 9.153351e-01 8.466487e-02
 0.000000e+00 0.000000e+00 0.000000e+00 0.000000e+00 0.000000e+00
<ENDHMM>
~h "one"
<BEGINHMM>
<NUMSTATES> 5
<STATE> 2
<MEAN> 39
 -4.518561e-01 -3.402569e+00 -8.443787e+00 -1.270299e+01 -1.875861e+00 -5.987657e+00 -2.275510e+00 -8.867970e+00 -2.601825e+00 -6.645951e+00 -1.475332e+00 -7.365944e+00 1.769858e+01 2.104336e-01 -3.606774e-01 -7.772356e-01 3.865961e-01 4.274832e-01 9.441198e-02 -2.047938e-01 2.134336e-01 1.819947e-01 -2.418995e-01 -3.084406e-01 -2.085409e-01 1.797096e-01 -1.118941e-01 -1.460758e-01 2.926762e-02 2.153629e-01 1.228414e-02 -9.389379e-02 -2.946566e-03 1.044312e-01 5.160740e-03 -7.579184e-02 2.500876e-03 7.602319e-02 -1.570872e-02
<VARIANCE> 39
 5.495322e+00 8.374255e+00 3.132867e+01 2.276329e+01 2.856196e+01 2.622911e+01 2.260812e+01 2.060503e+01 2.743882e+01 2.315667e+01 3.019617e+01 3.007935e+01 2.038517e+00 4.331031e-01 7.311479e-01 9.485856e-01 2.139294e+00 1.344024e+00 1.366040e+00 1.271957e+00 1.039774e+00 1.139382e+00 9.681657e-01 1.110994e+00 9.685513e-01 5.947216e-02 3.949745e-02 5.502049e-02 1.856245e-01 2.318547e-01 2.499706e-01 2.470928e-01 2.300078e-01 1.749963e-01 1.963359e-01 1.583932e-01 1.854106e-01 1.750213e-01 4.528051e-03
<GCONST> 7.904048e+01
<STATE> 3
<MEAN> 39
 -2.465387e+00 -1.063743e+01 -1.057831e+01 -1.817208e+00 -8.202804e-01 -9.426408e+00 -2.030429e+00 -4.360229e+00 -3.708197e+00 -1.158812e+01 -2.280359e+00 -6.160237e+00 1.852692e+01 -5.923245e-01 -3.131303e-01 1.360743e+00 4.866189e-01 -1.327603e+00 -2.684494e-01 1.140072e+00 -1.564918e-01 -8.914480e-01 -1.476932e-02 5.521936e-01 9.291011e-02 -5.213075e-02 3.156498e-02 3.182485e-01 2.336563e-01 -5.691634e-01 -9.462446e-02 3.615817e-01 5.222372e-02 -4.228171e-01 2.291506e-02 3.597410e-01 2.882584e-02 -1.620589e-01 -2.971589e-02
<VARIANCE> 39
 6.425917e+00 9.765178e+00 1.981148e+01 2.419592e+01 2.886038e+01 1.776427e+01 3.884195e+01 3.255261e+01 4.659272e+01 3.887093e+01 3.430857e+01 3.411160e+01 1.525034e+00 1.633362e-01 5.915158e-01 6.368048e-01 1.980270e+00 7.716763e-01 1.823281e+00 1.053521e+00 2.307892e+00 1.240711e+00 1.946867e+00 1.064915e+00 1.293198e+00 8.978200e-03 2.596420e-02 5.244825e-02 1.077684e-01 1.227809e-01 3.162265e-01 1.590736e-01 4.062821e-01 1.859350e-01 3.425992e-01 2.133524e-01 2.683208e-01 1.720681e-01 8.707066e-04
<GCONST> 7.673890e+01
<STATE> 4
<MEAN> 39
 -3.841091e+00 -4.380016e+00 -1.380775e+00 -8.920135e+00 -3.196572e+00 -6.281968e+00 -2.462226e+00 -1.221228e+01 -5.214458e+00 -8.497438e+00 -2.664902e+00 -8.175318e+00 1.759464e+01 -3.703812e-03 5.640033e-01 2.622308e-01 -4.548557e-01 4.116639e-01 1.698674e-01 -3.735553e-01 -2.332824e-01 1.574991e-01 1.861088e-01 -2.805520e-02 1.649896e-01 -1.759979e-01 -2.108315e-02 -1.171284e-01 -2.145078e-01 1.096513e-01 8.703444e-02 -2.721598e-02 2.046830e-02 1.849889e-01 4.516569e-02 -7.363124e-02 3.749724e-02 8.075855e-02 -1.677422e-02
<VARIANCE> 39
 6.725619e+00 2.077554e+01 9.946052e+00 1.740427e+01 2.093859e+01 4.195481e+01 3.340950e+01 3.282900e+01 4.008390e+01 4.409850e+01 3.259623e+01 3.568658e+01 1.337995e+00 3.443249e-01 1.010748e+00 9.863342e-01 1.216692e+00 8.804915e-01 1.864989e+00 1.353841e+00 1.411792e+00 1.573501e+00 1.478403e+00 1.085038e+00 1.050116e+00 2.735200e-02 5.694222e-02 1.045706e-01 8.382045e-02 1.278459e-01 1.951398e-01 2.806714e-01 2.505236e-01 1.784427e-01 2.218295e-01 2.216884e-01 1.661874e-01 1.590843e-01 2.928921e-03
<GCONST> 7.987282e+01
<TRANSP> 5
 0.000000e+00 1.000000e+00 0.000000e+00 0.000000e+00 0.000000e+00
 0.000000e+00 9.095997e-01 9.040036e-02 0.000000e+00 0.000000e+00
 0.000000e+00 0.000000e+00 8.314220e-01 1.685781e-01 0.000000e+00
 0.000000e+00 0.000000e+00 0.000000e+00 9.086919e-01 9.130806e-02
 0.000000e+00 0.000000e+00 0.000000e+00 0.000000e+00 0.000000e+00
<ENDHMM>
~h "sil"
<BEGINHMM>
<NUMSTATES> 5
<STATE> 2
<MEAN> 39
 -5.629759e+00 -5.381896e+00 -3.959657e+00 -9.043970e+00 -2.191350e-01 -4.181856e+00 -1.412402e-01 -8.546688e+00 -2.498006e+00 -5.830891e+00 5.866739e-01 -4.487311e+00 1.512051e+01 -2.989972e-01 -2.486006e-01 -1.858049e-01 -5.064255e-02 6.950862e-02 1.348505e-01 8.168891e-02 -1.632619e-03 1.417996e-02 1.866236e-02 1.135545e-01 5.824821e-02 -1.518516e-01 2.367128e-02 -7.468742e-03 -3.844168e-02 -6.360304e-02 -7.384191e-02 -6.420560e-02 -4.218287e-02 -1.954284e-03 -3.815697e-03 -6.772320e-03 -1.694170e-02 -5.217425e-03 2.531507e-02
<VARIANCE> 39
 6.971010e+00 8.606889e+00 9.564707e+00 1.168468e+01 1.486926e+01 1.538771e+01 1.765921e+01 1.877616e+01 2.046479e+01 1.954499e+01 1.858359e+01 1.638719e+01 1.209527e+00 1.686649e-01 3.745933e-01 4.430642e-01 5.866119e-01 7.339676e-01 8.284937e-01 8.454946e-01 9.075935e-01 9.109183e-01 8.356443e-01 9.046707e-01 7.998136e-01 2.155253e-02 2.201130e-02 4.568549e-02 6.338220e-02 7.749999e-02 1.032733e-01 1.189163e-01 1.186153e-01 1.276603e-01 1.369552e-01 1.216485e-01 1.281465e-01 1.153789e-01 2.526374e-03
<GCONST> 5.922195e+01
<STATE> 3
<MEAN> 39
 -7.156938e+00 -7.236736e+00 -5.866396e+00 -1.018523e+01 -1.012349e+00 -4.339158e+00 -3.654407e-01 -8.603598e+00 -2.680014e+00 -5.571367e+00 1.005065e+00 -4.037416e+00 1.452098e+01 -3.583816e-03 4.973969e-03 -6.191566e-03 3.802218e-03 1.879782e-03 4.716164e-03 1.255176e-03 -9.876303e-03 -4.555664e-03 1.094679e-02 -2.632977e-04 2.492499e-03 -1.193051e-03 -2.369185e-04 4.887748e-03 2.877409e-03 5.286478e-03 1.315952e-03 2.870506e-03 5.488093e-04 5.853489e-03 2.717914e-03 -8.291998e-04 -4.062798e-03 -3.430555e-03 1.584937e-03
<VARIANCE> 39
 3.027163e+00 3.564777e+00 6.172698e+00 8.254439e+00 1.253747e+01 1.387374e+01 1.474216e+01 1.582845e+01 1.623778e+01 1.398251e+01 1.548319e+01 1.300187e+01 1.028431e+00 5.842892e-02 1.319093e-01 2.563350e-01 3.600299e-01 4.751974e-01 6.449597e-01 6.224142e-01 6.900982e-01 6.643435e-01 5.534226e-01 6.422845e-01 5.676934e-01 2.417415e-03 1.073366e-02 2.426561e-02 4.638891e-02 6.443685e-02 8.854952e-02 1.218526e-01 1.105601e-01 1.289113e-01 1.215520e-01 9.644385e-02 1.150023e-01 1.070998e-01 5.051098e-04
<GCONST> 4.276593e+01
<STATE> 4
<MEAN> 39
 -8.044090e+00 -6.369803e+00 -6.079087e+00 -1.016938e+01 -1.188533e+00 -4.700839e+00 -5.106741e-01 -8.720681e+00 -2.519548e+00 -5.941756e+00 9.985331e-01 -4.417073e+00 1.453678e+01 3.421558e-03 1.545885e-01 2.794078e-02 1.227982e-02 -7.638285e-02 -6.394055e-02 -6.565178e-02 4.921006e-02 -5.532446e-02 -8.986936e-02 -1.027063e-01 -6.833377e-02 4.891998e-02 4.561638e-02 5.645813e-02 2.690488e-02 -6.753738e-03 -2.038014e-03 -2.716529e-02 -1.659506e-02 -1.573687e-02 -1.398975e-02 -1.821190e-02 -3.889839e-02 -1.456848e-02 3.347776e-02
<VARIANCE> 39
 5.361461e+00 5.850712e+00 7.452250e+00 1.031438e+01 1.202343e+01 1.461867e+01 1.655216e+01 1.791409e+01 1.851074e+01 1.737199e+01 1.645253e+01 1.416314e+01 1.276580e+00 2.534418e-01 3.365513e-01 3.772641e-01 5.664122e-01 6.053303e-01 7.375302e-01 7.088115e-01 9.202774e-01 8.939174e-01 7.990520e-01 7.762705e-01 6.718925e-01 2.073157e-02 3.954321e-02 5.724544e-02 6.069199e-02 9.818372e-02 9.287832e-02 1.226492e-01 1.060884e-01 1.502720e-01 1.416596e-01 1.225171e-01 1.118092e-01 9.929942e-02 4.412935e-03
<GCONST> 5.788787e+01
<TRANSP> 5
 0.000000e+00 1.000000e+00 0.000000e+00 0.000000e+00 0.000000e+00
 0.000000e+00 7.692356e-01 2.307644e-01 0.000000e+00 0.000000e+00
 0.000000e+00 0.000000e+00 9.590834e-01 4.091665e-02 0.000000e+00
 0.000000e+00 0.000000e+00 0.000000e+00 7.109288e-01 2.890712e-01
 0.000000e+00 0.000000e+00 0.000000e+00 0.000000e+00 0.000000e+00
<ENDHMM>
~h "six"
<BEGINHMM>
<NUMSTATES> 5
<STATE> 2
<MEAN> 39
 -9.124295e+00 -4.836954e+00 -7.749950e+00 -8.266642e+00 -2.438860e+00 -2.834777e+00 -1.487293e+00 -7.798924e+00 -3.116513e+00 -4.969307e+00 3.618745e-01 -3.493931e+00 1.461232e+01 2.726815e-02 1.591606e-01 1.186005e-01 -3.531412e-01 -3.868249e-01 -2.528188e-01 -1.307338e-02 8.919915e-03 1.418950e-01 1.896523e-01 -1.204976e-01 9.511000e-03 1.277531e-01 1.224181e-01 8.574618e-02 1.920704e-01 -2.156925e-01 -1.443492e-01 -1.911084e-01 -1.348188e-02 -1.142830e-02 4.335966e-02 1.788236e-02 -7.846206e-02 -1.185640e-01 9.579268e-02
<VARIANCE> 39
 5.881864e+00 7.824513e+00 1.145772e+01 1.170150e+01 1.691561e+01 1.670047e+01 1.585943e+01 1.681436e+01 1.957147e+01 2.023767e+01 1.844874e+01 1.536606e+01 1.012900e+00 5.537643e-01 4.715957e-01 1.205765e+00 1.010498e+00 1.007774e+00 1.470705e+00 8.038276e-01 8.137789e-01 1.030870e+00 1.294179e+00 9.459661e-01 9.358546e-01 1.411681e-01 4.636095e-02 5.967520e-02 9.845410e-02 1.366896e-01 1.730452e-01 1.833200e-01 1.418883e-01 1.549592e-01 1.804593e-01 1.774092e-01 1.522814e-01 1.540165e-01 7.503502e-03
<GCONST> 7.075555e+01
<STATE> 3
<MEAN> 39
 -6.389795e+00 -1.255083e+00 -8.810620e-01 -1.937228e+01 -7.577193e+00 -8.493302e+00 -2.595068e+00 -6.569140e+00 3.325137e-02 -3.820272e+00 -2.226170e+00 -7.108534e+00 1.817332e+01 6.033789e-02 -1.004579e-01 1.973095e-01 -2.318163e-01 3.399070e-01 1.645809e-01 -1.732648e-01 1.224701e-01 4.917451e-02 -1.716381e-01 1.772011e-01 -6.580546e-03 -4.431784e-02 -7.081275e-02 -1.914884e-01 -2.624974e-01 4.212635e-01 2.477779e-01 2.067547e-01 8.841412e-02 -7.030384e-02 -1.214316e-01 -5.252289e-02 1.186421e-01 1.339912e-01 -1.487445e-01
<VARIANCE> 39
 7.367372e+00 9.635606e+00 1.569743e+01 2.776347e+01 5.692447e+01 3.167278e+01 3.629295e+01 2.495918e+01 3.438405e+01 5.661713e+01 3.469411e+01 3.674878e+01 1.645047e+00 3.757046e-01 7.674611e-01 1.271302e+00 3.640179e+00 2.695809e+00 1.950656e+00 1.896176e+00 1.366035e+00 1.928483e+00 2.033426e+00 1.879828e+00 2.011312e+00 3.396145e-01 6.646577e-02 6.525160e-02 1.520793e-01 2.585392e-01 3.130458e-01 3.120064e-01 3.695942e-01 2.303205e-01 2.922212e-01 3.375137e-01 2.687101e-01 2.614651e-01 1.433633e-02
<GCONST> 9.337856e+01
<STATE> 4
<MEAN> 39
 -8.222576e+00 -6.451437e+00 -6.277396e+00 -9.275585e+00 -2.415951e+00 -3.256265e+00 -9.182733e-01 -8.615622e+00 -2.795306e+00 -5.153827e+00 7.408631e-01 -4.248636e+00 1.464349e+01 -7.442101e-02 -1.118065e-01 -2.389870e-01 2.870734e-01 3.500352e-02 6.666886e-02 1.390728e-01 -4.188128e-02 -8.121246e-02 -2.482899e-03 7.366772e-03 3.130483e-02 -6.889604e-02 2.173764e-02 7.154391e-02 7.432598e-02 -1.248947e-01 -5.118598e-02 -6.603917e-02 -5.131255e-02 3.815503e-02 2.469879e-02 6.733428e-03 -2.995431e-02 -2.922707e-02 4.497607e-02
<VARIANCE> 39
 7.836418e+00 8.036995e+00 1.202001e+01 1.253898e+01 1.775488e+01 1.684576e+01 1.688481e+01 1.718214e+01 1.742179e+01 1.762552e+01 1.547863e+01 1.427369e+01 1.310076e+00 3.471874e-01 5.518975e-01 7.463485e-01 9.087912e-01 9.875032e-01 1.059264e+00 1.026785e+00 9.108869e-01 8.760952e-01 8.051556e-01 7.558451e-01 6.350754e-01 5.456987e-02 4.509162e-02 7.355043e-02 1.100383e-01 1.327707e-01 1.825924e-01 1.706940e-01 1.655958e-01 1.667243e-01 1.581871e-01 1.441437e-01 1.370198e-01 1.246724e-01 7.388064e-03
<GCONST> 6.779652e+01
<TRANSP> 5
 0.000000e+00 1.000000e+00 0.000000e+00 0.000000e+00 0.000000e+00
 0.000000e+00 9.049470e-01 9.505293e-02 0.000000e+00 0.000000e+00
 0.000000e+00 0.000000e+00 8.983328e-01 1.016671e-01 0.000000e+00
 0.000000e+00 0.000000e+00 0.000000e+00 9.437304e-01 5.626961e-02
 0.000000e+00 0.000000e+00 0.000000e+00 0.000000e+00 0.000000e+00
<ENDHMM>
~h "two"
<BEGINHMM>
<NUMSTATES> 5
<STATE> 2
<MEAN> 39
 -9.639440e+00 -4.513445e+00 -6.580792e+00 -9.863568e+00 -9.720364e-01 -4.070648e+00 -1.373331e+00 -8.179413e+00 -2.537172e+00 -5.722518e+00 1.014216e+00 -3.721747e+00 1.495429e+01 -3.757647e-02 2.631201e-01 2.263416e-01 -3.008497e-01 -8.029919e-02 -1.060325e-02 -1.952126e-01 2.047984e-02 1.192921e-01 3.787240e-02 -4.397643e-03 -2.839840e-02 9.347899e-02 1.950359e-01 9.726637e-02 2.115353e-01 -1.064882e-01 -1.587316e-01 -1.867052e-01 -1.174437e-01 -6.691077e-02 -2.515990e-02 -1.346654e-03 -7.481521e-02 -1.170510e-01 8.904211e-02
<VARIANCE> 39
 9.731962e+00 8.411808e+00 1.057103e+01 1.130264e+01 1.669835e+01 1.858903e+01 1.761614e+01 1.993475e+01 2.014994e+01 2.109542e+01 2.063010e+01 1.756306e+01 9.683461e-01 1.154737e+00 7.385786e-01 1.484539e+00 7.320571e-01 1.243838e+00 1.212120e+00 9.533179e-01 1.050650e+00 1.054670e+00 1.129709e+00 1.398377e+00 9.929722e-01 1.174469e-01 1.107611e-01 1.110912e-01 1.232429e-01 1.199818e-01 2.136407e-01 1.859785e-01 1.655736e-01 1.895574e-01 1.984011e-01 1.764045e-01 2.621564e-01 1.380713e-01 7.422626e-03
<GCONST> 7.620188e+01
<STATE> 3
<MEAN> 39
 -4.756933e+00 1.149314e+00 1.778222e+00 -1.527068e+01 -6.598800e+00 -9.672940e+00 -6.598320e+00 -1.044178e+01 -2.516044e+00 -5.320364e+00 -1.030022e+00 -7.239759e+00 1.830119e+01 7.193318e-01 5.999735e-01 8.360469e-01 -6.091842e-01 -1.201091e+00 -1.150000e+00 -6.212681e-01 -3.241043e-01 -7.638574e-02 1.074628e-01 -2.783285e-01 -6.924762e-01 4.804421e-01 -2.461653e-01 -2.219680e-01 -4.234537e-01 2.838055e-01 2.397676e-01 2.108263e-01 2.293678e-01 1.474365e-01 -1.436264e-02 5.922087e-03 1.442219e-01 1.761999e-01 -1.356781e-01
<VARIANCE> 39
 7.637064e+00 8.201188e+00 1.359602e+01 2.286916e+01 4.094162e+01 2.664879e+01 2.842990e+01 2.392866e+01 3.044522e+01 5.369543e+01 4.334026e+01 4.700745e+01 1.220940e+00 6.002341e-01 6.134169e-01 9.871274e-01 1.413979e+00 1.245545e+00 1.154157e+00 1.636980e+00 1.535895e+00 1.877871e+00 2.038627e+00 2.554878e+00 1.859356e+00 8.416712e-02 6.196154e-02 5.703244e-02 8.188550e-02 1.318224e-01 2.159624e-01 1.828540e-01 2.050732e-01 1.926453e-01 2.096131e-01 2.724443e-01 2.909150e-01 2.224140e-01 8.053171e-03
<GCONST> 8.427510e+01
<STATE> 4
<MEAN> 39
 -3.074161e+00 -2.498703e-01 -1.582256e-01 -1.281025e+01 -6.631930e+00 -1.135586e+01 -5.742211e+00 -1.003087e+01 -3.079259e+00 -5.508284e+00 -1.509982e-01 -7.402922e+00 1.806438e+01 2.855872e-02 -3.108926e-01 -3.225640e-01 4.777224e-01 4.160388e-01 2.897276e-01 2.823428e-01 6.164566e-02 -7.978676e-02 -2.571315e-03 1.468301e-01 2.523640e-01 -1.813467e-01 -7.879120e-02 -6.534892e-02 -4.715090e-02 -2.748751e-03 8.374434e-02 1.333981e-01 8.168671e-02 3.501740e-02 2.799258e-02 -2.889979e-03 -1.432079e-02 4.589079e-02 -4.147463e-02
<VARIANCE> 39
 6.126932e+00 7.980894e+00 1.202320e+01 3.019338e+01 3.252039e+01 2.281909e+01 3.197465e+01 3.246526e+01 4.006961e+01 4.282214e+01 5.143102e+01 4.045078e+01 1.492845e+00 2.866660e-01 2.399541e-01 4.425744e-01 6.655239e-01 9.312072e-01 1.150728e+00 1.105539e+00 1.194718e+00 1.057024e+00 1.124073e+00 1.145986e+00 1.082552e+00 3.967669e-02 3.091894e-02 3.306118e-02 5.466444e-02 9.506721e-02 1.114159e-01 1.450114e-01 1.389046e-01 1.749011e-01 1.699726e-01 1.672946e-01 1.672979e-01 1.557806e-01 3.008840e-03
<GCONST> 7.111195e+01
<TRANSP> 5
 0.000000e+00 1.000000e+00 0.000000e+00 0.000000e+00 0.000000e+00
 0.000000e+00 9.084737e-01 9.152631e-02 0.000000e+00 0.000000e+00
 0.000000e+00 0.000000e+00 7.698610e-01 2.301390e-01 0.000000e+00
 0.000000e+00 0.000000e+00 0.000000e+00 9.201580e-01 7.984207e-02
 0.000000e+00 0.000000e+00 0.000000e+00 0.000000e+00 0.000000e+00
<ENDHMM>
~h "nine"
<BEGINHMM>
<NUMSTATES> 5
<STATE> 2
<MEAN> 39
 -4.077359e+00 -3.898086e+00 -1.677286e+00 -8.971128e+00 -2.804532e+00 -6.378163e+00 -1.642699e+00 -1.116138e+01 -5.117414e+00 -8.042012e+00 -2.887747e+00 -7.734899e+00 1.762904e+01 -1.811356e-01 -6.858134e-01 -2.834689e-01 4.408307e-01 -4.285491e-01 2.355726e-01 4.030303e-01 -1.731179e-01 -1.880258e-02 -1.236240e-01 -8.592921e-02 -8.367181e-02 2.069346e-01 -5.922431e-02 -1.590379e-01 -1.030373e-01 1.132287e-01 -5.450869e-03 -1.170762e-03 5.204905e-02 4.893728e-02 3.952425e-02 9.370702e-03 7.326293e-02 3.877764e-02 -9.215702e-03
<VARIANCE> 39
 8.090960e+00 1.916353e+01 1.444467e+01 1.669304e+01 2.834810e+01 2.875764e+01 3.145681e+01 2.650788e+01 4.734481e+01 3.538867e+01 3.033116e+01 3.281594e+01 1.829782e+00 4.871463e-01 1.494071e+00 1.080502e+00 1.097181e+00 1.264096e+00 1.393849e+00 1.627399e+00 1.205145e+00 1.553551e+00 1.157377e+00 1.183347e+00 1.006633e+00 4.894951e-02 6.265676e-02 1.682058e-01 1.288510e-01 1.425375e-01 2.181622e-01 2.178730e-01 2.447273e-01 1.814138e-01 2.032974e-01 1.691323e-01 1.711291e-01 1.443611e-01 4.463035e-03
<GCONST> 8.221042e+01
<STATE> 3
<MEAN> 39
 -6.347528e+00 -1.160441e+01 -4.860506e+00 -2.734699e+00 -5.693745e+00 -5.250021e+00 1.736059e+00 -1.135922e+01 -5.539674e+00 -9.015326e+00 -1.699773e+00 -7.646741e+00 1.861514e+01 -1.102203e-01 9.686238e-02 2.307482e-01 -2.420499e-01 -2.305119e-02 2.140797e-01 -1.050677e-01 -8.696207e-02 1.959010e-01 5.474225e-02 -5.526844e-02 4.596788e-02 -2.113700e-02 2.517199e-03 1.935469e-01 6.929468e-02 -2.402581e-01 4.426321e-02 6.240237e-02 -1.060979e-01 1.121244e-02 7.537648e-02 -1.084914e-02 -6.778182e-02 2.441989e-02 -1.480030e-02
<VARIANCE> 39
 7.253244e+00 8.472348e+00 2.450036e+01 3.236942e+01 1.900658e+01 3.083621e+01 3.095138e+01 3.397372e+01 4.391692e+01 4.150166e+01 2.842898e+01 3.075455e+01 1.006125e+00 8.384620e-02 3.840298e-01 4.111278e-01 1.132714e+00 5.000380e-01 6.241729e-01 5.587717e-01 5.153655e-01 6.511047e-01 6.707076e-01 6.806698e-01 5.420508e-01 4.827253e-03 1.133342e-02 3.005361e-02 4.127566e-02 5.547947e-02 7.264987e-02 7.247004e-02 7.391036e-02 8.095083e-02 8.281089e-02 8.716507e-02 7.873300e-02 7.922968e-02 3.983413e-04
<GCONST> 5.405609e+01
<STATE> 4
<MEAN> 39
 -5.408899e+00 -2.488682e+00 -1.320182e+00 -1.141006e+01 -1.443046e+00 -5.341789e+00 -3.676813e+00 -1.048137e+01 -3.509050e+00 -8.117081e+00 -2.930907e+00 -6.527722e+00 1.769444e+01 2.317124e-01 5.105787e-01 -3.098025e-03 -1.016829e-01 4.411173e-01 -2.479195e-01 -2.011398e-01 2.756101e-01 -1.277925e-01 8.107338e-02 2.108423e-01 1.169421e-01 -1.723586e-01 -2.715293e-02 -1.583060e-01 -8.625445e-02 1.474525e-01 -3.839347e-02 -6.087658e-03 1.204317e-01 1.985632e-02 -5.447702e-02 4.231408e-02 7.832154e-02 -9.555123e-03 -2.022979e-02
<VARIANCE> 39
 1.166845e+01 1.632512e+01 1.132165e+01 2.321627e+01 3.171808e+01 3.320263e+01 3.064771e+01 2.993111e+01 4.733500e+01 3.817831e+01 3.626934e+01 3.985363e+01 1.211685e+00 5.065145e-01 1.171870e+00 6.359962e-01 1.643061e+00 1.303733e+00 1.550618e+00 1.528424e+00 1.269748e+00 1.658812e+00 1.184168e+00 1.105875e+00 1.068940e+00 2.538157e-02 7.071351e-02 8.681897e-02 9.031517e-02 1.779848e-01 1.819084e-01 2.449421e-01 1.820606e-01 2.039837e-01 2.436517e-01 1.943303e-01 1.735392e-01 1.451956e-01 2.221692e-03
<GCONST> 8.083670e+01
<TRANSP> 5
 0.000000e+00 1.000000e+00 0.000000e+00 0.000000e+00 0.000000e+00
 0.000000e+00 9.012495e-01 9.875055e-02 0.000000e+00 0.000000e+00
 0.000000e+00 0.000000e+00 9.153503e-01 8.464969e-02 0.000000e+00
 0.000000e+00 0.000000e+00 0.000000e+00 9.176037e-01 8.239624e-02
 0.000000e+00 0.000000e+00 0.000000e+00 0.000000e+00 0.000000e+00
<ENDHMM>
~h "five"
<BEGINHMM>
<NUMSTATES> 5
<STATE> 2
<MEAN> 39
 -6.145432e+00 -8.579075e+00 -7.592474e+00 -9.225074e+00 -4.230864e-01 -6.121396e+00 6.986323e-03 -6.825539e+00 -3.778298e+00 -6.490703e+00 -3.218621e-01 -4.546299e+00 1.643806e+01 1.118157e-01 -6.872458e-01 -4.786110e-01 3.255048e-01 2.195633e-01 -2.712373e-01 2.421183e-01 2.803125e-01 -3.435895e-01 -1.302798e-01 -1.266241e-01 1.665562e-02 2.472965e-01 -1.680669e-03 -5.658624e-03 5.737314e-02 4.689003e-02 -1.724935e-02 -3.237056e-02 -1.989769e-02 -4.940615e-02 -1.732596e-02 2.412215e-02 1.545396e-02 -1.459426e-02 2.062113e-02
<VARIANCE> 39
 1.125163e+01 1.815398e+01 1.972032e+01 1.332442e+01 1.797012e+01 2.025480e+01 1.944248e+01 3.697171e+01 2.612164e+01 2.326829e+01 2.203196e+01 1.616223e+01 4.948189e+00 7.423142e-01 6.843671e-01 8.868259e-01 8.866113e-01 8.226868e-01 1.096080e+00 9.428385e-01 1.701054e+00 1.496824e+00 1.271823e+00 1.231865e+00 8.357514e-01 2.129037e-01 1.004218e-01 1.065276e-01 1.570929e-01 1.148717e-01 1.338443e-01 1.695199e-01 1.473376e-01 2.760101e-01 2.348390e-01 1.802741e-01 1.906049e-01 1.286210e-01 2.516627e-02
<GCONST> 8.141023e+01
<STATE> 3
<MEAN> 39
 -5.829909e+00 -1.543207e+01 -8.489590e+00 -3.791512e+00 1.364192e+00 -9.061780e+00 2.480584e+00 -7.543464e+00 -7.266445e+00 -5.482925e+00 -5.596507e-01 -4.576601e+00 1.903887e+01 -1.610334e-01 9.881418e-02 4.891215e-01 -2.808357e-01 -2.718489e-01 4.465808e-01 6.804546e-02 -3.852470e-01 3.469827e-02 2.820528e-01 5.019197e-02 -7.338814e-02 -4.962930e-02 4.119493e-02 1.198996e-01 1.074257e-02 -1.944128e-01 -5.746709e-02 8.541038e-02 -2.819507e-02 2.903911e-02 6.260777e-02 -5.057401e-02 -7.345635e-02 -1.855378e-02 -1.597179e-02
<VARIANCE> 39
 9.235531e+00 9.516539e+00 2.487408e+01 2.134838e+01 1.890438e+01 2.361061e+01 1.802784e+01 4.020395e+01 4.783454e+01 4.513332e+01 2.691068e+01 2.542698e+01 1.368737e+00 9.077800e-02 1.726041e-01 2.727437e-01 6.954204e-01 5.202856e-01 5.777724e-01 5.082281e-01 5.121710e-01 6.401122e-01 6.122563e-01 5.999673e-01 4.835872e-01 5.997619e-03 1.192117e-02 2.521044e-02 3.123401e-02 4.833083e-02 5.224711e-02 5.349412e-02 5.804983e-02 6.689416e-02 9.045430e-02 8.805496e-02 6.807347e-02 7.103822e-02 9.688388e-04
<GCONST> 5.083699e+01
<STATE> 4
<MEAN> 39
 -5.452389e+00 -7.798125e+00 -3.664700e+00 -1.292930e+01 -3.057837e+00 -3.760887e+00 1.120395e+00 -8.346097e+00 -3.888020e+00 -5.631060e+00 -1.734004e+00 -5.652993e+00 1.761935e+01 6.895319e-02 9.293684e-01 2.307894e-01 -1.987811e-01 -1.315803e-01 -8.908918e-02 -2.932267e-01 7.891142e-02 3.928482e-01 -1.370580e-01 7.673263e-02 1.234153e-02 -2.762191e-01 -4.002822e-02 -7.254253e-02 -8.900497e-02 1.945854e-01 1.092595e-01 -8.829903e-02 -1.665216e-02 -4.513545e-03 -4.075362e-02 1.309569e-02 7.344817e-02 3.240432e-02 -1.782385e-02
<VARIANCE> 39
 7.533076e+00 2.308243e+01 1.185583e+01 2.986152e+01 3.748605e+01 2.150829e+01 2.415416e+01 3.057094e+01 4.223559e+01 2.629437e+01 2.688225e+01 2.787950e+01 2.629540e+00 3.400347e-01 7.374138e-01 6.409203e-01 2.733147e+00 1.682092e+00 1.393084e+00 9.393048e-01 1.417220e+00 1.594569e+00 1.266547e+00 1.316847e+00 1.013080e+00 6.819299e-02 5.715518e-02 1.022105e-01 9.524724e-02 3.009403e-01 2.342660e-01 2.509229e-01 1.675267e-01 2.084453e-01 2.011767e-01 1.717465e-01 2.163436e-01 1.726194e-01 9.082277e-03
<GCONST> 8.298360e+01
<TRANSP> 5
 0.000000e+00 1.000000e+00 0.000000e+00 0.000000e+00 0.000000e+00
 0.000000e+00 9.300376e-01 6.996244e-02 0.000000e+00 0.000000e+00
 0.000000e+00 0.000000e+00 9.152322e-01 8.476786e-02 0.000000e+00
 0.000000e+00 0.000000e+00 0.000000e+00 8.980067e-01 1.019933e-01
 0.000000e+00 0.000000e+00 0.000000e+00 0.000000e+00 0.000000e+00
<ENDHMM>
~h "four"
<BEGINHMM>
<NUMSTATES> 5
<STATE> 2
<MEAN> 39
 -7.667635e+00 -6.677814e+00 -5.470660e+00 -9.688787e+00 -1.112558e+00 -4.543467e+00 -5.189648e-01 -8.559961e+00 -2.271109e+00 -5.732470e+00 1.121447e+00 -4.080827e+00 1.494338e+01 3.138304e-01 1.474303e-02 -3.778493e-01 -2.939809e-01 -1.125267e-01 -9.206313e-02 -1.320333e-01 -8.573234e-03 1.231805e-01 1.055044e-01 -1.625575e-02 -4.077246e-02 1.258371e-01 2.438177e-01 9.813577e-02 -1.170307e-01 -1.288150e-01 -5.304031e-02 -1.112596e-01 -1.098007e-01 -1.808227e-02 -8.184151e-03 7.009903e-03 -7.390807e-02 -1.029501e-01 1.065352e-01
<VARIANCE> 39
 4.657592e+00 4.193462e+00 6.876458e+00 8.703999e+00 1.156782e+01 1.418995e+01 1.488087e+01 1.611064e+01 1.489996e+01 1.410066e+01 1.539701e+01 1.167680e+01 9.116783e-01 1.047063e+00 4.639118e-01 5.766310e-01 6.437197e-01 6.049658e-01 9.842634e-01 9.577642e-01 8.519937e-01 8.544613e-01 7.821170e-01 1.037502e+00 8.674441e-01 1.654558e-01 5.929453e-02 5.711766e-02 1.015154e-01 1.069118e-01 1.041823e-01 1.638903e-01 1.311687e-01 1.613804e-01 1.551097e-01 1.347689e-01 1.544514e-01 1.329648e-01 6.555375e-03
<GCONST> 6.410851e+01
<STATE> 3
<MEAN> 39
 1.545536e+00 -3.506092e+00 -1.204608e+01 -1.693925e+01 -4.004853e+00 -6.246480e+00 -3.255047e+00 -8.958970e+00 -1.451340e+00 -3.992062e+00 3.068208e-01 -6.856422e+00 1.889500e+01 3.433109e-01 -1.623342e-01 -3.558463e-01 -7.216785e-02 6.820387e-02 -2.290341e-02 -2.270724e-01 1.736746e-01 3.472261e-01 1.047988e-01 -2.364452e-01 -2.329484e-01 1.594965e-01 -1.728052e-01 -1.511363e-01 1.446062e-01 2.267964e-01 4.013153e-02 -2.949212e-02 4.305423e-02 1.087222e-01 4.690627e-02 -7.877251e-02 -5.253159e-02 5.703606e-02 -6.698058e-02
<VARIANCE> 39
 4.227980e+00 1.022240e+01 1.029047e+01 1.432920e+01 2.460277e+01 1.721144e+01 1.818637e+01 1.709349e+01 2.334689e+01 2.481168e+01 3.750474e+01 3.594285e+01 1.115813e+00 5.912073e-01 7.438661e-01 7.231900e-01 1.240831e+00 9.895771e-01 7.948644e-01 9.115134e-01 9.643000e-01 1.307602e+00 1.180658e+00 1.372137e+00 1.243436e+00 1.038318e-01 4.871618e-02 4.642827e-02 9.628279e-02 8.305278e-02 1.340592e-01 1.435018e-01 1.544317e-01 1.396359e-01 1.799936e-01 1.932644e-01 2.021901e-01 1.820075e-01 7.090544e-03
<GCONST> 7.298955e+01
<STATE> 4
<MEAN> 39
 -5.429896e-01 -1.072216e+01 -7.323040e+00 -8.565795e+00 -5.391730e+00 -8.704734e+00 -2.323936e+00 -4.895618e+00 1.831268e-01 -7.540138e+00 -3.910835e+00 -7.426199e+00 1.840885e+01 -6.129153e-01 7.466432e-02 1.055957e+00 4.896401e-01 -3.433407e-01 7.616995e-02 5.981591e-01 -1.811755e-01 -6.240132e-01 -3.440908e-01 1.658279e-01 3.014681e-01 -2.432784e-01 -9.001458e-02 2.380744e-01 -4.453658e-02 -1.996031e-01 1.165272e-01 1.960436e-01 3.099960e-02 -1.858887e-01 -1.287875e-01 1.032560e-01 1.745539e-01 4.439616e-02 -4.962633e-02
<VARIANCE> 39
 7.333456e+00 1.779965e+01 3.181585e+01 1.828330e+01 4.522173e+01 3.700925e+01 3.509669e+01 4.319467e+01 4.621226e+01 3.482870e+01 3.460005e+01 3.076921e+01 1.741652e+00 2.971753e-01 1.587484e+00 9.179333e-01 1.626270e+00 2.564561e+00 2.221733e+00 1.718487e+00 2.564754e+00 1.885273e+00 1.705943e+00 1.829040e+00 1.123808e+00 5.832990e-02 2.926777e-02 1.346425e-01 2.064869e-01 1.690582e-01 4.288305e-01 2.940583e-01 3.516531e-01 3.668490e-01 3.851875e-01 2.816690e-01 3.092495e-01 2.124629e-01 3.411680e-03
<GCONST> 9.085586e+01
<TRANSP> 5
 0.000000e+00 1.000000e+00 0.000000e+00 0.000000e+00 0.000000e+00
 0.000000e+00 9.011172e-01 9.888276e-02 0.000000e+00 0.000000e+00
 0.000000e+00 0.000000e+00 9.186855e-01 8.131448e-02 0.000000e+00
 0.000000e+00 0.000000e+00 0.000000e+00 8.810132e-01 1.189868e-01
 0.000000e+00 0.000000e+00 0.000000e+00 0.000000e+00 0.000000e+00
<ENDHMM>
~h "zero"
<BEGINHMM>
<NUMSTATES> 5
<STATE> 2
<MEAN> 39
 -6.758467e+00 -3.060452e+00 -4.886852e+00 -7.466991e+00 -1.265913e+00 -3.807448e+00 -1.414292e+00 -8.520148e+00 -3.457532e+00 -5.106259e+00 5.899337e-01 -4.556070e+00 1.523184e+01 -8.165977e-02 3.318348e-01 1.414529e-01 -3.042690e-01 -2.134416e-01 -2.739006e-01 -1.777512e-01 -1.205545e-01 1.233637e-01 2.201099e-01 -1.252075e-02 -2.096663e-04 1.060949e-01 6.807621e-02 1.068981e-01 1.512970e-01 -2.257088e-01 -1.459472e-01 -2.462685e-01 -6.497810e-02 -7.538845e-02 6.204534e-02 1.079957e-02 -2.261359e-02 -5.404869e-02 8.252585e-02
<VARIANCE> 39
 7.744748e+00 1.028957e+01 1.429274e+01 1.361058e+01 1.783464e+01 1.930242e+01 1.878060e+01 1.949885e+01 2.377186e+01 2.085703e+01 1.977698e+01 1.678364e+01 1.208781e+00 4.211930e-01 7.291183e-01 1.003820e+00 9.500998e-01 8.893989e-01 1.750896e+00 9.590114e-01 1.102198e+00 1.068056e+00 8.963184e-01 1.006120e+00 1.001723e+00 1.192640e-01 5.258022e-02 9.179209e-02 1.144122e-01 1.198315e-01 1.237971e-01 1.946335e-01 1.597976e-01 1.730662e-01 1.607275e-01 1.399894e-01 1.706469e-01 1.584636e-01 7.958798e-03
<GCONST> 7.320440e+01
<STATE> 3
<MEAN> 39
 -5.589465e+00 3.863494e-01 8.100432e-01 -1.662223e+01 -7.716516e+00 -9.218884e+00 -4.656549e+00 -8.629221e+00 -4.798188e-02 -3.802091e+00 1.259790e-01 -6.760090e+00 1.834461e+01 3.382844e-01 -6.258900e-01 4.874698e-01 -2.634112e-01 -1.101964e+00 1.287386e-01 1.565113e-01 1.535880e-01 3.343122e-01 -5.409185e-02 2.639720e-02 -1.548624e-01 1.946961e-01 4.503546e-02 -2.655211e-01 -1.693836e-01 3.429074e-01 1.008743e-02 1.396547e-01 1.906443e-01 7.253680e-02 -7.149307e-02 -4.762385e-02 -7.179045e-03 6.289983e-02 -6.158749e-02
<VARIANCE> 39
 7.284693e+00 1.922492e+01 1.718302e+01 2.745145e+01 5.854010e+01 3.942292e+01 3.188705e+01 4.335399e+01 3.245163e+01 3.001017e+01 3.378679e+01 4.993205e+01 1.156173e+00 4.295889e-01 1.775089e+00 8.563402e-01 2.667887e+00 1.664192e+00 2.653869e+00 1.729205e+00 1.475912e+00 1.339924e+00 1.175226e+00 1.141050e+00 1.379599e+00 7.310770e-02 5.099797e-02 1.109033e-01 1.223210e-01 1.858293e-01 2.378770e-01 3.920933e-01 2.243522e-01 2.433874e-01 2.199231e-01 1.773569e-01 1.723484e-01 2.130569e-01 4.551027e-03
<GCONST> 8.729783e+01
<STATE> 4
<MEAN> 39
 -1.648772e+00 -9.931136e+00 -4.554823e+00 -9.834182e+00 -9.198249e+00 -8.376239e+00 4.493083e-02 -4.370490e+00 -3.082643e-01 -6.664789e+00 -1.067445e+00 -5.912953e+00 1.846275e+01 -2.157670e-03 4.204122e-02 -4.247617e-01 2.112959e-01 6.913892e-01 -3.652032e-02 1.209994e-02 7.665343e-02 -1.452784e-01 -9.949772e-02 -4.248908e-02 5.550223e-02 -9.988540e-02 -8.145516e-02 1.026316e-01 5.177554e-02 -8.309813e-02 8.963470e-02 7.192625e-02 -5.902938e-02 -6.240638e-02 -2.356632e-02 2.521827e-02 2.536499e-02 8.687857e-03 -2.411692e-02
<VARIANCE> 39
 6.049126e+00 2.023164e+01 2.589467e+01 2.574331e+01 6.115028e+01 5.178307e+01 3.777100e+01 3.635215e+01 4.392802e+01 3.594091e+01 2.597977e+01 3.311755e+01 1.509899e+00 3.008875e-01 8.265334e-01 7.836205e-01 1.012081e+00 1.235065e+00 1.840949e+00 1.588687e+00 1.897700e+00 1.647897e+00 1.476640e+00 1.053478e+00 9.581110e-01 3.798592e-02 2.902698e-02 5.183517e-02 8.355043e-02 1.131027e-01 1.904149e-01 2.369514e-01 2.061200e-01 2.034402e-01 2.219936e-01 2.012010e-01 1.522767e-01 1.418961e-01 2.416241e-03
<GCONST> 8.033533e+01
<TRANSP> 5
 0.000000e+00 1.000000e+00 0.000000e+00 0.000000e+00 0.000000e+00
 0.000000e+00 8.903248e-01 1.096753e-01 0.000000e+00 0.000000e+00
 0.000000e+00 0.000000e+00 8.973784e-01 1.026216e-01 0.000000e+00
 0.000000e+00 0.000000e+00 0.000000e+00 9.447322e-01 5.526774e-02
 0.000000e+00 0.000000e+00 0.000000e+00 0.000000e+00 0.000000e+00
<ENDHMM>
