~o
<STREAMINFO> 1 39
<VECSIZE> 39<NULLD><MFCC_E_D_A><DIAGC>
~s "silst"
<MEAN> 39
 -5.089548e+00 -3.745560e+00 -3.212210e+00 -8.840818e+00 -1.244431e+00 -5.746319e+00 -1.823784e+00 -9.463431e+00 -3.498957e+00 -6.420337e+00 -3.618171e-01 -5.631680e+00 1.585421e+01 -6.630728e-01 -4.429838e-01 -4.522947e-01 1.672451e-01 3.061750e-01 7.053937e-01 3.754305e-01 1.105215e-01 1.450513e-01 1.512472e-01 3.337611e-01 3.710356e-01 -3.627419e-01 -2.660010e-02 -6.923244e-02 -1.091423e-01 -1.274434e-01 -9.654150e-02 -7.308870e-02 2.337437e-04 7.250860e-02 3.784044e-02 9.353762e-03 -1.496895e-02 4.000722e-03 2.676575e-02
<VARIANCE> 39
 1.123370e+01 1.072688e+01 1.343654e+01 1.340251e+01 2.076765e+01 2.466123e+01 2.381939e+01 2.472526e+01 2.788802e+01 2.726999e+01 2.578784e+01 2.355966e+01 2.021613e+00 3.750362e-01 7.430425e-01 8.193824e-01 8.113071e-01 1.144697e+00 1.289442e+00 1.255160e+00 1.300210e+00 1.409050e+00 1.271727e+00 1.245593e+00 1.114140e+00 5.123750e-02 6.988698e-02 1.004383e-01 1.068403e-01 1.139619e-01 1.562023e-01 2.204646e-01 1.943042e-01 1.871199e-01 2.096648e-01 1.843341e-01 1.820832e-01 1.530467e-01 9.220628e-03
<GCONST> 7.758915e+01
~h "eight"
<BEGINHMM>
<NUMSTATES> 5
<STATE> 2
<MEAN> 39
 -8.239589e+00 -2.989559e+00 -5.885994e+00 -1.823528e+01 2.118171e-01 -4.907140e+00 8.328390e-01 -6.811846e+00 -1.621616e+00 -7.444593e+00 -1.717232e+00 -5.723409e+00 1.740860e+01 -1.696278e-01 1.035141e+00 -9.633884e-02 -1.072327e+00 -5.011204e-02 -5.837266e-01 9.134558e-02 4.704588e-01 3.860105e-01 -1.034329e-02 -1.823452e-01 -2.425116e-01 3.340507e-01 2.904451e-02 8.950493e-02 5.250236e-03 1.409187e-01 -6.257338e-02 -1.924888e-01 -8.341783e-02 -1.771557e-02 2.568465e-02 9.265763e-02 1.137356e-01 -5.938492e-04 -1.732492e-02
<VARIANCE> 39
 7.944519e+00 2.035406e+01 1.879803e+01 3.164877e+01 4.186522e+01 2.221277e+01 2.472303e+01 2.265359e+01 3.069775e+01 2.349865e+01 2.466225e+01 2.551354e+01 3.275662e+00 3.463180e-01 7.510223e-01 6.556199e-01 1.284937e+00 1.206420e+00 1.362418e+00 1.444710e+00 9.975365e-01 1.349974e+00 1.119040e+00 1.071164e+00 9.611347e-01 1.025386e-01 4.200687e-02 8.027640e-02 7.527975e-02 1.951244e-01 1.374687e-01 1.691769e-01 1.485782e-01 1.685631e-01 2.269122e-01 1.638177e-01 1.703607e-01 1.470808e-01 1.302452e-02
<GCONST> 7.935423e+01
<STATE> 3
<MEAN> 39
 -8.394425e+00 5.772187e+00 -5.519164e+00 -1.924273e+01 -2.893319e+00 -1.374341e+01 -1.639088e+00 -5.947650e+00 7.445613e-01 -4.029093e+00 7.573739e-01 -5.693515e+00 1.854693e+01 1.002168e-01 5.035543e-01 2.027664e-01 8.255938e-01 -1.156027e-02 -9.374104e-01 -6.095923e-01 -8.103179e-01 -3.585161e-01 3.271545e-01 4.646713e-01 2.250270e-01 -7.169531e-02 4.939684e-02 -2.806018e-01 2.300512e-02 1.895713e-01 8.654130e-02 2.712810e-01 2.060327e-02 -1.588055e-01 -1.939849e-01 -1.393717e-01 -7.106084e-02 3.690344e-02 -6.157477e-02
<VARIANCE> 39
 1.001498e+01 1.133119e+01 2.487280e+01 2.641765e+01 2.100786e+01 2.370955e+01 5.644541e+01 2.709839e+01 2.949881e+01 2.181925e+01 3.273012e+01 2.502972e+01 1.477233e+00 1.826761e-01 5.045778e-01 2.620915e-01 6.263071e-01 8.219603e-01 1.014371e+00 7.513541e-01 8.254435e-01 1.768285e+00 1.022425e+00 1.190329e+00 8.480993e-01 2.537350e-02 2.770340e-02 7.067252e-02 4.948394e-02 9.902008e-02 8.105405e-02 1.527655e-01 1.404289e-01 1.337665e-01 1.674698e-01 1.386290e-01 1.858613e-01 1.361268e-01 3.380006e-03
<GCONST> 6.903257e+01
<STATE> 4
<MEAN> 39
 -6.984285e+00 1.127316e+00 -4.081388e+00 -1.221612e+01 -1.205369e+00 -1.173279e+01 -4.083818e+00 -1.160498e+01 -4.449643e+00 -5.780791e+00 8.148283e-01 -4.551666e+00 1.652462e+01 2.185588e-01 -1.854410e+00 6.348146e-04 8.880178e-01 2.211996e-01 1.602333e+00 3.189195e-01 -3.145225e-02 -3.292436e-01 -3.992618e-01 -1.453457e-01 9.676553e-02 -4.691842e-01 -7.001831e-02 -1.013397e-01 -9.851499e-02 -1.303036e-01 -4.587975e-02 1.612207e-01 1.929255e-01 2.728901e-01 2.061665e-01 6.422229e-02 2.204043e-02 -3.138996e-02 -6.718867e-03
<VARIANCE> 39
 6.055383e+00 3.354238e+01 1.485277e+01 1.934430e+01 1.615607e+01 3.814650e+01 3.284085e+01 2.463378e+01 3.948268e+01 2.741657e+01 2.595875e+01 2.419350e+01 2.806419e+00 3.506784e-01 7.456244e-01 6.176061e-01 1.035406e+00 6.513436e-01 1.246666e+00 1.757809e+00 1.481130e+00 2.021170e+00 1.219045e+00 1.376293e+00 1.140612e+00 3.566759e-02 4.192526e-02 2.584949e-01 6.970925e-02 1.185434e-01 9.773120e-02 3.261879e-01 1.808470e-01 1.961444e-01 2.998345e-01 1.796931e-01 1.979181e-01 1.934860e-01 1.053402e-02
<GCONST> 8.036977e+01
<TRANSP> 5
 0.000000e+00 1.000000e+00 0.000000e+00 0.000000e+00 0.000000e+00
 0.000000e+00 8.670972e-01 1.329028e-01 0.000000e+00 0.000000e+00
 0.000000e+00 0.000000e+00 8.555638e-01 1.444362e-01 0.000000e+00
 0.000000e+00 0.000000e+00 0.000000e+00 8.207095e-01 1.792905e-01
 0.000000e+00 0.000000e+00 0.000000e+00 0.000000e+00 0.000000e+00
<ENDHMM>
~h "oh"
<BEGINHMM>
<NUMSTATES> 5
<STATE> 2
<MEAN> 39
 -4.360045e+00 -1.037712e+01 -8.315791e+00 -8.581535e+00 -2.638829e+00 -7.658263e+00 3.585490e+00 -7.388149e+00 -5.245942e+00 -7.111846e+00 -2.445000e+00 -5.427871e+00 1.782240e+01 5.458121e-01 -2.054440e-01 -6.070857e-01 1.670039e-01 9.253230e-02 -6.955956e-01 1.437728e-01 7.355167e-01 -1.557992e-02 -4.299415e-01 -4.103717e-01 -1.509709e-01 3.512936e-01 9.875355e-03 1.039232e-01 2.328492e-03 -5.249468e-02 3.847074e-02 -1.029241e-02 -1.522436e-01 8.087786e-03 1.329967e-01 2.599237e-02 -9.685392e-03 -2.758117e-02 -2.170976e-02
<VARIANCE> 39
 8.673955e+00 1.232931e+01 1.668581e+01 1.819349e+01 2.297749e+01 2.454936e+01 3.070221e+01 6.481382e+01 3.833861e+01 3.404195e+01 2.704341e+01 3.147007e+01 2.996614e+00 2.967634e-01 5.784212e-01 6.301103e-01 6.397337e-01 6.843269e-01 9.312489e-01 1.330431e+00 1.787829e+00 1.556567e+00 1.260467e+00 1.250720e+00 1.051638e+00 9.581013e-02 3.982447e-02 6.280415e-02 7.489118e-02 7.968028e-02 9.161306e-02 1.299339e-01 1.557154e-01 2.153168e-01 1.870536e-01 1.964848e-01 1.842542e-01 1.402363e-01 1.331237e-02
<GCONST> 7.714475e+01
<STATE> 3
<MEAN> 39
 -5.709014e-01 -8.244932e+00 -1.317734e+01 -9.928144e+00 -7.004150e-01 -1.204489e+01 -8.028248e-01 -7.813983e-01 1.293197e-01 -8.232347e+00 -5.128047e+00 -6.598911e+00 1.903691e+01 2.231760e-01 4.045791e-01 -2.831024e-02 -3.471479e-01 -3.604241e-02 -4.152274e-03 -6.740890e-01 -2.447202e-01 6.657228e-01 6.033036e-01 -3.275580e-02 -3.513205e-01 -9.619853e-03 -4.124503e-02 2.439834e-02 1.011357e-01 -2.061602e-02 -5.722505e-02 9.290414e-02 1.150275e-02 -1.582037e-01 -8.110929e-02 9.175596e-02 1.211057e-01 1.123431e-02 -2.521506e-02
<VARIANCE> 39
 6.095755e+00 8.380968e+00 1.532853e+01 1.468886e+01 1.920107e+01 2.241406e+01 4.165934e+01 3.073171e+01 3.924120e+01 3.570638e+01 3.180254e+01 4.015036e+01 1.216845e+00 8.017239e-02 1.367603e-01 2.628233e-01 2.767425e-01 3.853222e-01 5.148328e-01 7.295014e-01 1.010266e+00 7.302137e-01 8.548124e-01 7.856238e-01 6.994870e-01 1.317034e-02 1.110853e-02 1.421557e-02 3.351752e-02 3.312481e-02 4.699709e-02 6.866250e-02 7.738698e-02 9.577180e-02 1.050005e-01 1.013263e-01 9.151012e-02 8.859426e-02 1.198509e-03
<GCONST> 5.210153e+01
<STATE> 4
<MEAN> 39
 1.785924e-01 -3.748552e+00 -9.931054e+00 -1.348467e+01 -3.320699e+00 -1.008056e+01 -4.949430e+00 -7.353960e+00 1.045133e+00 -2.363793e+00 -1.861341e-01 -7.007139e+00 1.844909e+01 -3.486696e-01 2.883941e-01 8.522909e-01 1.504346e-01 -2.190128e-01 3.724261e-01 2.096749e-01 -5.763910e-01 -5.865657e-01 -1.034439e-01 5.093956e-01 4.128928e-01 -2.309097e-01 -1.311274e-01 -1.055890e-01 5.185006e-02 1.419251e-01 1.060859e-01 8.459822e-02 1.855418e-01 8.502981e-02 -1.053077e-01 -1.823388e-01 -7.794283e-02 8.005872e-02 -4.430702e-02
<VARIANCE> 39
 6.296443e+00 7.045375e+00 1.859876e+01 1.557346e+01 1.892250e+01 2.848214e+01 3.126200e+01 2.745862e+01 3.058618e+01 3.710821e+01 3.966193e+01 3.647613e+01 1.764311e+00 2.388264e-01 3.547521e-01 4.247556e-01 5.884519e-01 6.862621e-01 8.703666e-01 1.175980e+00 1.224905e+00 1.194675e+00 1.307935e+00 1.201042e+00 1.026513e+00 3.052169e-02 2.295988e-02 3.296855e-02 6.558725e-02 6.527486e-02 9.791040e-02 1.570295e-01 1.653611e-01 1.871924e-01 2.026979e-01 1.905235e-01 1.711917e-01 1.630581e-01 2.734670e-03
<GCONST> 6.919889e+01
<TRANSP> 5
 0.000000e+00 1.000000e+00 0.000000e+00 0.000000e+00 0.000000e+00
 0.000000e+00 8.830611e-01 1.169390e-01 0.000000e+00 0.000000e+00
 0.000000e+00 0.000000e+00 8.921134e-01 1.078866e-01 0.000000e+00
 0.000000e+00 0.000000e+00 0.000000e+00 8.563461e-01 1.436539e-01
 0.000000e+00 0.000000e+00 0.000000e+00 0.000000e+00 0.000000e+00
<ENDHMM>
~h "sp"
<BEGINHMM>
<NUMSTATES> 5
<STATE> 2
~s "silst"
<STATE> 3
<MEAN> 39
 -7.707569e+00 -6.464252e+00 -6.097202e+00 -9.707867e+00 -1.337135e+00 -4.074203e+00 -6.438066e-01 -8.569606e+00 -2.840833e+00 -5.609938e+00 9.579757e-01 -4.087242e+00 1.480040e+01 -9.922266e-02 -1.653522e-02 -1.121301e-01 -4.093765e-03 -2.984920e-02 2.995339e-02 -7.187413e-03 3.450911e-02 2.571736e-03 2.017704e-02 3.487731e-02 3.988811e-02 -1.322365e-02 6.164301e-02 8.205701e-02 6.149044e-02 -1.169765e-02 -9.671831e-03 -5.696308e-02 -4.078688e-02 -1.852749e-02 -9.009319e-03 -1.637929e-02 -3.398455e-02 -3.263080e-02 4.432676e-02
<VARIANCE> 39
 5.223587e+00 5.836351e+00 8.420623e+00 1.003113e+01 1.422751e+01 1.534443e+01 1.550139e+01 1.659744e+01 1.761622e+01 1.639132e+01 1.595975e+01 1.374387e+01 1.089306e+00 1.567879e-01 2.346817e-01 3.582758e-01 4.294264e-01 5.685333e-01 6.774870e-01 6.525563e-01 7.205202e-01 7.411219e-01 6.604394e-01 6.528109e-01 5.701796e-01 7.435651e-03 3.315766e-02 5.315366e-02 7.108851e-02 9.050751e-02 1.142451e-01 1.430815e-01 1.321947e-01 1.439901e-01 1.466628e-01 1.252160e-01 1.246301e-01 1.147326e-01 4.117903e-03
<GCONST> 5.492200e+01
<STATE> 4
<MEAN> 39
 -8.569857e+00 -4.954410e+00 -6.299727e+00 -8.980755e+00 -2.041801e+00 -3.785523e+00 -1.049226e+00 -8.396957e+00 -2.905640e+00 -5.487738e+00 6.434542e-01 -4.035712e+00 1.505341e+01 3.066070e-01 1.766228e-01 1.175733e-01 -1.623319e-01 -2.127231e-01 -3.336323e-01 -6.452305e-02 7.139701e-02 -2.722488e-02 -4.950839e-02 -2.110988e-01 -8.923620e-02 2.314151e-01 2.184122e-01 4.281722e-03 6.163480e-02 -1.542419e-01 -1.391027e-01 -2.152935e-01 1.010118e-03 1.947961e-02 9.297227e-03 -3.648596e-04 -1.050685e-01 -8.616421e-02 1.137934e-01
<VARIANCE> 39
 1.181026e+01 1.148228e+01 1.727946e+01 1.570691e+01 1.913651e+01 1.869496e+01 1.793258e+01 2.016569e+01 2.122031e+01 1.980389e+01 1.866002e+01 1.693829e+01 1.493391e+00 5.973703e-01 5.365721e-01 7.621572e-01 8.131078e-01 9.821485e-01 1.027646e+00 8.663372e-01 1.193775e+00 1.051025e+00 9.537948e-01 9.448622e-01 7.736648e-01 5.569031e-02 7.040215e-02 1.100438e-01 1.692026e-01 1.505036e-01 2.010221e-01 1.929392e-01 1.715391e-01 2.261440e-01 2.060987e-01 1.811511e-01 1.798240e-01 1.565470e-01 9.393308e-03
<GCONST> 7.483089e+01
<TRANSP> 5
 0.000000e+00 8.230239e-01 1.769761e-01 0.000000e+00 0.000000e+00
 0.000000e+00 7.937994e-01 2.062006e-01 0.000000e+00 0.000000e+00
 0.000000e+00 0.000000e+00 8.508239e-01 1.491761e-01 0.000000e+00
 0.000000e+00 0.000000e+00 0.000000e+00 5.848008e-01 4.151992e-01
 0.000000e+00 0.000000e+00 0.000000e+00 0.000000e+00 0.000000e+00
<ENDHMM>
~h "seven"
<BEGINHMM>
<NUMSTATES> 5
<STATE> 2
<MEAN> 39
 -6.284642e+00 -4.084152e+00 -5.050307e+00 -1.172670e+01 -5.797794e+00 -6.664036e+00 7.729113e-01 -8.020769e+00 -2.092742e+00 -3.780782e+00 -1.637179e+00 -4.944542e+00 1.644886e+01 7.654828e-01 -5.157018e-02 5.291186e-01 -1.465686e+00 -1.163471e+00 -6.588301e-01 1.149330e+00 3.042330e-02 2.413005e-01 -1.314591e-01 -8.961712e-01 -7.703912e-01 7.349223e-01 -1.236111e-01 -1.653477e-01 -1.790477e-01 -6.034736e-02 4.851033e-02 2.642698e-01 1.286779e-01 4.408855e-02 -9.026955e-02 -1.960741e-01 -6.526352e-02 -3.945991e-02 4.332089e-02
<VARIANCE> 39
 1.177943e+01 6.109849e+00 1.181889e+01 2.176327e+01 3.208874e+01 2.988454e+01 2.495285e+01 2.231601e+01 2.161789e+01 3.906602e+01 2.238725e+01 2.195617e+01 3.764469e+00 4.982800e-01 5.039874e-01 7.033471e-01 9.313667e-01 1.365666e+00 1.705971e+00 1.432498e+00 1.299746e+00 1.473953e+00 2.287792e+00 1.146699e+00 1.414462e+00 5.421162e-02 9.580541e-02 5.637664e-02 1.028955e-01 1.767638e-01 2.956161e-01 2.363781e-01 1.676771e-01 1.436000e-01 1.537303e-01 2.118058e-01 1.518429e-01 2.019302e-01 2.541657e-02
<GCONST> 8.120299e+01
<STATE> 3
<MEAN> 39
 -6.044852e+00 -8.045588e+00 -5.655046e+00 -1.617662e+01 -5.402935e+00 -3.413853e+00 5.177590e+00 -8.883829e+00 -2.858526e+00 -7.722315e+00 -4.125761e+00 -6.439076e+00 1.910572e+01 8.721570e-02 -2.855398e-01 6.434637e-02 3.806216e-01 1.931669e-01 -1.527357e-02 5.238386e-03 2.525062e-01 -3.854975e-01 1.767774e-02 1.396591e-01 5.499171e-02 -1.475401e-02 3.415559e-02 1.528419e-01 9.813973e-02 3.080786e-01 8.301470e-02 -1.772333e-01 -3.002994e-01 6.238750e-02 1.614241e-02 8.112469e-02 2.057816e-01 3.792558e-02 -1.325049e-01
<VARIANCE> 39
 9.079616e+00 1.015170e+01 8.280126e+00 1.766771e+01 4.791826e+01 3.336234e+01 3.215801e+01 3.951449e+01 5.078225e+01 5.371598e+01 3.494802e+01 3.364993e+01 1.193615e+00 3.684139e-01 5.741108e-01 4.298604e-01 9.313636e-01 1.280205e+00 1.604421e+00 1.365756e+00 1.014954e+00 1.188070e+00 1.706457e+00 1.650843e+00 1.048153e+00 1.189062e-01 6.464771e-02 6.919415e-02 6.083433e-02 1.164694e-01 2.547612e-01 2.003998e-01 1.810412e-01 1.655147e-01 2.112957e-01 2.240925e-01 2.486330e-01 1.924676e-01 5.642173e-03
<GCONST> 8.046272e+01
<STATE> 4
<MEAN> 39
 -3.258318e+00 -4.145562e+00 -2.030640e+00 -9.789062e+00 -3.989072e+00 -7.933195e+00 -4.676810e-01 -7.879560e+00 -3.880963e+00 -6.625308e+00 -1.635975e+00 -6.964756e+00 1.713698e+01 1.039732e-01 3.700497e-01 2.325085e-01 2.368779e-01 3.801389e-01 -3.265421e-02 -4.300051e-01 -3.503493e-01 3.382689e-02 -6.969350e-02 8.147313e-02 -1.500145e-02 -8.925828e-02 -4.055558e-02 -5.831480e-02 -5.478817e-02 -7.415679e-02 3.175036e-03 1.110347e-01 9.060827e-02 -4.471118e-02 -1.715810e-03 -1.401951e-03 -4.340190e-02 3.253452e-02 1.965801e-02
<VARIANCE> 39
 4.923787e+00 1.050339e+01 9.995743e+00 1.377005e+01 2.816484e+01 3.246387e+01 2.626389e+01 4.104889e+01 3.210194e+01 3.559162e+01 3.234272e+01 2.871354e+01 1.698282e+00 1.928418e-01 4.179090e-01 4.805815e-01 9.157861e-01 1.394796e+00 1.175838e+00 1.658482e+00 1.274380e+00 1.396196e+00 1.392737e+00 1.268716e+00 9.369624e-01 9.042554e-02 3.508499e-02 7.915477e-02 8.652535e-02 1.532828e-01 2.493735e-01 2.061188e-01 2.861882e-01 2.275561e-01 2.304083e-01 2.396554e-01 2.146392e-01 1.484018e-01 1.496170e-02
<GCONST> 7.863785e+01
<TRANSP> 5
 0.000000e+00 1.000000e+00 0.000000e+00 0.000000e+00 0.000000e+00
 0.000000e+00 7.622470e-01 2.377531e-01 0.000000e+00 0.000000e+00
 0.000000e+00 0.000000e+00 8.771252e-01 1.228748e-01 0.000000e+00
 0.000000e+00 0.000000e+00 0.000000e+00 9.306415e-01 6.935847e-02
 0.000000e+00 0.000000e+00 0.000000e+00 0.000000e+00 0.000000e+00
<ENDHMM>
~h "three"
<BEGINHMM>
<NUMSTATES> 5
<STATE> 2
<MEAN> 39
 -3.071575e+00 -6.943280e+00 -3.457578e-01 -8.982859e+00 -1.038137e+01 -1.089756e+01 -1.256889e+00 -8.770409e+00 -1.812499e+00 -5.104664e+00 -2.429910e-01 -5.331821e+00 1.739126e+01 4.831730e-01 -1.446593e-01 9.492363e-01 -2.621888e-01 -1.589679e+00 -1.080469e-01 -2.435832e-01 -2.373603e-01 4.037142e-01 1.016589e-01 -3.427123e-02 -2.410845e-01 3.704506e-01 -1.774278e-01 1.166709e-01 6.735517e-03 -2.928671e-01 2.121241e-01 3.088781e-01 -1.620513e-01 1.351550e-02 8.322693e-02 -1.688785e-02 4.718836e-02 8.814790e-03 -3.142909e-02
<VARIANCE> 39
 1.166677e+01 1.269073e+01 1.682470e+01 2.989198e+01 5.280902e+01 4.902115e+01 2.345628e+01 2.633852e+01 2.822298e+01 2.593624e+01 3.402594e+01 3.194133e+01 2.752053e+00 7.842754e-01 6.864844e-01 8.025028e-01 2.090476e+00 1.926096e+00 3.470088e+00 1.420336e+00 1.554694e+00 1.259466e+00 1.074476e+00 1.377957e+00 1.284971e+00 6.033763e-02 1.134836e-01 1.463994e-01 1.333738e-01 3.008905e-01 4.697098e-01 4.273904e-01 2.915656e-01 2.399184e-01 1.937321e-01 1.819320e-01 1.986063e-01 1.941140e-01 9.995004e-03
<GCONST> 8.965000e+01
<STATE> 3
<MEAN> 39
 -5.058699e+00 -3.613663e+00 5.580276e+00 -1.900328e+01 -1.237273e+01 -4.194985e+00 -8.692312e+00 -8.713289e+00 1.897935e+00 -5.784627e+00 1.094258e+00 -5.946701e+00 1.865014e+01 -8.433007e-01 1.789030e+00 -2.674562e-01 -1.711854e+00 2.358742e+00 -1.348988e-01 -1.456093e+00 9.118020e-01 -4.198982e-01 -2.280634e-01 1.221435e-01 2.175724e-02 -2.200951e-02 4.345200e-02 1.228354e-01 -4.622198e-01 5.152048e-01 3.928195e-01 -6.707699e-01 4.284492e-01 5.699372e-02 -3.706539e-01 7.541198e-02 -5.789324e-02 3.766491e-02 -5.412434e-02
<VARIANCE> 39
 7.789371e+00 2.370459e+01 1.159560e+01 3.188229e+01 6.009800e+01 2.842316e+01 4.198848e+01 6.398787e+01 2.610832e+01 2.802940e+01 3.818249e+01 2.961050e+01 1.290566e+00 2.537176e-01 6.100276e-01 1.024518e+00 1.783573e+00 1.384666e+00 3.633270e+00 2.034661e+00 1.371731e+00 1.406806e+00 1.081667e+00 7.246708e-01 7.947108e-01 2.045599e-02 5.195768e-02 1.574929e-01 9.276538e-02 2.437586e-01 5.008100e-01 2.351461e-01 3.905832e-01 3.777259e-01 1.660356e-01 1.491934e-01 1.327628e-01 1.101564e-01 2.222541e-03
<GCONST> 8.270631e+01
<STATE> 4
<MEAN> 39
 -6.746696e+00 4.093954e+00 -1.722331e+00 -1.635426e+01 -1.327943e+00 -1.256948e+01 -5.461468e+00 -8.151033e+00 -3.432940e+00 -4.968347e+00 -2.620773e-01 -6.250143e+00 1.786973e+01 1.470041e-01 -8.998699e-02 -5.629575e-01 9.712449e-01 4.175749e-01 -1.266308e-01 7.106701e-01 -3.730865e-01 -3.084904e-01 -2.190657e-02 -1.988923e-01 2.300862e-03 -1.796521e-01 6.452107e-02 -3.144003e-01 9.453203e-02 8.252827e-02 -2.302678e-01 3.111087e-01 3.693667e-02 -3.344459e-02 1.386162e-01 -3.346497e-02 2.239979e-02 1.254691e-02 -2.591817e-02
<VARIANCE> 39
 7.448590e+00 1.523988e+01 1.624258e+01 3.039700e+01 2.260795e+01 2.547318e+01 4.759676e+01 4.506335e+01 3.213894e+01 4.072906e+01 4.082839e+01 3.688453e+01 1.619567e+00 2.183104e-01 1.349928e+00 6.423507e-01 8.471426e-01 1.205872e+00 2.045022e+00 1.288736e+00 1.478902e+00 1.223863e+00 1.179580e+00 8.508376e-01 8.677341e-01 2.467690e-02 3.732604e-02 9.136567e-02 7.184106e-02 1.616271e-01 1.832167e-01 1.715112e-01 2.114778e-01 2.211555e-01 1.728312e-01 1.652763e-01 1.335490e-01 1.304115e-01 2.677212e-03
<GCONST> 7.750504e+01
<TRANSP> 5
 0.000000e+00 1.000000e+00 0.000000e+00 0.000000e+00 0.000000e+00
 0.000000e+00 8.776631e-01 1.223369e-01 0.000000e+00 0.000000e+00
 0.000000e+00 0.000000e+00 7.878314e-01 2.121686e-01 0.000000e+00
 0.000000e+00 0.000000e+00 0.000000e+00 8.905730e-01 1.094269e-01
 0.000000e+00 0.000000e+00 0.000000e+00 0.000000e+00 0.000000e+00
<ENDHMM>
~h "one"
<BEGINHMM>
<NUMSTATES> 5
<STATE> 2
<MEAN> 39
 -5.652308e-01 -3.775677e+00 -9.276631e+00 -1.281829e+01 -1.657420e+00 -5.564072e+00 -2.020978e+00 -8.864900e+00 -2.706399e+00 -6.731658e+00 -1.546706e+00 -7.290336e+00 1.774694e+01 2.777771e-01 -4.054714e-01 -8.726590e-01 4.572659e-01 4.875395e-01 3.977498e-02 -2.917151e-01 2.271580e-01 2.036299e-01 -3.066629e-01 -3.899988e-01 -2.720429e-01 2.374763e-01 -1.191165e-01 -1.464023e-01 5.402112e-02 2.649083e-01 7.910053e-03 -1.161256e-01 -1.497471e-02 9.387650e-02 -1.090187e-02 -9.034496e-02 1.106151e-02 8.301958e-02 -2.105466e-02
<VARIANCE> 39
 7.560219e+00 9.248271e+00 2.887291e+01 2.285640e+01 2.889803e+01 2.533447e+01 2.281745e+01 2.065347e+01 2.828350e+01 2.394739e+01 2.968092e+01 2.876690e+01 2.267802e+00 4.573376e-01 7.995889e-01 8.719701e-01 2.245304e+00 1.372638e+00 1.442552e+00 1.268000e+00 1.065935e+00 1.133996e+00 1.021705e+00 1.095206e+00 1.044991e+00 4.811242e-02 4.477036e-02 6.128858e-02 1.908675e-01 2.174714e-01 2.627728e-01 2.524687e-01 2.367454e-01 1.810292e-01 2.006613e-01 1.693317e-01 1.889132e-01 1.838747e-01 5.000215e-03
<GCONST> 8.016964e+01
<STATE> 3
<MEAN> 39
 -2.365802e+00 -1.071514e+01 -1.090182e+01 -1.689134e+00 -4.440616e-01 -9.494465e+00 -2.446994e+00 -4.207434e+00 -3.535971e+00 -1.172770e+01 -2.378303e+00 -6.056094e+00 1.853594e+01 -6.083243e-01 -3.738130e-01 1.339249e+00 5.725759e-01 -1.353403e+00 -3.280336e-01 1.195621e+00 -8.910449e-02 -9.245039e-01 -9.231084e-02 5.861651e-01 1.197497e-01 -4.917090e-02 2.359389e-02 3.139457e-01 2.517639e-01 -5.823191e-01 -1.342438e-01 3.765822e-01 9.198263e-02 -4.376487e-01 -1.811378e-04 3.804734e-01 4.405221e-02 -1.767884e-01 -2.978549e-02
<VARIANCE> 39
 6.139123e+00 9.608435e+00 1.865705e+01 2.375522e+01 2.701250e+01 1.740490e+01 3.767004e+01 3.139155e+01 4.646114e+01 3.755395e+01 3.383781e+01 3.321798e+01 1.544259e+00 1.544822e-01 5.160034e-01 6.043749e-01 1.832222e+00 7.393322e-01 1.712018e+00 1.007560e+00 2.247606e+00 1.165856e+00 1.864559e+00 1.028617e+00 1.293530e+00 8.478371e-03 2.364946e-02 5.254928e-02 1.008266e-01 1.224762e-01 2.853337e-01 1.528480e-01 3.760155e-01 1.782108e-01 3.358975e-01 2.003766e-01 2.674333e-01 1.681000e-01 8.554396e-04
<GCONST> 7.513375e+01
<STATE> 4
<MEAN> 39
 -4.105394e+00 -5.415082e+00 -1.636498e+00 -8.752522e+00 -4.065039e+00 -5.855579e+00 -1.672082e+00 -1.194613e+01 -4.645485e+00 -8.685008e+00 -2.577453e+00 -8.293465e+00 1.778411e+01 1.509916e-01 9.695005e-01 6.240194e-01 -7.276883e-01 4.268019e-01 -6.549864e-02 -6.298670e-01 -4.443352e-01 8.179445e-02 2.297201e-01 -1.765940e-01 5.028653e-02 -1.278797e-01 4.422498e-02 -6.870279e-02 -2.142966e-01 1.672482e-01 1.609804e-01 -6.845939e-02 -6.793100e-02 1.652318e-01 1.348255e-02 -1.166078e-01 1.018244e-02 7.498366e-02 -5.520453e-03
<VARIANCE> 39
 6.947259e+00 2.328773e+01 1.104346e+01 2.142844e+01 1.961060e+01 4.664877e+01 3.616109e+01 3.531817e+01 4.120696e+01 4.573597e+01 3.327602e+01 3.777660e+01 1.325344e+00 2.764482e-01 6.148754e-01 8.080871e-01 1.205937e+00 9.140511e-01 1.966836e+00 1.137359e+00 1.444041e+00 1.607534e+00 1.540547e+00 9.442924e-01 9.591549e-01 1.267426e-02 4.883309e-02 1.199549e-01 8.185232e-02 1.338986e-01 2.006739e-01 3.082017e-01 2.740780e-01 1.857930e-01 2.301683e-01 2.256988e-01 1.685923e-01 1.675489e-01 1.604397e-03
<GCONST> 7.851199e+01
<TRANSP> 5
 0.000000e+00 1.000000e+00 0.000000e+00 0.000000e+00 0.000000e+00
 0.000000e+00 8.982562e-01 1.017438e-01 0.000000e+00 0.000000e+00
 0.000000e+00 0.000000e+00 8.248979e-01 1.751021e-01 0.000000e+00
 0.000000e+00 0.000000e+00 0.000000e+00 8.843459e-01 1.156541e-01
 0.000000e+00 0.000000e+00 0.000000e+00 0.000000e+00 0.000000e+00
<ENDHMM>
~h "sil"
<BEGINHMM>
<NUMSTATES> 5
<STATE> 2
<MEAN> 39
 -6.781865e+00 -6.747840e+00 -5.112104e+00 -9.112567e+00 -1.557802e-02 -3.384105e+00 1.742362e-01 -8.539488e+00 -2.615597e+00 -5.766242e+00 5.600888e-01 -4.303322e+00 1.461617e+01 -3.776307e-02 -2.343997e-03 -2.956291e-03 3.322903e-02 4.117269e-02 2.651902e-02 4.836546e-02 3.932380e-03 -1.793854e-02 5.892034e-03 1.572625e-02 1.244587e-02 -1.228753e-02 -2.593807e-02 -3.355378e-02 -7.336488e-02 -1.085729e-01 -1.191788e-01 -1.166421e-01 -6.141957e-02 -8.311748e-03 -2.192924e-02 1.052852e-02 3.723473e-02 2.992319e-02 1.897213e-03
<VARIANCE> 39
 3.610316e+00 4.342328e+00 5.991848e+00 7.598561e+00 1.194540e+01 1.365088e+01 1.466206e+01 1.632399e+01 1.575198e+01 1.373778e+01 1.578932e+01 1.311103e+01 1.166115e+00 7.812041e-02 1.586395e-01 2.705722e-01 3.724465e-01 4.934011e-01 6.558797e-01 6.800185e-01 7.126259e-01 6.936144e-01 5.750105e-01 6.353755e-01 5.630372e-01 4.999723e-03 1.091317e-02 2.401458e-02 4.035483e-02 5.008902e-02 7.050533e-02 1.014947e-01 1.068002e-01 1.303298e-01 1.117528e-01 9.223359e-02 1.051604e-01 9.906286e-02 6.337173e-04
<GCONST> 4.373148e+01
<STATE> 3
~s "silst"
<STATE> 4
<MEAN> 39
 -7.603585e+00 -7.340843e+00 -6.613642e+00 -1.117257e+01 -2.176090e+00 -5.395851e+00 -1.000451e+00 -8.639403e+00 -2.699667e+00 -5.398988e+00 1.454693e+00 -3.843863e+00 1.448360e+01 -3.213600e-03 7.265904e-03 -2.744353e-02 -2.876986e-02 -5.374752e-02 -2.050332e-02 -6.050425e-02 -7.453620e-03 -3.199647e-03 -6.308407e-03 -2.038303e-02 -1.939807e-02 -1.456819e-05 3.868134e-02 5.833732e-02 9.566621e-02 1.262015e-01 1.323524e-01 1.260394e-01 6.184315e-02 1.527556e-02 2.596057e-02 -1.743630e-02 -5.634718e-02 -4.031656e-02 8.765124e-03
<VARIANCE> 39
 3.528782e+00 4.160238e+00 6.415289e+00 7.848390e+00 1.126515e+01 1.258814e+01 1.498172e+01 1.595843e+01 1.769854e+01 1.533157e+01 1.513242e+01 1.340807e+01 9.977572e-01 7.743937e-02 1.686444e-01 2.883043e-01 4.167895e-01 5.055305e-01 6.763545e-01 5.958546e-01 7.431654e-01 7.103414e-01 6.075845e-01 7.005423e-01 6.127516e-01 3.267318e-03 1.438158e-02 2.894896e-02 4.218528e-02 5.716176e-02 7.323290e-02 1.087077e-01 1.040993e-01 1.282892e-01 1.332120e-01 1.060150e-01 1.175640e-01 1.099902e-01 1.109388e-03
<GCONST> 4.550047e+01
<TRANSP> 5
 0.000000e+00 1.000000e+00 0.000000e+00 0.000000e+00 0.000000e+00
 0.000000e+00 7.696923e-01 2.420189e-02 2.061058e-01 0.000000e+00
 0.000000e+00 0.000000e+00 8.271695e-01 1.728305e-01 0.000000e+00
 0.000000e+00 1.876120e-01 0.000000e+00 7.425411e-01 6.984691e-02
 0.000000e+00 0.000000e+00 0.000000e+00 0.000000e+00 0.000000e+00
<ENDHMM>
~h "six"
<BEGINHMM>
<NUMSTATES> 5
<STATE> 2
<MEAN> 39
 -8.675545e+00 -4.254763e+00 -6.976420e+00 -8.739848e+00 -3.102104e+00 -4.246868e+00 -1.959423e+00 -8.232526e+00 -3.551388e+00 -4.000019e+00 1.221348e-01 -3.143765e+00 1.495613e+01 6.803851e-01 6.811261e-01 1.203806e+00 -1.386069e+00 -1.161143e+00 -1.214810e+00 4.149682e-02 -1.329170e-01 4.232162e-01 3.495336e-01 -5.190687e-01 -4.757568e-01 6.316448e-01 6.578983e-02 1.146461e-01 2.254201e-01 -4.788883e-01 -2.784682e-01 -1.679306e-01 4.345722e-02 7.645436e-02 2.044987e-01 -2.713156e-04 -1.368005e-01 -2.385691e-01 1.447135e-01
<VARIANCE> 39
 7.491666e+00 7.803577e+00 1.268902e+01 1.147807e+01 1.904472e+01 2.005360e+01 1.519664e+01 1.804899e+01 2.004983e+01 2.971257e+01 1.917809e+01 1.709657e+01 1.873322e+00 3.584602e-01 4.707980e-01 8.832121e-01 1.147254e+00 1.075265e+00 1.324227e+00 1.005879e+00 8.109814e-01 1.419994e+00 2.240714e+00 1.076325e+00 1.325416e+00 7.646554e-02 6.200635e-02 5.629676e-02 1.152898e-01 9.804427e-02 2.033421e-01 2.092191e-01 1.477253e-01 1.768498e-01 1.849040e-01 2.379747e-01 1.708962e-01 1.682798e-01 8.896610e-03
<GCONST> 7.408495e+01
<STATE> 3
<MEAN> 39
 -6.471312e+00 -1.099762e+00 -8.567021e-01 -2.012325e+01 -7.860293e+00 -8.734781e+00 -2.436962e+00 -6.379696e+00 2.474710e-01 -3.795603e+00 -2.524830e+00 -7.322189e+00 1.832924e+01 2.397274e-02 -8.703565e-02 2.206240e-01 -2.812228e-01 3.759363e-01 2.135757e-01 -2.751161e-01 1.720176e-01 3.725149e-02 -1.963290e-01 1.704438e-01 7.503203e-03 -4.800091e-02 -5.670967e-02 -2.052773e-01 -2.669681e-01 4.877909e-01 2.882388e-01 2.211296e-01 6.799513e-02 -9.112795e-02 -1.467680e-01 -5.876387e-02 1.516364e-01 1.660426e-01 -1.670846e-01
<VARIANCE> 39
 7.692405e+00 9.749194e+00 1.663230e+01 2.304390e+01 5.851612e+01 3.110909e+01 3.719805e+01 2.460490e+01 3.463063e+01 5.833477e+01 3.543332e+01 3.743563e+01 1.432287e+00 3.495345e-01 6.524588e-01 1.075367e+00 3.228967e+00 2.396163e+00 1.759930e+00 1.734475e+00 1.341392e+00 1.887673e+00 2.010916e+00 1.867383e+00 1.896742e+00 2.936512e-01 6.820475e-02 6.607314e-02 1.609535e-01 2.258244e-01 3.062288e-01 3.193673e-01 3.836582e-01 2.241201e-01 2.868662e-01 3.401665e-01 2.636623e-01 2.553242e-01 1.166257e-02
<GCONST> 9.188130e+01
<STATE> 4
<MEAN> 39
 -6.563046e+00 -6.249300e+00 -4.681085e+00 -1.081184e+01 -1.002120e+00 -3.977885e+00 -1.434909e+00 -8.753059e+00 -2.163997e+00 -5.868386e+00 1.163583e+00 -4.220512e+00 1.475291e+01 -2.337484e-01 -9.108379e-01 -1.005226e+00 1.461718e+00 4.135714e-01 4.083519e-01 9.075115e-01 -4.570065e-01 -2.820683e-01 -4.061086e-02 2.005578e-01 2.986926e-01 -4.644489e-01 -1.053446e-01 1.690345e-01 2.072210e-01 -4.381462e-01 -3.787506e-01 -1.607610e-01 -8.528925e-02 1.721225e-01 1.161581e-01 1.035794e-01 -1.794577e-01 -1.430238e-01 1.499728e-01
<VARIANCE> 39
 3.291736e+00 5.442996e+00 9.444572e+00 1.106953e+01 1.463716e+01 1.564692e+01 1.950442e+01 1.858054e+01 1.687865e+01 1.706015e+01 1.861881e+01 1.491699e+01 1.491237e+00 2.674791e-01 4.868799e-01 8.966257e-01 1.309680e+00 2.110424e+00 1.651532e+00 1.602863e+00 1.249533e+00 1.214257e+00 1.204787e+00 1.177888e+00 1.023262e+00 7.937084e-02 3.887665e-02 6.516827e-02 1.378476e-01 1.468738e-01 2.331798e-01 1.805228e-01 2.655527e-01 1.924093e-01 1.854834e-01 1.735208e-01 1.977024e-01 1.825158e-01 5.795826e-03
<GCONST> 7.239852e+01
<TRANSP> 5
 0.000000e+00 1.000000e+00 0.000000e+00 0.000000e+00 0.000000e+00
 0.000000e+00 7.174171e-01 2.825829e-01 0.000000e+00 0.000000e+00
 0.000000e+00 0.000000e+00 8.891197e-01 1.108803e-01 0.000000e+00
 0.000000e+00 0.000000e+00 0.000000e+00 7.504638e-01 2.495361e-01
 0.000000e+00 0.000000e+00 0.000000e+00 0.000000e+00 0.000000e+00
<ENDHMM>
~h "two"
<BEGINHMM>
<NUMSTATES> 5
<STATE> 2
<MEAN> 39
 -1.096789e+01 -3.262299e+00 -6.737342e+00 -1.061977e+01 -9.863751e-01 -3.867592e+00 -1.965446e+00 -7.514193e+00 -2.328349e+00 -5.684782e+00 1.128905e+00 -3.370021e+00 1.506353e+01 4.999445e-01 6.194414e-01 1.008867e+00 -5.861428e-01 -2.641768e-01 -3.608794e-01 -4.640666e-01 -2.112659e-01 7.124867e-02 -5.592283e-02 -2.299619e-01 -3.597831e-01 3.232995e-01 2.973822e-01 6.253537e-02 2.885995e-01 -1.308979e-01 -2.093095e-01 -2.415443e-01 -1.179031e-01 -1.263975e-01 -2.625042e-02 3.016047e-03 -7.839423e-02 -1.696788e-01 9.324417e-02
<VARIANCE> 39
 8.832100e+00 8.094071e+00 1.269610e+01 1.232228e+01 1.843906e+01 2.274780e+01 1.919694e+01 2.116424e+01 2.139722e+01 2.396694e+01 2.470905e+01 1.984069e+01 9.016746e-01 1.372800e+00 5.611550e-01 1.280449e+00 8.298421e-01 1.350592e+00 1.287889e+00 9.879578e-01 1.191610e+00 1.169816e+00 1.291596e+00 1.871810e+00 1.104369e+00 7.278667e-02 1.262340e-01 1.096095e-01 1.342161e-01 1.304238e-01 2.282295e-01 1.982873e-01 1.758160e-01 2.236948e-01 2.270298e-01 2.029107e-01 3.594960e-01 1.594021e-01 7.873430e-03
<GCONST> 7.897372e+01
<STATE> 3
<MEAN> 39
 -4.602217e+00 1.268970e+00 1.860442e+00 -1.551949e+01 -6.949183e+00 -9.941714e+00 -6.700060e+00 -1.043915e+01 -2.408643e+00 -5.176552e+00 -1.123996e+00 -7.306551e+00 1.840635e+01 6.640521e-01 5.438571e-01 7.431768e-01 -5.415499e-01 -1.163052e+00 -1.106044e+00 -5.671759e-01 -2.814150e-01 -6.583527e-02 1.260616e-01 -2.157164e-01 -6.241028e-01 4.515527e-01 -2.501550e-01 -2.349331e-01 -4.262322e-01 2.989419e-01 2.726502e-01 2.323532e-01 2.358114e-01 1.460691e-01 -1.895762e-02 -9.762920e-03 1.532451e-01 1.828503e-01 -1.450542e-01
<VARIANCE> 39
 7.463579e+00 8.105892e+00 1.363375e+01 2.233007e+01 3.965499e+01 2.561752e+01 2.821889e+01 2.453400e+01 3.158041e+01 5.527716e+01 4.392864e+01 4.850734e+01 1.037105e+00 5.678747e-01 6.280957e-01 9.864468e-01 1.463907e+00 1.293220e+00 1.205854e+00 1.681229e+00 1.516075e+00 1.845263e+00 1.989641e+00 2.391340e+00 1.874990e+00 8.952564e-02 6.149587e-02 5.353661e-02 8.130538e-02 1.250285e-01 2.046439e-01 1.806252e-01 2.041062e-01 1.910371e-01 2.121652e-01 2.735500e-01 2.891733e-01 2.221905e-01 6.527925e-03
<GCONST> 8.376134e+01
<STATE> 4
<MEAN> 39
 -3.233344e+00 -5.675893e-02 -4.323744e-02 -1.366355e+01 -7.122967e+00 -1.157475e+01 -5.645809e+00 -9.635329e+00 -2.710240e+00 -5.307767e+00 -1.590136e-01 -7.598776e+00 1.824002e+01 1.669635e-01 -2.230761e-01 -2.385699e-01 5.385544e-01 3.367956e-01 8.575100e-02 9.852931e-02 -5.503452e-02 -1.928545e-01 -8.644228e-02 7.789422e-02 1.595947e-01 -1.200550e-01 -4.357873e-02 -3.796472e-02 -2.656760e-02 2.441826e-02 9.564520e-02 1.093927e-01 5.188650e-02 4.888613e-03 2.005397e-02 1.233123e-03 -5.762491e-03 4.459934e-02 -3.522751e-02
<VARIANCE> 39
 5.895157e+00 7.955413e+00 1.254053e+01 2.981202e+01 3.400576e+01 2.156530e+01 3.316378e+01 3.370902e+01 3.985046e+01 4.293959e+01 5.473392e+01 4.156395e+01 1.359392e+00 1.336370e-01 1.530662e-01 3.770312e-01 6.212569e-01 9.124094e-01 8.558924e-01 8.811149e-01 1.029007e+00 9.032947e-01 9.881827e-01 1.046217e+00 9.317753e-01 1.451648e-02 2.163342e-02 2.516230e-02 5.075762e-02 8.856227e-02 1.056544e-01 1.240914e-01 1.293100e-01 1.601121e-01 1.488219e-01 1.527122e-01 1.593206e-01 1.459203e-01 2.343988e-03
<GCONST> 6.575581e+01
<TRANSP> 5
 0.000000e+00 1.000000e+00 0.000000e+00 0.000000e+00 0.000000e+00
 0.000000e+00 8.211048e-01 1.788952e-01 0.000000e+00 0.000000e+00
 0.000000e+00 0.000000e+00 7.671447e-01 2.328553e-01 0.000000e+00
 0.000000e+00 0.000000e+00 0.000000e+00 9.013970e-01 9.860300e-02
 0.000000e+00 0.000000e+00 0.000000e+00 0.000000e+00 0.000000e+00
<ENDHMM>
~h "nine"
<BEGINHMM>
<NUMSTATES> 5
<STATE> 2
<MEAN> 39
 -4.468121e+00 -4.320220e+00 -2.079939e+00 -8.923574e+00 -3.036927e+00 -6.193348e+00 -1.515261e+00 -1.117595e+01 -5.008015e+00 -8.081776e+00 -2.949968e+00 -7.811173e+00 1.756972e+01 -1.374829e-01 -6.734712e-01 -2.218285e-01 4.958950e-01 -4.934143e-01 1.734139e-01 3.883839e-01 -1.974449e-01 -3.894755e-02 -1.525171e-01 -1.778585e-01 -1.450819e-01 2.492041e-01 -3.851976e-02 -1.264168e-01 -7.500170e-02 1.147127e-01 1.842080e-02 -6.541972e-03 3.850038e-02 3.152802e-02 9.886234e-03 6.524015e-03 8.021866e-02 3.490156e-02 -1.063497e-02
<VARIANCE> 39
 8.939404e+00 2.038778e+01 1.532586e+01 1.684346e+01 2.863337e+01 2.888944e+01 3.201641e+01 2.751061e+01 4.722525e+01 3.538749e+01 3.016306e+01 3.278778e+01 2.300662e+00 5.319962e-01 1.579291e+00 1.145012e+00 1.117890e+00 1.137604e+00 1.424684e+00 1.645987e+00 1.277884e+00 1.529167e+00 1.154663e+00 1.246166e+00 1.038437e+00 3.757337e-02 6.491730e-02 1.814627e-01 1.345855e-01 1.401716e-01 2.020033e-01 2.219696e-01 2.430936e-01 1.863262e-01 1.997906e-01 1.611909e-01 1.737569e-01 1.449473e-01 4.932375e-03
<GCONST> 8.289003e+01
<STATE> 3
<MEAN> 39
 -6.290627e+00 -1.167303e+01 -4.987180e+00 -2.493167e+00 -5.655580e+00 -5.431751e+00 1.785320e+00 -1.126514e+01 -5.678961e+00 -9.068488e+00 -1.604741e+00 -7.685236e+00 1.862178e+01 -1.082614e-01 6.587219e-02 2.330346e-01 -2.054339e-01 -4.687382e-02 2.054829e-01 -7.340463e-02 -1.009175e-01 1.717094e-01 6.969198e-02 -4.000414e-02 3.044204e-02 -1.980116e-02 -2.992746e-03 1.878735e-01 7.741362e-02 -2.486238e-01 3.303938e-02 8.098533e-02 -1.012158e-01 -1.932575e-03 8.307649e-02 -5.387689e-03 -7.942581e-02 2.507681e-02 -1.439814e-02
<VARIANCE> 39
 7.198008e+00 8.451626e+00 2.463069e+01 3.137000e+01 1.880501e+01 3.042545e+01 3.088290e+01 3.410258e+01 4.310260e+01 4.184270e+01 2.805864e+01 3.031941e+01 1.011843e+00 8.114859e-02 3.212792e-01 4.020987e-01 1.031998e+00 4.633823e-01 6.110036e-01 5.232115e-01 4.996288e-01 6.120980e-01 6.482353e-01 6.582925e-01 5.176030e-01 4.581247e-03 1.054600e-02 2.932029e-02 3.925611e-02 5.256614e-02 6.929018e-02 6.527174e-02 7.263492e-02 7.668033e-02 7.950298e-02 8.555055e-02 7.634178e-02 7.776350e-02 3.925215e-04
<GCONST> 5.266874e+01
<STATE> 4
<MEAN> 39
 -6.218938e+00 -3.173906e+00 -1.624766e+00 -1.203701e+01 -1.903150e+00 -4.490480e+00 -3.314359e+00 -1.019648e+01 -2.792634e+00 -8.219523e+00 -3.088345e+00 -6.512064e+00 1.789952e+01 3.932099e-01 8.493761e-01 1.535804e-01 -3.096953e-01 5.438037e-01 -4.755152e-01 -4.736685e-01 3.274000e-01 -1.991290e-01 5.488398e-02 9.750401e-02 5.330617e-02 -1.226733e-01 4.357234e-02 -1.235669e-01 -3.719511e-02 2.354940e-01 -1.480787e-02 -7.304669e-02 1.047455e-01 -3.502000e-02 -1.089167e-01 2.564762e-02 7.961466e-02 -2.932975e-02 -1.027094e-02
<VARIANCE> 39
 1.145263e+01 2.010641e+01 1.220019e+01 2.401920e+01 3.582235e+01 3.415168e+01 3.366137e+01 2.992095e+01 4.906036e+01 3.962260e+01 3.857128e+01 4.244575e+01 1.076138e+00 4.062281e-01 9.276573e-01 5.741437e-01 1.873467e+00 1.354231e+00 1.383258e+00 1.360946e+00 1.284923e+00 1.675375e+00 1.184632e+00 1.059440e+00 1.024051e+00 9.887250e-03 5.706667e-02 9.914166e-02 8.654281e-02 1.494481e-01 1.941879e-01 2.405514e-01 1.805450e-01 1.979284e-01 2.316395e-01 1.955538e-01 1.707208e-01 1.415390e-01 1.009043e-03
<GCONST> 7.866746e+01
<TRANSP> 5
 0.000000e+00 1.000000e+00 0.000000e+00 0.000000e+00 0.000000e+00
 0.000000e+00 8.954305e-01 1.045695e-01 0.000000e+00 0.000000e+00
 0.000000e+00 0.000000e+00 9.109168e-01 8.908322e-02 0.000000e+00
 0.000000e+00 0.000000e+00 0.000000e+00 8.980996e-01 1.019004e-01
 0.000000e+00 0.000000e+00 0.000000e+00 0.000000e+00 0.000000e+00
<ENDHMM>
~h "five"
<BEGINHMM>
<NUMSTATES> 5
<STATE> 2
<MEAN> 39
 -4.164705e+00 -1.135765e+01 -1.008075e+01 -8.255428e+00 4.928731e-01 -8.146223e+00 3.461727e-01 -4.659389e+00 -5.255889e+00 -7.953953e+00 -1.828239e+00 -4.909382e+00 1.798623e+01 3.597006e-01 -1.176080e+00 -7.159618e-01 7.844766e-01 5.153627e-01 -6.398216e-01 3.335174e-01 3.981271e-01 -7.490296e-01 -2.195411e-01 -2.987189e-01 -4.132381e-03 5.637886e-01 -1.921106e-01 2.628734e-02 1.765184e-01 9.126820e-02 -1.396240e-02 1.051263e-01 2.982299e-02 -2.050929e-01 2.656332e-02 1.391189e-01 1.604207e-01 5.008888e-02 -7.487228e-02
<VARIANCE> 39
 1.082386e+01 1.964534e+01 2.371673e+01 1.676070e+01 1.901688e+01 2.059019e+01 2.528973e+01 5.158076e+01 3.223930e+01 2.805317e+01 2.498864e+01 1.992246e+01 4.348011e+00 7.726564e-01 5.612217e-01 1.173622e+00 9.062989e-01 7.891042e-01 9.859889e-01 9.732779e-01 2.240911e+00 1.725942e+00 1.725584e+00 1.364100e+00 1.026960e+00 1.228457e-01 9.426836e-02 1.332630e-01 1.775391e-01 1.234517e-01 1.362814e-01 1.446686e-01 1.544162e-01 3.004498e-01 2.738384e-01 1.929278e-01 1.757106e-01 1.403721e-01 2.808132e-02
<GCONST> 8.432946e+01
<STATE> 3
<MEAN> 39
 -5.809724e+00 -1.545242e+01 -8.555509e+00 -3.643782e+00 1.425583e+00 -9.174872e+00 2.535206e+00 -7.497284e+00 -7.217647e+00 -5.454505e+00 -4.658163e-01 -4.503056e+00 1.904685e+01 -1.660714e-01 8.379964e-02 4.906679e-01 -2.576822e-01 -2.713693e-01 4.344200e-01 6.880280e-02 -3.989248e-01 2.715379e-02 3.039131e-01 6.102777e-02 -8.458255e-02 -4.853822e-02 4.021862e-02 1.144171e-01 1.140859e-02 -1.967061e-01 -5.492769e-02 9.327006e-02 -2.898805e-02 2.471419e-02 5.651410e-02 -4.902320e-02 -7.778067e-02 -1.873891e-02 -1.497743e-02
<VARIANCE> 39
 9.173890e+00 9.379981e+00 2.484289e+01 2.081472e+01 1.874981e+01 2.312075e+01 1.751526e+01 3.905312e+01 4.701210e+01 4.449910e+01 2.688857e+01 2.551941e+01 1.356899e+00 8.786873e-02 1.530531e-01 2.696529e-01 6.338984e-01 4.959240e-01 5.514294e-01 4.976458e-01 4.932385e-01 6.131092e-01 5.706192e-01 5.684415e-01 4.732506e-01 5.856314e-03 1.174200e-02 2.420578e-02 3.030341e-02 4.808749e-02 5.119853e-02 5.160410e-02 5.702568e-02 6.415635e-02 8.527749e-02 8.423076e-02 6.649368e-02 7.041184e-02 9.067910e-04
<GCONST> 4.963293e+01
<STATE> 4
<MEAN> 39
 -5.752344e+00 -9.409028e+00 -3.940734e+00 -1.391112e+01 -3.282011e+00 -2.813875e+00 1.869740e+00 -8.422079e+00 -4.204394e+00 -5.238426e+00 -2.265423e+00 -5.520661e+00 1.830180e+01 2.169347e-01 1.206629e+00 3.702818e-01 -6.415725e-01 -3.921583e-01 -1.029294e-01 -3.103519e-01 2.565807e-01 5.543135e-01 -2.122624e-01 -7.190248e-02 -8.895233e-02 -2.459734e-01 -1.748715e-02 -2.163498e-02 -5.276359e-02 3.437010e-01 1.403281e-01 -1.802093e-01 -6.274431e-02 -1.010003e-02 -4.295101e-02 1.672630e-02 1.215164e-01 3.987924e-02 -4.834211e-02
<VARIANCE> 39
 7.867265e+00 2.309138e+01 1.221341e+01 3.191101e+01 4.211859e+01 1.957933e+01 2.462993e+01 3.665948e+01 5.311685e+01 2.795960e+01 2.708192e+01 3.009026e+01 1.837889e+00 2.146230e-01 4.989087e-01 5.738202e-01 2.637313e+00 1.470952e+00 1.620978e+00 9.744428e-01 1.331345e+00 1.638406e+00 1.337560e+00 1.268752e+00 9.162614e-01 4.137023e-02 4.305399e-02 9.684541e-02 7.586303e-02 2.402492e-01 2.361622e-01 2.301025e-01 1.663342e-01 2.294207e-01 2.225653e-01 1.790942e-01 2.066247e-01 1.646720e-01 4.442696e-03
<GCONST> 8.035691e+01
<TRANSP> 5
 0.000000e+00 1.000000e+00 0.000000e+00 0.000000e+00 0.000000e+00
 0.000000e+00 8.476740e-01 1.523260e-01 0.000000e+00 0.000000e+00
 0.000000e+00 0.000000e+00 9.124556e-01 8.754437e-02 0.000000e+00
 0.000000e+00 0.000000e+00 0.000000e+00 8.642526e-01 1.357475e-01
 0.000000e+00 0.000000e+00 0.000000e+00 0.000000e+00 0.000000e+00
<ENDHMM>
~h "four"
<BEGINHMM>
<NUMSTATES> 5
<STATE> 2
<MEAN> 39
 -6.740564e+00 -6.541960e+00 -5.531941e+00 -9.761753e+00 -1.580572e+00 -5.562404e+00 -1.221021e+00 -8.402433e+00 -2.001293e+00 -5.576420e+00 9.676733e-01 -4.275544e+00 1.536376e+01 1.573468e+00 5.379120e-01 -9.071060e-01 -8.616744e-01 -3.069397e-01 -5.358900e-01 -6.961656e-01 -1.933240e-01 1.936373e-01 2.017836e-01 -3.452267e-01 -4.886477e-01 6.452665e-01 3.492599e-01 1.249697e-01 -3.369182e-01 -3.168396e-01 -5.801147e-02 -6.146419e-03 -7.983472e-02 -1.730311e-02 2.097936e-03 5.399565e-02 -7.884308e-02 -1.319610e-01 1.427859e-01
<VARIANCE> 39
 7.643892e+00 5.422422e+00 5.408783e+00 7.836095e+00 1.003924e+01 1.246325e+01 1.450328e+01 1.363216e+01 1.605593e+01 1.350066e+01 1.611248e+01 1.222581e+01 1.731633e+00 5.114524e-01 4.345664e-01 5.996231e-01 7.388693e-01 7.146757e-01 9.076247e-01 7.496019e-01 8.225977e-01 1.019076e+00 1.089563e+00 1.526806e+00 1.230418e+00 5.746704e-02 6.805538e-02 5.340402e-02 6.059157e-02 8.254108e-02 1.012827e-01 1.524157e-01 1.212046e-01 1.512500e-01 1.398228e-01 1.608056e-01 1.994618e-01 1.873345e-01 7.191902e-03
<GCONST> 6.401768e+01
<STATE> 3
<MEAN> 39
 1.596791e+00 -3.480469e+00 -1.216793e+01 -1.705035e+01 -4.000971e+00 -6.176651e+00 -3.167068e+00 -8.952962e+00 -1.398805e+00 -3.855662e+00 4.299664e-01 -6.776184e+00 1.891464e+01 3.033466e-01 -1.869868e-01 -3.244646e-01 -3.658826e-02 7.421803e-02 -1.794516e-02 -2.190865e-01 1.750738e-01 3.533986e-01 9.303378e-02 -2.296239e-01 -2.200367e-01 1.426983e-01 -1.735033e-01 -1.542207e-01 1.499722e-01 2.362004e-01 3.836910e-02 -3.658827e-02 3.796799e-02 1.109379e-01 4.732655e-02 -8.559424e-02 -5.583804e-02 5.674779e-02 -6.755000e-02
<VARIANCE> 39
 4.139116e+00 1.026676e+01 9.594504e+00 1.373016e+01 2.439790e+01 1.714993e+01 1.857442e+01 1.714680e+01 2.362653e+01 2.482174e+01 3.809880e+01 3.757318e+01 1.086977e+00 5.215032e-01 7.268606e-01 6.849458e-01 1.213158e+00 9.696857e-01 7.715538e-01 9.085962e-01 9.566289e-01 1.308902e+00 1.175063e+00 1.338012e+00 1.241634e+00 9.278133e-02 4.950177e-02 4.573685e-02 9.588284e-02 8.013370e-02 1.358060e-01 1.434476e-01 1.560735e-01 1.412131e-01 1.814965e-01 1.920546e-01 1.991534e-01 1.870169e-01 7.209392e-03
<GCONST> 7.251486e+01
<STATE> 4
<MEAN> 39
 -2.655263e-01 -1.131001e+01 -7.977760e+00 -8.562002e+00 -5.377262e+00 -8.944471e+00 -2.202062e+00 -4.233330e+00 6.463486e-01 -7.567039e+00 -3.910228e+00 -7.362529e+00 1.854914e+01 -5.527744e-01 -3.234361e-02 1.188387e+00 5.177404e-01 -5.918495e-01 2.930582e-02 6.829701e-01 -1.587051e-01 -6.804640e-01 -3.920859e-01 1.339501e-01 2.577017e-01 -2.039406e-01 -8.726817e-02 3.019556e-01 6.290673e-04 -2.177978e-01 1.357812e-01 2.153066e-01 1.407488e-02 -2.456823e-01 -1.510785e-01 1.212176e-01 1.774419e-01 3.069700e-02 -5.097210e-02
<VARIANCE> 39
 6.986610e+00 1.431489e+01 2.850048e+01 1.842765e+01 4.718276e+01 3.738495e+01 3.524674e+01 3.893450e+01 4.504775e+01 3.449937e+01 3.467955e+01 3.193821e+01 1.577899e+00 2.194031e-01 1.523720e+00 6.633705e-01 1.663438e+00 2.091333e+00 2.162920e+00 1.566266e+00 2.596833e+00 1.820120e+00 1.725728e+00 1.796258e+00 1.076710e+00 4.097198e-02 2.920016e-02 9.484917e-02 1.879225e-01 1.663481e-01 4.425581e-01 3.015099e-01 3.549803e-01 3.384505e-01 3.790050e-01 2.796242e-01 3.071977e-01 2.166502e-01 3.209688e-03
<GCONST> 8.840137e+01
<TRANSP> 5
 0.000000e+00 1.000000e+00 0.000000e+00 0.000000e+00 0.000000e+00
 0.000000e+00 7.019303e-01 2.980697e-01 0.000000e+00 0.000000e+00
 0.000000e+00 0.000000e+00 9.182361e-01 8.176384e-02 0.000000e+00
 0.000000e+00 0.000000e+00 0.000000e+00 8.713981e-01 1.286018e-01
 0.000000e+00 0.000000e+00 0.000000e+00 0.000000e+00 0.000000e+00
<ENDHMM>
~h "zero"
<BEGINHMM>
<NUMSTATES> 5
<STATE> 2
<MEAN> 39
 -6.847720e+00 -1.884366e+00 -4.578084e+00 -7.684617e+00 -2.519115e+00 -4.684459e+00 -2.840688e+00 -8.916344e+00 -3.638466e+00 -4.164084e+00 1.274840e-01 -4.377911e+00 1.565738e+01 2.805826e-01 1.046046e+00 9.723386e-01 -1.157713e+00 -8.284952e-01 -1.406854e+00 -6.264606e-01 -6.022246e-01 3.221710e-01 3.348698e-01 -1.319189e-01 -2.387279e-01 4.911534e-01 3.719286e-02 9.577030e-02 1.834623e-01 -3.596302e-01 -1.731053e-01 -2.317693e-01 3.808101e-03 -2.274064e-02 1.696774e-01 8.489284e-04 3.127001e-02 -8.996999e-02 9.241979e-02
<VARIANCE> 39
 6.893911e+00 1.044187e+01 1.553402e+01 1.464227e+01 2.101558e+01 2.214106e+01 1.922631e+01 1.978183e+01 2.961854e+01 2.448861e+01 2.237695e+01 1.995832e+01 1.480340e+00 3.157811e-01 4.254970e-01 7.579527e-01 9.360935e-01 8.468426e-01 1.287901e+00 9.709618e-01 1.180683e+00 1.342936e+00 9.783763e-01 1.204417e+00 1.531182e+00 4.247559e-02 4.658308e-02 1.027531e-01 1.271991e-01 1.081064e-01 1.313059e-01 2.172673e-01 1.590316e-01 1.926437e-01 1.620985e-01 1.503807e-01 1.803190e-01 1.679732e-01 6.432884e-03
<GCONST> 7.321570e+01
<STATE> 3
<MEAN> 39
 -5.561463e+00 3.155977e-01 9.451857e-01 -1.693730e+01 -7.858508e+00 -9.189912e+00 -4.572752e+00 -8.443354e+00 1.742903e-01 -3.749087e+00 1.714094e-01 -6.831100e+00 1.840760e+01 3.374382e-01 -7.429826e-01 4.418078e-01 -1.707469e-01 -1.080038e+00 2.632902e-01 2.053271e-01 1.950404e-01 3.207432e-01 -7.751221e-02 4.341891e-02 -1.247820e-01 1.662378e-01 5.156702e-02 -2.691222e-01 -1.736581e-01 3.717991e-01 1.648647e-02 1.355880e-01 1.950123e-01 5.546918e-02 -8.669173e-02 -4.425365e-02 -1.251779e-02 7.155108e-02 -6.443503e-02
<VARIANCE> 39
 7.431324e+00 2.061938e+01 1.739157e+01 2.628041e+01 5.929097e+01 4.051040e+01 3.222538e+01 4.421556e+01 3.111200e+01 3.032588e+01 3.453695e+01 5.111549e+01 1.093261e+00 4.425115e-01 1.626413e+00 8.037078e-01 2.615687e+00 1.742285e+00 2.528766e+00 1.685124e+00 1.421355e+00 1.341219e+00 1.178208e+00 1.107408e+00 1.320427e+00 6.297845e-02 5.150491e-02 1.129127e-01 1.260685e-01 1.802575e-01 2.454265e-01 4.092011e-01 2.257632e-01 2.479110e-01 2.120739e-01 1.746073e-01 1.724417e-01 2.174401e-01 4.557304e-03
<GCONST> 8.705438e+01
<STATE> 4
<MEAN> 39
 -1.604695e+00 -1.051287e+01 -4.389529e+00 -9.816793e+00 -9.685863e+00 -8.037422e+00 5.588290e-01 -4.106736e+00 -1.751296e-01 -6.699739e+00 -1.003903e+00 -5.666569e+00 1.854219e+01 8.294293e-02 1.102019e-02 -5.494465e-01 1.636023e-01 6.661284e-01 -1.770641e-01 -1.626066e-02 2.072955e-01 -6.450225e-02 -1.487430e-01 -9.261464e-02 -7.451531e-03 -5.366510e-02 -5.978446e-02 1.431400e-01 6.302795e-02 -8.616025e-02 8.702389e-02 4.108106e-02 -9.756012e-02 -8.203966e-02 -2.057149e-02 3.421526e-02 2.039372e-02 -8.783405e-03 -1.775893e-02
<VARIANCE> 39
 6.464339e+00 1.774469e+01 2.652880e+01 2.680062e+01 6.272023e+01 5.437345e+01 3.558254e+01 3.644765e+01 4.418885e+01 3.497625e+01 2.490716e+01 3.291681e+01 1.494891e+00 2.247273e-01 8.380734e-01 6.307499e-01 1.038093e+00 1.227604e+00 1.669711e+00 1.529389e+00 1.766588e+00 1.573420e+00 1.377152e+00 1.023350e+00 9.264844e-01 1.577187e-02 2.391120e-02 3.502883e-02 7.641809e-02 1.110529e-01 1.911550e-01 2.326730e-01 1.870196e-01 1.959332e-01 2.165209e-01 1.823260e-01 1.466945e-01 1.334386e-01 1.767120e-03
<GCONST> 7.715446e+01
<TRANSP> 5
 0.000000e+00 1.000000e+00 0.000000e+00 0.000000e+00 0.000000e+00
 0.000000e+00 7.334008e-01 2.665992e-01 0.000000e+00 0.000000e+00
 0.000000e+00 0.000000e+00 8.921949e-01 1.078051e-01 0.000000e+00
 0.000000e+00 0.000000e+00 0.000000e+00 9.397940e-01 6.020598e-02
 0.000000e+00 0.000000e+00 0.000000e+00 0.000000e+00 0.000000e+00
<ENDHMM>
