~o
<STREAMINFO> 1 39
<VECSIZE> 39<NULLD><MFCC_E_D_A><DIAGC>
~s "silst"
<MEAN> 39
 -7.466281e+00 -5.975336e+00 -5.302973e+00 -9.300322e+00 -9.826686e-01 -3.977689e+00 -4.530965e-01 -8.582690e+00 -2.686766e+00 -5.745218e+00 8.097743e-01 -4.302003e+00 1.479078e+01 -2.325081e-01 -1.630482e-01 -2.183962e-01 -3.544514e-02 -3.136300e-02 9.655248e-02 4.822659e-02 9.535824e-02 5.399926e-02 4.039450e-02 8.805271e-02 9.281226e-02 -8.008058e-02 5.435275e-02 4.595797e-02 1.191842e-02 -4.691910e-02 -3.478358e-02 -7.719781e-02 -5.557241e-02 -2.690290e-02 -1.273590e-02 -8.731476e-03 -1.887166e-02 -1.546297e-02 3.500110e-02
<VARIANCE> 39
 6.417534e+00 6.611379e+00 1.005199e+01 1.038275e+01 1.465861e+01 1.530047e+01 1.636814e+01 1.711309e+01 1.827024e+01 1.735962e+01 1.652526e+01 1.445620e+01 9.484281e-01 2.384117e-01 3.496384e-01 4.320636e-01 4.951428e-01 6.238927e-01 7.761743e-01 7.541606e-01 7.858571e-01 8.260097e-01 7.667465e-01 7.631475e-01 6.681455e-01 2.757367e-02 3.313942e-02 5.704454e-02 7.083850e-02 8.788846e-02 1.118530e-01 1.443085e-01 1.338438e-01 1.480149e-01 1.491061e-01 1.311668e-01 1.318886e-01 1.160426e-01 3.559129e-03
<GCONST> 5.915723e+01
~h "eight"
<BEGINHMM>
<NUMSTATES> 5
<STATE> 2
<MEAN> 39
 -8.304611e+00 -2.782346e+00 -5.973919e+00 -1.859098e+01 2.943781e-01 -4.900350e+00 8.168659e-01 -6.747434e+00 -1.554074e+00 -7.624230e+00 -1.811726e+00 -5.793486e+00 1.750721e+01 -1.656259e-01 1.043452e+00 -1.117565e-01 -9.899457e-01 -2.808481e-02 -6.135331e-01 8.103955e-02 4.997723e-01 3.868010e-01 3.524583e-03 -1.093573e-01 -2.381200e-01 3.076581e-01 3.670315e-02 8.313215e-02 1.131289e-02 1.689011e-01 -6.939600e-02 -2.076364e-01 -8.211000e-02 -2.773655e-02 1.625277e-02 1.074568e-01 1.207459e-01 -1.434667e-03 -2.382959e-02
<VARIANCE> 39
 8.026273e+00 2.074854e+01 1.886776e+01 3.071317e+01 4.202613e+01 2.243294e+01 2.529232e+01 2.364987e+01 2.993971e+01 2.273870e+01 2.486599e+01 2.582929e+01 3.142829e+00 3.298131e-01 7.280334e-01 5.962037e-01 1.215200e+00 1.139100e+00 1.334937e+00 1.447549e+00 9.384112e-01 1.287222e+00 1.089084e+00 1.066095e+00 9.522316e-01 1.022586e-01 4.032085e-02 7.756304e-02 7.425354e-02 1.872818e-01 1.325090e-01 1.652859e-01 1.451435e-01 1.690272e-01 2.136708e-01 1.591173e-01 1.701389e-01 1.454831e-01 1.233120e-02
<GCONST> 7.853201e+01
<STATE> 3
<MEAN> 39
 -8.347921e+00 5.843805e+00 -5.441072e+00 -1.899529e+01 -2.941840e+00 -1.388563e+01 -1.840129e+00 -6.132695e+00 6.678329e-01 -3.960425e+00 8.991597e-01 -5.603628e+00 1.851696e+01 1.114565e-01 4.448715e-01 2.029769e-01 8.464981e-01 7.271258e-03 -8.665321e-01 -6.047891e-01 -8.327035e-01 -4.029856e-01 2.767338e-01 4.352978e-01 2.253564e-01 -8.123317e-02 4.858599e-02 -2.930388e-01 1.903691e-02 1.814432e-01 8.917870e-02 2.899330e-01 3.086959e-02 -1.438417e-01 -1.894996e-01 -1.469043e-01 -8.109144e-02 3.285404e-02 -6.296983e-02
<VARIANCE> 39
 1.003754e+01 1.151681e+01 2.467790e+01 2.768177e+01 2.048955e+01 2.378749e+01 5.636549e+01 2.752013e+01 3.055898e+01 2.200252e+01 3.269001e+01 2.506638e+01 1.499122e+00 1.857110e-01 5.503938e-01 2.690055e-01 6.279477e-01 8.116521e-01 1.058603e+00 7.441388e-01 8.057550e-01 1.735969e+00 1.054878e+00 1.198815e+00 8.615068e-01 2.673017e-02 2.815843e-02 7.309122e-02 5.012305e-02 1.004118e-01 8.091202e-02 1.564555e-01 1.414941e-01 1.386546e-01 1.726162e-01 1.398649e-01 1.845738e-01 1.381440e-01 3.431644e-03
<GCONST> 6.956123e+01
<STATE> 4
<MEAN> 39
 -6.857857e+00 4.600310e-01 -4.051363e+00 -1.180545e+01 -1.040675e+00 -1.098881e+01 -3.829838e+00 -1.154914e+01 -4.563797e+00 -5.866245e+00 7.417613e-01 -4.555746e+00 1.635671e+01 1.640448e-01 -1.887176e+00 -7.720172e-02 8.429193e-01 1.923541e-01 1.643657e+00 4.151854e-01 7.100883e-02 -2.228732e-01 -3.309093e-01 -9.010842e-02 1.165720e-01 -4.811546e-01 -8.531194e-02 -3.660109e-02 -1.012956e-01 -1.599392e-01 -5.983629e-02 8.341280e-02 1.591821e-01 2.535782e-01 2.008180e-01 7.927944e-02 3.211448e-02 -2.583322e-02 6.794500e-03
<VARIANCE> 39
 5.796518e+00 3.308811e+01 1.416118e+01 1.894332e+01 1.585463e+01 3.963471e+01 3.145466e+01 2.450359e+01 3.681532e+01 2.667556e+01 2.485862e+01 2.328344e+01 2.784197e+00 3.759171e-01 6.982977e-01 6.981966e-01 1.048945e+00 6.662583e-01 1.196524e+00 1.820344e+00 1.474335e+00 2.094484e+00 1.257939e+00 1.385575e+00 1.149236e+00 3.378399e-02 4.175656e-02 2.655861e-01 6.990093e-02 1.229888e-01 9.882014e-02 3.458787e-01 2.006069e-01 2.005655e-01 2.928589e-01 1.773368e-01 1.974605e-01 1.918539e-01 1.127001e-02
<GCONST> 8.048471e+01
<TRANSP> 5
 0.000000e+00 1.000000e+00 0.000000e+00 0.000000e+00 0.000000e+00
 0.000000e+00 8.647835e-01 1.352165e-01 0.000000e+00 0.000000e+00
 0.000000e+00 0.000000e+00 8.584412e-01 1.415587e-01 0.000000e+00
 0.000000e+00 0.000000e+00 0.000000e+00 8.274525e-01 1.725475e-01
 0.000000e+00 0.000000e+00 0.000000e+00 0.000000e+00 0.000000e+00
<ENDHMM>
~h "oh"
<BEGINHMM>
<NUMSTATES> 5
<STATE> 2
<MEAN> 39
 -4.429539e+00 -1.045792e+01 -8.439238e+00 -8.480685e+00 -2.477246e+00 -7.708577e+00 3.562365e+00 -7.245941e+00 -5.306828e+00 -7.096066e+00 -2.464737e+00 -5.281930e+00 1.786040e+01 5.419773e-01 -2.065829e-01 -6.164203e-01 1.692990e-01 1.085054e-01 -6.720684e-01 1.399035e-01 7.191486e-01 -3.211003e-02 -4.353010e-01 -4.153863e-01 -1.562442e-01 3.507491e-01 1.040368e-02 1.104234e-01 1.326712e-02 -6.326630e-02 3.604998e-02 -5.536004e-03 -1.595067e-01 3.785123e-03 1.379097e-01 2.888259e-02 -8.475128e-03 -3.577922e-02 -2.528131e-02
<VARIANCE> 39
 8.332870e+00 1.229599e+01 1.701157e+01 1.822728e+01 2.273707e+01 2.490806e+01 3.000326e+01 6.691107e+01 3.992929e+01 3.410976e+01 2.694351e+01 3.091434e+01 2.929986e+00 2.989721e-01 5.676185e-01 6.232544e-01 6.285560e-01 6.826221e-01 9.375926e-01 1.317531e+00 1.757963e+00 1.517963e+00 1.266320e+00 1.255013e+00 1.023277e+00 9.501252e-02 4.066303e-02 6.325541e-02 7.435440e-02 7.855015e-02 9.094888e-02 1.287061e-01 1.584897e-01 2.174397e-01 1.873336e-01 1.974510e-01 1.869610e-01 1.378660e-01 1.356896e-02
<GCONST> 7.705975e+01
<STATE> 3
<MEAN> 39
 -5.245854e-01 -8.114769e+00 -1.283052e+01 -9.998413e+00 -8.846169e-01 -1.172151e+01 -6.543009e-01 -1.273588e+00 8.529691e-02 -7.994664e+00 -5.013094e+00 -6.785719e+00 1.900570e+01 2.228474e-01 4.070345e-01 -1.142021e-02 -3.342000e-01 -5.856968e-02 -1.914614e-02 -6.483724e-01 -2.293157e-01 6.218729e-01 5.676637e-01 1.268800e-02 -3.292576e-01 -1.153646e-02 -4.303727e-02 2.290697e-02 9.626295e-02 -1.297985e-02 -5.305508e-02 8.680014e-02 1.048213e-02 -1.484927e-01 -8.049043e-02 8.116270e-02 1.134723e-01 2.131318e-02 -2.497977e-02
<VARIANCE> 39
 5.991880e+00 8.942503e+00 1.794656e+01 1.480149e+01 2.000276e+01 2.507505e+01 4.436400e+01 3.379768e+01 3.942421e+01 3.591478e+01 3.109986e+01 3.920911e+01 1.236192e+00 7.998790e-02 1.352576e-01 2.737594e-01 2.811439e-01 3.870765e-01 5.318606e-01 7.376531e-01 1.060206e+00 7.623217e-01 8.908123e-01 8.116412e-01 6.925452e-01 1.256425e-02 1.091529e-02 1.428213e-02 3.461462e-02 3.302362e-02 4.769795e-02 6.896417e-02 7.831302e-02 9.923277e-02 1.060287e-01 1.020040e-01 9.158856e-02 8.981122e-02 1.166498e-03
<GCONST> 5.289188e+01
<STATE> 4
<MEAN> 39
 -2.858330e-01 -3.472242e+00 -8.646323e+00 -1.277846e+01 -3.536443e+00 -9.769488e+00 -4.433287e+00 -7.848357e+00 8.687340e-02 -3.190035e+00 -1.954909e-01 -6.815382e+00 1.819565e+01 -5.071647e-01 1.545019e-01 7.883390e-01 2.596560e-01 -1.291227e-02 5.640965e-01 3.250985e-01 -5.055727e-01 -5.476182e-01 -1.400385e-01 4.412888e-01 4.511536e-01 -2.912394e-01 -1.293676e-01 -1.304687e-01 -1.884904e-02 9.462126e-02 1.030499e-01 8.925369e-02 1.608390e-01 1.009729e-01 -6.039690e-02 -1.322978e-01 -7.005498e-02 5.988286e-02 -4.100060e-02
<VARIANCE> 39
 7.120634e+00 7.173882e+00 2.246172e+01 1.781584e+01 1.928609e+01 2.772251e+01 3.082331e+01 2.753459e+01 3.264609e+01 4.068702e+01 3.998749e+01 3.589923e+01 1.910970e+00 3.279644e-01 4.426273e-01 4.880657e-01 6.186768e-01 8.862357e-01 1.181281e+00 1.252751e+00 1.293234e+00 1.279925e+00 1.293693e+00 1.291809e+00 1.141226e+00 4.489880e-02 2.682540e-02 4.032106e-02 8.776110e-02 8.397308e-02 1.063949e-01 1.634643e-01 1.734340e-01 1.974953e-01 2.146589e-01 2.022307e-01 1.773611e-01 1.648660e-01 3.347158e-03
<GCONST> 7.339216e+01
<TRANSP> 5
 0.000000e+00 1.000000e+00 0.000000e+00 0.000000e+00 0.000000e+00
 0.000000e+00 8.765425e-01 1.234575e-01 0.000000e+00 0.000000e+00
 0.000000e+00 0.000000e+00 8.999277e-01 1.000722e-01 0.000000e+00
 0.000000e+00 0.000000e+00 0.000000e+00 8.782201e-01 1.217799e-01
 0.000000e+00 0.000000e+00 0.000000e+00 0.000000e+00 0.000000e+00
<ENDHMM>
~h "sp"
<BEGINHMM>
<NUMSTATES> 5
<STATE> 2
~s "silst"
<STATE> 3
<MEAN> 39
 -8.370123e+00 -4.998003e+00 -6.329923e+00 -8.748372e+00 -1.938732e+00 -3.829811e+00 -1.060706e+00 -8.200724e+00 -2.887272e+00 -5.249478e+00 6.887967e-01 -4.144273e+00 1.495462e+01 -1.468449e-01 -4.731346e-03 -2.111786e-01 -3.717421e-02 2.490810e-02 8.518325e-02 4.549046e-02 2.603422e-02 -1.739952e-02 2.478116e-03 -9.297997e-03 8.856054e-02 -7.862397e-03 2.082157e-01 7.892348e-02 8.461313e-02 -1.451853e-01 -1.516011e-01 -2.378610e-01 -7.292730e-02 -1.266703e-02 3.892131e-03 -1.587290e-02 -9.341803e-02 -8.554357e-02 1.243146e-01
<VARIANCE> 39
 1.029205e+01 1.157225e+01 1.514359e+01 1.500070e+01 1.933044e+01 1.950495e+01 1.809053e+01 1.929904e+01 2.104650e+01 1.924894e+01 1.827993e+01 1.603422e+01 1.408850e+00 7.452686e-01 6.117498e-01 9.078575e-01 7.355188e-01 1.013456e+00 1.317289e+00 9.224977e-01 1.071495e+00 1.123426e+00 1.003542e+00 9.484386e-01 8.009173e-01 1.029917e-01 7.813636e-02 1.195713e-01 1.620589e-01 1.586969e-01 1.955433e-01 2.116552e-01 1.831894e-01 2.107561e-01 2.092074e-01 1.837578e-01 1.746304e-01 1.496475e-01 8.046052e-03
<GCONST> 7.585959e+01
<STATE> 4
<MEAN> 39
 -6.823859e+00 -5.026461e+00 -4.964478e+00 -9.882878e+00 -1.640226e+00 -5.041992e+00 -1.395593e+00 -9.127252e+00 -3.174338e+00 -5.853942e+00 3.953498e-01 -4.393258e+00 1.558184e+01 7.585176e-01 3.231803e-01 1.681602e-01 -7.488840e-01 -6.492992e-01 -8.206162e-01 -1.309761e-01 4.101942e-02 7.130484e-02 -2.045189e-02 -5.026392e-01 -3.546306e-01 5.047888e-01 1.098352e-01 -6.975222e-03 -6.917484e-02 -1.847657e-01 -1.584869e-01 -1.049919e-01 5.929410e-02 1.059888e-01 5.167201e-02 4.446157e-04 -1.105783e-01 -1.060177e-01 1.123882e-01
<VARIANCE> 39
 9.045451e+00 9.584992e+00 1.287193e+01 1.308780e+01 1.684446e+01 1.680376e+01 1.851208e+01 2.015369e+01 2.328102e+01 2.051318e+01 2.244778e+01 1.927225e+01 1.768217e+00 8.007333e-01 8.348834e-01 1.342442e+00 1.272738e+00 1.414320e+00 1.487824e+00 1.326627e+00 1.680889e+00 1.495545e+00 1.410842e+00 1.278684e+00 1.262933e+00 7.794030e-02 5.772792e-02 9.288862e-02 1.394931e-01 1.565113e-01 1.892257e-01 1.753242e-01 1.673092e-01 1.852752e-01 2.040180e-01 1.828207e-01 1.878164e-01 1.875475e-01 6.307627e-03
<GCONST> 7.836208e+01
<TRANSP> 5
 0.000000e+00 5.675900e-01 4.324100e-01 0.000000e+00 0.000000e+00
 0.000000e+00 9.194553e-01 8.054466e-02 0.000000e+00 0.000000e+00
 0.000000e+00 0.000000e+00 7.133693e-01 2.866306e-01 0.000000e+00
 0.000000e+00 0.000000e+00 0.000000e+00 3.304014e-01 6.695986e-01
 0.000000e+00 0.000000e+00 0.000000e+00 0.000000e+00 0.000000e+00
<ENDHMM>
~h "seven"
<BEGINHMM>
<NUMSTATES> 5
<STATE> 2
<MEAN> 39
 -5.616925e+00 -4.226408e+00 -4.927568e+00 -1.413548e+01 -7.716564e+00 -7.069933e+00 2.357817e+00 -7.870193e+00 -1.508127e+00 -5.143039e+00 -3.270298e+00 -6.527468e+00 1.747562e+01 3.638966e-01 -2.891752e-01 1.424174e-01 -1.217419e+00 -6.891347e-01 -3.411387e-02 1.031374e+00 2.039018e-02 6.741016e-02 -4.142156e-01 -7.416886e-01 -6.143410e-01 6.604788e-01 -1.956435e-01 -1.762280e-01 -1.896434e-01 1.861654e-01 2.882760e-01 3.218728e-01 -4.146565e-02 1.538304e-02 -1.598828e-01 -1.057913e-01 1.242991e-01 1.112246e-01 -5.488034e-02
<VARIANCE> 39
 1.172735e+01 7.439127e+00 1.112963e+01 2.973321e+01 3.237650e+01 3.154522e+01 2.929534e+01 2.657702e+01 2.971505e+01 6.476576e+01 2.651738e+01 2.725502e+01 4.037729e+00 6.633631e-01 5.816387e-01 7.029057e-01 9.813517e-01 1.838529e+00 1.826656e+00 1.383211e+00 1.182698e+00 1.470215e+00 1.972484e+00 1.228528e+00 1.565366e+00 7.611553e-02 8.909248e-02 6.513713e-02 9.109066e-02 2.309061e-01 2.758299e-01 2.196767e-01 1.888688e-01 1.460426e-01 1.647654e-01 3.131737e-01 1.948999e-01 2.043375e-01 3.008682e-02
<GCONST> 8.550208e+01
<STATE> 3
<MEAN> 39
 -6.163349e+00 -8.598605e+00 -5.708918e+00 -1.568694e+01 -4.691544e+00 -2.920541e+00 5.228972e+00 -8.950994e+00 -3.402381e+00 -7.450177e+00 -3.748468e+00 -5.925421e+00 1.910143e+01 1.715733e-01 -1.686259e-01 1.774000e-01 6.429192e-01 1.730969e-01 -2.449254e-01 -2.067224e-01 3.360957e-01 -3.963664e-01 1.955474e-01 2.880199e-01 1.136051e-01 -1.269953e-01 9.511570e-02 2.223728e-01 1.465377e-01 2.432653e-01 -2.591258e-02 -2.813252e-01 -2.925399e-01 7.283778e-02 7.480934e-02 5.935429e-02 1.575476e-01 -2.682224e-02 -1.153475e-01
<VARIANCE> 39
 9.219994e+00 9.024117e+00 8.464705e+00 1.604795e+01 4.701991e+01 3.249754e+01 3.217497e+01 4.171957e+01 5.055704e+01 4.442921e+01 3.484907e+01 3.279535e+01 1.236098e+00 3.348767e-01 5.722550e-01 3.861135e-01 6.265169e-01 1.215335e+00 1.493075e+00 1.316829e+00 9.778503e-01 1.192820e+00 1.626844e+00 1.642293e+00 9.398859e-01 6.072022e-02 4.468203e-02 4.210643e-02 4.891035e-02 9.629027e-02 2.072142e-01 1.435402e-01 1.878808e-01 1.673863e-01 1.964424e-01 1.804052e-01 2.458104e-01 1.714187e-01 4.770148e-03
<GCONST> 7.612644e+01
<STATE> 4
<MEAN> 39
 -3.186700e+00 -3.777804e+00 -1.810770e+00 -9.555393e+00 -3.514160e+00 -7.973309e+00 -9.657716e-01 -8.450500e+00 -4.169480e+00 -6.813767e+00 -1.710599e+00 -6.943825e+00 1.710934e+01 2.146318e-02 2.541023e-01 1.387544e-01 2.303112e-01 3.557533e-01 8.921529e-02 -3.222041e-01 -2.709658e-01 8.100777e-02 -3.442215e-02 1.359795e-01 5.128857e-02 -1.244164e-01 -5.720748e-02 -7.473985e-02 -7.299777e-02 -8.419619e-02 -1.223082e-02 1.026432e-01 1.100835e-01 -9.147520e-03 2.086625e-02 1.450263e-02 -3.486414e-02 2.573283e-02 1.259920e-02
<VARIANCE> 39
 4.877589e+00 1.054190e+01 1.001459e+01 1.388786e+01 2.789718e+01 3.066934e+01 2.591225e+01 4.076596e+01 3.313459e+01 3.581647e+01 3.305991e+01 2.921415e+01 1.568455e+00 2.389485e-01 5.072060e-01 5.414919e-01 8.768580e-01 1.319832e+00 1.257730e+00 1.637677e+00 1.315369e+00 1.409360e+00 1.397501e+00 1.266507e+00 9.889514e-01 9.394208e-02 3.601462e-02 7.659328e-02 8.727106e-02 1.479030e-01 2.336555e-01 2.039109e-01 2.729462e-01 2.295491e-01 2.321836e-01 2.366454e-01 2.140819e-01 1.483215e-01 1.425254e-02
<GCONST> 7.896648e+01
<TRANSP> 5
 0.000000e+00 1.000000e+00 0.000000e+00 0.000000e+00 0.000000e+00
 0.000000e+00 7.885644e-01 2.114355e-01 0.000000e+00 0.000000e+00
 0.000000e+00 0.000000e+00 8.539307e-01 1.460693e-01 0.000000e+00
 0.000000e+00 0.000000e+00 0.000000e+00 9.373226e-01 6.267744e-02
 0.000000e+00 0.000000e+00 0.000000e+00 0.000000e+00 0.000000e+00
<ENDHMM>
~h "three"
<BEGINHMM>
<NUMSTATES> 5
<STATE> 2
<MEAN> 39
 -2.803712e+00 -7.094503e+00 -2.811662e-01 -8.672579e+00 -1.070494e+01 -1.132958e+01 -1.109332e+00 -8.618833e+00 -1.738712e+00 -4.959942e+00 -1.400970e-01 -5.345578e+00 1.745734e+01 4.830587e-01 -1.702923e-01 9.358863e-01 -2.154901e-01 -1.618219e+00 -9.844664e-02 -1.962553e-01 -2.604062e-01 4.304340e-01 1.269787e-01 -3.379255e-03 -2.195053e-01 3.687338e-01 -1.980867e-01 1.289904e-01 1.087300e-02 -3.246274e-01 2.245369e-01 3.504464e-01 -1.794045e-01 1.142351e-04 9.055801e-02 -2.955993e-02 4.259202e-02 6.335923e-03 -3.460011e-02
<VARIANCE> 39
 1.099678e+01 1.254713e+01 1.649155e+01 2.926346e+01 4.989288e+01 4.959652e+01 2.232072e+01 2.559765e+01 2.729691e+01 2.569148e+01 3.260762e+01 3.237629e+01 2.623213e+00 7.342833e-01 6.572304e-01 8.178604e-01 2.002968e+00 1.882260e+00 3.401765e+00 1.390872e+00 1.564670e+00 1.174206e+00 1.077800e+00 1.288541e+00 1.233079e+00 5.889944e-02 1.132079e-01 1.412135e-01 1.331311e-01 2.940851e-01 4.519977e-01 4.290476e-01 2.878763e-01 2.363711e-01 1.913508e-01 1.805150e-01 1.960330e-01 1.915333e-01 1.004533e-02
<GCONST> 8.873804e+01
<STATE> 3
<MEAN> 39
 -4.792109e+00 -4.123058e+00 5.755993e+00 -1.842852e+01 -1.335706e+01 -4.090152e+00 -8.193143e+00 -9.193538e+00 2.265414e+00 -5.600376e+00 1.332811e+00 -5.860244e+00 1.869241e+01 -8.682905e-01 1.765033e+00 -1.306565e-01 -1.895336e+00 2.261115e+00 1.066234e-01 -1.622072e+00 9.054582e-01 -3.155064e-01 -2.590301e-01 1.271101e-01 -1.051270e-02 -9.331282e-03 1.927871e-02 1.674076e-01 -4.777083e-01 4.670683e-01 4.929234e-01 -6.845888e-01 3.703659e-01 1.152515e-01 -3.977121e-01 5.753815e-02 -6.125384e-02 4.500973e-02 -5.778756e-02
<VARIANCE> 39
 7.656641e+00 2.310459e+01 1.116302e+01 3.456095e+01 5.725466e+01 2.906343e+01 4.512344e+01 6.254361e+01 2.260598e+01 2.760683e+01 3.703888e+01 2.975933e+01 1.288623e+00 2.574338e-01 6.398142e-01 1.036188e+00 1.592317e+00 1.596815e+00 3.627710e+00 1.753377e+00 1.464297e+00 1.468848e+00 1.019732e+00 7.746771e-01 8.166935e-01 2.219380e-02 5.380663e-02 1.507928e-01 9.083661e-02 2.735097e-01 4.755009e-01 2.387044e-01 4.318999e-01 3.592426e-01 1.515225e-01 1.527951e-01 1.351767e-01 1.106823e-01 2.349650e-03
<GCONST> 8.283036e+01
<STATE> 4
<MEAN> 39
 -6.377041e+00 3.309627e+00 -1.600891e+00 -1.556418e+01 -1.382882e+00 -1.176338e+01 -5.368463e+00 -8.420390e+00 -3.565359e+00 -5.427433e+00 -6.096981e-01 -6.471680e+00 1.768413e+01 6.232651e-02 -2.368567e-01 -5.643517e-01 8.929999e-01 4.463421e-01 5.417239e-02 6.846977e-01 -2.330944e-01 -2.086994e-01 7.496326e-03 -5.888323e-02 5.930310e-02 -2.161195e-01 2.629879e-02 -2.691232e-01 4.301868e-02 6.048279e-02 -2.072205e-01 2.382028e-01 6.961911e-02 -2.379656e-02 1.285728e-01 -6.719762e-03 3.853809e-02 2.523219e-02 -2.621060e-02
<VARIANCE> 39
 7.846494e+00 1.694135e+01 1.571439e+01 3.361460e+01 2.249313e+01 2.736743e+01 4.509572e+01 4.375994e+01 3.189712e+01 4.046746e+01 4.163496e+01 3.710999e+01 1.735288e+00 2.684283e-01 1.550620e+00 6.791703e-01 8.501278e-01 1.296533e+00 2.346771e+00 1.371189e+00 1.514441e+00 1.363386e+00 1.271440e+00 1.092136e+00 9.843000e-01 3.652208e-02 4.676155e-02 9.947799e-02 8.251507e-02 1.758873e-01 1.865844e-01 1.934512e-01 2.127359e-01 2.278967e-01 1.778931e-01 1.711730e-01 1.465104e-01 1.376861e-01 2.798742e-03
<GCONST> 8.040891e+01
<TRANSP> 5
 0.000000e+00 1.000000e+00 0.000000e+00 0.000000e+00 0.000000e+00
 0.000000e+00 8.649509e-01 1.350491e-01 0.000000e+00 0.000000e+00
 0.000000e+00 0.000000e+00 7.800272e-01 2.199728e-01 0.000000e+00
 0.000000e+00 0.000000e+00 0.000000e+00 9.111331e-01 8.886687e-02
 0.000000e+00 0.000000e+00 0.000000e+00 0.000000e+00 0.000000e+00
<ENDHMM>
~h "one"
<BEGINHMM>
<NUMSTATES> 5
<STATE> 2
<MEAN> 39
 -6.111953e-01 -3.038463e+00 -8.138539e+00 -1.378312e+01 -2.792671e+00 -5.970542e+00 -1.083418e+00 -8.658399e+00 -3.140155e+00 -6.739090e+00 -1.110138e+00 -6.766520e+00 1.759836e+01 4.197031e-01 -2.735431e-01 -1.057752e+00 8.886489e-02 5.105820e-01 3.360240e-01 -1.534276e-01 8.382729e-02 1.558499e-01 -1.767495e-01 -3.255260e-01 -3.669293e-01 2.755689e-01 -1.192516e-01 -1.935454e-01 -4.374901e-02 3.261243e-01 1.471570e-01 -5.758413e-02 -1.275181e-01 4.939016e-02 5.329372e-02 -5.562828e-02 -3.615265e-02 2.771560e-02 -1.907383e-02
<VARIANCE> 39
 8.108157e+00 6.992226e+00 2.322610e+01 1.946282e+01 2.396162e+01 2.487699e+01 1.844976e+01 2.003451e+01 2.499457e+01 2.395735e+01 2.860643e+01 2.746791e+01 2.236229e+00 3.824452e-01 7.476037e-01 8.093480e-01 1.697019e+00 1.509660e+00 1.188514e+00 1.254912e+00 9.821527e-01 1.073187e+00 9.497985e-01 1.035505e+00 1.002615e+00 4.499795e-02 4.957987e-02 5.812844e-02 1.484412e-01 2.282965e-01 1.886227e-01 2.539046e-01 1.946356e-01 1.736791e-01 1.792006e-01 1.717644e-01 1.861354e-01 1.680812e-01 5.792629e-03
<GCONST> 7.705581e+01
<STATE> 3
<MEAN> 39
 -1.284367e+00 -9.405696e+00 -1.328349e+01 -4.028800e+00 2.127547e+00 -7.720596e+00 -4.985692e+00 -5.404665e+00 -1.393727e+00 -1.053380e+01 -3.778815e+00 -6.931648e+00 1.859511e+01 -5.816479e-01 -8.123471e-01 7.815461e-01 1.532247e+00 -7.640690e-01 -9.639497e-01 5.546548e-01 6.511682e-01 -5.969965e-01 -7.450767e-01 2.703890e-01 4.305378e-01 -4.753218e-03 -5.069767e-02 2.131321e-01 4.239046e-01 -3.921879e-01 -4.546749e-01 1.380657e-01 4.114316e-01 -2.340447e-01 -2.549216e-01 2.131984e-01 2.227947e-01 -4.492162e-02 -3.099434e-02
<VARIANCE> 39
 5.528757e+00 1.037539e+01 1.608548e+01 3.108759e+01 2.004882e+01 2.723599e+01 2.810632e+01 3.471117e+01 4.295211e+01 3.932722e+01 2.920971e+01 3.315105e+01 1.497342e+00 1.319059e-01 3.897560e-01 8.532642e-01 1.268463e+00 1.432449e+00 9.557050e-01 1.983963e+00 1.314297e+00 1.651937e+00 1.149584e+00 1.463853e+00 9.857022e-01 8.868278e-03 2.297820e-02 4.891958e-02 9.332614e-02 1.894820e-01 1.728028e-01 2.839464e-01 1.927020e-01 3.106960e-01 2.303010e-01 2.640186e-01 1.863411e-01 2.283805e-01 9.799997e-04
<GCONST> 7.496380e+01
<STATE> 4
<MEAN> 39
 -3.837982e+00 -5.624528e+00 -2.337300e+00 -7.582412e+00 -3.641212e+00 -6.827170e+00 -1.714573e+00 -1.127077e+01 -5.616190e+00 -8.998943e+00 -2.242611e+00 -8.138351e+00 1.778869e+01 -7.777417e-02 5.830778e-01 5.342101e-01 -5.686036e-01 1.286224e-01 2.831227e-01 -1.705121e-01 -4.703713e-01 6.103608e-02 3.843574e-01 3.886095e-02 4.823606e-02 -1.665685e-01 9.027752e-03 -3.038672e-02 -1.841151e-01 4.412573e-03 1.570327e-01 3.431323e-02 -8.651501e-02 9.823693e-02 1.201668e-01 -2.427418e-02 -2.563884e-02 5.840275e-02 -1.966773e-02
<VARIANCE> 39
 6.607753e+00 2.644932e+01 1.427193e+01 2.716280e+01 2.027282e+01 4.026653e+01 3.585295e+01 3.996653e+01 3.874891e+01 4.452047e+01 3.330861e+01 3.582723e+01 1.387225e+00 3.569991e-01 9.065214e-01 1.198613e+00 1.148067e+00 1.308079e+00 1.897470e+00 1.580942e+00 1.632970e+00 1.630967e+00 1.539926e+00 1.106299e+00 1.129347e+00 2.545156e-02 5.475614e-02 1.373435e-01 8.255671e-02 1.989973e-01 2.012114e-01 2.937590e-01 2.833845e-01 2.186469e-01 2.517575e-01 2.419974e-01 1.897139e-01 1.661169e-01 2.637965e-03
<GCONST> 8.335748e+01
<TRANSP> 5
 0.000000e+00 1.000000e+00 0.000000e+00 0.000000e+00 0.000000e+00
 0.000000e+00 8.736435e-01 1.263565e-01 0.000000e+00 0.000000e+00
 0.000000e+00 0.000000e+00 8.234193e-01 1.765807e-01 0.000000e+00
 0.000000e+00 0.000000e+00 0.000000e+00 9.198629e-01 8.013708e-02
 0.000000e+00 0.000000e+00 0.000000e+00 0.000000e+00 0.000000e+00
<ENDHMM>
~h "sil"
<BEGINHMM>
<NUMSTATES> 5
<STATE> 2
<MEAN> 39
 -6.671192e+00 -6.791293e+00 -5.053555e+00 -9.426522e+00 -5.917507e-01 -4.010589e+00 -2.940936e-01 -9.033451e+00 -2.929939e+00 -5.697189e+00 8.279688e-01 -4.113406e+00 1.460593e+01 -5.004627e-02 -8.127202e-03 1.117726e-02 7.297513e-02 7.522334e-02 6.395866e-02 6.351569e-02 1.842779e-02 4.806431e-03 2.174254e-02 2.220401e-02 2.454088e-02 -1.570900e-02 -3.545310e-02 -4.722891e-02 -8.131687e-02 -7.746726e-02 -5.643187e-02 -4.569239e-02 -1.190830e-02 5.671608e-02 2.263357e-02 -3.397976e-04 4.362568e-03 8.018391e-03 1.171163e-04
<VARIANCE> 39
 2.962099e+00 3.592902e+00 5.175007e+00 7.704325e+00 1.271988e+01 1.366851e+01 1.471581e+01 1.512546e+01 1.512037e+01 1.397449e+01 1.593768e+01 1.244487e+01 1.127344e+00 6.553312e-02 1.455487e-01 2.556427e-01 3.560825e-01 4.948609e-01 6.604843e-01 6.467384e-01 6.974514e-01 6.831292e-01 5.795347e-01 6.426762e-01 5.681393e-01 4.939278e-03 8.829916e-03 2.040113e-02 3.573963e-02 5.265504e-02 8.504020e-02 1.142823e-01 1.093620e-01 1.204956e-01 1.091952e-01 9.536831e-02 1.096219e-01 1.004819e-01 5.765147e-04
<GCONST> 4.245448e+01
<STATE> 3
~s "silst"
<STATE> 4
<MEAN> 39
 -7.699858e+00 -7.621700e+00 -6.938898e+00 -1.116546e+01 -1.572265e+00 -4.828410e+00 -5.007346e-01 -8.054273e+00 -2.335256e+00 -5.443573e+00 1.269716e+00 -3.964859e+00 1.445170e+01 4.043033e-02 3.873344e-02 -1.212441e-02 -7.020988e-02 -8.186201e-02 -5.924398e-02 -7.912897e-02 -4.695819e-02 -2.901974e-02 -1.164179e-02 -3.731700e-02 -4.586607e-02 1.103125e-02 5.274680e-02 8.418091e-02 1.253795e-01 1.165942e-01 7.595951e-02 6.264110e-02 1.524055e-02 -5.725314e-02 -2.279960e-02 -4.066155e-03 -2.905891e-02 -2.419963e-02 1.129028e-02
<VARIANCE> 39
 3.244161e+00 3.855634e+00 5.794945e+00 7.839061e+00 1.183514e+01 1.377438e+01 1.496814e+01 1.644750e+01 1.801306e+01 1.466021e+01 1.489392e+01 1.407513e+01 9.724378e-01 6.735586e-02 1.583878e-01 2.775211e-01 4.052316e-01 4.787062e-01 6.448579e-01 6.156394e-01 7.492282e-01 7.052623e-01 5.737129e-01 7.023595e-01 6.065782e-01 2.812802e-03 1.253604e-02 2.506354e-02 3.801807e-02 6.173948e-02 7.965881e-02 1.185453e-01 1.056821e-01 1.283450e-01 1.351697e-01 9.651743e-02 1.147333e-01 1.112445e-01 1.136427e-03
<GCONST> 4.464376e+01
<TRANSP> 5
 0.000000e+00 1.000000e+00 0.000000e+00 0.000000e+00 0.000000e+00
 0.000000e+00 7.874297e-01 4.735122e-02 1.652190e-01 0.000000e+00
 0.000000e+00 0.000000e+00 8.056697e-01 1.943302e-01 0.000000e+00
 0.000000e+00 2.009264e-01 0.000000e+00 7.157921e-01 8.328160e-02
 0.000000e+00 0.000000e+00 0.000000e+00 0.000000e+00 0.000000e+00
<ENDHMM>
~h "six"
<BEGINHMM>
<NUMSTATES> 5
<STATE> 2
<MEAN> 39
 -8.800014e+00 -3.823529e+00 -7.171881e+00 -8.601746e+00 -3.721937e+00 -4.194342e+00 -2.054827e+00 -8.034476e+00 -3.656807e+00 -3.536529e+00 -2.254936e-01 -3.084381e+00 1.499196e+01 6.355967e-01 6.325161e-01 1.204467e+00 -1.371267e+00 -1.141885e+00 -1.215601e+00 1.012565e-01 -9.678528e-02 4.131136e-01 4.464117e-01 -4.974833e-01 -4.881002e-01 6.152518e-01 5.835629e-02 8.506891e-02 2.330535e-01 -4.492933e-01 -2.446104e-01 -1.538778e-01 5.132727e-02 6.558986e-02 1.779420e-01 4.797732e-03 -1.022326e-01 -2.220829e-01 1.347112e-01
<VARIANCE> 39
 8.029475e+00 7.815221e+00 1.438436e+01 1.208592e+01 1.951394e+01 2.156565e+01 1.496367e+01 1.790160e+01 2.022752e+01 3.135812e+01 1.836171e+01 1.660186e+01 1.999439e+00 3.691673e-01 4.954282e-01 9.473636e-01 1.221710e+00 1.205966e+00 1.316636e+00 9.877334e-01 7.836822e-01 1.435361e+00 2.222321e+00 1.134347e+00 1.353508e+00 9.592115e-02 6.428359e-02 5.525772e-02 1.318286e-01 9.562410e-02 1.953667e-01 2.123484e-01 1.453673e-01 1.766581e-01 1.809874e-01 2.452128e-01 1.700720e-01 1.680174e-01 9.533470e-03
<GCONST> 7.518928e+01
<STATE> 3
<MEAN> 39
 -6.475163e+00 -1.047657e+00 -9.404410e-01 -2.015394e+01 -7.837461e+00 -8.779386e+00 -2.309729e+00 -6.365698e+00 2.585841e-01 -3.777972e+00 -2.573238e+00 -7.351659e+00 1.835048e+01 1.586437e-02 -8.083808e-02 2.299355e-01 -3.024017e-01 3.715291e-01 2.160520e-01 -2.838271e-01 1.773779e-01 4.875122e-02 -1.941482e-01 1.718966e-01 4.858639e-03 -4.451565e-02 -5.357396e-02 -2.062158e-01 -2.624996e-01 4.921354e-01 2.932291e-01 2.248244e-01 5.986331e-02 -9.005394e-02 -1.475921e-01 -6.065004e-02 1.558407e-01 1.700982e-01 -1.687542e-01
<VARIANCE> 39
 7.766286e+00 9.815872e+00 1.709200e+01 2.296973e+01 5.872271e+01 3.070599e+01 3.757093e+01 2.462513e+01 3.458982e+01 5.835514e+01 3.533653e+01 3.744015e+01 1.386693e+00 3.492957e-01 6.408201e-01 1.055853e+00 3.167420e+00 2.315500e+00 1.739426e+00 1.734643e+00 1.339327e+00 1.891491e+00 2.004274e+00 1.867829e+00 1.884050e+00 2.868519e-01 6.787820e-02 6.651974e-02 1.626244e-01 2.255385e-01 3.054881e-01 3.175690e-01 3.811717e-01 2.254805e-01 2.866753e-01 3.403055e-01 2.623279e-01 2.542132e-01 1.147510e-02
<GCONST> 9.172895e+01
<STATE> 4
<MEAN> 39
 -6.529924e+00 -6.124537e+00 -4.475734e+00 -1.098769e+01 -1.111302e+00 -3.945401e+00 -1.569094e+00 -8.723278e+00 -2.057636e+00 -5.857996e+00 1.171395e+00 -4.249281e+00 1.481464e+01 -1.975041e-01 -9.408887e-01 -1.013822e+00 1.517410e+00 4.874582e-01 4.276109e-01 9.214063e-01 -4.758663e-01 -3.074639e-01 -7.716904e-02 2.160509e-01 3.165021e-01 -4.858822e-01 -1.060768e-01 1.537380e-01 1.818846e-01 -4.237517e-01 -3.703535e-01 -1.742645e-01 -5.829456e-02 1.754044e-01 1.089675e-01 1.069489e-01 -1.878427e-01 -1.442305e-01 1.450537e-01
<VARIANCE> 39
 3.515412e+00 5.752497e+00 1.057234e+01 1.211842e+01 1.596523e+01 1.639995e+01 2.130328e+01 1.889571e+01 1.745484e+01 1.733970e+01 1.872187e+01 1.505598e+01 1.541471e+00 2.586428e-01 4.824278e-01 8.838359e-01 1.272687e+00 2.175739e+00 1.699836e+00 1.597800e+00 1.255789e+00 1.207597e+00 1.234229e+00 1.201342e+00 1.041692e+00 7.502003e-02 3.972801e-02 6.420202e-02 1.463835e-01 1.550233e-01 2.343641e-01 1.854715e-01 2.799973e-01 1.930640e-01 1.916062e-01 1.766906e-01 2.000676e-01 1.836232e-01 6.160496e-03
<GCONST> 7.337354e+01
<TRANSP> 5
 0.000000e+00 1.000000e+00 0.000000e+00 0.000000e+00 0.000000e+00
 0.000000e+00 7.025858e-01 2.974142e-01 0.000000e+00 0.000000e+00
 0.000000e+00 0.000000e+00 8.879792e-01 1.120208e-01 0.000000e+00
 0.000000e+00 0.000000e+00 0.000000e+00 7.510557e-01 2.489443e-01
 0.000000e+00 0.000000e+00 0.000000e+00 0.000000e+00 0.000000e+00
<ENDHMM>
~h "two"
<BEGINHMM>
<NUMSTATES> 5
<STATE> 2
<MEAN> 39
 -1.119710e+01 -2.937342e+00 -6.893675e+00 -1.050596e+01 -1.141258e+00 -3.802507e+00 -2.179958e+00 -7.416920e+00 -2.331215e+00 -5.547141e+00 1.032863e+00 -3.332084e+00 1.513932e+01 4.787442e-01 6.020966e-01 9.972277e-01 -5.749415e-01 -2.506278e-01 -3.380745e-01 -4.623380e-01 -1.796803e-01 3.755713e-02 -4.914909e-02 -2.257799e-01 -3.477108e-01 3.108118e-01 3.088398e-01 3.152151e-02 2.981651e-01 -1.265745e-01 -1.726641e-01 -2.296282e-01 -9.920089e-02 -1.381270e-01 -3.310326e-02 -4.916314e-03 -5.361560e-02 -1.600909e-01 8.572242e-02
<VARIANCE> 39
 8.952493e+00 7.546580e+00 1.338820e+01 1.274118e+01 1.886082e+01 2.315905e+01 1.936322e+01 2.190427e+01 2.099380e+01 2.416933e+01 2.464390e+01 1.947989e+01 9.355147e-01 1.364516e+00 5.723834e-01 1.292237e+00 8.216282e-01 1.369453e+00 1.300498e+00 9.637001e-01 1.182683e+00 1.152773e+00 1.277478e+00 1.877740e+00 1.093506e+00 7.550405e-02 1.275896e-01 1.145586e-01 1.376839e-01 1.217093e-01 2.407767e-01 1.957670e-01 1.803755e-01 2.266972e-01 2.220448e-01 1.985649e-01 3.594889e-01 1.574485e-01 7.973088e-03
<GCONST> 7.914822e+01
<STATE> 3
<MEAN> 39
 -4.647774e+00 1.328937e+00 1.919298e+00 -1.558387e+01 -7.023354e+00 -9.978953e+00 -6.815989e+00 -1.049878e+01 -2.492946e+00 -5.218861e+00 -1.155072e+00 -7.360554e+00 1.842105e+01 6.632178e-01 5.412138e-01 7.454628e-01 -5.402601e-01 -1.160160e+00 -1.102745e+00 -5.685636e-01 -2.902750e-01 -7.584480e-02 1.188728e-01 -2.204997e-01 -6.458918e-01 4.495233e-01 -2.476478e-01 -2.372158e-01 -4.287381e-01 3.055971e-01 2.739930e-01 2.351057e-01 2.438041e-01 1.481877e-01 -1.688478e-02 -4.996551e-03 1.552192e-01 1.892995e-01 -1.457000e-01
<VARIANCE> 39
 7.487038e+00 7.995250e+00 1.364588e+01 2.220815e+01 3.999496e+01 2.540903e+01 2.826700e+01 2.450618e+01 3.150800e+01 5.468037e+01 4.388975e+01 4.854151e+01 1.045329e+00 5.666398e-01 6.157914e-01 9.758950e-01 1.427613e+00 1.267123e+00 1.177332e+00 1.678015e+00 1.503568e+00 1.857821e+00 1.985780e+00 2.379016e+00 1.838631e+00 8.967229e-02 6.275022e-02 5.255546e-02 8.030424e-02 1.233483e-01 2.042359e-01 1.769862e-01 2.014292e-01 1.898425e-01 2.105552e-01 2.714647e-01 2.891915e-01 2.197290e-01 6.353846e-03
<GCONST> 8.349166e+01
<STATE> 4
<MEAN> 39
 -3.111000e+00 -3.914063e-01 -3.010120e-01 -1.264044e+01 -6.489729e+00 -1.124147e+01 -5.589176e+00 -9.912552e+00 -3.024657e+00 -5.450397e+00 -1.248798e-02 -7.270984e+00 1.798130e+01 2.212986e-03 -3.264135e-01 -3.263628e-01 4.845895e-01 4.460884e-01 3.224116e-01 3.006502e-01 6.995114e-02 -6.844765e-02 -1.443135e-02 1.244324e-01 2.473392e-01 -1.929693e-01 -7.775378e-02 -6.069076e-02 -4.010532e-02 -1.139528e-02 7.474774e-02 1.248804e-01 7.586146e-02 3.193313e-02 3.210062e-02 3.011487e-03 -1.760983e-02 3.887074e-02 -3.802311e-02
<VARIANCE> 39
 6.010182e+00 8.112348e+00 1.215964e+01 2.989472e+01 3.227822e+01 2.328914e+01 3.179765e+01 3.279108e+01 3.920554e+01 4.168073e+01 5.034060e+01 3.988610e+01 1.628085e+00 2.946599e-01 2.438664e-01 4.511175e-01 6.561636e-01 9.483168e-01 1.161808e+00 1.130872e+00 1.183510e+00 1.078029e+00 1.131945e+00 1.172604e+00 1.086959e+00 4.003065e-02 3.025958e-02 3.213835e-02 5.495517e-02 9.314408e-02 1.117086e-01 1.427545e-01 1.410062e-01 1.729537e-01 1.667744e-01 1.679129e-01 1.717497e-01 1.570008e-01 3.032391e-03
<GCONST> 7.123469e+01
<TRANSP> 5
 0.000000e+00 1.000000e+00 0.000000e+00 0.000000e+00 0.000000e+00
 0.000000e+00 8.137311e-01 1.862690e-01 0.000000e+00 0.000000e+00
 0.000000e+00 0.000000e+00 7.653751e-01 2.346249e-01 0.000000e+00
 0.000000e+00 0.000000e+00 0.000000e+00 9.216051e-01 7.839493e-02
 0.000000e+00 0.000000e+00 0.000000e+00 0.000000e+00 0.000000e+00
<ENDHMM>
~h "nine"
<BEGINHMM>
<NUMSTATES> 5
<STATE> 2
<MEAN> 39
 -4.136965e+00 -3.577099e+00 -1.765556e+00 -9.275768e+00 -2.818954e+00 -6.467162e+00 -1.842715e+00 -1.106697e+01 -5.128094e+00 -8.249373e+00 -3.128059e+00 -8.009602e+00 1.751195e+01 -1.416042e-01 -6.045575e-01 -2.142403e-01 4.040432e-01 -5.295478e-01 2.213616e-01 3.926159e-01 -2.255142e-01 -3.494554e-02 -1.494989e-01 -2.091343e-01 -1.615810e-01 2.475985e-01 -6.091442e-02 -1.806014e-01 -9.564289e-02 1.347836e-01 -3.546899e-03 1.727569e-02 7.075751e-02 2.053462e-02 1.995054e-02 7.705906e-03 8.045852e-02 4.848930e-02 -7.544672e-03
<VARIANCE> 39
 8.678164e+00 1.691138e+01 1.425457e+01 1.538504e+01 2.844470e+01 2.887504e+01 3.086813e+01 2.686770e+01 4.517284e+01 3.535455e+01 3.064559e+01 3.279884e+01 2.216028e+00 5.451019e-01 1.620981e+00 1.134600e+00 1.013944e+00 1.103828e+00 1.437673e+00 1.667749e+00 1.289869e+00 1.558644e+00 1.136848e+00 1.212698e+00 1.009506e+00 3.958708e-02 6.329556e-02 1.636293e-01 1.325884e-01 1.373749e-01 2.184969e-01 2.224195e-01 2.428280e-01 1.863156e-01 2.014724e-01 1.650862e-01 1.754374e-01 1.460377e-01 5.008223e-03
<GCONST> 8.230196e+01
<STATE> 3
<MEAN> 39
 -6.342577e+00 -1.158951e+01 -4.848563e+00 -2.893271e+00 -5.743735e+00 -5.299003e+00 1.800663e+00 -1.148720e+01 -5.545085e+00 -8.957776e+00 -1.765213e+00 -7.607765e+00 1.862702e+01 -1.160751e-01 3.006788e-02 1.933971e-01 -1.584043e-01 -1.149625e-02 1.932810e-01 -8.675538e-02 -8.031023e-02 1.799535e-01 4.539552e-02 -3.343377e-02 5.179117e-02 -1.554606e-02 1.086115e-02 2.065594e-01 7.578802e-02 -2.320228e-01 5.224552e-02 4.476323e-02 -1.186176e-01 1.988689e-02 6.903559e-02 -1.136436e-02 -5.687987e-02 2.124530e-02 -1.647902e-02
<VARIANCE> 39
 7.321091e+00 8.246623e+00 2.409866e+01 3.199733e+01 1.893956e+01 2.977511e+01 3.058636e+01 3.316423e+01 4.551810e+01 4.135389e+01 2.892249e+01 3.060613e+01 9.742849e-01 8.878484e-02 4.840353e-01 4.625378e-01 1.275056e+00 5.325842e-01 6.420801e-01 5.884418e-01 5.436633e-01 6.762838e-01 7.081479e-01 6.990123e-01 5.615792e-01 5.779168e-03 1.296666e-02 3.258181e-02 4.308674e-02 5.795087e-02 7.660277e-02 8.105481e-02 8.076334e-02 8.600576e-02 8.904162e-02 8.966769e-02 8.266322e-02 7.926793e-02 4.873303e-04
<GCONST> 5.597165e+01
<STATE> 4
<MEAN> 39
 -5.343694e+00 -2.427210e+00 -1.339705e+00 -1.124296e+01 -1.250182e+00 -5.273577e+00 -3.602282e+00 -1.029416e+01 -3.392346e+00 -8.029869e+00 -2.770468e+00 -6.502074e+00 1.766319e+01 2.294510e-01 4.851778e-01 -7.317689e-03 -7.159413e-02 4.429071e-01 -2.440163e-01 -2.051765e-01 2.665679e-01 -1.393615e-01 6.866812e-02 2.202402e-01 1.116984e-01 -1.746020e-01 -2.791186e-02 -1.580276e-01 -8.531386e-02 1.402129e-01 -3.805067e-02 -8.520097e-04 1.209471e-01 1.176698e-02 -5.155403e-02 4.141230e-02 7.049011e-02 -6.788784e-03 -1.939015e-02
<VARIANCE> 39
 1.180970e+01 1.570572e+01 1.124096e+01 2.344458e+01 3.113676e+01 3.344881e+01 2.999413e+01 3.037234e+01 4.663644e+01 3.812429e+01 3.669348e+01 4.050628e+01 1.193962e+00 5.030830e-01 1.176379e+00 6.280196e-01 1.617713e+00 1.280075e+00 1.537303e+00 1.510063e+00 1.270201e+00 1.644759e+00 1.185728e+00 1.131083e+00 1.081335e+00 2.594232e-02 6.975135e-02 8.544133e-02 8.983894e-02 1.768526e-01 1.764431e-01 2.409460e-01 1.802998e-01 2.004261e-01 2.406731e-01 1.935211e-01 1.777608e-01 1.492992e-01 2.319041e-03
<GCONST> 8.073315e+01
<TRANSP> 5
 0.000000e+00 1.000000e+00 0.000000e+00 0.000000e+00 0.000000e+00
 0.000000e+00 8.907024e-01 1.092976e-01 0.000000e+00 0.000000e+00
 0.000000e+00 0.000000e+00 9.199395e-01 8.006048e-02 0.000000e+00
 0.000000e+00 0.000000e+00 0.000000e+00 9.192135e-01 8.078656e-02
 0.000000e+00 0.000000e+00 0.000000e+00 0.000000e+00 0.000000e+00
<ENDHMM>
~h "five"
<BEGINHMM>
<NUMSTATES> 5
<STATE> 2
<MEAN> 39
 -3.905113e+00 -1.162901e+01 -1.040631e+01 -8.193561e+00 5.794715e-01 -8.366834e+00 3.513692e-01 -4.346598e+00 -5.447869e+00 -8.097982e+00 -2.051489e+00 -4.940467e+00 1.812950e+01 3.191988e-01 -1.199859e+00 -7.040418e-01 8.231666e-01 5.516319e-01 -6.188133e-01 3.582838e-01 3.473470e-01 -7.831212e-01 -1.876107e-01 -2.659525e-01 2.351563e-02 5.543488e-01 -2.118142e-01 4.897149e-02 2.106635e-01 8.759982e-02 -1.912019e-02 1.231960e-01 3.024789e-02 -2.339077e-01 5.094165e-02 1.600303e-01 1.822245e-01 5.710382e-02 -8.893445e-02
<VARIANCE> 39
 1.046002e+01 1.873357e+01 2.341525e+01 1.665237e+01 1.899265e+01 2.038741e+01 2.583767e+01 5.315995e+01 3.281776e+01 2.818727e+01 2.480724e+01 2.043794e+01 4.133461e+00 7.491140e-01 5.645896e-01 1.157612e+00 9.019692e-01 7.845537e-01 9.769331e-01 9.600928e-01 2.078203e+00 1.709453e+00 1.707562e+00 1.349572e+00 1.028415e+00 1.193431e-01 9.550613e-02 1.289687e-01 1.702258e-01 1.207713e-01 1.364113e-01 1.429944e-01 1.531945e-01 3.051174e-01 2.719644e-01 1.883370e-01 1.748192e-01 1.408890e-01 2.720161e-02
<GCONST> 8.390212e+01
<STATE> 3
<MEAN> 39
 -5.798342e+00 -1.545984e+01 -8.697266e+00 -3.581967e+00 1.485115e+00 -9.285789e+00 2.531799e+00 -7.367307e+00 -7.249460e+00 -5.546601e+00 -4.531883e-01 -4.491867e+00 1.906025e+01 -1.717281e-01 5.952663e-02 4.939743e-01 -2.092066e-01 -2.703692e-01 4.040594e-01 8.071463e-02 -3.953266e-01 1.699862e-02 3.166539e-01 7.641500e-02 -8.935836e-02 -4.617628e-02 3.955378e-02 1.130346e-01 1.687029e-02 -1.946950e-01 -5.963419e-02 9.606337e-02 -3.078305e-02 1.756264e-02 5.736314e-02 -4.148813e-02 -7.796353e-02 -2.249197e-02 -1.623939e-02
<VARIANCE> 39
 9.178880e+00 9.262429e+00 2.458949e+01 2.064747e+01 1.885629e+01 2.280263e+01 1.758145e+01 3.879282e+01 4.590161e+01 4.478194e+01 2.695423e+01 2.559753e+01 1.348037e+00 8.985011e-02 1.418130e-01 2.660765e-01 5.984468e-01 4.785086e-01 5.295525e-01 4.787467e-01 4.969336e-01 6.244283e-01 5.659859e-01 5.592348e-01 4.641827e-01 5.815241e-03 1.172022e-02 2.438439e-02 3.027555e-02 4.696026e-02 5.178801e-02 5.162096e-02 5.685499e-02 6.232668e-02 8.335455e-02 8.251598e-02 6.495972e-02 7.093348e-02 1.055163e-03
<GCONST> 4.936077e+01
<STATE> 4
<MEAN> 39
 -5.467989e+00 -8.740398e+00 -3.633778e+00 -1.322930e+01 -3.347472e+00 -3.616249e+00 1.462011e+00 -8.425522e+00 -4.181262e+00 -5.220937e+00 -1.987595e+00 -5.685935e+00 1.807221e+01 1.097368e-01 1.070121e+00 3.169605e-01 -3.844450e-01 -1.952126e-01 -1.894122e-02 -3.300085e-01 1.077673e-01 4.904107e-01 -1.566995e-01 7.775212e-03 1.772700e-03 -2.858075e-01 -5.353551e-02 -5.947840e-02 -9.563141e-02 2.603088e-01 1.515757e-01 -9.279662e-02 -2.292107e-02 2.695933e-03 -4.271153e-02 -7.688571e-03 9.290531e-02 5.242579e-02 -4.110653e-02
<VARIANCE> 39
 7.969096e+00 2.654504e+01 1.233890e+01 3.170940e+01 3.874300e+01 2.242739e+01 2.492861e+01 3.482972e+01 4.956706e+01 2.789266e+01 2.709054e+01 2.945538e+01 2.065872e+00 2.798345e-01 6.031755e-01 5.948712e-01 2.912776e+00 1.722947e+00 1.592492e+00 9.767833e-01 1.437754e+00 1.593983e+00 1.310775e+00 1.322186e+00 1.014378e+00 5.464897e-02 4.994502e-02 1.054716e-01 8.502960e-02 2.550090e-01 2.181929e-01 2.544093e-01 1.658861e-01 2.175211e-01 2.124998e-01 1.766224e-01 2.075253e-01 1.641079e-01 4.864742e-03
<GCONST> 8.213864e+01
<TRANSP> 5
 0.000000e+00 1.000000e+00 0.000000e+00 0.000000e+00 0.000000e+00
 0.000000e+00 8.328051e-01 1.671949e-01 0.000000e+00 0.000000e+00
 0.000000e+00 0.000000e+00 9.111588e-01 8.884127e-02 0.000000e+00
 0.000000e+00 0.000000e+00 0.000000e+00 8.885677e-01 1.114323e-01
 0.000000e+00 0.000000e+00 0.000000e+00 0.000000e+00 0.000000e+00
<ENDHMM>
~h "four"
<BEGINHMM>
<NUMSTATES> 5
<STATE> 2
<MEAN> 39
 -8.918526e-01 -4.714517e+00 -1.003758e+01 -1.377310e+01 -2.696962e+00 -7.193961e+00 -3.729731e+00 -8.854000e+00 -1.348913e+00 -4.642423e+00 -7.289695e-01 -6.912570e+00 1.773229e+01 1.416214e+00 5.013292e-01 -1.149318e+00 -1.117275e+00 -3.243742e-01 -1.598311e-01 -3.759125e-01 -8.340060e-02 1.011781e-01 2.979651e-01 -2.067799e-01 -5.027825e-01 6.185848e-01 -1.995720e-01 -6.415767e-02 9.366689e-02 5.650723e-02 2.172084e-02 1.410295e-01 1.552707e-01 4.454708e-02 -5.439622e-02 -3.000863e-02 9.717836e-02 1.184966e-01 -7.515609e-02
<VARIANCE> 39
 1.886850e+01 1.057198e+01 1.875017e+01 1.906368e+01 1.783281e+01 1.668941e+01 1.699118e+01 1.648761e+01 2.115340e+01 2.343996e+01 3.715258e+01 3.389639e+01 3.103429e+00 5.295790e-01 4.526632e-01 5.608856e-01 7.472681e-01 9.061415e-01 9.548919e-01 8.820124e-01 9.318081e-01 1.051712e+00 1.301802e+00 1.733089e+00 1.641175e+00 6.638854e-02 1.676061e-01 7.611461e-02 1.669670e-01 1.558331e-01 1.188620e-01 1.562124e-01 1.566530e-01 1.456284e-01 1.780130e-01 1.934080e-01 2.305685e-01 2.387141e-01 2.424888e-02
<GCONST> 7.890337e+01
<STATE> 3
<MEAN> 39
 1.610243e+00 -3.382068e+00 -1.221142e+01 -1.740025e+01 -4.236458e+00 -5.676113e+00 -2.664181e+00 -8.850909e+00 -1.395361e+00 -3.811489e+00 8.453581e-01 -6.443415e+00 1.900383e+01 -4.287192e-02 -4.324276e-01 -1.529955e-02 3.750139e-01 2.219493e-01 -2.037228e-02 -2.239654e-01 2.850258e-01 4.500722e-01 -2.190580e-02 -2.639210e-01 -1.054225e-01 -7.457644e-03 -8.285542e-02 -1.583969e-01 1.073130e-01 2.352736e-01 2.668656e-02 -1.111099e-01 -3.260770e-02 1.225653e-01 7.911796e-02 -9.159918e-02 -1.264304e-01 2.882585e-03 -3.216397e-02
<VARIANCE> 39
 3.872425e+00 1.035051e+01 8.801915e+00 1.358652e+01 2.548707e+01 1.603425e+01 1.846142e+01 1.729412e+01 2.397768e+01 2.511558e+01 3.612192e+01 3.635048e+01 1.082456e+00 6.760764e-02 6.119745e-01 3.938620e-01 7.667539e-01 8.600031e-01 7.403028e-01 9.256209e-01 9.636936e-01 1.339090e+00 1.116032e+00 1.245499e+00 1.039428e+00 1.215482e-02 2.143069e-02 3.628886e-02 8.681208e-02 7.328905e-02 1.426784e-01 1.187664e-01 1.406460e-01 1.340127e-01 1.770062e-01 1.883482e-01 1.733678e-01 1.650000e-01 3.279690e-03
<GCONST> 6.395199e+01
<STATE> 4
<MEAN> 39
 -8.219662e-01 -1.045995e+01 -6.878256e+00 -8.708673e+00 -5.460402e+00 -8.407664e+00 -2.167623e+00 -5.252419e+00 -1.527372e-01 -7.543489e+00 -3.589612e+00 -7.253883e+00 1.826749e+01 -6.295249e-01 1.430751e-01 1.005566e+00 4.434378e-01 -2.831144e-01 1.175697e-01 5.633751e-01 -2.461143e-01 -5.988773e-01 -2.938148e-01 1.798355e-01 2.940168e-01 -2.576807e-01 -7.716272e-02 2.190100e-01 -6.277159e-02 -1.837267e-01 1.271914e-01 1.693620e-01 2.185817e-02 -1.638941e-01 -1.050279e-01 1.021898e-01 1.591592e-01 3.782225e-02 -4.526314e-02
<VARIANCE> 39
 8.321335e+00 1.880978e+01 3.071197e+01 2.008765e+01 4.381943e+01 3.904909e+01 3.472694e+01 4.359421e+01 4.716362e+01 3.464123e+01 3.376107e+01 3.022186e+01 1.910256e+00 2.721607e-01 1.527241e+00 9.697194e-01 1.625150e+00 2.589382e+00 2.204839e+00 1.734099e+00 2.412851e+00 1.845653e+00 1.653134e+00 1.758560e+00 1.148890e+00 5.476989e-02 3.131968e-02 1.400003e-01 1.960357e-01 1.762678e-01 4.082260e-01 3.037682e-01 3.389074e-01 3.609252e-01 3.744598e-01 2.758661e-01 3.004073e-01 2.078059e-01 3.733439e-03
<GCONST> 9.094312e+01
<TRANSP> 5
 0.000000e+00 1.000000e+00 0.000000e+00 0.000000e+00 0.000000e+00
 0.000000e+00 7.860251e-01 2.139749e-01 0.000000e+00 0.000000e+00
 0.000000e+00 0.000000e+00 8.923249e-01 1.076751e-01 0.000000e+00
 0.000000e+00 0.000000e+00 0.000000e+00 8.890031e-01 1.109969e-01
 0.000000e+00 0.000000e+00 0.000000e+00 0.000000e+00 0.000000e+00
<ENDHMM>
~h "zero"
<BEGINHMM>
<NUMSTATES> 5
<STATE> 2
<MEAN> 39
 -6.149025e+00 1.345997e+00 -7.483552e-01 -1.528139e+01 -4.875828e+00 -9.665864e+00 -4.401128e+00 -8.371075e+00 -1.007993e+00 -3.766936e+00 5.963855e-02 -6.218066e+00 1.776529e+01 1.755583e-01 -6.803270e-02 7.254672e-01 -8.520517e-01 -8.417755e-01 -7.424143e-02 -2.665592e-01 1.205007e-01 3.586280e-01 2.337062e-02 4.073155e-03 -1.998490e-01 2.751257e-01 6.073468e-02 -3.065047e-01 -5.174745e-02 2.427894e-01 -1.133226e-01 2.491346e-01 1.474430e-01 1.428663e-02 8.097876e-03 -6.883100e-02 2.008247e-02 1.080279e-02 -5.010254e-02
<VARIANCE> 39
 7.443612e+00 1.323051e+01 1.808683e+01 3.584138e+01 3.931620e+01 3.348315e+01 3.145996e+01 3.766699e+01 3.515809e+01 3.204267e+01 3.333496e+01 4.939695e+01 2.334243e+00 3.960707e-01 1.701103e+00 8.466044e-01 1.503030e+00 1.567654e+00 2.743452e+00 1.310228e+00 1.499411e+00 1.415772e+00 1.269716e+00 1.175480e+00 1.446045e+00 8.142762e-02 5.944737e-02 1.140367e-01 1.353438e-01 2.533198e-01 1.860938e-01 3.078380e-01 2.371309e-01 2.408729e-01 2.333173e-01 1.869271e-01 1.770885e-01 2.351151e-01 9.068856e-03
<GCONST> 8.776842e+01
<STATE> 3
<MEAN> 39
 -2.502576e+00 -8.445184e+00 1.413851e+00 -1.205586e+01 -1.485151e+01 -5.950192e+00 -3.126839e-01 -7.901519e+00 4.865813e-01 -4.586583e+00 2.324498e-01 -6.081810e+00 1.857454e+01 4.626696e-01 -1.198857e+00 -5.922717e-01 1.057510e+00 -3.183665e-01 -2.447206e-01 1.021998e+00 4.256164e-01 -1.512602e-01 -2.467130e-01 -8.419213e-02 1.336267e-01 1.544149e-02 -8.518284e-02 1.787333e-01 -1.819361e-01 -9.037630e-02 3.779658e-01 -1.651056e-01 -8.455630e-02 1.493754e-01 -8.700816e-02 -1.967921e-02 -5.489048e-02 2.431565e-02 -4.335604e-03
<VARIANCE> 39
 6.573778e+00 2.101567e+01 1.271856e+01 4.084666e+01 5.372601e+01 6.149336e+01 3.089686e+01 3.271508e+01 2.248331e+01 1.925009e+01 2.452544e+01 3.747241e+01 1.366818e+00 3.254988e-01 4.570917e-01 5.311109e-01 1.377268e+00 2.120771e+00 2.091530e+00 1.031574e+00 1.703451e+00 1.183123e+00 7.705768e-01 7.900605e-01 8.065727e-01 1.051653e-02 2.681285e-02 3.626531e-02 8.276425e-02 2.085724e-01 1.951246e-01 3.115730e-01 2.122014e-01 1.631199e-01 1.588988e-01 1.122281e-01 1.189886e-01 1.222780e-01 1.586484e-03
<GCONST> 7.396158e+01
<STATE> 4
<MEAN> 39
 -1.548538e+00 -9.450146e+00 -6.503369e+00 -9.707633e+00 -6.330624e+00 -8.775804e+00 -6.153998e-01 -3.534463e+00 -4.299566e-01 -7.360958e+00 -1.387590e+00 -5.953633e+00 1.829747e+01 -1.489488e-01 4.567316e-01 -2.083378e-01 -2.296850e-02 7.877340e-01 1.454660e-01 -2.944172e-01 -1.924494e-01 -8.844158e-02 -1.845362e-02 9.381330e-03 5.856495e-03 -1.583254e-01 -6.560024e-02 3.794045e-02 9.525876e-02 1.037007e-03 -3.827210e-02 9.276650e-02 2.135732e-02 -1.201239e-01 -2.024162e-02 4.556769e-02 4.244002e-02 1.745320e-02 -3.086238e-02
<VARIANCE> 39
 6.458974e+00 2.284177e+01 1.812972e+01 2.201116e+01 4.501387e+01 4.184231e+01 4.173541e+01 3.748083e+01 5.110656e+01 3.932845e+01 2.604798e+01 3.081896e+01 1.704888e+00 2.554670e-01 4.673071e-01 8.639648e-01 7.187966e-01 1.154894e+00 1.673757e+00 1.403036e+00 1.762607e+00 1.785254e+00 1.670492e+00 1.171595e+00 1.055353e+00 4.259649e-02 2.875100e-02 5.708403e-02 8.372708e-02 8.642119e-02 1.346115e-01 2.098343e-01 1.987863e-01 2.087357e-01 2.461892e-01 2.215575e-01 1.699602e-01 1.510412e-01 2.556990e-03
<GCONST> 7.886539e+01
<TRANSP> 5
 0.000000e+00 1.000000e+00 0.000000e+00 0.000000e+00 0.000000e+00
 0.000000e+00 8.868789e-01 1.131211e-01 0.000000e+00 0.000000e+00
 0.000000e+00 0.000000e+00 8.705850e-01 1.294150e-01 0.000000e+00
 0.000000e+00 0.000000e+00 0.000000e+00 9.293785e-01 7.062146e-02
 0.000000e+00 0.000000e+00 0.000000e+00 0.000000e+00 0.000000e+00
<ENDHMM>
