~o
<STREAMINFO> 1 39
<VECSIZE> 39<NULLD><MFCC_E_D_A><DIAGC>
~s "silst"
<MEAN> 39
 -5.089939e+00 -3.746858e+00 -3.213616e+00 -8.841967e+00 -1.244855e+00 -5.746677e+00 -1.823815e+00 -9.463211e+00 -3.498722e+00 -6.420390e+00 -3.616123e-01 -5.631808e+00 1.585380e+01 -6.631118e-01 -4.430422e-01 -4.523409e-01 1.670753e-01 3.060289e-01 7.052571e-01 3.753204e-01 1.104333e-01 1.450749e-01 1.511813e-01 3.338270e-01 3.711024e-01 -3.627586e-01 -2.655048e-02 -6.914811e-02 -1.090554e-01 -1.273703e-01 -9.647416e-02 -7.310985e-02 2.042298e-04 7.246746e-02 3.781687e-02 9.320532e-03 -1.500551e-02 3.985913e-03 2.679796e-02
<VARIANCE> 39
 1.122738e+01 1.072969e+01 1.342927e+01 1.340317e+01 2.076627e+01 2.465826e+01 2.381845e+01 2.472600e+01 2.788470e+01 2.727015e+01 2.578666e+01 2.355674e+01 2.022167e+00 3.749963e-01 7.430981e-01 8.192840e-01 8.113923e-01 1.144787e+00 1.289669e+00 1.255316e+00 1.300323e+00 1.408956e+00 1.271796e+00 1.245609e+00 1.114247e+00 5.123387e-02 6.989527e-02 1.004691e-01 1.068413e-01 1.139726e-01 1.562303e-01 2.204723e-01 1.943135e-01 1.871216e-01 2.096434e-01 1.843286e-01 1.820989e-01 1.530523e-01 9.222084e-03
<GCONST> 7.758952e+01
~h "eight"
<BEGINHMM>
<NUMSTATES> 5
<STATE> 2
<MEAN> 39
 -8.238557e+00 -2.994483e+00 -5.885077e+00 -1.822654e+01 2.107797e-01 -4.905986e+00 8.325861e-01 -6.813539e+00 -1.625493e+00 -7.443687e+00 -1.713506e+00 -5.721198e+00 1.740570e+01 -1.694286e-01 1.034783e+00 -9.557875e-02 -1.073828e+00 -5.104391e-02 -5.834512e-01 9.193441e-02 4.703521e-01 3.855367e-01 -1.054725e-02 -1.831099e-01 -2.425425e-01 3.343475e-01 2.896082e-02 8.978289e-02 5.147649e-03 1.400659e-01 -6.263894e-02 -1.923525e-01 -8.335007e-02 -1.753843e-02 2.604951e-02 9.250891e-02 1.133216e-01 -7.373259e-04 -1.713203e-02
<VARIANCE> 39
 7.938942e+00 2.034206e+01 1.878317e+01 3.167444e+01 4.183672e+01 2.220387e+01 2.469070e+01 2.263763e+01 3.069243e+01 2.349129e+01 2.465599e+01 2.550190e+01 3.280387e+00 3.466174e-01 7.508533e-01 6.577567e-01 1.286389e+00 1.208224e+00 1.362991e+00 1.443657e+00 9.982833e-01 1.350459e+00 1.119259e+00 1.070527e+00 9.609597e-01 1.025641e-01 4.200206e-02 8.032325e-02 7.528318e-02 1.954612e-01 1.375153e-01 1.691782e-01 1.485352e-01 1.685728e-01 2.269000e-01 1.638402e-01 1.704021e-01 1.470851e-01 1.304148e-02
<GCONST> 7.936108e+01
<STATE> 3
<MEAN> 39
 -8.394528e+00 5.771155e+00 -5.519228e+00 -1.924360e+01 -2.893335e+00 -1.374166e+01 -1.638229e+00 -5.947118e+00 7.448842e-01 -4.029789e+00 7.563008e-01 -5.694012e+00 1.854693e+01 1.001605e-01 5.036978e-01 2.027338e-01 8.252963e-01 -1.157272e-02 -9.375133e-01 -6.096424e-01 -8.099953e-01 -3.582873e-01 3.271835e-01 4.647339e-01 2.249616e-01 -7.164903e-02 4.940609e-02 -2.805513e-01 2.302616e-02 1.896437e-01 8.654056e-02 2.711616e-01 2.055127e-02 -1.588481e-01 -1.940166e-01 -1.392883e-01 -7.097577e-02 3.691861e-02 -6.157858e-02
<VARIANCE> 39
 1.001516e+01 1.133356e+01 2.487405e+01 2.641900e+01 2.101163e+01 2.371822e+01 5.644190e+01 2.710014e+01 2.949918e+01 2.181897e+01 3.273281e+01 2.502909e+01 1.477150e+00 1.827027e-01 5.046530e-01 2.620941e-01 6.265340e-01 8.219722e-01 1.014506e+00 7.515813e-01 8.256879e-01 1.768090e+00 1.022392e+00 1.190453e+00 8.480910e-01 2.538523e-02 2.770366e-02 7.067189e-02 4.949252e-02 9.902906e-02 8.105566e-02 1.527924e-01 1.404311e-01 1.337684e-01 1.675003e-01 1.386346e-01 1.858790e-01 1.361168e-01 3.380087e-03
<GCONST> 6.903603e+01
<STATE> 4
<MEAN> 39
 -6.984262e+00 1.127262e+00 -4.081526e+00 -1.221605e+01 -1.205354e+00 -1.173284e+01 -4.083736e+00 -1.160488e+01 -4.449599e+00 -5.780782e+00 8.147225e-01 -4.551588e+00 1.652461e+01 2.185405e-01 -1.854383e+00 6.562909e-04 8.879086e-01 2.211865e-01 1.602249e+00 3.188743e-01 -3.146841e-02 -3.293074e-01 -3.993147e-01 -1.453225e-01 9.686388e-02 -4.691764e-01 -7.001308e-02 -1.013330e-01 -9.851104e-02 -1.302967e-01 -4.588340e-02 1.612262e-01 1.929402e-01 2.729058e-01 2.061956e-01 6.423175e-02 2.205309e-02 -3.139614e-02 -6.716171e-03
<VARIANCE> 39
 6.055301e+00 3.354046e+01 1.485102e+01 1.934419e+01 1.615669e+01 3.814488e+01 3.284094e+01 2.463330e+01 3.948085e+01 2.741711e+01 2.595816e+01 2.419361e+01 2.806538e+00 3.507240e-01 7.456023e-01 6.176276e-01 1.035546e+00 6.513236e-01 1.246705e+00 1.757716e+00 1.481065e+00 2.021200e+00 1.219079e+00 1.376243e+00 1.140648e+00 3.566785e-02 4.192733e-02 2.584837e-01 6.970386e-02 1.185371e-01 9.772576e-02 3.261549e-01 1.808320e-01 1.961322e-01 2.998278e-01 1.796843e-01 1.979075e-01 1.935041e-01 1.053440e-02
<GCONST> 8.036936e+01
<TRANSP> 5
 0.000000e+00 1.000000e+00 0.000000e+00 0.000000e+00 0.000000e+00
 0.000000e+00 8.672035e-01 1.327965e-01 0.000000e+00 0.000000e+00
 0.000000e+00 0.000000e+00 8.556081e-01 1.443919e-01 0.000000e+00
 0.000000e+00 0.000000e+00 0.000000e+00 8.207190e-01 1.792810e-01
 0.000000e+00 0.000000e+00 0.000000e+00 0.000000e+00 0.000000e+00
<ENDHMM>
~h "oh"
<BEGINHMM>
<NUMSTATES> 5
<STATE> 2
<MEAN> 39
 -4.362798e+00 -1.037501e+01 -8.314878e+00 -8.583820e+00 -2.637712e+00 -7.655523e+00 3.580698e+00 -7.386890e+00 -5.241820e+00 -7.111455e+00 -2.441647e+00 -5.427443e+00 1.781993e+01 5.457699e-01 -2.058493e-01 -6.071265e-01 1.667023e-01 9.213803e-02 -6.957560e-01 1.442234e-01 7.355430e-01 -1.581589e-02 -4.301608e-01 -4.103968e-01 -1.512957e-01 3.515359e-01 1.000419e-02 1.037890e-01 2.169278e-03 -5.238705e-02 3.837333e-02 -1.055461e-02 -1.519694e-01 8.222923e-03 1.329509e-01 2.595660e-02 -9.858646e-03 -2.757998e-02 -2.156525e-02
<VARIANCE> 39
 8.672126e+00 1.233210e+01 1.668208e+01 1.820028e+01 2.296954e+01 2.454456e+01 3.069804e+01 6.478558e+01 3.832632e+01 3.402195e+01 2.704083e+01 3.145411e+01 3.001159e+00 2.969015e-01 5.784761e-01 6.303151e-01 6.401428e-01 6.849198e-01 9.311219e-01 1.330276e+00 1.788989e+00 1.556927e+00 1.261710e+00 1.250589e+00 1.052227e+00 9.578629e-02 3.983463e-02 6.284567e-02 7.489546e-02 7.977055e-02 9.166625e-02 1.300074e-01 1.558006e-01 2.153597e-01 1.871764e-01 1.964740e-01 1.842018e-01 1.402836e-01 1.332844e-02
<GCONST> 7.715390e+01
<STATE> 3
<MEAN> 39
 -5.711226e-01 -8.245752e+00 -1.317655e+01 -9.927473e+00 -7.012260e-01 -1.204488e+01 -8.009169e-01 -7.821284e-01 1.275863e-01 -8.233070e+00 -5.127852e+00 -6.598851e+00 1.903702e+01 2.232257e-01 4.045584e-01 -2.842569e-02 -3.470559e-01 -3.601027e-02 -4.358062e-03 -6.740994e-01 -2.443679e-01 6.657938e-01 6.030458e-01 -3.287518e-02 -3.512489e-01 -9.603978e-03 -4.124973e-02 2.441677e-02 1.011257e-01 -2.062082e-02 -5.719912e-02 9.291799e-02 1.145089e-02 -1.582158e-01 -8.105822e-02 9.179664e-02 1.210669e-01 1.121839e-02 -2.522137e-02
<VARIANCE> 39
 6.095696e+00 8.381646e+00 1.533186e+01 1.468936e+01 1.920597e+01 2.241358e+01 4.166521e+01 3.074187e+01 3.924692e+01 3.570812e+01 3.180183e+01 4.015393e+01 1.216546e+00 8.017273e-02 1.367633e-01 2.628084e-01 2.767680e-01 3.852894e-01 5.149297e-01 7.295513e-01 1.010481e+00 7.302220e-01 8.549956e-01 7.855764e-01 6.994809e-01 1.317016e-02 1.110941e-02 1.421644e-02 3.351567e-02 3.312453e-02 4.700219e-02 6.866350e-02 7.738919e-02 9.579124e-02 1.050017e-01 1.013347e-01 9.152492e-02 8.860462e-02 1.198659e-03
<GCONST> 5.210411e+01
<STATE> 4
<MEAN> 39
 1.784984e-01 -3.748671e+00 -9.931410e+00 -1.348463e+01 -3.320489e+00 -1.008031e+01 -4.949460e+00 -7.354345e+00 1.045652e+00 -2.363776e+00 -1.867696e-01 -7.007506e+00 1.844902e+01 -3.485871e-01 2.884424e-01 8.522120e-01 1.503528e-01 -2.189785e-01 3.724427e-01 2.095581e-01 -5.764644e-01 -5.864635e-01 -1.032833e-01 5.094847e-01 4.128063e-01 -2.308844e-01 -1.311124e-01 -1.055862e-01 5.185653e-02 1.419244e-01 1.060804e-01 8.457246e-02 1.855505e-01 8.507665e-02 -1.053203e-01 -1.823502e-01 -7.790670e-02 8.006771e-02 -4.430128e-02
<VARIANCE> 39
 6.297194e+00 7.046041e+00 1.859861e+01 1.557371e+01 1.892004e+01 2.848277e+01 3.125967e+01 2.745455e+01 3.058507e+01 3.710508e+01 3.966095e+01 3.647433e+01 1.764328e+00 2.387939e-01 3.547035e-01 4.247141e-01 5.884729e-01 6.861168e-01 8.702762e-01 1.175597e+00 1.224859e+00 1.194270e+00 1.307992e+00 1.201089e+00 1.026523e+00 3.051629e-02 2.295746e-02 3.296290e-02 6.557573e-02 6.526461e-02 9.790110e-02 1.570101e-01 1.653457e-01 1.871433e-01 2.026837e-01 1.904758e-01 1.711876e-01 1.630450e-01 2.734618e-03
<GCONST> 6.919553e+01
<TRANSP> 5
 0.000000e+00 1.000000e+00 0.000000e+00 0.000000e+00 0.000000e+00
 0.000000e+00 8.831170e-01 1.168830e-01 0.000000e+00 0.000000e+00
 0.000000e+00 0.000000e+00 8.921255e-01 1.078745e-01 0.000000e+00
 0.000000e+00 0.000000e+00 0.000000e+00 8.563626e-01 1.436374e-01
 0.000000e+00 0.000000e+00 0.000000e+00 0.000000e+00 0.000000e+00
<ENDHMM>
~h "sp"
<BEGINHMM>
<NUMSTATES> 5
<STATE> 2
~s "silst"
<STATE> 3
<MEAN> 39
 -7.708653e+00 -6.470097e+00 -6.100050e+00 -9.708428e+00 -1.336057e+00 -4.072904e+00 -6.396222e-01 -8.568646e+00 -2.838662e+00 -5.608700e+00 9.595326e-01 -4.088114e+00 1.480020e+01 -9.941646e-02 -1.718168e-02 -1.128253e-01 -4.948250e-03 -2.990045e-02 2.978551e-02 -6.973902e-03 3.472969e-02 2.684117e-03 2.037903e-02 3.498875e-02 4.007437e-02 -1.338790e-02 6.157270e-02 8.230686e-02 6.157493e-02 -1.158745e-02 -9.672027e-03 -5.698822e-02 -4.094916e-02 -1.853109e-02 -9.102765e-03 -1.632885e-02 -3.390228e-02 -3.263715e-02 4.433540e-02
<VARIANCE> 39
 5.207752e+00 5.819223e+00 8.391833e+00 1.001281e+01 1.421861e+01 1.534258e+01 1.548636e+01 1.658002e+01 1.760978e+01 1.637350e+01 1.594461e+01 1.373124e+01 1.090394e+00 1.562301e-01 2.341100e-01 3.575234e-01 4.286749e-01 5.675701e-01 6.773009e-01 6.519025e-01 7.194176e-01 7.407834e-01 6.606333e-01 6.514205e-01 5.697303e-01 7.397125e-03 3.309627e-02 5.307500e-02 7.096463e-02 9.042716e-02 1.140028e-01 1.431248e-01 1.321293e-01 1.439355e-01 1.466529e-01 1.252192e-01 1.243110e-01 1.145945e-01 4.111135e-03
<GCONST> 5.486890e+01
<STATE> 4
<MEAN> 39
 -8.556622e+00 -4.943698e+00 -6.278655e+00 -8.985926e+00 -2.035181e+00 -3.794667e+00 -1.062502e+00 -8.403733e+00 -2.900936e+00 -5.486809e+00 6.334314e-01 -4.039624e+00 1.505497e+01 2.926506e-01 1.769640e-01 1.078451e-01 -1.451560e-01 -2.013371e-01 -3.195082e-01 -7.329234e-02 7.163466e-02 -3.184348e-02 -5.165771e-02 -2.062606e-01 -8.609943e-02 2.249476e-01 2.172963e-01 4.129855e-03 6.116579e-02 -1.501116e-01 -1.352255e-01 -2.137678e-01 -2.678829e-03 1.865626e-02 7.492780e-03 -1.043287e-03 -1.026841e-01 -8.479057e-02 1.119701e-01
<VARIANCE> 39
 1.189195e+01 1.150882e+01 1.730993e+01 1.576729e+01 1.921097e+01 1.872237e+01 1.796498e+01 2.023154e+01 2.122400e+01 1.988457e+01 1.868320e+01 1.698780e+01 1.494781e+00 5.923245e-01 5.340996e-01 7.502102e-01 7.977033e-01 9.761989e-01 1.015622e+00 8.585809e-01 1.189993e+00 1.046671e+00 9.359682e-01 9.460573e-01 7.714030e-01 5.437740e-02 7.076399e-02 1.102120e-01 1.690990e-01 1.497211e-01 2.009794e-01 1.930864e-01 1.697429e-01 2.263324e-01 2.050482e-01 1.802586e-01 1.802378e-01 1.559936e-01 9.430438e-03
<GCONST> 7.472319e+01
<TRANSP> 5
 0.000000e+00 8.230756e-01 1.769244e-01 0.000000e+00 0.000000e+00
 0.000000e+00 7.937750e-01 2.062250e-01 0.000000e+00 0.000000e+00
 0.000000e+00 0.000000e+00 8.503270e-01 1.496731e-01 0.000000e+00
 0.000000e+00 0.000000e+00 0.000000e+00 5.834433e-01 4.165566e-01
 0.000000e+00 0.000000e+00 0.000000e+00 0.000000e+00 0.000000e+00
<ENDHMM>
~h "seven"
<BEGINHMM>
<NUMSTATES> 5
<STATE> 2
<MEAN> 39
 -6.821023e+00 -4.197595e+00 -5.367068e+00 -1.069641e+01 -4.866378e+00 -6.090452e+00 1.088290e-01 -8.116885e+00 -2.409809e+00 -3.807781e+00 -1.031768e+00 -4.448906e+00 1.602771e+01 8.388050e-01 2.154063e-02 6.403299e-01 -1.451783e+00 -1.195338e+00 -8.014416e-01 1.080579e+00 -1.660885e-02 2.882303e-01 -2.697336e-02 -8.652409e-01 -7.700025e-01 7.247107e-01 -6.393652e-02 -1.416897e-01 -1.380757e-01 -1.575114e-01 -5.922355e-02 1.933956e-01 1.901194e-01 6.205741e-02 -4.918822e-02 -1.863547e-01 -1.216007e-01 -9.520866e-02 8.448815e-02
<VARIANCE> 39
 1.123331e+01 6.221932e+00 1.245224e+01 1.613997e+01 2.764179e+01 2.882897e+01 2.153885e+01 2.076295e+01 1.853815e+01 3.308953e+01 2.004469e+01 1.919159e+01 3.220967e+00 4.699388e-01 4.880958e-01 6.727415e-01 9.550457e-01 1.326387e+00 1.655697e+00 1.449676e+00 1.292330e+00 1.359366e+00 2.316244e+00 1.131458e+00 1.333990e+00 6.096372e-02 9.279918e-02 5.393417e-02 1.056652e-01 1.464964e-01 2.580034e-01 2.341724e-01 1.626737e-01 1.462471e-01 1.560289e-01 2.059182e-01 1.393107e-01 1.889900e-01 1.953001e-02
<GCONST> 7.879173e+01
<STATE> 3
<MEAN> 39
 -5.903158e+00 -7.773731e+00 -5.542020e+00 -1.627210e+01 -5.778196e+00 -3.821694e+00 5.148350e+00 -8.770860e+00 -2.716931e+00 -7.506678e+00 -4.180163e+00 -6.550606e+00 1.908753e+01 1.000183e-01 -2.949612e-01 5.312481e-02 2.671311e-01 1.363390e-01 3.941030e-03 9.218844e-02 2.520221e-01 -3.609945e-01 -3.145383e-02 7.404384e-02 1.804887e-02 2.994217e-02 6.041026e-03 1.261549e-01 6.992313e-02 3.187664e-01 1.200131e-01 -1.268168e-01 -2.941021e-01 5.184501e-02 -2.435289e-03 6.512820e-02 2.084082e-01 5.582562e-02 -1.360045e-01
<VARIANCE> 39
 9.358150e+00 1.102639e+01 8.545043e+00 1.789266e+01 4.837138e+01 3.509143e+01 3.197615e+01 3.926059e+01 5.034175e+01 5.566336e+01 3.444081e+01 3.329042e+01 1.182921e+00 3.769127e-01 5.706115e-01 4.341550e-01 1.120796e+00 1.341117e+00 1.566566e+00 1.479422e+00 1.028190e+00 1.250247e+00 1.726990e+00 1.689982e+00 1.116399e+00 1.450832e-01 7.454260e-02 7.958537e-02 7.408144e-02 1.147327e-01 2.660159e-01 2.325694e-01 1.763381e-01 1.644536e-01 2.116486e-01 2.309591e-01 2.416203e-01 1.939688e-01 5.629297e-03
<GCONST> 8.196821e+01
<STATE> 4
<MEAN> 39
 -3.257540e+00 -4.144604e+00 -2.032124e+00 -9.791656e+00 -3.977367e+00 -7.915422e+00 -4.656302e-01 -7.892131e+00 -3.874177e+00 -6.630480e+00 -1.631655e+00 -6.950799e+00 1.713493e+01 1.044000e-01 3.687309e-01 2.315413e-01 2.360236e-01 3.780784e-01 -3.264302e-02 -4.277841e-01 -3.494815e-01 3.271903e-02 -6.850198e-02 8.096581e-02 -1.504006e-02 -8.871815e-02 -4.027215e-02 -5.812928e-02 -5.472527e-02 -7.410946e-02 2.349026e-03 1.098333e-01 9.049985e-02 -4.352817e-02 -1.412802e-03 -1.033005e-03 -4.312394e-02 3.166170e-02 1.964957e-02
<VARIANCE> 39
 4.909221e+00 1.048092e+01 9.982538e+00 1.377113e+01 2.814135e+01 3.250662e+01 2.625156e+01 4.100724e+01 3.221209e+01 3.552321e+01 3.233344e+01 2.880191e+01 1.692332e+00 1.924997e-01 4.167189e-01 4.795134e-01 9.112003e-01 1.392612e+00 1.175669e+00 1.652684e+00 1.273919e+00 1.392613e+00 1.392036e+00 1.266887e+00 9.352561e-01 8.991979e-02 3.497912e-02 7.902994e-02 8.629234e-02 1.531595e-01 2.488083e-01 2.059545e-01 2.860216e-01 2.271829e-01 2.303691e-01 2.393253e-01 2.144388e-01 1.483487e-01 1.492887e-02
<GCONST> 7.858344e+01
<TRANSP> 5
 0.000000e+00 1.000000e+00 0.000000e+00 0.000000e+00 0.000000e+00
 0.000000e+00 7.425656e-01 2.574344e-01 0.000000e+00 0.000000e+00
 0.000000e+00 0.000000e+00 8.847674e-01 1.152325e-01 0.000000e+00
 0.000000e+00 0.000000e+00 0.000000e+00 9.307262e-01 6.927378e-02
 0.000000e+00 0.000000e+00 0.000000e+00 0.000000e+00 0.000000e+00
<ENDHMM>
~h "three"
<BEGINHMM>
<NUMSTATES> 5
<STATE> 2
<MEAN> 39
 -3.080059e+00 -6.939925e+00 -3.571798e-01 -8.984635e+00 -1.035320e+01 -1.089175e+01 -1.256524e+00 -8.765145e+00 -1.818740e+00 -5.108715e+00 -2.462920e-01 -5.330397e+00 1.738552e+01 4.858356e-01 -1.460630e-01 9.492096e-01 -2.587054e-01 -1.592566e+00 -1.129871e-01 -2.415932e-01 -2.371941e-01 4.029807e-01 1.012053e-01 -3.525791e-02 -2.412972e-01 3.709626e-01 -1.766603e-01 1.157133e-01 7.494361e-03 -2.920637e-01 2.094248e-01 3.086050e-01 -1.612258e-01 1.298524e-02 8.385837e-02 -1.658906e-02 4.742037e-02 8.861450e-03 -3.111453e-02
<VARIANCE> 39
 1.169440e+01 1.268158e+01 1.680248e+01 2.985568e+01 5.280485e+01 4.902214e+01 2.345027e+01 2.630200e+01 2.819438e+01 2.591992e+01 3.397751e+01 3.192902e+01 2.758088e+00 7.832398e-01 6.844128e-01 8.024949e-01 2.082552e+00 1.922972e+00 3.465173e+00 1.416000e+00 1.553306e+00 1.259948e+00 1.074631e+00 1.378175e+00 1.286391e+00 6.031923e-02 1.136385e-01 1.462201e-01 1.332125e-01 3.011443e-01 4.688845e-01 4.275480e-01 2.913455e-01 2.397565e-01 1.935676e-01 1.819800e-01 1.986004e-01 1.942011e-01 1.001232e-02
<GCONST> 8.963104e+01
<STATE> 3
<MEAN> 39
 -5.051131e+00 -3.629520e+00 5.583411e+00 -1.898181e+01 -1.240108e+01 -4.195271e+00 -8.675167e+00 -8.729436e+00 1.904733e+00 -5.778824e+00 1.100426e+00 -5.943962e+00 1.865090e+01 -8.437346e-01 1.787982e+00 -2.629509e-01 -1.716695e+00 2.354880e+00 -1.274283e-01 -1.460284e+00 9.111425e-01 -4.163750e-01 -2.284416e-01 1.232136e-01 2.142755e-02 -2.157985e-02 4.260894e-02 1.242866e-01 -4.625905e-01 5.131907e-01 3.960641e-01 -6.707993e-01 4.263612e-01 5.869293e-02 -3.713695e-01 7.489879e-02 -5.802075e-02 3.777590e-02 -5.425661e-02
<VARIANCE> 39
 7.793641e+00 2.369696e+01 1.157441e+01 3.203824e+01 6.008136e+01 2.842635e+01 4.206337e+01 6.390859e+01 2.607766e+01 2.801800e+01 3.819561e+01 2.959225e+01 1.289693e+00 2.538523e-01 6.107807e-01 1.027113e+00 1.781286e+00 1.392306e+00 3.639876e+00 2.029663e+00 1.375666e+00 1.409250e+00 1.080107e+00 7.257183e-01 7.953761e-01 2.055448e-02 5.215191e-02 1.575997e-01 9.265793e-02 2.452198e-01 5.015122e-01 2.350660e-01 3.923121e-01 3.775423e-01 1.657270e-01 1.492434e-01 1.327600e-01 1.101134e-01 2.231705e-03
<GCONST> 8.274191e+01
<STATE> 4
<MEAN> 39
 -6.747201e+00 4.092296e+00 -1.719694e+00 -1.635944e+01 -1.328444e+00 -1.256640e+01 -5.465225e+00 -8.146182e+00 -3.433031e+00 -4.968825e+00 -2.616428e-01 -6.250410e+00 1.787024e+01 1.465258e-01 -8.851508e-02 -5.636712e-01 9.708942e-01 4.191176e-01 -1.283106e-01 7.106730e-01 -3.729506e-01 -3.092396e-01 -2.164014e-02 -1.989897e-01 2.329764e-03 -1.795950e-01 6.464603e-02 -3.143991e-01 9.441000e-02 8.305320e-02 -2.305294e-01 3.108836e-01 3.735759e-02 -3.391219e-02 1.386870e-01 -3.336476e-02 2.235514e-02 1.258378e-02 -2.592808e-02
<VARIANCE> 39
 7.446744e+00 1.524783e+01 1.624760e+01 3.041043e+01 2.261161e+01 2.549257e+01 4.761021e+01 4.508963e+01 3.212769e+01 4.073071e+01 4.082801e+01 3.688330e+01 1.619592e+00 2.185788e-01 1.351633e+00 6.425738e-01 8.470076e-01 1.207609e+00 2.047269e+00 1.288406e+00 1.477865e+00 1.223723e+00 1.180103e+00 8.505053e-01 8.673321e-01 2.466180e-02 3.732440e-02 9.134287e-02 7.186212e-02 1.618574e-01 1.832518e-01 1.715810e-01 2.116930e-01 2.211923e-01 1.727234e-01 1.652576e-01 1.335550e-01 1.303788e-01 2.675100e-03
<GCONST> 7.751213e+01
<TRANSP> 5
 0.000000e+00 1.000000e+00 0.000000e+00 0.000000e+00 0.000000e+00
 0.000000e+00 8.777530e-01 1.222471e-01 0.000000e+00 0.000000e+00
 0.000000e+00 0.000000e+00 7.879514e-01 2.120487e-01 0.000000e+00
 0.000000e+00 0.000000e+00 0.000000e+00 8.906239e-01 1.093761e-01
 0.000000e+00 0.000000e+00 0.000000e+00 0.000000e+00 0.000000e+00
<ENDHMM>
~h "one"
<BEGINHMM>
<NUMSTATES> 5
<STATE> 2
<MEAN> 39
 -5.672966e-01 -3.776168e+00 -9.274868e+00 -1.281709e+01 -1.657108e+00 -5.564175e+00 -2.021080e+00 -8.864854e+00 -2.706358e+00 -6.731415e+00 -1.545828e+00 -7.288869e+00 1.774596e+01 2.780034e-01 -4.050844e-01 -8.722873e-01 4.568745e-01 4.872390e-01 3.949486e-02 -2.917686e-01 2.270516e-01 2.033793e-01 -3.066720e-01 -3.900073e-01 -2.719947e-01 2.375267e-01 -1.189869e-01 -1.462823e-01 5.395521e-02 2.647285e-01 7.855690e-03 -1.161202e-01 -1.491823e-02 9.383998e-02 -1.092135e-02 -9.033284e-02 1.101889e-02 8.292154e-02 -2.101060e-02
<VARIANCE> 39
 7.571354e+00 9.248724e+00 2.887509e+01 2.285651e+01 2.889058e+01 2.533074e+01 2.281527e+01 2.064866e+01 2.828269e+01 2.394220e+01 2.967797e+01 2.876707e+01 2.269813e+00 4.574276e-01 7.997577e-01 8.723062e-01 2.245295e+00 1.372611e+00 1.442766e+00 1.267820e+00 1.065928e+00 1.134210e+00 1.021932e+00 1.095216e+00 1.044918e+00 4.811931e-02 4.481295e-02 6.132893e-02 1.908479e-01 2.174935e-01 2.627164e-01 2.524107e-01 2.367346e-01 1.810145e-01 2.006608e-01 1.693301e-01 1.888951e-01 1.838846e-01 5.004957e-03
<GCONST> 8.017424e+01
<STATE> 3
<MEAN> 39
 -2.365732e+00 -1.071517e+01 -1.090195e+01 -1.689125e+00 -4.438925e-01 -9.494550e+00 -2.447206e+00 -4.207339e+00 -3.535881e+00 -1.172780e+01 -2.378377e+00 -6.056062e+00 1.853595e+01 -6.083279e-01 -3.738410e-01 1.339233e+00 5.726309e-01 -1.353404e+00 -3.280664e-01 1.195627e+00 -8.905926e-02 -9.245257e-01 -9.235048e-02 5.861777e-01 1.197706e-01 -4.916814e-02 2.358978e-02 3.139445e-01 2.517729e-01 -5.823185e-01 -1.342629e-01 3.765895e-01 9.200638e-02 -4.376583e-01 -1.958391e-04 3.804852e-01 4.406321e-02 -1.767981e-01 -2.978557e-02
<VARIANCE> 39
 6.139022e+00 9.607947e+00 1.865656e+01 2.375530e+01 2.701186e+01 1.740446e+01 3.766950e+01 3.139122e+01 4.646096e+01 3.755359e+01 3.383821e+01 3.321755e+01 1.544214e+00 1.544823e-01 5.159934e-01 6.043828e-01 1.832192e+00 7.393543e-01 1.711957e+00 1.007582e+00 2.247582e+00 1.165840e+00 1.864538e+00 1.028611e+00 1.293528e+00 8.478258e-03 2.364877e-02 5.254918e-02 1.008226e-01 1.224779e-01 2.853262e-01 1.528452e-01 3.760043e-01 1.782058e-01 3.358932e-01 2.003717e-01 2.674353e-01 1.680954e-01 8.554268e-04
<GCONST> 7.513325e+01
<STATE> 4
<MEAN> 39
 -4.105390e+00 -5.414967e+00 -1.636396e+00 -8.752583e+00 -4.064996e+00 -5.855847e+00 -1.671881e+00 -1.194587e+01 -4.646048e+00 -8.685027e+00 -2.577024e+00 -8.293607e+00 1.778416e+01 1.510104e-01 9.693879e-01 6.238878e-01 -7.276020e-01 4.267500e-01 -6.543580e-02 -6.297048e-01 -4.443633e-01 8.179981e-02 2.297058e-01 -1.766284e-01 5.026670e-02 -1.278748e-01 4.421215e-02 -6.871139e-02 -2.142929e-01 1.672312e-01 1.609693e-01 -6.841882e-02 -6.793353e-02 1.652348e-01 1.351370e-02 -1.166020e-01 1.016618e-02 7.498839e-02 -5.521823e-03
<VARIANCE> 39
 6.946960e+00 2.328687e+01 1.104413e+01 2.142867e+01 1.960962e+01 4.664663e+01 3.616191e+01 3.531749e+01 4.120660e+01 4.573193e+01 3.327677e+01 3.777497e+01 1.325354e+00 2.764283e-01 6.149719e-01 8.083215e-01 1.205956e+00 9.140197e-01 1.966733e+00 1.137634e+00 1.443993e+00 1.607403e+00 1.540478e+00 9.442915e-01 9.590922e-01 1.267383e-02 4.883272e-02 1.199527e-01 8.185960e-02 1.338992e-01 2.006671e-01 3.081880e-01 2.740918e-01 1.857771e-01 2.301508e-01 2.256839e-01 1.685942e-01 1.675450e-01 1.604611e-03
<GCONST> 7.851198e+01
<TRANSP> 5
 0.000000e+00 1.000000e+00 0.000000e+00 0.000000e+00 0.000000e+00
 0.000000e+00 8.982945e-01 1.017055e-01 0.000000e+00 0.000000e+00
 0.000000e+00 0.000000e+00 8.248937e-01 1.751064e-01 0.000000e+00
 0.000000e+00 0.000000e+00 0.000000e+00 8.843579e-01 1.156421e-01
 0.000000e+00 0.000000e+00 0.000000e+00 0.000000e+00 0.000000e+00
<ENDHMM>
~h "sil"
<BEGINHMM>
<NUMSTATES> 5
<STATE> 2
<MEAN> 39
 -6.782378e+00 -6.747756e+00 -5.112119e+00 -9.110146e+00 -1.151935e-02 -3.379783e+00 1.754171e-01 -8.538964e+00 -2.614286e+00 -5.765326e+00 5.601538e-01 -4.304358e+00 1.461634e+01 -3.780111e-02 -2.473512e-03 -3.219455e-03 3.290298e-02 4.091433e-02 2.643781e-02 4.857935e-02 4.087072e-03 -1.800779e-02 5.875277e-03 1.556859e-02 1.230066e-02 -1.229742e-02 -2.590816e-02 -3.348655e-02 -7.336174e-02 -1.087821e-01 -1.196243e-01 -1.171379e-01 -6.155995e-02 -8.475010e-03 -2.214043e-02 1.050489e-02 3.732728e-02 3.006990e-02 1.900230e-03
<VARIANCE> 39
 3.614392e+00 4.344849e+00 5.998821e+00 7.598407e+00 1.193646e+01 1.364826e+01 1.466504e+01 1.632659e+01 1.575731e+01 1.373840e+01 1.579037e+01 1.311484e+01 1.165981e+00 7.822064e-02 1.587221e-01 2.706971e-01 3.724887e-01 4.934383e-01 6.560106e-01 6.802897e-01 7.130280e-01 6.938205e-01 5.752215e-01 6.355439e-01 5.632067e-01 5.006920e-03 1.093308e-02 2.403629e-02 4.039019e-02 5.007359e-02 7.043935e-02 1.014128e-01 1.067897e-01 1.303875e-01 1.117798e-01 9.224285e-02 1.051524e-01 9.906633e-02 6.346645e-04
<GCONST> 4.374434e+01
<STATE> 3
~s "silst"
<STATE> 4
<MEAN> 39
 -7.601265e+00 -7.340990e+00 -6.611364e+00 -1.117351e+01 -2.177112e+00 -5.397367e+00 -9.991526e-01 -8.640480e+00 -2.701190e+00 -5.400678e+00 1.454179e+00 -3.843060e+00 1.448345e+01 -3.214683e-03 7.343417e-03 -2.715984e-02 -2.823144e-02 -5.346475e-02 -2.045717e-02 -6.048883e-02 -7.248365e-03 -3.225050e-03 -6.302078e-03 -2.009960e-02 -1.926295e-02 -4.906987e-05 3.843331e-02 5.810598e-02 9.539336e-02 1.262439e-01 1.326703e-01 1.263295e-01 6.169783e-02 1.544103e-02 2.609290e-02 -1.740000e-02 -5.622841e-02 -4.031203e-02 8.659164e-03
<VARIANCE> 39
 3.527060e+00 4.156286e+00 6.411545e+00 7.836827e+00 1.126472e+01 1.258278e+01 1.497761e+01 1.594810e+01 1.768616e+01 1.532985e+01 1.513429e+01 1.340359e+01 9.979627e-01 7.730423e-02 1.685448e-01 2.882195e-01 4.167125e-01 5.055777e-01 6.763223e-01 5.956636e-01 7.425492e-01 7.102305e-01 6.074157e-01 7.003739e-01 6.125794e-01 3.258689e-03 1.433875e-02 2.893082e-02 4.218227e-02 5.704394e-02 7.302413e-02 1.085894e-01 1.040376e-01 1.281675e-01 1.331376e-01 1.059599e-01 1.175595e-01 1.099717e-01 1.094795e-03
<GCONST> 4.546148e+01
<TRANSP> 5
 0.000000e+00 1.000000e+00 0.000000e+00 0.000000e+00 0.000000e+00
 0.000000e+00 7.693089e-01 2.421528e-02 2.064757e-01 0.000000e+00
 0.000000e+00 0.000000e+00 8.273315e-01 1.726686e-01 0.000000e+00
 0.000000e+00 1.874759e-01 0.000000e+00 7.427479e-01 6.977618e-02
 0.000000e+00 0.000000e+00 0.000000e+00 0.000000e+00 0.000000e+00
<ENDHMM>
~h "six"
<BEGINHMM>
<NUMSTATES> 5
<STATE> 2
<MEAN> 39
 -8.680919e+00 -4.256771e+00 -6.985771e+00 -8.735108e+00 -3.099025e+00 -4.238132e+00 -1.959196e+00 -8.232459e+00 -3.552240e+00 -4.004900e+00 1.237347e-01 -3.143845e+00 1.495370e+01 6.799035e-01 6.797147e-01 1.202433e+00 -1.383089e+00 -1.158426e+00 -1.213019e+00 4.121239e-02 -1.332724e-01 4.215477e-01 3.496501e-01 -5.176263e-01 -4.738471e-01 6.304901e-01 6.656323e-02 1.147970e-01 2.263424e-01 -4.788956e-01 -2.790232e-01 -1.689679e-01 4.335683e-02 7.611138e-02 2.041584e-01 3.123267e-04 -1.367200e-01 -2.381073e-01 1.449234e-01
<VARIANCE> 39
 7.482276e+00 7.799969e+00 1.269855e+01 1.147750e+01 1.902281e+01 2.002952e+01 1.518654e+01 1.806349e+01 2.003975e+01 2.965824e+01 1.917791e+01 1.709291e+01 1.869142e+00 3.582722e-01 4.709913e-01 8.830199e-01 1.147542e+00 1.075022e+00 1.323568e+00 1.004457e+00 8.104125e-01 1.419134e+00 2.238388e+00 1.075793e+00 1.323702e+00 7.667326e-02 6.203297e-02 5.631355e-02 1.155756e-01 9.797563e-02 2.032931e-01 2.091793e-01 1.477631e-01 1.767208e-01 1.850113e-01 2.379447e-01 1.708946e-01 1.682816e-01 8.867446e-03
<GCONST> 7.407207e+01
<STATE> 3
<MEAN> 39
 -6.471016e+00 -1.099804e+00 -8.568532e-01 -2.012189e+01 -7.860652e+00 -8.735311e+00 -2.436828e+00 -6.380160e+00 2.468603e-01 -3.795315e+00 -2.524606e+00 -7.321922e+00 1.832906e+01 2.405707e-02 -8.688958e-02 2.208173e-01 -2.815810e-01 3.755678e-01 2.132459e-01 -2.750504e-01 1.720198e-01 3.738607e-02 -1.962416e-01 1.703234e-01 7.286126e-03 -4.784819e-02 -5.673587e-02 -2.052548e-01 -2.669555e-01 4.876791e-01 2.882196e-01 2.211838e-01 6.797857e-02 -9.109242e-02 -1.467169e-01 -5.877156e-02 1.516097e-01 1.659860e-01 -1.670665e-01
<VARIANCE> 39
 7.692211e+00 9.748268e+00 1.663047e+01 2.305362e+01 5.850980e+01 3.110791e+01 3.719590e+01 2.460440e+01 3.462977e+01 5.833687e+01 3.543095e+01 3.743228e+01 1.432386e+00 3.495657e-01 6.525581e-01 1.075500e+00 3.229283e+00 2.396878e+00 1.760507e+00 1.734456e+00 1.341354e+00 1.887726e+00 2.010871e+00 1.867435e+00 1.897015e+00 2.937454e-01 6.820109e-02 6.607095e-02 1.609349e-01 2.258773e-01 3.061965e-01 3.193565e-01 3.836165e-01 2.241270e-01 2.868575e-01 3.401672e-01 2.636377e-01 2.553174e-01 1.166303e-02
<GCONST> 9.188246e+01
<STATE> 4
<MEAN> 39
 -6.563041e+00 -6.248903e+00 -4.680972e+00 -1.081207e+01 -1.002049e+00 -3.978476e+00 -1.435250e+00 -8.753657e+00 -2.164105e+00 -5.868244e+00 1.164002e+00 -4.220312e+00 1.475297e+01 -2.336602e-01 -9.109690e-01 -1.005294e+00 1.461816e+00 4.137307e-01 4.083882e-01 9.076235e-01 -4.570709e-01 -2.820614e-01 -4.060160e-02 2.005927e-01 2.987781e-01 -4.645030e-01 -1.053123e-01 1.689696e-01 2.071739e-01 -4.381325e-01 -3.787660e-01 -1.607852e-01 -8.521266e-02 1.721770e-01 1.161307e-01 1.035699e-01 -1.795467e-01 -1.430258e-01 1.499692e-01
<VARIANCE> 39
 3.292046e+00 5.441548e+00 9.444950e+00 1.107012e+01 1.463891e+01 1.564826e+01 1.950504e+01 1.858304e+01 1.687958e+01 1.706230e+01 1.862029e+01 1.491698e+01 1.491415e+00 2.674126e-01 4.867404e-01 8.965564e-01 1.309540e+00 2.110341e+00 1.651585e+00 1.602806e+00 1.249543e+00 1.214201e+00 1.204827e+00 1.177940e+00 1.023266e+00 7.934602e-02 3.887824e-02 6.515007e-02 1.378364e-01 1.468794e-01 2.331715e-01 1.805138e-01 2.655363e-01 1.923815e-01 1.854578e-01 1.735289e-01 1.976861e-01 1.825136e-01 5.796222e-03
<GCONST> 7.239747e+01
<TRANSP> 5
 0.000000e+00 1.000000e+00 0.000000e+00 0.000000e+00 0.000000e+00
 0.000000e+00 7.181792e-01 2.818207e-01 0.000000e+00 0.000000e+00
 0.000000e+00 0.000000e+00 8.891374e-01 1.108626e-01 0.000000e+00
 0.000000e+00 0.000000e+00 0.000000e+00 7.504459e-01 2.495541e-01
 0.000000e+00 0.000000e+00 0.000000e+00 0.000000e+00 0.000000e+00
<ENDHMM>
~h "two"
<BEGINHMM>
<NUMSTATES> 5
<STATE> 2
<MEAN> 39
 -1.096148e+01 -3.266240e+00 -6.727571e+00 -1.062284e+01 -9.813135e-01 -3.866626e+00 -1.963075e+00 -7.509782e+00 -2.327041e+00 -5.681777e+00 1.128717e+00 -3.371510e+00 1.506383e+01 5.045612e-01 6.189349e-01 1.012870e+00 -5.879706e-01 -2.656915e-01 -3.634293e-01 -4.638272e-01 -2.123494e-01 7.142894e-02 -5.551278e-02 -2.290480e-01 -3.614194e-01 3.241566e-01 2.971593e-01 6.360219e-02 2.881721e-01 -1.311678e-01 -2.110830e-01 -2.427463e-01 -1.184134e-01 -1.269182e-01 -2.629266e-02 2.842549e-03 -7.886570e-02 -1.700530e-01 9.372099e-02
<VARIANCE> 39
 8.834961e+00 8.092072e+00 1.268953e+01 1.231732e+01 1.844403e+01 2.275030e+01 1.921026e+01 2.113647e+01 2.142743e+01 2.398863e+01 2.472160e+01 1.984890e+01 9.024391e-01 1.369658e+00 5.608257e-01 1.277644e+00 8.301387e-01 1.349694e+00 1.288364e+00 9.888219e-01 1.190779e+00 1.171147e+00 1.293409e+00 1.874331e+00 1.105177e+00 7.280280e-02 1.263809e-01 1.094999e-01 1.342957e-01 1.306793e-01 2.279442e-01 1.981632e-01 1.760203e-01 2.235389e-01 2.273597e-01 2.031938e-01 3.597562e-01 1.594916e-01 7.851674e-03
<GCONST> 7.897939e+01
<STATE> 3
<MEAN> 39
 -4.601953e+00 1.269396e+00 1.860766e+00 -1.552028e+01 -6.950562e+00 -9.942636e+00 -6.700625e+00 -1.043942e+01 -2.408304e+00 -5.176594e+00 -1.124237e+00 -7.306747e+00 1.840661e+01 6.638631e-01 5.437611e-01 7.428894e-01 -5.414598e-01 -1.162998e+00 -1.105942e+00 -5.670977e-01 -2.813854e-01 -6.587304e-02 1.260231e-01 -2.157094e-01 -6.239969e-01 4.514964e-01 -2.501594e-01 -2.349934e-01 -4.262457e-01 2.989640e-01 2.727915e-01 2.324529e-01 2.358502e-01 1.461004e-01 -1.896734e-02 -9.809145e-03 1.532631e-01 1.828476e-01 -1.450840e-01
<VARIANCE> 39
 7.462970e+00 8.106067e+00 1.363372e+01 2.232860e+01 3.964711e+01 2.561351e+01 2.821837e+01 2.453386e+01 3.158073e+01 5.527668e+01 4.392962e+01 4.851315e+01 1.036775e+00 5.677518e-01 6.281155e-01 9.861187e-01 1.463972e+00 1.293248e+00 1.205968e+00 1.681308e+00 1.515935e+00 1.845012e+00 1.989600e+00 2.390809e+00 1.875170e+00 8.953314e-02 6.149752e-02 5.351302e-02 8.131042e-02 1.250209e-01 2.045480e-01 1.805634e-01 2.040891e-01 1.910162e-01 2.121325e-01 2.735117e-01 2.891911e-01 2.221974e-01 6.523215e-03
<GCONST> 8.375774e+01
<STATE> 4
<MEAN> 39
 -3.233348e+00 -5.702165e-02 -4.366570e-02 -1.366268e+01 -7.122534e+00 -1.157453e+01 -5.646022e+00 -9.635646e+00 -2.710695e+00 -5.308079e+00 -1.588772e-01 -7.598435e+00 1.823984e+01 1.669250e-01 -2.230832e-01 -2.386261e-01 5.385877e-01 3.369419e-01 8.584248e-02 9.864881e-02 -5.504579e-02 -1.926583e-01 -8.643445e-02 7.788471e-02 1.595774e-01 -1.200807e-01 -4.358895e-02 -3.795622e-02 -2.656387e-02 2.439610e-02 9.560756e-02 1.093936e-01 5.192172e-02 4.944365e-03 2.010872e-02 1.249015e-03 -5.759989e-03 4.458703e-02 -3.522422e-02
<VARIANCE> 39
 5.895437e+00 7.955796e+00 1.254009e+01 2.981567e+01 3.400505e+01 2.156679e+01 3.316335e+01 3.370756e+01 3.984927e+01 4.293997e+01 5.473259e+01 4.156280e+01 1.359576e+00 1.336663e-01 1.530675e-01 3.769697e-01 6.212276e-01 9.126366e-01 8.560324e-01 8.810305e-01 1.029068e+00 9.035882e-01 9.881630e-01 1.046144e+00 9.317443e-01 1.452127e-02 2.163312e-02 2.516182e-02 5.075438e-02 8.855824e-02 1.056639e-01 1.240937e-01 1.293164e-01 1.601528e-01 1.488145e-01 1.527178e-01 1.593093e-01 1.459194e-01 2.344151e-03
<GCONST> 6.575722e+01
<TRANSP> 5
 0.000000e+00 1.000000e+00 0.000000e+00 0.000000e+00 0.000000e+00
 0.000000e+00 8.207281e-01 1.792719e-01 0.000000e+00 0.000000e+00
 0.000000e+00 0.000000e+00 7.671160e-01 2.328841e-01 0.000000e+00
 0.000000e+00 0.000000e+00 0.000000e+00 9.014058e-01 9.859419e-02
 0.000000e+00 0.000000e+00 0.000000e+00 0.000000e+00 0.000000e+00
<ENDHMM>
~h "nine"
<BEGINHMM>
<NUMSTATES> 5
<STATE> 2
<MEAN> 39
 -4.469026e+00 -4.320769e+00 -2.080359e+00 -8.923516e+00 -3.035695e+00 -6.193171e+00 -1.515796e+00 -1.117542e+01 -5.007949e+00 -8.079728e+00 -2.947963e+00 -7.810156e+00 1.756872e+01 -1.373852e-01 -6.732779e-01 -2.216367e-01 4.958192e-01 -4.932802e-01 1.732340e-01 3.882554e-01 -1.973935e-01 -3.928394e-02 -1.524519e-01 -1.779695e-01 -1.449611e-01 2.491735e-01 -3.845455e-02 -1.263326e-01 -7.492962e-02 1.146081e-01 1.834293e-02 -6.571478e-03 3.853442e-02 3.144388e-02 9.794350e-03 6.420560e-03 8.002654e-02 3.485969e-02 -1.058795e-02
<VARIANCE> 39
 8.940042e+00 2.038370e+01 1.532916e+01 1.683873e+01 2.863210e+01 2.887815e+01 3.201595e+01 2.750913e+01 4.721280e+01 3.538956e+01 3.016286e+01 3.278089e+01 2.303031e+00 5.319277e-01 1.578896e+00 1.144987e+00 1.117670e+00 1.137613e+00 1.424603e+00 1.645748e+00 1.277790e+00 1.528999e+00 1.154477e+00 1.246036e+00 1.038461e+00 3.757543e-02 6.492604e-02 1.814312e-01 1.346113e-01 1.401357e-01 2.020127e-01 2.219049e-01 2.431261e-01 1.863310e-01 1.997695e-01 1.612201e-01 1.738403e-01 1.449571e-01 4.937448e-03
<GCONST> 8.289025e+01
<STATE> 3
<MEAN> 39
 -6.290612e+00 -1.167302e+01 -4.987170e+00 -2.493190e+00 -5.655575e+00 -5.431694e+00 1.785295e+00 -1.126517e+01 -5.678917e+00 -9.068506e+00 -1.604767e+00 -7.685199e+00 1.862177e+01 -1.082586e-01 6.586242e-02 2.330360e-01 -2.054219e-01 -4.688134e-02 2.054768e-01 -7.339716e-02 -1.009244e-01 1.717107e-01 6.970191e-02 -4.000610e-02 3.044130e-02 -1.980067e-02 -2.991681e-03 1.878737e-01 7.741351e-02 -2.486219e-01 3.303909e-02 8.098257e-02 -1.012140e-01 -1.931984e-03 8.307429e-02 -5.389611e-03 -7.942161e-02 2.507325e-02 -1.439815e-02
<VARIANCE> 39
 7.197978e+00 8.451563e+00 2.463050e+01 3.136972e+01 1.880481e+01 3.042566e+01 3.088260e+01 3.410234e+01 4.310374e+01 4.184211e+01 2.805861e+01 3.031928e+01 1.011859e+00 8.114916e-02 3.212900e-01 4.020956e-01 1.032012e+00 4.633853e-01 6.110057e-01 5.232109e-01 4.996248e-01 6.120912e-01 6.482505e-01 6.582886e-01 5.176231e-01 4.581230e-03 1.054603e-02 2.932005e-02 3.925603e-02 5.256606e-02 6.928959e-02 6.527207e-02 7.263448e-02 7.667982e-02 7.950320e-02 8.554983e-02 7.634191e-02 7.776411e-02 3.925124e-04
<GCONST> 5.266873e+01
<STATE> 4
<MEAN> 39
 -6.218694e+00 -3.173783e+00 -1.624589e+00 -1.203685e+01 -1.903175e+00 -4.490650e+00 -3.314179e+00 -1.019641e+01 -2.792728e+00 -8.219434e+00 -3.088130e+00 -6.512072e+00 1.789945e+01 3.931954e-01 8.493247e-01 1.535733e-01 -3.096029e-01 5.438188e-01 -4.754975e-01 -4.736410e-01 3.273587e-01 -1.991486e-01 5.490841e-02 9.753612e-02 5.330747e-02 -1.226764e-01 4.355983e-02 -1.235711e-01 -3.721518e-02 2.354708e-01 -1.479748e-02 -7.301098e-02 1.047406e-01 -3.501696e-02 -1.089000e-01 2.563624e-02 7.959189e-02 -2.932117e-02 -1.027169e-02
<VARIANCE> 39
 1.145294e+01 2.010554e+01 1.220096e+01 2.401826e+01 3.582149e+01 3.415072e+01 3.366008e+01 2.992055e+01 4.905845e+01 3.962108e+01 3.857084e+01 4.244712e+01 1.076214e+00 4.062094e-01 9.276343e-01 5.741414e-01 1.873500e+00 1.354203e+00 1.383217e+00 1.360893e+00 1.284918e+00 1.675343e+00 1.184645e+00 1.059421e+00 1.024032e+00 9.887658e-03 5.706793e-02 9.913488e-02 8.654695e-02 1.494527e-01 1.941799e-01 2.405496e-01 1.805386e-01 1.979242e-01 2.316348e-01 1.955581e-01 1.707204e-01 1.415372e-01 1.009132e-03
<GCONST> 7.866721e+01
<TRANSP> 5
 0.000000e+00 1.000000e+00 0.000000e+00 0.000000e+00 0.000000e+00
 0.000000e+00 8.954673e-01 1.045327e-01 0.000000e+00 0.000000e+00
 0.000000e+00 0.000000e+00 9.109174e-01 8.908258e-02 0.000000e+00
 0.000000e+00 0.000000e+00 0.000000e+00 8.981071e-01 1.018929e-01
 0.000000e+00 0.000000e+00 0.000000e+00 0.000000e+00 0.000000e+00
<ENDHMM>
~h "five"
<BEGINHMM>
<NUMSTATES> 5
<STATE> 2
<MEAN> 39
 -4.174670e+00 -1.134624e+01 -1.007062e+01 -8.260672e+00 4.886061e-01 -8.136579e+00 3.465348e-01 -4.670104e+00 -5.249204e+00 -7.949327e+00 -1.821120e+00 -4.906784e+00 1.797873e+01 3.615637e-01 -1.175557e+00 -7.170131e-01 7.829972e-01 5.145229e-01 -6.407201e-01 3.326033e-01 3.997370e-01 -7.482901e-01 -2.208343e-01 -3.001288e-01 -4.964974e-03 5.642482e-01 -1.912731e-01 2.526852e-02 1.753697e-01 9.161467e-02 -1.357256e-02 1.045030e-01 2.992729e-02 -2.040886e-01 2.582117e-02 1.385882e-01 1.596003e-01 4.982509e-02 -7.429467e-02
<VARIANCE> 39
 1.084721e+01 1.965665e+01 2.371223e+01 1.675034e+01 1.900620e+01 2.060756e+01 2.527402e+01 5.154313e+01 3.222047e+01 2.803512e+01 2.497923e+01 1.990879e+01 4.362616e+00 7.730159e-01 5.612002e-01 1.172671e+00 9.067726e-01 7.891287e-01 9.863282e-01 9.739035e-01 2.245209e+00 1.725582e+00 1.724916e+00 1.363704e+00 1.026907e+00 1.227783e-01 9.448814e-02 1.334868e-01 1.779170e-01 1.234603e-01 1.362398e-01 1.447293e-01 1.544371e-01 3.007061e-01 2.737854e-01 1.931962e-01 1.759148e-01 1.403610e-01 2.816615e-02
<GCONST> 8.434557e+01
<STATE> 3
<MEAN> 39
 -5.809515e+00 -1.545242e+01 -8.556014e+00 -3.643882e+00 1.425808e+00 -9.175074e+00 2.534912e+00 -7.496962e+00 -7.217811e+00 -5.455160e+00 -4.662463e-01 -4.503200e+00 1.904691e+01 -1.661091e-01 8.374121e-02 4.906802e-01 -2.575496e-01 -2.713575e-01 4.343715e-01 6.883506e-02 -3.989148e-01 2.711730e-02 3.039035e-01 6.109802e-02 -8.456250e-02 -4.853171e-02 4.021318e-02 1.144337e-01 1.143210e-02 -1.967169e-01 -5.495165e-02 9.327871e-02 -2.900142e-02 2.470627e-02 5.653774e-02 -4.900193e-02 -7.774998e-02 -1.875061e-02 -1.498570e-02
<VARIANCE> 39
 9.174167e+00 9.379750e+00 2.484509e+01 2.081447e+01 1.875024e+01 2.311887e+01 1.751765e+01 3.905591e+01 4.701000e+01 4.450174e+01 2.689078e+01 2.551994e+01 1.356915e+00 8.788221e-02 1.530762e-01 2.696569e-01 6.340123e-01 4.959955e-01 5.514555e-01 4.976511e-01 4.932969e-01 6.132310e-01 5.706972e-01 5.685232e-01 4.732540e-01 5.857265e-03 1.174282e-02 2.421035e-02 3.030916e-02 4.809385e-02 5.120733e-02 5.160579e-02 5.703285e-02 6.415904e-02 8.528822e-02 8.423812e-02 6.650871e-02 7.042115e-02 9.075296e-04
<GCONST> 4.963710e+01
<STATE> 4
<MEAN> 39
 -5.752397e+00 -9.409078e+00 -3.940949e+00 -1.391097e+01 -3.281581e+00 -2.813895e+00 1.869745e+00 -8.422304e+00 -4.204644e+00 -5.238711e+00 -2.265681e+00 -5.520505e+00 1.830187e+01 2.169400e-01 1.206696e+00 3.703057e-01 -6.416513e-01 -3.921881e-01 -1.028395e-01 -3.103204e-01 2.566247e-01 5.542963e-01 -2.123049e-01 -7.198274e-02 -8.898227e-02 -2.459750e-01 -1.748289e-02 -2.164216e-02 -5.274483e-02 3.437098e-01 1.403129e-01 -1.802255e-01 -6.274340e-02 -1.007873e-02 -4.292595e-02 1.675527e-02 1.215366e-01 3.985646e-02 -4.834207e-02
<VARIANCE> 39
 7.867322e+00 2.309214e+01 1.221203e+01 3.191252e+01 4.211870e+01 1.957804e+01 2.462993e+01 3.665961e+01 5.311669e+01 2.796006e+01 2.708133e+01 3.009037e+01 1.837828e+00 2.146280e-01 4.988220e-01 5.737754e-01 2.637315e+00 1.470920e+00 1.620919e+00 9.744294e-01 1.331288e+00 1.638446e+00 1.337542e+00 1.268739e+00 9.162697e-01 4.136786e-02 4.305207e-02 9.685292e-02 7.585190e-02 2.402618e-01 2.361633e-01 2.300841e-01 1.663392e-01 2.294241e-01 2.225606e-01 1.790911e-01 2.066278e-01 1.646831e-01 4.442988e-03
<GCONST> 8.035645e+01
<TRANSP> 5
 0.000000e+00 1.000000e+00 0.000000e+00 0.000000e+00 0.000000e+00
 0.000000e+00 8.480017e-01 1.519982e-01 0.000000e+00 0.000000e+00
 0.000000e+00 0.000000e+00 9.124653e-01 8.753468e-02 0.000000e+00
 0.000000e+00 0.000000e+00 0.000000e+00 8.642476e-01 1.357524e-01
 0.000000e+00 0.000000e+00 0.000000e+00 0.000000e+00 0.000000e+00
<ENDHMM>
~h "four"
<BEGINHMM>
<NUMSTATES> 5
<STATE> 2
<MEAN> 39
 -6.746532e+00 -6.545760e+00 -5.531173e+00 -9.759330e+00 -1.579085e+00 -5.558558e+00 -1.218083e+00 -8.400050e+00 -2.002462e+00 -5.575604e+00 9.707682e-01 -4.274035e+00 1.536160e+01 1.571459e+00 5.372499e-01 -9.048656e-01 -8.597442e-01 -3.066165e-01 -5.352963e-01 -6.951962e-01 -1.927052e-01 1.938901e-01 2.015386e-01 -3.445006e-01 -4.878170e-01 6.444391e-01 3.498009e-01 1.252899e-01 -3.369079e-01 -3.170770e-01 -5.828915e-02 -6.678853e-03 -8.020910e-02 -1.756003e-02 2.224654e-03 5.403080e-02 -7.894382e-02 -1.320369e-01 1.429804e-01
<VARIANCE> 39
 7.618190e+00 5.415679e+00 5.411034e+00 7.833472e+00 1.003598e+01 1.245730e+01 1.450735e+01 1.363560e+01 1.605960e+01 1.350086e+01 1.609970e+01 1.222192e+01 1.728935e+00 5.125356e-01 4.340946e-01 6.010759e-01 7.388400e-01 7.138343e-01 9.071014e-01 7.503482e-01 8.223983e-01 1.017671e+00 1.088069e+00 1.525134e+00 1.228664e+00 5.768396e-02 6.789915e-02 5.342490e-02 6.062745e-02 8.255471e-02 1.012932e-01 1.525351e-01 1.212045e-01 1.514902e-01 1.398707e-01 1.608529e-01 1.994439e-01 1.872566e-01 7.171735e-03
<GCONST> 6.400999e+01
<STATE> 3
<MEAN> 39
 1.596599e+00 -3.480352e+00 -1.216721e+01 -1.704992e+01 -4.000916e+00 -6.177033e+00 -3.167094e+00 -8.953045e+00 -1.398883e+00 -3.855907e+00 4.297636e-01 -6.775962e+00 1.891444e+01 3.035808e-01 -1.868393e-01 -3.246040e-01 -3.681693e-02 7.415147e-02 -1.805830e-02 -2.191641e-01 1.749970e-01 3.533010e-01 9.303541e-02 -2.296528e-01 -2.201183e-01 1.427878e-01 -1.735040e-01 -1.542120e-01 1.499379e-01 2.361576e-01 3.836082e-02 -3.655370e-02 3.798391e-02 1.109265e-01 4.731684e-02 -8.558933e-02 -5.582123e-02 5.674338e-02 -6.754709e-02
<VARIANCE> 39
 4.139189e+00 1.026589e+01 9.597447e+00 1.373051e+01 2.439559e+01 1.715028e+01 1.857354e+01 1.714599e+01 2.362514e+01 2.482082e+01 3.809673e+01 3.757138e+01 1.087204e+00 5.218869e-01 7.269849e-01 6.850762e-01 1.213473e+00 9.697449e-01 7.716769e-01 9.086226e-01 9.566771e-01 1.309110e+00 1.175154e+00 1.338117e+00 1.241797e+00 9.283302e-02 4.949681e-02 4.573446e-02 9.588262e-02 8.014164e-02 1.358000e-01 1.434443e-01 1.560651e-01 1.412029e-01 1.814892e-01 1.920465e-01 1.991508e-01 1.870045e-01 7.208603e-03
<GCONST> 7.251713e+01
<STATE> 4
<MEAN> 39
 -2.658218e-01 -1.130974e+01 -7.977626e+00 -8.561837e+00 -5.377301e+00 -8.944533e+00 -2.201954e+00 -4.233097e+00 6.460901e-01 -7.567019e+00 -3.909917e+00 -7.362391e+00 1.854907e+01 -5.527893e-01 -3.228642e-02 1.188409e+00 5.176681e-01 -5.917656e-01 2.941671e-02 6.829815e-01 -1.587694e-01 -6.804207e-01 -3.920059e-01 1.339985e-01 2.576484e-01 -2.039448e-01 -8.726164e-02 3.019478e-01 6.101466e-04 -2.178019e-01 1.358035e-01 2.153258e-01 1.404766e-02 -2.456932e-01 -1.510170e-01 1.212186e-01 1.774066e-01 3.070012e-02 -5.096956e-02
<VARIANCE> 39
 6.988429e+00 1.431523e+01 2.850038e+01 1.842581e+01 4.718036e+01 3.738164e+01 3.524628e+01 3.892884e+01 4.504712e+01 3.449923e+01 3.468052e+01 3.193980e+01 1.578105e+00 2.193943e-01 1.523703e+00 6.633536e-01 1.663577e+00 2.091318e+00 2.163062e+00 1.566141e+00 2.596766e+00 1.820188e+00 1.725743e+00 1.796196e+00 1.076673e+00 4.097091e-02 2.920095e-02 9.485379e-02 1.879211e-01 1.663293e-01 4.425395e-01 3.014826e-01 3.549777e-01 3.384277e-01 3.790497e-01 2.796564e-01 3.072053e-01 2.166481e-01 3.209680e-03
<GCONST> 8.840137e+01
<TRANSP> 5
 0.000000e+00 1.000000e+00 0.000000e+00 0.000000e+00 0.000000e+00
 0.000000e+00 7.024229e-01 2.975772e-01 0.000000e+00 0.000000e+00
 0.000000e+00 0.000000e+00 9.182468e-01 8.175319e-02 0.000000e+00
 0.000000e+00 0.000000e+00 0.000000e+00 8.714044e-01 1.285956e-01
 0.000000e+00 0.000000e+00 0.000000e+00 0.000000e+00 0.000000e+00
<ENDHMM>
~h "zero"
<BEGINHMM>
<NUMSTATES> 5
<STATE> 2
<MEAN> 39
 -6.851806e+00 -1.893354e+00 -4.584460e+00 -7.680957e+00 -2.514699e+00 -4.674737e+00 -2.834006e+00 -8.910361e+00 -3.636979e+00 -4.168534e+00 1.317894e-01 -4.375932e+00 1.565386e+01 2.806252e-01 1.045491e+00 9.713335e-01 -1.155856e+00 -8.276061e-01 -1.405090e+00 -6.263257e-01 -6.013505e-01 3.213660e-01 3.346789e-01 -1.321742e-01 -2.387647e-01 4.906649e-01 3.771735e-02 9.658073e-02 1.841209e-01 -3.600741e-01 -1.734531e-01 -2.328549e-01 3.388902e-03 -2.344724e-02 1.694859e-01 1.255331e-03 3.109474e-02 -8.995350e-02 9.270002e-02
<VARIANCE> 39
 6.896532e+00 1.044948e+01 1.553152e+01 1.462395e+01 2.099444e+01 2.211355e+01 1.923335e+01 1.977564e+01 2.958772e+01 2.445897e+01 2.237322e+01 1.992704e+01 1.479934e+00 3.156749e-01 4.251190e-01 7.571638e-01 9.355181e-01 8.457772e-01 1.288116e+00 9.704012e-01 1.180444e+00 1.341719e+00 9.783863e-01 1.204004e+00 1.529048e+00 4.249874e-02 4.658839e-02 1.027294e-01 1.271914e-01 1.080282e-01 1.312380e-01 2.170860e-01 1.590164e-01 1.926601e-01 1.620702e-01 1.502312e-01 1.803262e-01 1.680334e-01 6.426690e-03
<GCONST> 7.319810e+01
<STATE> 3
<MEAN> 39
 -5.561447e+00 3.164060e-01 9.442596e-01 -1.693550e+01 -7.857114e+00 -9.190919e+00 -4.572882e+00 -8.444310e+00 1.734034e-01 -3.748282e+00 1.711086e-01 -6.830449e+00 1.840720e+01 3.373929e-01 -7.423416e-01 4.421268e-01 -1.714878e-01 -1.080059e+00 2.626545e-01 2.050496e-01 1.948829e-01 3.209784e-01 -7.730386e-02 4.338730e-02 -1.248385e-01 1.664067e-01 5.150754e-02 -2.691353e-01 -1.736395e-01 3.716868e-01 1.646381e-02 1.357083e-01 1.949712e-01 5.554957e-02 -8.661531e-02 -4.431815e-02 -1.247102e-02 7.149633e-02 -6.443102e-02
<VARIANCE> 39
 7.430518e+00 2.061007e+01 1.739145e+01 2.628605e+01 5.928014e+01 4.049933e+01 3.222012e+01 4.421133e+01 3.111506e+01 3.033083e+01 3.453450e+01 5.111588e+01 1.093546e+00 4.425144e-01 1.627268e+00 8.039477e-01 2.615935e+00 1.742168e+00 2.529681e+00 1.684952e+00 1.421265e+00 1.341267e+00 1.178406e+00 1.107524e+00 1.320717e+00 6.304075e-02 5.151627e-02 1.128859e-01 1.260604e-01 1.802752e-01 2.453834e-01 4.091055e-01 2.257583e-01 2.479074e-01 2.120923e-01 1.746459e-01 1.724516e-01 2.174430e-01 4.556558e-03
<GCONST> 8.705611e+01
<STATE> 4
<MEAN> 39
 -1.604736e+00 -1.051280e+01 -4.389277e+00 -9.817002e+00 -9.686331e+00 -8.037308e+00 5.587972e-01 -4.106712e+00 -1.750181e-01 -6.699513e+00 -1.003848e+00 -5.666624e+00 1.854222e+01 8.295906e-02 1.094296e-02 -5.494608e-01 1.636654e-01 6.660762e-01 -1.770472e-01 -1.620416e-02 2.072610e-01 -6.449056e-02 -1.487331e-01 -9.262630e-02 -7.440932e-03 -5.366327e-02 -5.978695e-02 1.431444e-01 6.301113e-02 -8.615629e-02 8.704307e-02 4.105814e-02 -9.755638e-02 -8.202919e-02 -2.057704e-02 3.421685e-02 2.039450e-02 -8.778217e-03 -1.775832e-02
<VARIANCE> 39
 6.464560e+00 1.774472e+01 2.653027e+01 2.680207e+01 6.271850e+01 5.437431e+01 3.558217e+01 3.644614e+01 4.418871e+01 3.497455e+01 2.490720e+01 3.291708e+01 1.494853e+00 2.247449e-01 8.381305e-01 6.307307e-01 1.038213e+00 1.227719e+00 1.669724e+00 1.529485e+00 1.766650e+00 1.573392e+00 1.377163e+00 1.023352e+00 9.265000e-01 1.577152e-02 2.391090e-02 3.502815e-02 7.642278e-02 1.110508e-01 1.911639e-01 2.326840e-01 1.870206e-01 1.959356e-01 2.165262e-01 1.823233e-01 1.466923e-01 1.334434e-01 1.767045e-03
<GCONST> 7.715501e+01
<TRANSP> 5
 0.000000e+00 1.000000e+00 0.000000e+00 0.000000e+00 0.000000e+00
 0.000000e+00 7.337681e-01 2.662319e-01 0.000000e+00 0.000000e+00
 0.000000e+00 0.000000e+00 8.922230e-01 1.077770e-01 0.000000e+00
 0.000000e+00 0.000000e+00 0.000000e+00 9.397957e-01 6.020430e-02
 0.000000e+00 0.000000e+00 0.000000e+00 0.000000e+00 0.000000e+00
<ENDHMM>
