~o
<STREAMINFO> 1 39
<VECSIZE> 39<NULLD><MFCC_E_D_A><DIAGC>
~s "silst"
<MEAN> 39
 -5.090079e+00 -3.744783e+00 -3.211239e+00 -8.839851e+00 -1.244925e+00 -5.745858e+00 -1.823390e+00 -9.463476e+00 -3.498773e+00 -6.420066e+00 -3.617101e-01 -5.630885e+00 1.585443e+01 -6.628733e-01 -4.428432e-01 -4.521369e-01 1.673380e-01 3.061786e-01 7.052888e-01 3.753965e-01 1.105301e-01 1.449639e-01 1.512232e-01 3.336344e-01 3.708903e-01 -3.626468e-01 -2.662045e-02 -6.927782e-02 -1.091933e-01 -1.274676e-01 -9.656091e-02 -7.301944e-02 2.555489e-04 7.251073e-02 3.784547e-02 9.369328e-03 -1.494233e-02 4.013118e-03 2.673240e-02
<VARIANCE> 39
 1.124552e+01 1.072588e+01 1.344305e+01 1.340231e+01 2.076972e+01 2.466386e+01 2.381934e+01 2.472352e+01 2.788891e+01 2.726829e+01 2.578556e+01 2.356196e+01 2.021123e+00 3.752756e-01 7.429627e-01 8.196888e-01 8.112621e-01 1.144472e+00 1.289349e+00 1.254941e+00 1.299946e+00 1.408994e+00 1.271586e+00 1.245455e+00 1.113908e+00 5.126081e-02 6.989154e-02 1.004221e-01 1.068849e-01 1.139638e-01 1.561597e-01 2.204559e-01 1.942822e-01 1.871084e-01 2.096795e-01 1.843359e-01 1.820576e-01 1.530218e-01 9.218467e-03
<GCONST> 7.759003e+01
~h "eight"
<BEGINHMM>
<NUMSTATES> 5
<STATE> 2
<MEAN> 39
 -8.240643e+00 -2.984906e+00 -5.886950e+00 -1.824345e+01 2.124010e-01 -4.908539e+00 8.333261e-01 -6.809981e+00 -1.617946e+00 -7.445740e+00 -1.720514e+00 -5.725159e+00 1.741107e+01 -1.698794e-01 1.035577e+00 -9.718551e-02 -1.070884e+00 -4.914718e-02 -5.839084e-01 9.083248e-02 4.706256e-01 3.864145e-01 -1.024605e-02 -1.815589e-01 -2.424805e-01 3.337312e-01 2.913138e-02 8.927073e-02 5.349814e-03 1.416690e-01 -6.247969e-02 -1.926220e-01 -8.349526e-02 -1.786374e-02 2.533613e-02 9.282301e-02 1.141169e-01 -4.925982e-04 -1.748868e-02
<VARIANCE> 39
 7.949397e+00 2.036469e+01 1.881067e+01 3.162452e+01 4.189079e+01 2.222118e+01 2.474962e+01 2.266801e+01 3.070403e+01 2.350330e+01 2.466801e+01 2.552470e+01 3.272240e+00 3.459265e-01 7.509579e-01 6.532122e-01 1.283309e+00 1.204219e+00 1.361758e+00 1.445649e+00 9.968374e-01 1.349522e+00 1.118895e+00 1.071745e+00 9.612615e-01 1.025021e-01 4.200933e-02 8.023687e-02 7.528120e-02 1.948322e-01 1.374317e-01 1.691672e-01 1.486037e-01 1.685668e-01 2.269115e-01 1.637823e-01 1.703097e-01 1.470875e-01 1.301161e-02
<GCONST> 7.934582e+01
<STATE> 3
<MEAN> 39
 -8.394277e+00 5.773298e+00 -5.519078e+00 -1.924160e+01 -2.893257e+00 -1.374537e+01 -1.640003e+00 -5.948416e+00 7.441092e-01 -4.028325e+00 7.584634e-01 -5.693069e+00 1.854690e+01 1.002894e-01 5.033551e-01 2.028040e-01 8.259106e-01 -1.152784e-02 -9.372472e-01 -6.095400e-01 -8.106601e-01 -3.587833e-01 3.270927e-01 4.645865e-01 2.250912e-01 -7.174966e-02 4.938676e-02 -2.806661e-01 2.298236e-02 1.894910e-01 8.654357e-02 2.714208e-01 2.066051e-02 -1.587455e-01 -1.939504e-01 -1.394632e-01 -7.115250e-02 3.688793e-02 -6.157256e-02
<VARIANCE> 39
 1.001482e+01 1.132882e+01 2.487133e+01 2.641702e+01 2.100368e+01 2.370031e+01 5.644890e+01 2.709774e+01 2.949941e+01 2.181985e+01 3.272791e+01 2.503056e+01 1.477334e+00 1.826530e-01 5.045487e-01 2.620962e-01 6.260816e-01 8.219500e-01 1.014284e+00 7.511161e-01 8.251787e-01 1.768455e+00 1.022476e+00 1.190204e+00 8.481216e-01 2.536283e-02 2.770334e-02 7.067427e-02 4.947530e-02 9.901085e-02 8.105342e-02 1.527404e-01 1.404294e-01 1.337703e-01 1.674441e-01 1.386232e-01 1.858439e-01 1.361372e-01 3.379936e-03
<GCONST> 6.902956e+01
<STATE> 4
<MEAN> 39
 -6.984234e+00 1.126698e+00 -4.081318e+00 -1.221595e+01 -1.205272e+00 -1.173216e+01 -4.083686e+00 -1.160498e+01 -4.449711e+00 -5.780805e+00 8.149675e-01 -4.551621e+00 1.652449e+01 2.185453e-01 -1.854474e+00 5.815985e-04 8.880660e-01 2.211936e-01 1.602457e+00 3.190081e-01 -3.134792e-02 -3.291305e-01 -3.992127e-01 -1.453430e-01 9.667974e-02 -4.691966e-01 -7.002831e-02 -1.012864e-01 -9.851699e-02 -1.303192e-01 -4.588205e-02 1.611549e-01 1.929007e-01 2.728630e-01 2.061485e-01 6.422924e-02 2.203647e-02 -3.138214e-02 -6.708828e-03
<VARIANCE> 39
 6.055180e+00 3.354495e+01 1.485393e+01 1.934390e+01 1.615514e+01 3.814924e+01 3.283972e+01 2.463317e+01 3.948212e+01 2.741531e+01 2.595738e+01 2.419220e+01 2.806381e+00 3.506640e-01 7.455889e-01 6.176034e-01 1.035305e+00 6.513562e-01 1.246572e+00 1.757859e+00 1.481156e+00 2.021180e+00 1.219041e+00 1.376318e+00 1.140571e+00 3.566656e-02 4.192405e-02 2.585201e-01 6.971382e-02 1.185487e-01 9.773252e-02 3.262323e-01 1.808601e-01 1.961558e-01 2.998328e-01 1.796940e-01 1.979238e-01 1.934735e-01 1.053471e-02
<GCONST> 8.036990e+01
<TRANSP> 5
 0.000000e+00 1.000000e+00 0.000000e+00 0.000000e+00 0.000000e+00
 0.000000e+00 8.670053e-01 1.329947e-01 0.000000e+00 0.000000e+00
 0.000000e+00 0.000000e+00 8.555221e-01 1.444779e-01 0.000000e+00
 0.000000e+00 0.000000e+00 0.000000e+00 8.207052e-01 1.792949e-01
 0.000000e+00 0.000000e+00 0.000000e+00 0.000000e+00 0.000000e+00
<ENDHMM>
~h "oh"
<BEGINHMM>
<NUMSTATES> 5
<STATE> 2
<MEAN> 39
 -4.357841e+00 -1.037883e+01 -8.316705e+00 -8.579712e+00 -2.639708e+00 -7.660439e+00 3.589468e+00 -7.389040e+00 -5.249332e+00 -7.112239e+00 -2.447736e+00 -5.428305e+00 1.782441e+01 5.458360e-01 -2.050884e-01 -6.070328e-01 1.672366e-01 9.287342e-02 -6.954723e-01 1.433598e-01 7.355409e-01 -1.535715e-02 -4.298016e-01 -4.103079e-01 -1.506830e-01 3.510751e-01 9.772863e-03 1.040264e-01 2.471701e-03 -5.258930e-02 3.854770e-02 -1.009151e-02 -1.524717e-01 7.972008e-03 1.330268e-01 2.603267e-02 -9.540344e-03 -2.757391e-02 -2.182674e-02
<VARIANCE> 39
 8.675654e+00 1.232684e+01 1.668828e+01 1.818807e+01 2.298380e+01 2.455357e+01 3.070503e+01 6.483653e+01 3.834987e+01 3.405811e+01 2.704529e+01 3.148315e+01 2.993108e+00 2.966366e-01 5.783442e-01 6.299143e-01 6.393565e-01 6.838349e-01 9.313295e-01 1.330440e+00 1.786720e+00 1.556174e+00 1.259540e+00 1.250776e+00 1.051111e+00 9.582898e-02 3.981663e-02 6.277215e-02 7.488406e-02 7.960771e-02 9.157024e-02 1.298740e-01 1.556482e-01 2.152823e-01 1.869557e-01 1.964900e-01 1.842925e-01 1.401990e-01 1.329972e-02
<GCONST> 7.713689e+01
<STATE> 3
<MEAN> 39
 -5.707217e-01 -8.244320e+00 -1.317801e+01 -9.928636e+00 -6.997170e-01 -1.204495e+01 -8.043075e-01 -7.806863e-01 1.306863e-01 -8.231855e+00 -5.128219e+00 -6.598886e+00 1.903683e+01 2.231376e-01 4.045922e-01 -2.822684e-02 -3.472202e-01 -3.606033e-02 -3.989007e-03 -6.740813e-01 -2.449951e-01 6.656850e-01 6.035123e-01 -3.267833e-02 -3.513825e-01 -9.631872e-03 -4.124074e-02 2.438444e-02 1.011438e-01 -2.061396e-02 -5.724642e-02 9.289347e-02 1.154334e-02 -1.581965e-01 -8.114796e-02 9.172756e-02 1.211376e-01 1.124165e-02 -2.521005e-02
<VARIANCE> 39
 6.095770e+00 8.380252e+00 1.532583e+01 1.468833e+01 1.919703e+01 2.241430e+01 4.165372e+01 3.072330e+01 3.923621e+01 3.570460e+01 3.180325e+01 4.014762e+01 1.217055e+00 8.017123e-02 1.367572e-01 2.628268e-01 2.767178e-01 3.853478e-01 5.147447e-01 7.294671e-01 1.010062e+00 7.301968e-01 8.546500e-01 7.856386e-01 6.994885e-01 1.317033e-02 1.110776e-02 1.421463e-02 3.351863e-02 3.312461e-02 4.699263e-02 6.866101e-02 7.738379e-02 9.575526e-02 1.049984e-01 1.013183e-01 9.149782e-02 8.858430e-02 1.198351e-03
<GCONST> 5.209900e+01
<STATE> 4
<MEAN> 39
 1.787076e-01 -3.748502e+00 -9.931031e+00 -1.348481e+01 -3.320741e+00 -1.008072e+01 -4.949451e+00 -7.353624e+00 1.044964e+00 -2.363709e+00 -1.857841e-01 -7.007007e+00 1.844917e+01 -3.486957e-01 2.883836e-01 8.523323e-01 1.504533e-01 -2.190670e-01 3.723831e-01 2.097229e-01 -5.763662e-01 -5.866237e-01 -1.035340e-01 5.093451e-01 4.129409e-01 -2.309146e-01 -1.311343e-01 -1.055862e-01 5.185807e-02 1.419334e-01 1.060825e-01 8.460705e-02 1.855356e-01 8.499891e-02 -1.053100e-01 -1.823412e-01 -7.796869e-02 8.006044e-02 -4.430991e-02
<VARIANCE> 39
 6.295900e+00 7.044856e+00 1.859829e+01 1.557260e+01 1.892408e+01 2.848173e+01 3.126373e+01 2.746135e+01 3.058649e+01 3.710985e+01 3.966246e+01 3.647688e+01 1.764316e+00 2.388357e-01 3.547635e-01 4.247756e-01 5.884183e-01 6.863164e-01 8.703670e-01 1.176218e+00 1.224894e+00 1.194918e+00 1.307920e+00 1.201005e+00 1.026492e+00 3.052270e-02 2.296076e-02 3.297048e-02 6.559069e-02 6.527796e-02 9.791522e-02 1.570387e-01 1.653688e-01 1.872243e-01 2.027035e-01 1.905506e-01 1.711931e-01 1.630620e-01 2.734599e-03
<GCONST> 6.920020e+01
<TRANSP> 5
 0.000000e+00 1.000000e+00 0.000000e+00 0.000000e+00 0.000000e+00
 0.000000e+00 8.830155e-01 1.169845e-01 0.000000e+00 0.000000e+00
 0.000000e+00 0.000000e+00 8.921000e-01 1.079000e-01 0.000000e+00
 0.000000e+00 0.000000e+00 0.000000e+00 8.563320e-01 1.436680e-01
 0.000000e+00 0.000000e+00 0.000000e+00 0.000000e+00 0.000000e+00
<ENDHMM>
~h "sp"
<BEGINHMM>
<NUMSTATES> 5
<STATE> 2
~s "silst"
<STATE> 3
<MEAN> 39
 -7.709731e+00 -6.459949e+00 -6.095853e+00 -9.707054e+00 -1.341201e+00 -4.073256e+00 -6.464561e-01 -8.570380e+00 -2.841216e+00 -5.609394e+00 9.560792e-01 -4.084259e+00 1.480009e+01 -9.904563e-02 -1.609501e-02 -1.114737e-01 -3.581127e-03 -2.961119e-02 3.010485e-02 -7.298593e-03 3.440731e-02 2.430709e-03 1.994118e-02 3.469454e-02 3.975035e-02 -1.311154e-02 6.174565e-02 8.180469e-02 6.153663e-02 -1.179205e-02 -9.643603e-03 -5.702161e-02 -4.057994e-02 -1.853560e-02 -8.995169e-03 -1.641697e-02 -3.401274e-02 -3.267368e-02 4.430545e-02
<VARIANCE> 39
 5.238379e+00 5.850373e+00 8.446997e+00 1.005063e+01 1.424247e+01 1.535199e+01 1.550963e+01 1.661232e+01 1.761814e+01 1.639920e+01 1.597293e+01 1.375579e+01 1.088634e+00 1.573402e-01 2.352702e-01 3.590817e-01 4.303201e-01 5.690623e-01 6.779092e-01 6.528353e-01 7.211977e-01 7.416266e-01 6.603045e-01 6.538975e-01 5.703130e-01 7.458335e-03 3.321230e-02 5.324296e-02 7.124337e-02 9.066638e-02 1.143531e-01 1.430983e-01 1.321919e-01 1.440058e-01 1.467536e-01 1.252195e-01 1.248956e-01 1.147688e-01 4.120817e-03
<GCONST> 5.496781e+01
<STATE> 4
<MEAN> 39
 -8.564075e+00 -4.963207e+00 -6.306644e+00 -8.978650e+00 -2.030872e+00 -3.780867e+00 -1.041219e+00 -8.390958e+00 -2.912566e+00 -5.489405e+00 6.495126e-01 -4.041157e+00 1.505421e+01 3.163984e-01 1.770756e-01 1.233598e-01 -1.733119e-01 -2.227759e-01 -3.450325e-01 -5.836380e-02 7.111727e-02 -2.429636e-02 -4.832279e-02 -2.158684e-01 -9.259220e-02 2.367997e-01 2.187433e-01 4.256296e-03 6.096150e-02 -1.569017e-01 -1.426871e-01 -2.163222e-01 2.872777e-03 2.027776e-02 1.069089e-02 -1.902992e-04 -1.072482e-01 -8.724458e-02 1.151889e-01
<VARIANCE> 39
 1.174991e+01 1.146082e+01 1.721356e+01 1.563778e+01 1.907793e+01 1.867470e+01 1.793344e+01 2.010729e+01 2.120480e+01 1.976703e+01 1.866447e+01 1.692010e+01 1.493709e+00 5.988761e-01 5.372151e-01 7.687169e-01 8.224081e-01 9.900427e-01 1.037101e+00 8.747434e-01 1.199378e+00 1.055508e+00 9.667184e-01 9.463373e-01 7.769644e-01 5.676463e-02 7.018959e-02 1.100098e-01 1.688706e-01 1.506642e-01 2.017903e-01 1.929665e-01 1.726953e-01 2.262691e-01 2.067785e-01 1.818223e-01 1.795239e-01 1.573293e-01 9.347775e-03
<GCONST> 7.491566e+01
<TRANSP> 5
 0.000000e+00 8.229854e-01 1.770147e-01 0.000000e+00 0.000000e+00
 0.000000e+00 7.938921e-01 2.061079e-01 0.000000e+00 0.000000e+00
 0.000000e+00 0.000000e+00 8.512686e-01 1.487314e-01 0.000000e+00
 0.000000e+00 0.000000e+00 0.000000e+00 5.845624e-01 4.154376e-01
 0.000000e+00 0.000000e+00 0.000000e+00 0.000000e+00 0.000000e+00
<ENDHMM>
~h "seven"
<BEGINHMM>
<NUMSTATES> 5
<STATE> 2
<MEAN> 39
 -6.038327e+00 -4.094909e+00 -4.982431e+00 -1.243414e+01 -6.273931e+00 -6.880699e+00 1.147077e+00 -8.074273e+00 -1.850210e+00 -4.173011e+00 -2.084287e+00 -5.305477e+00 1.671208e+01 6.891381e-01 -1.119143e-01 4.404442e-01 -1.463598e+00 -1.070811e+00 -5.170878e-01 1.147157e+00 1.126346e-02 2.091744e-01 -2.130494e-01 -8.911449e-01 -7.458709e-01 7.331264e-01 -1.520824e-01 -1.772421e-01 -1.878597e-01 7.557241e-03 1.196092e-01 2.945662e-01 8.561459e-02 4.082881e-02 -1.148047e-01 -1.752343e-01 -1.682958e-02 -4.279222e-04 1.721879e-02
<VARIANCE> 39
 1.153972e+01 6.061208e+00 1.114810e+01 2.547391e+01 3.277686e+01 2.948041e+01 2.686835e+01 2.317957e+01 2.404707e+01 4.650607e+01 2.403978e+01 2.357242e+01 3.905441e+00 5.416045e-01 5.115830e-01 7.253583e-01 8.998307e-01 1.482309e+00 1.801194e+00 1.401541e+00 1.287606e+00 1.500816e+00 2.275642e+00 1.168320e+00 1.446123e+00 5.285644e-02 9.318990e-02 5.679964e-02 9.698013e-02 1.985888e-01 3.071028e-01 2.272315e-01 1.754576e-01 1.430028e-01 1.515075e-01 2.319964e-01 1.656214e-01 2.078426e-01 2.796688e-02
<GCONST> 8.244548e+01
<STATE> 3
<MEAN> 39
 -6.119309e+00 -8.221763e+00 -5.683353e+00 -1.605159e+01 -5.143614e+00 -3.144334e+00 5.222208e+00 -8.933434e+00 -2.984908e+00 -7.683120e+00 -4.024721e+00 -6.293444e+00 1.911644e+01 9.474123e-02 -2.692398e-01 8.528954e-02 4.731654e-01 2.041952e-01 -5.888533e-02 -4.636611e-02 2.817166e-01 -4.068201e-01 7.298227e-02 1.849524e-01 7.520983e-02 -5.076418e-02 5.436932e-02 1.747593e-01 1.139721e-01 2.935172e-01 5.019081e-02 -2.137853e-01 -3.012154e-01 6.763835e-02 3.134066e-02 8.070821e-02 1.965926e-01 1.975188e-02 -1.288898e-01
<VARIANCE> 39
 9.110400e+00 9.684133e+00 8.355774e+00 1.714442e+01 4.799975e+01 3.258365e+01 3.196617e+01 3.984565e+01 5.089472e+01 5.142552e+01 3.522820e+01 3.400020e+01 1.218455e+00 3.666895e-01 5.793577e-01 4.273848e-01 7.767524e-01 1.260942e+00 1.604163e+00 1.315223e+00 9.972047e-01 1.150542e+00 1.663262e+00 1.619192e+00 1.015413e+00 9.617516e-02 5.795737e-02 6.015978e-02 5.615031e-02 1.145106e-01 2.412460e-01 1.792161e-01 1.839440e-01 1.657852e-01 2.099287e-01 2.159631e-01 2.517378e-01 1.896218e-01 5.522567e-03
<GCONST> 7.923913e+01
<STATE> 4
<MEAN> 39
 -3.261176e+00 -4.144245e+00 -2.028270e+00 -9.782866e+00 -4.004842e+00 -7.959078e+00 -4.748498e-01 -7.858831e+00 -3.899313e+00 -6.622018e+00 -1.641555e+00 -6.990791e+00 1.713914e+01 1.033830e-01 3.712877e-01 2.332283e-01 2.367872e-01 3.832656e-01 -3.191754e-02 -4.324277e-01 -3.524048e-01 3.635239e-02 -7.281144e-02 8.269295e-02 -1.419261e-02 -8.955784e-02 -4.065209e-02 -5.870906e-02 -5.497928e-02 -7.428543e-02 3.908359e-03 1.124622e-01 9.077430e-02 -4.642539e-02 -1.676916e-03 -1.569158e-03 -4.389987e-02 3.397067e-02 1.971301e-02
<VARIANCE> 39
 4.942158e+00 1.052791e+01 1.002367e+01 1.376665e+01 2.823031e+01 3.235537e+01 2.626716e+01 4.111405e+01 3.194532e+01 3.568744e+01 3.237389e+01 2.854844e+01 1.706319e+00 1.933057e-01 4.190111e-01 4.817936e-01 9.198498e-01 1.397591e+00 1.176664e+00 1.664640e+00 1.274353e+00 1.400815e+00 1.393205e+00 1.271545e+00 9.384513e-01 9.093864e-02 3.520590e-02 7.932285e-02 8.682625e-02 1.535070e-01 2.501922e-01 2.063101e-01 2.865706e-01 2.278790e-01 2.305826e-01 2.401720e-01 2.150232e-01 1.484503e-01 1.501052e-02
<GCONST> 7.870203e+01
<TRANSP> 5
 0.000000e+00 1.000000e+00 0.000000e+00 0.000000e+00 0.000000e+00
 0.000000e+00 7.772940e-01 2.227059e-01 0.000000e+00 0.000000e+00
 0.000000e+00 0.000000e+00 8.709006e-01 1.290994e-01 0.000000e+00
 0.000000e+00 0.000000e+00 0.000000e+00 9.304841e-01 6.951592e-02
 0.000000e+00 0.000000e+00 0.000000e+00 0.000000e+00 0.000000e+00
<ENDHMM>
~h "three"
<BEGINHMM>
<NUMSTATES> 5
<STATE> 2
<MEAN> 39
 -3.064686e+00 -6.946089e+00 -3.369995e-01 -8.981120e+00 -1.040375e+01 -1.090332e+01 -1.257127e+00 -8.773869e+00 -1.807681e+00 -5.101543e+00 -2.405645e-01 -5.333007e+00 1.739582e+01 4.811234e-01 -1.436787e-01 9.491838e-01 -2.646916e-01 -1.587417e+00 -1.042808e-01 -2.449135e-01 -2.375608e-01 4.042579e-01 1.021042e-01 -3.346959e-02 -2.408172e-01 3.700373e-01 -1.780552e-01 1.174311e-01 6.158045e-03 -2.935310e-01 2.142211e-01 3.091848e-01 -1.626939e-01 1.387108e-02 8.274584e-02 -1.711598e-02 4.700023e-02 8.765757e-03 -3.168207e-02
<VARIANCE> 39
 1.164618e+01 1.269812e+01 1.684212e+01 2.992245e+01 5.279701e+01 4.901920e+01 2.346233e+01 2.636637e+01 2.824529e+01 2.595008e+01 3.406503e+01 3.195381e+01 2.747188e+00 7.849919e-01 6.880215e-01 8.025735e-01 2.096271e+00 1.928441e+00 3.473530e+00 1.423510e+00 1.555666e+00 1.259070e+00 1.074357e+00 1.377585e+00 1.283738e+00 6.034803e-02 1.133727e-01 1.465272e-01 1.334919e-01 3.007143e-01 4.702272e-01 4.272629e-01 2.917322e-01 2.400393e-01 1.938346e-01 1.819022e-01 1.986183e-01 1.940403e-01 9.981367e-03
<GCONST> 8.966341e+01
<STATE> 3
<MEAN> 39
 -5.063711e+00 -3.603238e+00 5.578519e+00 -1.901779e+01 -1.235435e+01 -4.194337e+00 -8.703934e+00 -8.702663e+00 1.893760e+00 -5.788623e+00 1.089952e+00 -5.948672e+00 1.864967e+01 -8.430445e-01 1.789759e+00 -2.704412e-01 -1.708725e+00 2.361438e+00 -1.398036e-01 -1.453431e+00 9.123226e-01 -4.222678e-01 -2.278706e-01 1.214074e-01 2.200193e-02 -2.230700e-02 4.402328e-02 1.218722e-01 -4.620049e-01 5.165812e-01 3.906828e-01 -6.708114e-01 4.298630e-01 5.587017e-02 -3.702151e-01 7.575401e-02 -5.778687e-02 3.760608e-02 -5.403515e-02
<VARIANCE> 39
 7.786611e+00 2.370751e+01 1.160909e+01 3.177264e+01 6.010271e+01 2.842018e+01 4.193869e+01 6.403720e+01 2.612720e+01 2.803686e+01 3.817415e+01 2.962353e+01 1.291205e+00 2.536156e-01 6.095070e-01 1.022610e+00 1.784833e+00 1.379510e+00 3.628509e+00 2.037681e+00 1.369069e+00 1.405161e+00 1.082623e+00 7.239174e-01 7.942962e-01 2.038622e-02 5.181743e-02 1.573988e-01 9.282725e-02 2.427541e-01 5.002226e-01 2.351907e-01 3.894318e-01 3.778016e-01 1.662223e-01 1.491651e-01 1.327648e-01 1.101886e-01 2.215925e-03
<GCONST> 8.267965e+01
<STATE> 4
<MEAN> 39
 -6.746459e+00 4.094960e+00 -1.723770e+00 -1.635130e+01 -1.327728e+00 -1.257120e+01 -5.459343e+00 -8.154126e+00 -3.432696e+00 -4.968043e+00 -2.622136e-01 -6.249916e+00 1.786943e+01 1.472892e-01 -9.084852e-02 -5.625378e-01 9.714069e-01 4.166309e-01 -1.256382e-01 7.106556e-01 -3.731094e-01 -3.080249e-01 -2.204887e-02 -1.988200e-01 2.256035e-03 -1.796773e-01 6.445507e-02 -3.144107e-01 9.460399e-02 8.221627e-02 -2.301228e-01 3.112337e-01 3.668999e-02 -3.315051e-02 1.385589e-01 -3.352946e-02 2.241074e-02 1.250736e-02 -2.591010e-02
<VARIANCE> 39
 7.449283e+00 1.523492e+01 1.623977e+01 3.038843e+01 2.260609e+01 2.546228e+01 4.758741e+01 4.504966e+01 3.214669e+01 4.072722e+01 4.082807e+01 3.688456e+01 1.619537e+00 2.181431e-01 1.348892e+00 6.421898e-01 8.472818e-01 1.204881e+00 2.043657e+00 1.288916e+00 1.479684e+00 1.223966e+00 1.179218e+00 8.510366e-01 8.679758e-01 2.468676e-02 3.732482e-02 9.137569e-02 7.182744e-02 1.614881e-01 1.831885e-01 1.714746e-01 2.113463e-01 2.211607e-01 1.729047e-01 1.652807e-01 1.335474e-01 1.304342e-01 2.678527e-03
<GCONST> 7.750092e+01
<TRANSP> 5
 0.000000e+00 1.000000e+00 0.000000e+00 0.000000e+00 0.000000e+00
 0.000000e+00 8.775642e-01 1.224358e-01 0.000000e+00 0.000000e+00
 0.000000e+00 0.000000e+00 7.877170e-01 2.122830e-01 0.000000e+00
 0.000000e+00 0.000000e+00 0.000000e+00 8.905424e-01 1.094576e-01
 0.000000e+00 0.000000e+00 0.000000e+00 0.000000e+00 0.000000e+00
<ENDHMM>
~h "one"
<BEGINHMM>
<NUMSTATES> 5
<STATE> 2
<MEAN> 39
 -5.636769e-01 -3.775382e+00 -9.278308e+00 -1.281936e+01 -1.657636e+00 -5.563925e+00 -2.020796e+00 -8.864923e+00 -2.706297e+00 -6.731789e+00 -1.547543e+00 -7.291674e+00 1.774772e+01 2.775697e-01 -4.058127e-01 -8.729631e-01 4.576394e-01 4.878424e-01 4.001857e-02 -2.916920e-01 2.272251e-01 2.038344e-01 -3.066511e-01 -3.899769e-01 -2.720663e-01 2.374275e-01 -1.192159e-01 -1.464892e-01 5.409471e-02 2.650645e-01 7.949026e-03 -1.161412e-01 -1.503113e-02 9.390188e-02 -1.090059e-02 -9.035849e-02 1.110542e-02 8.310231e-02 -2.108815e-02
<VARIANCE> 39
 7.552557e+00 9.248479e+00 2.887014e+01 2.285627e+01 2.890387e+01 2.533755e+01 2.281942e+01 2.065756e+01 2.828458e+01 2.395184e+01 2.968250e+01 2.876587e+01 2.266373e+00 4.572637e-01 7.994446e-01 8.717239e-01 2.245309e+00 1.372566e+00 1.442391e+00 1.268147e+00 1.065979e+00 1.133836e+00 1.021530e+00 1.095188e+00 1.045048e+00 4.810586e-02 4.474171e-02 6.126189e-02 1.908795e-01 2.174528e-01 2.628257e-01 2.525178e-01 2.367608e-01 1.810446e-01 2.006645e-01 1.693319e-01 1.889237e-01 1.838628e-01 4.997028e-03
<GCONST> 8.016656e+01
<STATE> 3
<MEAN> 39
 -2.365830e+00 -1.071513e+01 -1.090178e+01 -1.689125e+00 -4.441094e-01 -9.494455e+00 -2.446905e+00 -4.207419e+00 -3.535986e+00 -1.172770e+01 -2.378259e+00 -6.056061e+00 1.853593e+01 -6.083221e-01 -3.738019e-01 1.339261e+00 5.725554e-01 -1.353412e+00 -3.280297e-01 1.195634e+00 -8.911619e-02 -9.245066e-01 -9.229698e-02 5.861694e-01 1.197449e-01 -4.917243e-02 2.359543e-02 3.139461e-01 2.517605e-01 -5.823215e-01 -1.342385e-01 3.765822e-01 9.197459e-02 -4.376487e-01 -1.767715e-04 3.804746e-01 4.404850e-02 -1.767883e-01 -2.978545e-02
<VARIANCE> 39
 6.139125e+00 9.608621e+00 1.865715e+01 2.375515e+01 2.701251e+01 1.740504e+01 3.767009e+01 3.139131e+01 4.646121e+01 3.755398e+01 3.383756e+01 3.321793e+01 1.544290e+00 1.544823e-01 5.160008e-01 6.043649e-01 1.832195e+00 7.393170e-01 1.712026e+00 1.007530e+00 2.247599e+00 1.165850e+00 1.864566e+00 1.028614e+00 1.293536e+00 8.478376e-03 2.364939e-02 5.254935e-02 1.008276e-01 1.224749e-01 2.853326e-01 1.528488e-01 3.760173e-01 1.782115e-01 3.358981e-01 2.003758e-01 2.674326e-01 1.681011e-01 8.554437e-04
<GCONST> 7.513374e+01
<STATE> 4
<MEAN> 39
 -4.105438e+00 -5.415429e+00 -1.636733e+00 -8.752305e+00 -4.065226e+00 -5.855189e+00 -1.672172e+00 -1.194642e+01 -4.644996e+00 -8.685167e+00 -2.577893e+00 -8.293402e+00 1.778409e+01 1.509734e-01 9.696437e-01 6.241864e-01 -7.278152e-01 4.268501e-01 -6.555399e-02 -6.300331e-01 -4.443400e-01 8.179481e-02 2.297516e-01 -1.765607e-01 5.030313e-02 -1.278848e-01 4.424492e-02 -6.868383e-02 -2.142984e-01 1.672574e-01 1.610075e-01 -6.851062e-02 -6.794818e-02 1.652306e-01 1.346545e-02 -1.166123e-01 1.019279e-02 7.498067e-02 -5.519189e-03
<VARIANCE> 39
 6.947587e+00 2.328873e+01 1.104294e+01 2.142928e+01 1.961120e+01 4.665110e+01 3.616129e+01 3.531922e+01 4.120731e+01 4.573928e+01 3.327518e+01 3.777852e+01 1.325361e+00 2.764749e-01 6.147527e-01 8.078718e-01 1.205912e+00 9.141039e-01 1.966978e+00 1.137113e+00 1.444116e+00 1.607666e+00 1.540658e+00 9.443043e-01 9.592199e-01 1.267473e-02 4.883318e-02 1.199606e-01 8.184351e-02 1.339056e-01 2.006810e-01 3.082121e-01 2.740741e-01 1.858079e-01 2.301890e-01 2.257163e-01 1.685921e-01 1.675536e-01 1.604122e-03
<GCONST> 7.851231e+01
<TRANSP> 5
 0.000000e+00 1.000000e+00 0.000000e+00 0.000000e+00 0.000000e+00
 0.000000e+00 8.982224e-01 1.017777e-01 0.000000e+00 0.000000e+00
 0.000000e+00 0.000000e+00 8.248978e-01 1.751022e-01 0.000000e+00
 0.000000e+00 0.000000e+00 0.000000e+00 8.843316e-01 1.156684e-01
 0.000000e+00 0.000000e+00 0.000000e+00 0.000000e+00 0.000000e+00
<ENDHMM>
~h "sil"
<BEGINHMM>
<NUMSTATES> 5
<STATE> 2
<MEAN> 39
 -6.781443e+00 -6.748147e+00 -5.112250e+00 -9.114522e+00 -1.823795e-02 -3.386785e+00 1.737155e-01 -8.539794e+00 -2.616470e+00 -5.767004e+00 5.600201e-01 -4.302604e+00 1.461610e+01 -3.773095e-02 -2.267110e-03 -2.791904e-03 3.343191e-02 4.128450e-02 2.655613e-02 4.821421e-02 3.843564e-03 -1.788524e-02 5.898557e-03 1.583705e-02 1.255431e-02 -1.228085e-02 -2.595537e-02 -3.358025e-02 -7.334388e-02 -1.083969e-01 -1.188741e-01 -1.163276e-01 -6.134464e-02 -8.214357e-03 -2.180322e-02 1.055777e-02 3.719570e-02 2.983262e-02 1.894575e-03
<VARIANCE> 39
 3.607227e+00 4.340396e+00 5.987271e+00 7.598938e+00 1.195119e+01 1.365228e+01 1.465913e+01 1.632019e+01 1.574799e+01 1.373721e+01 1.578745e+01 1.310835e+01 1.166174e+00 7.804871e-02 1.585709e-01 2.704811e-01 3.724080e-01 4.933414e-01 6.558051e-01 6.798667e-01 7.123514e-01 6.934660e-01 5.748586e-01 6.352621e-01 5.629559e-01 4.994365e-03 1.089903e-02 2.399975e-02 4.033173e-02 5.009913e-02 7.054966e-02 1.015456e-01 1.068026e-01 1.302779e-01 1.117373e-01 9.222262e-02 1.051599e-01 9.906553e-02 6.329708e-04
<GCONST> 4.372160e+01
<STATE> 3
~s "silst"
<STATE> 4
<MEAN> 39
 -7.605218e+00 -7.340755e+00 -6.615275e+00 -1.117225e+01 -2.175507e+00 -5.395158e+00 -1.001453e+00 -8.638775e+00 -2.698547e+00 -5.397546e+00 1.455270e+00 -3.844264e+00 1.448357e+01 -3.226975e-03 7.231669e-03 -2.763355e-02 -2.909707e-02 -5.392964e-02 -2.054657e-02 -6.053616e-02 -7.507828e-03 -3.208951e-03 -6.327561e-03 -2.058273e-02 -1.948732e-02 6.419024e-06 3.884258e-02 5.848789e-02 9.585042e-02 1.262033e-01 1.321978e-01 1.259013e-01 6.193012e-02 1.517164e-02 2.587182e-02 -1.749872e-02 -5.643475e-02 -4.032715e-02 8.823209e-03
<VARIANCE> 39
 3.530382e+00 4.163224e+00 6.417254e+00 7.854403e+00 1.126552e+01 1.259251e+01 1.498471e+01 1.596669e+01 1.770710e+01 1.533403e+01 1.513290e+01 1.341145e+01 9.975369e-01 7.753503e-02 1.687448e-01 2.883995e-01 4.168599e-01 5.055565e-01 6.764105e-01 5.959788e-01 7.435081e-01 7.104948e-01 6.077380e-01 7.007027e-01 6.128567e-01 3.273939e-03 1.441304e-02 2.896587e-02 4.218969e-02 5.723292e-02 7.334377e-02 1.087769e-01 1.041139e-01 1.283741e-01 1.332699e-01 1.060635e-01 1.175717e-01 1.100001e-01 1.117136e-03
<GCONST> 4.552561e+01
<TRANSP> 5
 0.000000e+00 1.000000e+00 0.000000e+00 0.000000e+00 0.000000e+00
 0.000000e+00 7.699763e-01 2.419184e-02 2.058318e-01 0.000000e+00
 0.000000e+00 0.000000e+00 8.270665e-01 1.729335e-01 0.000000e+00
 0.000000e+00 1.877185e-01 0.000000e+00 7.423760e-01 6.990555e-02
 0.000000e+00 0.000000e+00 0.000000e+00 0.000000e+00 0.000000e+00
<ENDHMM>
~h "six"
<BEGINHMM>
<NUMSTATES> 5
<STATE> 2
<MEAN> 39
 -8.671602e+00 -4.252827e+00 -6.970194e+00 -8.743269e+00 -3.105561e+00 -4.253797e+00 -1.959547e+00 -8.232171e+00 -3.550609e+00 -3.996263e+00 1.210826e-01 -3.143893e+00 1.495800e+01 6.807156e-01 6.820650e-01 1.204930e+00 -1.388239e+00 -1.163095e+00 -1.216190e+00 4.179602e-02 -1.326055e-01 4.243877e-01 3.495463e-01 -5.200443e-01 -4.772316e-01 6.324843e-01 6.523386e-02 1.144719e-01 2.248336e-01 -4.788855e-01 -2.779917e-01 -1.671763e-01 4.355066e-02 7.666179e-02 2.047147e-01 -7.544186e-04 -1.368096e-01 -2.388702e-01 1.445487e-01
<VARIANCE> 39
 7.499239e+00 7.806173e+00 1.268865e+01 1.147987e+01 1.906525e+01 2.007338e+01 1.520400e+01 1.803463e+01 2.005845e+01 2.975800e+01 1.917496e+01 1.709812e+01 1.876611e+00 3.585855e-01 4.707716e-01 8.834223e-01 1.147172e+00 1.075632e+00 1.324713e+00 1.006934e+00 8.113415e-01 1.420695e+00 2.242314e+00 1.076917e+00 1.326705e+00 7.632399e-02 6.199998e-02 5.628302e-02 1.151932e-01 9.810434e-02 2.033300e-01 2.092681e-01 1.476671e-01 1.769514e-01 1.848444e-01 2.379815e-01 1.709105e-01 1.682919e-01 8.919214e-03
<GCONST> 7.409753e+01
<STATE> 3
<MEAN> 39
 -6.471552e+00 -1.099732e+00 -8.565811e-01 -2.012440e+01 -7.859980e+00 -8.734331e+00 -2.437083e+00 -6.379316e+00 2.479807e-01 -3.795863e+00 -2.525010e+00 -7.322409e+00 1.832938e+01 2.390261e-02 -8.715718e-02 2.204622e-01 -2.809245e-01 3.762466e-01 2.138514e-01 -2.751718e-01 1.720166e-01 3.713883e-02 -1.964049e-01 1.705439e-01 7.683815e-03 -4.812834e-02 -5.668748e-02 -2.052958e-01 -2.669779e-01 4.878849e-01 2.882551e-01 2.210840e-01 6.800943e-02 -9.115706e-02 -1.468107e-01 -5.875666e-02 1.516587e-01 1.660895e-01 -1.670996e-01
<VARIANCE> 39
 7.692569e+00 9.749955e+00 1.663387e+01 2.303561e+01 5.852134e+01 3.111004e+01 3.719976e+01 2.460538e+01 3.463124e+01 5.833274e+01 3.543534e+01 3.743844e+01 1.432209e+00 3.495094e-01 6.523758e-01 1.075258e+00 3.228705e+00 2.395542e+00 1.759447e+00 1.734489e+00 1.341424e+00 1.887630e+00 2.010955e+00 1.867342e+00 1.896514e+00 2.935722e-01 6.820774e-02 6.607514e-02 1.609691e-01 2.257789e-01 3.062554e-01 3.193757e-01 3.836938e-01 2.241151e-01 2.868728e-01 3.401657e-01 2.636828e-01 2.553296e-01 1.166221e-02
<GCONST> 9.188033e+01
<STATE> 4
<MEAN> 39
 -6.563044e+00 -6.249623e+00 -4.681160e+00 -1.081164e+01 -1.002207e+00 -3.977462e+00 -1.434644e+00 -8.752653e+00 -2.163973e+00 -5.868470e+00 1.163248e+00 -4.220658e+00 1.475286e+01 -2.338257e-01 -9.107248e-01 -1.005165e+00 1.461622e+00 4.134268e-01 4.083273e-01 9.074157e-01 -4.569474e-01 -2.820678e-01 -4.060278e-02 2.005260e-01 2.986226e-01 -4.644009e-01 -1.053682e-01 1.690834e-01 2.072544e-01 -4.381508e-01 -3.787320e-01 -1.607378e-01 -8.535088e-02 1.720798e-01 1.161843e-01 1.035786e-01 -1.793894e-01 -1.430198e-01 1.499755e-01
<VARIANCE> 39
 3.291449e+00 5.444019e+00 9.444001e+00 1.106890e+01 1.463580e+01 1.564628e+01 1.950383e+01 1.857870e+01 1.687792e+01 1.705845e+01 1.861768e+01 1.491699e+01 1.491102e+00 2.675332e-01 4.869894e-01 8.966665e-01 1.309793e+00 2.110481e+00 1.651473e+00 1.602889e+00 1.249512e+00 1.214287e+00 1.204741e+00 1.177840e+00 1.023252e+00 7.939061e-02 3.887537e-02 6.518102e-02 1.378513e-01 1.468683e-01 2.331852e-01 1.805314e-01 2.655669e-01 1.924299e-01 1.855035e-01 1.735176e-01 1.977167e-01 1.825164e-01 5.795433e-03
<GCONST> 7.239915e+01
<TRANSP> 5
 0.000000e+00 1.000000e+00 0.000000e+00 0.000000e+00 0.000000e+00
 0.000000e+00 7.168647e-01 2.831353e-01 0.000000e+00 0.000000e+00
 0.000000e+00 0.000000e+00 8.891050e-01 1.108950e-01 0.000000e+00
 0.000000e+00 0.000000e+00 0.000000e+00 7.504828e-01 2.495172e-01
 0.000000e+00 0.000000e+00 0.000000e+00 0.000000e+00 0.000000e+00
<ENDHMM>
~h "two"
<BEGINHMM>
<NUMSTATES> 5
<STATE> 2
<MEAN> 39
 -1.097418e+01 -3.258506e+00 -6.748024e+00 -1.061527e+01 -9.914562e-01 -3.867685e+00 -1.967873e+00 -7.518019e+00 -2.329354e+00 -5.687236e+00 1.129006e+00 -3.368255e+00 1.506324e+01 4.955780e-01 6.196333e-01 1.004951e+00 -5.843747e-01 -2.624765e-01 -3.582962e-01 -4.639499e-01 -2.103119e-01 7.095744e-02 -5.624611e-02 -2.308737e-01 -3.579212e-01 3.224064e-01 2.976638e-01 6.147933e-02 2.891605e-01 -1.308075e-01 -2.076235e-01 -2.405230e-01 -1.173608e-01 -1.259394e-01 -2.620529e-02 3.179552e-03 -7.793030e-02 -1.693584e-01 9.280904e-02
<VARIANCE> 39
 8.824263e+00 8.094256e+00 1.270523e+01 1.233172e+01 1.843266e+01 2.274593e+01 1.918369e+01 2.119165e+01 2.136669e+01 2.394423e+01 2.469626e+01 1.983473e+01 9.010006e-01 1.375200e+00 5.614065e-01 1.282811e+00 8.294745e-01 1.351049e+00 1.287634e+00 9.868447e-01 1.191992e+00 1.168314e+00 1.289762e+00 1.868865e+00 1.103644e+00 7.276139e-02 1.260428e-01 1.096969e-01 1.341376e-01 1.302053e-01 2.284161e-01 1.983625e-01 1.756281e-01 2.238151e-01 2.266756e-01 2.026317e-01 3.591999e-01 1.593048e-01 7.892161e-03
<GCONST> 7.896391e+01
<STATE> 3
<MEAN> 39
 -4.602506e+00 1.268471e+00 1.860035e+00 -1.551861e+01 -6.947635e+00 -9.940702e+00 -6.699381e+00 -1.043889e+01 -2.408999e+00 -5.176537e+00 -1.123746e+00 -7.306334e+00 1.840605e+01 6.642599e-01 5.439677e-01 7.434919e-01 -5.416594e-01 -1.163094e+00 -1.106148e+00 -5.672635e-01 -2.814396e-01 -6.580536e-02 1.260980e-01 -2.157198e-01 -6.242167e-01 4.516139e-01 -2.501476e-01 -2.348626e-01 -4.262097e-01 2.989119e-01 2.724933e-01 2.322427e-01 2.357631e-01 1.460372e-01 -1.894572e-02 -9.710295e-03 1.532232e-01 1.828517e-01 -1.450198e-01
<VARIANCE> 39
 7.464178e+00 8.105780e+00 1.363392e+01 2.233163e+01 3.966365e+01 2.562177e+01 2.821950e+01 2.453391e+01 3.158005e+01 5.527731e+01 4.392709e+01 4.850072e+01 1.037482e+00 5.680063e-01 6.280800e-01 9.868057e-01 1.463858e+00 1.293194e+00 1.205725e+00 1.681137e+00 1.516214e+00 1.845532e+00 1.989671e+00 2.391910e+00 1.874792e+00 8.951812e-02 6.149356e-02 5.356352e-02 8.130214e-02 1.250381e-01 2.047461e-01 1.806913e-01 2.041243e-01 1.910590e-01 2.122002e-01 2.735898e-01 2.891499e-01 2.221811e-01 6.533229e-03
<GCONST> 8.376531e+01
<STATE> 4
<MEAN> 39
 -3.233375e+00 -5.657062e-02 -4.293879e-02 -1.366420e+01 -7.123262e+00 -1.157485e+01 -5.645627e+00 -9.635138e+00 -2.709915e+00 -5.307516e+00 -1.590265e-01 -7.598949e+00 1.824014e+01 1.669870e-01 -2.230703e-01 -2.385253e-01 5.385303e-01 3.367004e-01 8.569264e-02 9.845105e-02 -5.502221e-02 -1.929864e-01 -8.645359e-02 7.789144e-02 1.596005e-01 -1.200359e-01 -4.356917e-02 -3.796932e-02 -2.657135e-02 2.443726e-02 9.566936e-02 1.093868e-01 5.185576e-02 4.853122e-03 2.001606e-02 1.221613e-03 -5.766963e-03 4.460327e-02 -3.522880e-02
<VARIANCE> 39
 5.894979e+00 7.955132e+00 1.254080e+01 2.980940e+01 3.400660e+01 2.156409e+01 3.316369e+01 3.371007e+01 3.985089e+01 4.293890e+01 5.473437e+01 4.156469e+01 1.359259e+00 1.336151e-01 1.530626e-01 3.770711e-01 6.212682e-01 9.122770e-01 8.557901e-01 8.811655e-01 1.028955e+00 9.031155e-01 9.881773e-01 1.046250e+00 9.317821e-01 1.451300e-02 2.163316e-02 2.516205e-02 5.075888e-02 8.856457e-02 1.056494e-01 1.240885e-01 1.293001e-01 1.600865e-01 1.488252e-01 1.527054e-01 1.593261e-01 1.459205e-01 2.343909e-03
<GCONST> 6.575456e+01
<TRANSP> 5
 0.000000e+00 1.000000e+00 0.000000e+00 0.000000e+00 0.000000e+00
 0.000000e+00 8.215239e-01 1.784761e-01 0.000000e+00 0.000000e+00
 0.000000e+00 0.000000e+00 7.671811e-01 2.328189e-01 0.000000e+00
 0.000000e+00 0.000000e+00 0.000000e+00 9.013904e-01 9.860966e-02
 0.000000e+00 0.000000e+00 0.000000e+00 0.000000e+00 0.000000e+00
<ENDHMM>
~h "nine"
<BEGINHMM>
<NUMSTATES> 5
<STATE> 2
<MEAN> 39
 -4.467498e+00 -4.319822e+00 -2.079647e+00 -8.923645e+00 -3.037952e+00 -6.193517e+00 -1.514910e+00 -1.117625e+01 -5.007993e+00 -8.083107e+00 -2.951658e+00 -7.812014e+00 1.757049e+01 -1.375856e-01 -6.736444e-01 -2.220234e-01 4.959640e-01 -4.935299e-01 1.735892e-01 3.884804e-01 -1.974439e-01 -3.868451e-02 -1.525644e-01 -1.777523e-01 -1.451402e-01 2.492084e-01 -3.855082e-02 -1.264756e-01 -7.504541e-02 1.147970e-01 1.848548e-02 -6.525131e-03 3.847161e-02 3.158432e-02 9.938008e-03 6.575837e-03 8.037283e-02 3.494634e-02 -1.066850e-02
<VARIANCE> 39
 8.938943e+00 2.039144e+01 1.532362e+01 1.684718e+01 2.863497e+01 2.889840e+01 3.201667e+01 2.751154e+01 4.723812e+01 3.538682e+01 3.016183e+01 3.279164e+01 2.298928e+00 5.320113e-01 1.579563e+00 1.145018e+00 1.118023e+00 1.137564e+00 1.424681e+00 1.646135e+00 1.277942e+00 1.529248e+00 1.154792e+00 1.246241e+00 1.038430e+00 3.757257e-02 6.490717e-02 1.814848e-01 1.345672e-01 1.401967e-01 2.019951e-01 2.220140e-01 2.430719e-01 1.863205e-01 1.998025e-01 1.611660e-01 1.736887e-01 1.449361e-01 4.928788e-03
<GCONST> 8.288960e+01
<STATE> 3
<MEAN> 39
 -6.290631e+00 -1.167304e+01 -4.987215e+00 -2.493130e+00 -5.655582e+00 -5.431815e+00 1.785343e+00 -1.126511e+01 -5.679041e+00 -9.068493e+00 -1.604722e+00 -7.685256e+00 1.862180e+01 -1.082621e-01 6.587674e-02 2.330327e-01 -2.054396e-01 -4.686916e-02 2.054873e-01 -7.340863e-02 -1.009144e-01 1.717085e-01 6.968296e-02 -3.999977e-02 3.044640e-02 -1.980161e-02 -2.994194e-03 1.878725e-01 7.741503e-02 -2.486252e-01 3.303832e-02 8.098916e-02 -1.012164e-01 -1.934649e-03 8.307942e-02 -5.385535e-03 -7.943039e-02 2.507947e-02 -1.439801e-02
<VARIANCE> 39
 7.198034e+00 8.451653e+00 2.463086e+01 3.137011e+01 1.880507e+01 3.042525e+01 3.088302e+01 3.410267e+01 4.310181e+01 4.184307e+01 2.805868e+01 3.031938e+01 1.011835e+00 8.114813e-02 3.212655e-01 4.020996e-01 1.031974e+00 4.633759e-01 6.109968e-01 5.232066e-01 4.996283e-01 6.120974e-01 6.482193e-01 6.582929e-01 5.175935e-01 4.581205e-03 1.054584e-02 2.932025e-02 3.925610e-02 5.256597e-02 6.929016e-02 6.527063e-02 7.263494e-02 7.668006e-02 7.950238e-02 8.555074e-02 7.634125e-02 7.776268e-02 3.925244e-04
<GCONST> 5.266851e+01
<STATE> 4
<MEAN> 39
 -6.219256e+00 -3.174107e+00 -1.624956e+00 -1.203719e+01 -1.903167e+00 -4.490203e+00 -3.314479e+00 -1.019655e+01 -2.792517e+00 -8.219690e+00 -3.088557e+00 -6.512092e+00 1.789958e+01 3.932209e-01 8.494505e-01 1.535856e-01 -3.098077e-01 5.438058e-01 -4.755403e-01 -4.737143e-01 3.274558e-01 -1.991053e-01 5.486518e-02 9.746971e-02 5.330139e-02 -1.226695e-01 4.359254e-02 -1.235608e-01 -3.717323e-02 2.355218e-01 -1.481624e-02 -7.308894e-02 1.047493e-01 -3.502574e-02 -1.089378e-01 2.566134e-02 7.963239e-02 -2.934044e-02 -1.026965e-02
<VARIANCE> 39
 1.145212e+01 2.010747e+01 1.219958e+01 2.402031e+01 3.582352e+01 3.415218e+01 3.366301e+01 2.992136e+01 4.906213e+01 3.962385e+01 3.857181e+01 4.244444e+01 1.076077e+00 4.062486e-01 9.276556e-01 5.741502e-01 1.873435e+00 1.354254e+00 1.383295e+00 1.360981e+00 1.284916e+00 1.675414e+00 1.184632e+00 1.059448e+00 1.024070e+00 9.886776e-03 5.706276e-02 9.914854e-02 8.653798e-02 1.494417e-01 1.941965e-01 2.405472e-01 1.805505e-01 1.979323e-01 2.316418e-01 1.955499e-01 1.707214e-01 1.415398e-01 1.008876e-03
<GCONST> 7.866750e+01
<TRANSP> 5
 0.000000e+00 1.000000e+00 0.000000e+00 0.000000e+00 0.000000e+00
 0.000000e+00 8.954045e-01 1.045955e-01 0.000000e+00 0.000000e+00
 0.000000e+00 0.000000e+00 9.109159e-01 8.908417e-02 0.000000e+00
 0.000000e+00 0.000000e+00 0.000000e+00 8.980909e-01 1.019090e-01
 0.000000e+00 0.000000e+00 0.000000e+00 0.000000e+00 0.000000e+00
<ENDHMM>
~h "five"
<BEGINHMM>
<NUMSTATES> 5
<STATE> 2
<MEAN> 39
 -4.156234e+00 -1.136792e+01 -1.008993e+01 -8.250825e+00 4.968199e-01 -8.154816e+00 3.460950e-01 -4.649840e+00 -5.261726e+00 -7.957973e+00 -1.834382e+00 -4.911427e+00 1.799274e+01 3.580283e-01 -1.176497e+00 -7.149156e-01 7.857566e-01 5.160553e-01 -6.389955e-01 3.343438e-01 3.965457e-01 -7.496661e-01 -2.183508e-01 -2.973550e-01 -3.310570e-03 5.633229e-01 -1.927874e-01 2.719767e-02 1.775407e-01 9.093834e-02 -1.431223e-02 1.056733e-01 2.974894e-02 -2.059673e-01 2.725179e-02 1.396002e-01 1.611226e-01 5.031552e-02 -7.536995e-02
<VARIANCE> 39
 1.080499e+01 1.963412e+01 2.371894e+01 1.677088e+01 1.902723e+01 2.057331e+01 2.530377e+01 5.161149e+01 3.225930e+01 2.807013e+01 2.499664e+01 1.993721e+01 4.335593e+00 7.723961e-01 5.612752e-01 1.174424e+00 9.058622e-01 7.891139e-01 9.856729e-01 9.726645e-01 2.236579e+00 1.726125e+00 1.726068e+00 1.364302e+00 1.026947e+00 1.229164e-01 9.410683e-02 1.330613e-01 1.771924e-01 1.234504e-01 1.363173e-01 1.446055e-01 1.543959e-01 3.002047e-01 2.738739e-01 1.926821e-01 1.755408e-01 1.403843e-01 2.800914e-02
<GCONST> 8.431540e+01
<STATE> 3
<MEAN> 39
 -5.809918e+00 -1.545241e+01 -8.555007e+00 -3.643669e+00 1.425366e+00 -9.174691e+00 2.535511e+00 -7.497592e+00 -7.217459e+00 -5.453832e+00 -4.653723e-01 -4.502890e+00 1.904678e+01 -1.660321e-01 8.385706e-02 4.906538e-01 -2.578131e-01 -2.713799e-01 4.344662e-01 6.877056e-02 -3.989350e-01 2.718814e-02 3.039239e-01 6.095852e-02 -8.460267e-02 -4.854472e-02 4.022345e-02 1.143987e-01 1.138482e-02 -1.966939e-01 -5.490240e-02 9.326223e-02 -2.897388e-02 2.472067e-02 5.648870e-02 -4.904363e-02 -7.781142e-02 -1.872704e-02 -1.496867e-02
<VARIANCE> 39
 9.173605e+00 9.380170e+00 2.484071e+01 2.081490e+01 1.874929e+01 2.312252e+01 1.751280e+01 3.905019e+01 4.701377e+01 4.449640e+01 2.688628e+01 2.551876e+01 1.356880e+00 8.785338e-02 1.530267e-01 2.696469e-01 6.337687e-01 4.958425e-01 5.513967e-01 4.976386e-01 4.931702e-01 6.129803e-01 5.705277e-01 5.683529e-01 4.732422e-01 5.855265e-03 1.174103e-02 2.420079e-02 3.029742e-02 4.808033e-02 5.118944e-02 5.160237e-02 5.701803e-02 6.415307e-02 8.526418e-02 8.422197e-02 6.647792e-02 7.040185e-02 9.060077e-04
<GCONST> 4.962833e+01
<STATE> 4
<MEAN> 39
 -5.752382e+00 -9.409238e+00 -3.940695e+00 -1.391119e+01 -3.282182e+00 -2.813764e+00 1.869823e+00 -8.421978e+00 -4.204358e+00 -5.238207e+00 -2.265270e+00 -5.520738e+00 1.830183e+01 2.169412e-01 1.206600e+00 3.702687e-01 -6.415756e-01 -3.921612e-01 -1.029613e-01 -3.103489e-01 2.565605e-01 5.543300e-01 -2.122367e-01 -7.187071e-02 -8.893300e-02 -2.459678e-01 -1.748389e-02 -2.161809e-02 -5.276887e-02 3.436930e-01 1.403295e-01 -1.802127e-01 -6.275391e-02 -1.010643e-02 -4.296305e-02 1.670472e-02 1.215081e-01 3.989239e-02 -4.834265e-02
<VARIANCE> 39
 7.867292e+00 2.309072e+01 1.221415e+01 3.191069e+01 4.211859e+01 1.957933e+01 2.462983e+01 3.665992e+01 5.311853e+01 2.795893e+01 2.708260e+01 3.009032e+01 1.837821e+00 2.146173e-01 4.989433e-01 5.738447e-01 2.637279e+00 1.470972e+00 1.621054e+00 9.744542e-01 1.331374e+00 1.638380e+00 1.337572e+00 1.268755e+00 9.162453e-01 4.137005e-02 4.305412e-02 9.683913e-02 7.586809e-02 2.402489e-01 2.361644e-01 2.301059e-01 1.663288e-01 2.294213e-01 2.225717e-01 1.790932e-01 2.066240e-01 1.646638e-01 4.442506e-03
<GCONST> 8.035703e+01
<TRANSP> 5
 0.000000e+00 1.000000e+00 0.000000e+00 0.000000e+00 0.000000e+00
 0.000000e+00 8.473921e-01 1.526079e-01 0.000000e+00 0.000000e+00
 0.000000e+00 0.000000e+00 9.124449e-01 8.755507e-02 0.000000e+00
 0.000000e+00 0.000000e+00 0.000000e+00 8.642516e-01 1.357485e-01
 0.000000e+00 0.000000e+00 0.000000e+00 0.000000e+00 0.000000e+00
<ENDHMM>
~h "four"
<BEGINHMM>
<NUMSTATES> 5
<STATE> 2
<MEAN> 39
 -6.735811e+00 -6.538934e+00 -5.532583e+00 -9.763710e+00 -1.581901e+00 -5.565472e+00 -1.223341e+00 -8.404251e+00 -2.000174e+00 -5.577027e+00 9.652808e-01 -4.276603e+00 1.536548e+01 1.574979e+00 5.384327e-01 -9.087676e-01 -8.631594e-01 -3.071793e-01 -5.363083e-01 -6.968728e-01 -1.938082e-01 1.933964e-01 2.020037e-01 -3.457435e-01 -4.892723e-01 6.458842e-01 3.488334e-01 1.247320e-01 -3.369054e-01 -3.166606e-01 -5.780772e-02 -5.724045e-03 -7.953384e-02 -1.713345e-02 1.984268e-03 5.397891e-02 -7.873774e-02 -1.318741e-01 1.426299e-01
<VARIANCE> 39
 7.665614e+00 5.428091e+00 5.407429e+00 7.839053e+00 1.004142e+01 1.246813e+01 1.450000e+01 1.362954e+01 1.605283e+01 1.350053e+01 1.612250e+01 1.222966e+01 1.733806e+00 5.106629e-01 4.349227e-01 5.986127e-01 7.389243e-01 7.153053e-01 9.080439e-01 7.490548e-01 8.227285e-01 1.020178e+00 1.090701e+00 1.528096e+00 1.231760e+00 5.730857e-02 6.818550e-02 5.339138e-02 6.056545e-02 8.253470e-02 1.012729e-01 1.523102e-01 1.212019e-01 1.510468e-01 1.397828e-01 1.607634e-01 1.994694e-01 1.873912e-01 7.208241e-03
<GCONST> 6.402467e+01
<STATE> 3
<MEAN> 39
 1.596952e+00 -3.480578e+00 -1.216854e+01 -1.705071e+01 -4.001005e+00 -6.176322e+00 -3.167046e+00 -8.952887e+00 -1.398721e+00 -3.855449e+00 4.301291e-01 -6.776381e+00 1.891482e+01 3.031466e-01 -1.871142e-01 -3.243446e-01 -3.638993e-02 7.427505e-02 -1.784950e-02 -2.190199e-01 1.751433e-01 3.534833e-01 9.303141e-02 -2.296003e-01 -2.199655e-01 1.426219e-01 -1.735027e-01 -1.542278e-01 1.500020e-01 2.362366e-01 3.837511e-02 -3.661782e-02 3.795503e-02 1.109482e-01 4.733387e-02 -8.559986e-02 -5.585207e-02 5.675218e-02 -6.755245e-02
<VARIANCE> 39
 4.139064e+00 1.026758e+01 9.592014e+00 1.372991e+01 2.439989e+01 1.714966e+01 1.857522e+01 1.714752e+01 2.362779e+01 2.482262e+01 3.810065e+01 3.757476e+01 1.086788e+00 5.211777e-01 7.267576e-01 6.848363e-01 1.212895e+00 9.696352e-01 7.714505e-01 9.085752e-01 9.565951e-01 1.308724e+00 1.174986e+00 1.337924e+00 1.241498e+00 9.273719e-02 4.950605e-02 4.573902e-02 9.588333e-02 8.012685e-02 1.358121e-01 1.434506e-01 1.560814e-01 1.412225e-01 1.815034e-01 1.920625e-01 1.991562e-01 1.870280e-01 7.210071e-03
<GCONST> 7.251306e+01
<STATE> 4
<MEAN> 39
 -2.652327e-01 -1.131033e+01 -7.978032e+00 -8.562046e+00 -5.377194e+00 -8.944546e+00 -2.202189e+00 -4.233284e+00 6.466966e-01 -7.567093e+00 -3.910466e+00 -7.362575e+00 1.854922e+01 -5.527570e-01 -3.242919e-02 1.188394e+00 5.178276e-01 -5.919722e-01 2.920044e-02 6.830022e-01 -1.586433e-01 -6.805236e-01 -3.921595e-01 1.339196e-01 2.577404e-01 -2.039317e-01 -8.727452e-02 3.019736e-01 6.561338e-04 -2.178086e-01 1.357595e-01 2.153060e-01 1.410051e-02 -2.456937e-01 -1.511340e-01 1.212308e-01 1.774703e-01 3.068698e-02 -5.097444e-02
<VARIANCE> 39
 6.985008e+00 1.431432e+01 2.849979e+01 1.842848e+01 4.718485e+01 3.738699e+01 3.524746e+01 3.893758e+01 4.504742e+01 3.449913e+01 3.467901e+01 3.193703e+01 1.577733e+00 2.194014e-01 1.523692e+00 6.633505e-01 1.663290e+00 2.091236e+00 2.162820e+00 1.566330e+00 2.596914e+00 1.820043e+00 1.725732e+00 1.796320e+00 1.076722e+00 4.097047e-02 2.919909e-02 9.483987e-02 1.879186e-01 1.663545e-01 4.425776e-01 3.015285e-01 3.549847e-01 3.384617e-01 3.789686e-01 2.795938e-01 3.071956e-01 2.166517e-01 3.209661e-03
<GCONST> 8.840079e+01
<TRANSP> 5
 0.000000e+00 1.000000e+00 0.000000e+00 0.000000e+00 0.000000e+00
 0.000000e+00 7.015776e-01 2.984224e-01 0.000000e+00 0.000000e+00
 0.000000e+00 0.000000e+00 9.182271e-01 8.177293e-02 0.000000e+00
 0.000000e+00 0.000000e+00 0.000000e+00 8.713887e-01 1.286113e-01
 0.000000e+00 0.000000e+00 0.000000e+00 0.000000e+00 0.000000e+00
<ENDHMM>
~h "zero"
<BEGINHMM>
<NUMSTATES> 5
<STATE> 2
<MEAN> 39
 -6.845107e+00 -1.877165e+00 -4.573966e+00 -7.686822e+00 -2.523369e+00 -4.691852e+00 -2.845629e+00 -8.920424e+00 -3.639457e+00 -4.160598e+00 1.242553e-01 -4.379313e+00 1.566000e+01 2.805318e-01 1.046402e+00 9.730868e-01 -1.158993e+00 -8.291513e-01 -1.408089e+00 -6.265377e-01 -6.028126e-01 3.227128e-01 3.351084e-01 -1.317538e-01 -2.386099e-01 4.914896e-01 3.681325e-02 9.513631e-02 1.830194e-01 -3.593097e-01 -1.728032e-01 -2.309524e-01 4.134723e-03 -2.222233e-02 1.698017e-01 5.661481e-04 3.141930e-02 -8.995050e-02 9.220241e-02
<VARIANCE> 39
 6.893438e+00 1.043653e+01 1.554086e+01 1.465970e+01 2.103385e+01 2.216405e+01 1.921967e+01 1.978640e+01 2.964368e+01 2.451213e+01 2.237920e+01 1.998133e+01 1.480656e+00 3.158843e-01 4.258360e-01 7.585364e-01 9.366139e-01 8.475966e-01 1.287826e+00 9.713854e-01 1.180818e+00 1.343759e+00 9.783393e-01 1.204642e+00 1.532586e+00 4.246508e-02 4.658550e-02 1.027602e-01 1.272490e-01 1.081713e-01 1.313523e-01 2.174171e-01 1.590274e-01 1.926530e-01 1.621272e-01 1.504938e-01 1.802995e-01 1.679149e-01 6.437598e-03
<GCONST> 7.323045e+01
<STATE> 3
<MEAN> 39
 -5.561462e+00 3.148973e-01 9.459414e-01 -1.693876e+01 -7.859650e+00 -9.189057e+00 -4.572626e+00 -8.442567e+00 1.750125e-01 -3.749740e+00 1.716487e-01 -6.831633e+00 1.840792e+01 3.374740e-01 -7.435061e-01 4.415436e-01 -1.701377e-01 -1.080020e+00 2.638078e-01 2.055567e-01 1.951661e-01 3.205486e-01 -7.768461e-02 4.344238e-02 -1.247365e-01 1.660997e-01 5.161502e-02 -2.691092e-01 -1.736734e-01 3.718891e-01 1.650625e-02 1.354868e-01 1.950449e-01 5.540435e-02 -8.675450e-02 -4.420021e-02 -1.255629e-02 7.159553e-02 -6.443790e-02
<VARIANCE> 39
 7.431996e+00 2.062716e+01 1.739165e+01 2.627581e+01 5.930012e+01 4.051973e+01 3.222965e+01 4.421901e+01 3.110948e+01 3.032198e+01 3.453894e+01 5.111520e+01 1.093029e+00 4.425101e-01 1.625717e+00 8.035114e-01 2.615490e+00 1.742385e+00 2.528030e+00 1.685268e+00 1.421432e+00 1.341178e+00 1.178046e+00 1.107315e+00 1.320198e+00 6.292749e-02 5.149549e-02 1.129352e-01 1.260747e-01 1.802438e-01 2.454622e-01 4.092798e-01 2.257667e-01 2.479141e-01 2.120590e-01 1.745768e-01 1.724339e-01 2.174376e-01 4.557931e-03
<GCONST> 8.705299e+01
<STATE> 4
<MEAN> 39
 -1.604639e+00 -1.051304e+01 -4.389700e+00 -9.816527e+00 -9.685683e+00 -8.037560e+00 5.589302e-01 -4.106652e+00 -1.752175e-01 -6.699890e+00 -1.003942e+00 -5.666500e+00 1.854220e+01 8.293410e-02 1.106544e-02 -5.494636e-01 1.635443e-01 6.661943e-01 -1.770828e-01 -1.631320e-02 2.073414e-01 -6.449981e-02 -1.487599e-01 -9.260718e-02 -7.462468e-03 -5.366286e-02 -5.978212e-02 1.431416e-01 6.304106e-02 -8.616911e-02 8.700781e-02 4.109851e-02 -9.756809e-02 -8.204976e-02 -2.056409e-02 3.421603e-02 2.039550e-02 -8.789893e-03 -1.775901e-02
<VARIANCE> 39
 6.464212e+00 1.774433e+01 2.652786e+01 2.679925e+01 6.272067e+01 5.437290e+01 3.558294e+01 3.644830e+01 4.418925e+01 3.497712e+01 2.490724e+01 3.291671e+01 1.494905e+00 2.247119e-01 8.380192e-01 6.307363e-01 1.038002e+00 1.227498e+00 1.669722e+00 1.529318e+00 1.766540e+00 1.573456e+00 1.377142e+00 1.023346e+00 9.264796e-01 1.577129e-02 2.391128e-02 3.502809e-02 7.641434e-02 1.110537e-01 1.911495e-01 2.326639e-01 1.870191e-01 1.959322e-01 2.165164e-01 1.823280e-01 1.466960e-01 1.334344e-01 1.767108e-03
<GCONST> 7.715379e+01
<TRANSP> 5
 0.000000e+00 1.000000e+00 0.000000e+00 0.000000e+00 0.000000e+00
 0.000000e+00 7.331669e-01 2.668332e-01 0.000000e+00 0.000000e+00
 0.000000e+00 0.000000e+00 8.921724e-01 1.078276e-01 0.000000e+00
 0.000000e+00 0.000000e+00 0.000000e+00 9.397910e-01 6.020905e-02
 0.000000e+00 0.000000e+00 0.000000e+00 0.000000e+00 0.000000e+00
<ENDHMM>
