~o
<STREAMINFO> 1 39
<VECSIZE> 39<NULLD><MFCC_E_D_A><DIAGC>
~s "silst"
<MEAN> 39
 -5.096993e+00 -3.743184e+00 -3.202243e+00 -8.850455e+00 -1.248662e+00 -5.734447e+00 -1.833222e+00 -9.462290e+00 -3.482134e+00 -6.419616e+00 -3.627668e-01 -5.630808e+00 1.585524e+01 -6.609150e-01 -4.381096e-01 -4.505093e-01 1.690329e-01 3.055367e-01 7.040663e-01 3.745533e-01 1.091168e-01 1.431895e-01 1.505382e-01 3.314741e-01 3.692138e-01 -3.613859e-01 -2.643208e-02 -7.009657e-02 -1.098853e-01 -1.265943e-01 -9.626088e-02 -7.238778e-02 1.252943e-03 7.244094e-02 3.699830e-02 9.082079e-03 -1.457084e-02 4.296304e-03 2.626155e-02
<VARIANCE> 39
 1.135989e+01 1.074344e+01 1.350373e+01 1.352597e+01 2.078183e+01 2.470755e+01 2.384724e+01 2.472375e+01 2.800178e+01 2.726956e+01 2.579411e+01 2.359841e+01 2.020627e+00 3.760808e-01 7.441794e-01 8.209558e-01 8.118069e-01 1.143311e+00 1.286582e+00 1.255155e+00 1.299196e+00 1.409176e+00 1.270147e+00 1.244415e+00 1.112120e+00 5.160769e-02 6.987269e-02 9.993765e-02 1.068125e-01 1.141460e-01 1.559767e-01 2.200085e-01 1.943161e-01 1.873730e-01 2.098789e-01 1.842459e-01 1.817889e-01 1.528099e-01 9.206442e-03
<GCONST> 7.762093e+01
~h "eight"
<BEGINHMM>
<NUMSTATES> 5
<STATE> 2
<MEAN> 39
 -8.248587e+00 -2.946858e+00 -5.890812e+00 -1.830078e+01 2.082317e-01 -4.920796e+00 8.325561e-01 -6.795961e+00 -1.588857e+00 -7.453942e+00 -1.738426e+00 -5.735423e+00 1.742778e+01 -1.718912e-01 1.037695e+00 -1.021110e-01 -1.059278e+00 -4.166776e-02 -5.862319e-01 8.547210e-02 4.707471e-01 3.881440e-01 -9.653325e-03 -1.743485e-01 -2.416421e-01 3.309650e-01 2.991332e-02 8.737550e-02 6.166577e-03 1.468257e-01 -6.123218e-02 -1.932736e-01 -8.387910e-02 -1.910019e-02 2.256130e-02 9.387770e-02 1.167585e-01 1.370368e-04 -1.858282e-02
<VARIANCE> 39
 7.984062e+00 2.046457e+01 1.890413e+01 3.150104e+01 4.206162e+01 2.228056e+01 2.495900e+01 2.280319e+01 3.076863e+01 2.350854e+01 2.472367e+01 2.560404e+01 3.253234e+00 3.426459e-01 7.503185e-01 6.375183e-01 1.273199e+00 1.185853e+00 1.357997e+00 1.453098e+00 9.923421e-01 1.347086e+00 1.118207e+00 1.077602e+00 9.605042e-01 1.022261e-01 4.193260e-02 7.991114e-02 7.524285e-02 1.929958e-01 1.371282e-01 1.689393e-01 1.489028e-01 1.686205e-01 2.270409e-01 1.636528e-01 1.697263e-01 1.470978e-01 1.292267e-02
<GCONST> 7.929090e+01
<STATE> 3
<MEAN> 39
 -8.391503e+00 5.787386e+00 -5.518176e+00 -1.922262e+01 -2.891019e+00 -1.377260e+01 -1.651789e+00 -5.962431e+00 7.349396e-01 -4.018954e+00 7.705619e-01 -5.688712e+00 1.854615e+01 1.014591e-01 4.996487e-01 2.032013e-01 8.299951e-01 -1.082678e-02 -9.338277e-01 -6.084924e-01 -8.149888e-01 -3.625544e-01 3.254951e-01 4.627498e-01 2.259059e-01 -7.260404e-02 4.925049e-02 -2.816858e-01 2.270721e-02 1.883099e-01 8.654440e-02 2.734830e-01 2.142627e-02 -1.576396e-01 -1.933482e-01 -1.406575e-01 -7.228258e-02 3.665769e-02 -6.157710e-02
<VARIANCE> 39
 1.001249e+01 1.130621e+01 2.484922e+01 2.642207e+01 2.095093e+01 2.358158e+01 5.649803e+01 2.710841e+01 2.953708e+01 2.183805e+01 3.272226e+01 2.505288e+01 1.478612e+00 1.824360e-01 5.053471e-01 2.621263e-01 6.236382e-01 8.216233e-01 1.014356e+00 7.481133e-01 8.218299e-01 1.769926e+00 1.023603e+00 1.188828e+00 8.485858e-01 2.525976e-02 2.770471e-02 7.075010e-02 4.937376e-02 9.891113e-02 8.106205e-02 1.525403e-01 1.405044e-01 1.339549e-01 1.672309e-01 1.385636e-01 1.856852e-01 1.362737e-01 3.379944e-03
<GCONST> 6.900671e+01
<STATE> 4
<MEAN> 39
 -6.980801e+00 1.099235e+00 -4.081264e+00 -1.220563e+01 -1.201111e+00 -1.170651e+01 -4.074939e+00 -1.160330e+01 -4.451947e+00 -5.782540e+00 8.174213e-01 -4.548687e+00 1.651801e+01 2.174548e-01 -1.856124e+00 -1.270029e-03 8.871628e-01 2.204407e-01 1.605100e+00 3.214939e-01 -2.735926e-02 -3.259246e-01 -3.979554e-01 -1.443176e-01 9.587359e-02 -4.694851e-01 -7.040061e-02 -9.884387e-02 -9.853631e-02 -1.309496e-01 -4.607015e-02 1.584772e-01 1.920618e-01 2.721857e-01 2.060985e-01 6.480020e-02 2.219820e-02 -3.125760e-02 -6.205251e-03
<VARIANCE> 39
 6.044732e+00 3.359443e+01 1.485189e+01 1.932176e+01 1.613104e+01 3.821313e+01 3.279233e+01 2.460283e+01 3.940949e+01 2.737354e+01 2.589083e+01 2.414079e+01 2.808125e+00 3.510622e-01 7.439551e-01 6.182794e-01 1.034777e+00 6.516261e-01 1.244098e+00 1.758364e+00 1.480786e+00 2.022588e+00 1.219445e+00 1.376227e+00 1.140150e+00 3.564309e-02 4.191845e-02 2.592427e-01 6.982180e-02 1.186752e-01 9.768069e-02 3.272914e-01 1.811751e-01 1.963653e-01 2.995734e-01 1.795662e-01 1.978348e-01 1.933906e-01 1.057586e-02
<GCONST> 8.036859e+01
<TRANSP> 5
 0.000000e+00 1.000000e+00 0.000000e+00 0.000000e+00 0.000000e+00
 0.000000e+00 8.666644e-01 1.333356e-01 0.000000e+00 0.000000e+00
 0.000000e+00 0.000000e+00 8.551467e-01 1.448533e-01 0.000000e+00
 0.000000e+00 0.000000e+00 0.000000e+00 8.208411e-01 1.791589e-01
 0.000000e+00 0.000000e+00 0.000000e+00 0.000000e+00 0.000000e+00
<ENDHMM>
~h "oh"
<BEGINHMM>
<NUMSTATES> 5
<STATE> 2
<MEAN> 39
 -4.341654e+00 -1.038975e+01 -8.321171e+00 -8.566918e+00 -2.648393e+00 -7.672035e+00 3.621161e+00 -7.395576e+00 -5.279556e+00 -7.114924e+00 -2.463720e+00 -5.437244e+00 1.783775e+01 5.450100e-01 -2.020153e-01 -6.056100e-01 1.689747e-01 9.518401e-02 -6.935293e-01 1.398218e-01 7.360169e-01 -1.364009e-02 -4.297205e-01 -4.087641e-01 -1.479324e-01 3.487017e-01 9.014415e-03 1.045318e-01 3.834310e-03 -5.313252e-02 3.922703e-02 -9.046953e-03 -1.540193e-01 7.198180e-03 1.332206e-01 2.656276e-02 -8.674730e-03 -2.711585e-02 -2.254832e-02
<VARIANCE> 39
 8.692536e+00 1.228268e+01 1.668824e+01 1.813798e+01 2.301738e+01 2.459152e+01 3.070217e+01 6.493784e+01 3.841234e+01 3.415107e+01 2.703763e+01 3.156621e+01 2.972049e+00 2.952186e-01 5.765826e-01 6.277213e-01 6.354142e-01 6.811656e-01 9.320475e-01 1.328568e+00 1.775975e+00 1.551095e+00 1.254314e+00 1.250102e+00 1.043904e+00 9.605146e-02 3.973006e-02 6.251190e-02 7.470396e-02 7.908143e-02 9.136192e-02 1.294653e-01 1.552523e-01 2.150862e-01 1.861816e-01 1.963214e-01 1.842844e-01 1.400209e-01 1.320713e-02
<GCONST> 7.705841e+01
<STATE> 3
<MEAN> 39
 -5.689229e-01 -8.237810e+00 -1.318612e+01 -9.933648e+00 -6.914824e-01 -1.204637e+01 -8.213598e-01 -7.722272e-01 1.462679e-01 -8.227348e+00 -5.130905e+00 -6.597951e+00 1.903604e+01 2.227377e-01 4.047494e-01 -2.727891e-02 -3.480966e-01 -3.625867e-02 -2.066348e-03 -6.740392e-01 -2.481357e-01 6.653269e-01 6.058870e-01 -3.187981e-02 -3.520942e-01 -9.761068e-03 -4.120394e-02 2.424527e-02 1.012512e-01 -2.060786e-02 -5.749260e-02 9.281553e-02 1.202297e-02 -1.581667e-01 -8.161172e-02 9.145962e-02 1.215206e-01 1.125847e-02 -2.516201e-02
<VARIANCE> 39
 6.096448e+00 8.373103e+00 1.529268e+01 1.468418e+01 1.914892e+01 2.241728e+01 4.158437e+01 3.062693e+01 3.917516e+01 3.568843e+01 3.181231e+01 4.011781e+01 1.219277e+00 8.018904e-02 1.367368e-01 2.629132e-01 2.764379e-01 3.856596e-01 5.137329e-01 7.291272e-01 1.007717e+00 7.301565e-01 8.528538e-01 7.859524e-01 6.995102e-01 1.317429e-02 1.110049e-02 1.420479e-02 3.353618e-02 3.312831e-02 4.694974e-02 6.865188e-02 7.735670e-02 9.559431e-02 1.049817e-01 1.012427e-01 9.137800e-02 8.846836e-02 1.196912e-03
<GCONST> 5.207349e+01
<STATE> 4
<MEAN> 39
 1.797283e-01 -3.747422e+00 -9.929907e+00 -1.348648e+01 -3.321524e+00 -1.008134e+01 -4.948233e+00 -7.351758e+00 1.042927e+00 -2.362197e+00 -1.813342e-01 -7.006027e+00 1.844963e+01 -3.488593e-01 2.883476e-01 8.526798e-01 1.506492e-01 -2.194037e-01 3.718901e-01 2.100537e-01 -5.763568e-01 -5.869853e-01 -1.044311e-01 5.087246e-01 4.134656e-01 -2.309364e-01 -1.311678e-01 -1.056016e-01 5.190166e-02 1.420830e-01 1.060876e-01 8.458859e-02 1.854161e-01 8.485265e-02 -1.052421e-01 -1.824420e-01 -7.828894e-02 8.003972e-02 -4.432825e-02
<VARIANCE> 39
 6.291278e+00 7.037636e+00 1.859465e+01 1.555909e+01 1.893987e+01 2.847945e+01 3.128436e+01 2.747238e+01 3.058822e+01 3.711855e+01 3.964845e+01 3.648972e+01 1.764966e+00 2.388194e-01 3.547484e-01 4.247614e-01 5.878938e-01 6.865624e-01 8.702399e-01 1.177439e+00 1.224233e+00 1.196290e+00 1.307561e+00 1.200791e+00 1.026123e+00 3.051279e-02 2.296741e-02 3.297258e-02 6.561621e-02 6.524639e-02 9.791447e-02 1.570951e-01 1.654169e-01 1.874245e-01 2.027884e-01 1.907183e-01 1.711672e-01 1.631210e-01 2.734399e-03
<GCONST> 6.920293e+01
<TRANSP> 5
 0.000000e+00 1.000000e+00 0.000000e+00 0.000000e+00 0.000000e+00
 0.000000e+00 8.829231e-01 1.170769e-01 0.000000e+00 0.000000e+00
 0.000000e+00 0.000000e+00 8.919520e-01 1.080480e-01 0.000000e+00
 0.000000e+00 0.000000e+00 0.000000e+00 8.561713e-01 1.438288e-01
 0.000000e+00 0.000000e+00 0.000000e+00 0.000000e+00 0.000000e+00
<ENDHMM>
~h "sp"
<BEGINHMM>
<NUMSTATES> 5
<STATE> 2
~s "silst"
<STATE> 3
<MEAN> 39
 -7.764938e+00 -6.410491e+00 -6.109814e+00 -9.672038e+00 -1.385290e+00 -4.045778e+00 -6.747689e-01 -8.575233e+00 -2.834542e+00 -5.599916e+00 9.436089e-01 -4.056542e+00 1.480106e+01 -9.518846e-02 -1.456415e-02 -1.063074e-01 4.337179e-04 -2.490598e-02 2.742061e-02 -7.440725e-03 3.295376e-02 1.205221e-03 1.734781e-02 3.115785e-02 3.888772e-02 -1.232496e-02 6.339126e-02 7.907776e-02 6.190982e-02 -1.398546e-02 -9.470661e-03 -5.898169e-02 -3.858214e-02 -1.906417e-02 -8.747777e-03 -1.556742e-02 -3.388452e-02 -3.324813e-02 4.405557e-02
<VARIANCE> 39
 5.429107e+00 6.047954e+00 8.726176e+00 1.027618e+01 1.441791e+01 1.554482e+01 1.560139e+01 1.666721e+01 1.759769e+01 1.645238e+01 1.601583e+01 1.380674e+01 1.091920e+00 1.618525e-01 2.427966e-01 3.669624e-01 4.381247e-01 5.699341e-01 6.831273e-01 6.549572e-01 7.249941e-01 7.452961e-01 6.601650e-01 6.563503e-01 5.706928e-01 7.604623e-03 3.390737e-02 5.458613e-02 7.285832e-02 9.174185e-02 1.144483e-01 1.433004e-01 1.325947e-01 1.442645e-01 1.472405e-01 1.255779e-01 1.259517e-01 1.147655e-01 4.140537e-03
<GCONST> 5.538884e+01
<STATE> 4
<MEAN> 39
 -8.372186e+00 -5.058870e+00 -6.220428e+00 -9.030029e+00 -1.877306e+00 -3.848668e+00 -9.184632e-01 -8.365385e+00 -2.970211e+00 -5.492738e+00 6.590655e-01 -4.122831e+00 1.507074e+01 3.922913e-01 1.726347e-01 1.566051e-01 -2.438788e-01 -2.968018e-01 -4.230793e-01 -3.143530e-02 7.851622e-02 -1.319291e-02 -4.550723e-02 -2.427205e-01 -1.273407e-01 2.771116e-01 2.213550e-01 8.720036e-03 5.045366e-02 -1.655674e-01 -1.726341e-01 -2.259055e-01 3.687785e-03 2.718965e-02 1.452682e-02 -2.493905e-03 -1.210006e-01 -9.443565e-02 1.268202e-01
<VARIANCE> 39
 1.149929e+01 1.116774e+01 1.671635e+01 1.510654e+01 1.884117e+01 1.824158e+01 1.788423e+01 1.992558e+01 2.140252e+01 1.981618e+01 1.881843e+01 1.703683e+01 1.502225e+00 6.064113e-01 5.403126e-01 8.095202e-01 8.726352e-01 1.061151e+00 1.080456e+00 9.232664e-01 1.267694e+00 1.083731e+00 1.026598e+00 9.776405e-01 8.222067e-01 6.179602e-02 6.983455e-02 1.106982e-01 1.686051e-01 1.540701e-01 2.066565e-01 1.957605e-01 1.771616e-01 2.302183e-01 2.112525e-01 1.866840e-01 1.804923e-01 1.637512e-01 8.593664e-03
<GCONST> 7.551064e+01
<TRANSP> 5
 0.000000e+00 8.237658e-01 1.762342e-01 0.000000e+00 0.000000e+00
 0.000000e+00 7.945105e-01 2.054894e-01 0.000000e+00 0.000000e+00
 0.000000e+00 0.000000e+00 8.553562e-01 1.446438e-01 0.000000e+00
 0.000000e+00 0.000000e+00 0.000000e+00 5.597755e-01 4.402246e-01
 0.000000e+00 0.000000e+00 0.000000e+00 0.000000e+00 0.000000e+00
<ENDHMM>
~h "seven"
<BEGINHMM>
<NUMSTATES> 5
<STATE> 2
<MEAN> 39
 -5.693563e+00 -4.299857e+00 -4.877868e+00 -1.375313e+01 -7.051674e+00 -6.946916e+00 2.046072e+00 -7.984492e+00 -1.546543e+00 -5.001517e+00 -2.926563e+00 -6.175123e+00 1.730440e+01 4.708994e-01 -2.694347e-01 2.375503e-01 -1.317666e+00 -7.864549e-01 -1.670079e-01 1.085260e+00 1.372269e-02 1.068117e-01 -3.692389e-01 -8.012657e-01 -6.518826e-01 6.864614e-01 -1.886565e-01 -1.788172e-01 -1.919961e-01 1.459024e-01 2.458858e-01 3.188586e-01 -1.124459e-02 2.405996e-02 -1.483876e-01 -1.180801e-01 8.841899e-02 8.125841e-02 -3.722901e-02
<VARIANCE> 39
 1.060510e+01 6.382657e+00 1.009298e+01 2.900308e+01 3.431559e+01 3.012349e+01 2.937547e+01 2.579546e+01 2.875686e+01 6.074530e+01 2.719701e+01 2.717649e+01 4.029666e+00 6.518384e-01 5.466036e-01 7.618191e-01 9.092083e-01 1.817549e+00 1.940788e+00 1.365462e+00 1.215944e+00 1.512479e+00 2.099241e+00 1.226458e+00 1.538781e+00 6.579942e-02 8.455584e-02 5.856682e-02 8.709447e-02 2.308084e-01 2.895142e-01 2.081906e-01 1.943461e-01 1.476775e-01 1.631786e-01 2.909326e-01 1.957031e-01 2.148147e-01 3.022728e-02
<GCONST> 8.475475e+01
<STATE> 3
<MEAN> 39
 -6.251502e+00 -8.557274e+00 -5.686424e+00 -1.584053e+01 -4.525477e+00 -2.678034e+00 5.222970e+00 -9.271181e+00 -3.243937e+00 -7.546802e+00 -3.808431e+00 -5.836155e+00 1.910237e+01 1.534732e-01 -2.106860e-01 1.524373e-01 6.106123e-01 1.589873e-01 -2.023629e-01 -1.297272e-01 3.343353e-01 -4.538247e-01 2.204489e-01 2.480758e-01 1.064722e-01 -1.105041e-01 1.007140e-01 2.164218e-01 1.423954e-01 2.523412e-01 -3.498754e-02 -2.957616e-01 -2.923607e-01 9.666418e-02 6.490268e-02 6.714158e-02 1.673832e-01 -3.365017e-02 -1.164656e-01
<VARIANCE> 39
 9.143711e+00 9.169922e+00 8.142559e+00 1.569802e+01 4.680837e+01 3.071389e+01 3.269180e+01 3.891760e+01 5.062197e+01 4.537757e+01 3.517990e+01 3.273034e+01 1.259713e+00 3.436090e-01 5.514474e-01 3.794610e-01 6.112150e-01 1.219093e+00 1.498484e+00 1.185778e+00 9.841582e-01 1.062215e+00 1.582294e+00 1.621543e+00 9.396491e-01 5.967405e-02 4.374690e-02 4.232037e-02 4.622932e-02 9.891055e-02 2.046946e-01 1.365616e-01 1.915952e-01 1.520177e-01 1.974408e-01 1.847983e-01 2.491160e-01 1.696796e-01 4.750214e-03
<GCONST> 7.553209e+01
<STATE> 4
<MEAN> 39
 -3.269820e+00 -4.197879e+00 -2.074295e+00 -9.809136e+00 -4.099671e+00 -7.988591e+00 -4.211218e-01 -7.771561e+00 -3.931851e+00 -6.626479e+00 -1.664806e+00 -7.036098e+00 1.716417e+01 1.051814e-01 3.779988e-01 2.384838e-01 2.473281e-01 3.924930e-01 -4.116690e-02 -4.494586e-01 -3.508885e-01 4.834232e-02 -8.088603e-02 9.180798e-02 -1.234082e-02 -9.353618e-02 -4.219284e-02 -5.522468e-02 -5.207765e-02 -7.301049e-02 9.950579e-03 1.154573e-01 8.680394e-02 -5.341073e-02 3.283354e-04 -1.589513e-03 -4.368379e-02 3.806723e-02 1.847008e-02
<VARIANCE> 39
 4.983238e+00 1.070819e+01 1.035228e+01 1.384143e+01 2.863628e+01 3.241098e+01 2.646971e+01 4.164376e+01 3.196493e+01 3.589928e+01 3.236135e+01 2.850755e+01 1.751774e+00 1.949596e-01 4.218158e-01 4.847339e-01 9.368006e-01 1.403553e+00 1.188227e+00 1.687520e+00 1.275147e+00 1.424428e+00 1.408042e+00 1.285995e+00 9.406618e-01 9.294980e-02 3.569287e-02 8.103225e-02 8.889440e-02 1.531378e-01 2.527591e-01 2.064876e-01 2.870733e-01 2.311112e-01 2.306181e-01 2.413894e-01 2.152722e-01 1.504820e-01 1.528230e-02
<GCONST> 7.908415e+01
<TRANSP> 5
 0.000000e+00 1.000000e+00 0.000000e+00 0.000000e+00 0.000000e+00
 0.000000e+00 8.010784e-01 1.989215e-01 0.000000e+00 0.000000e+00
 0.000000e+00 0.000000e+00 8.509828e-01 1.490172e-01 0.000000e+00
 0.000000e+00 0.000000e+00 0.000000e+00 9.307094e-01 6.929064e-02
 0.000000e+00 0.000000e+00 0.000000e+00 0.000000e+00 0.000000e+00
<ENDHMM>
~h "three"
<BEGINHMM>
<NUMSTATES> 5
<STATE> 2
<MEAN> 39
 -3.000188e+00 -6.994171e+00 -1.780154e-01 -9.000049e+00 -1.073364e+01 -1.088746e+01 -1.287718e+00 -8.874271e+00 -1.717843e+00 -5.055851e+00 -1.762400e-01 -5.332769e+00 1.745109e+01 4.440952e-01 -1.136580e-01 9.533809e-01 -3.268734e-01 -1.536440e+00 -4.227061e-02 -2.859799e-01 -2.323888e-01 4.169951e-01 1.027107e-01 -2.188882e-02 -2.377633e-01 3.637847e-01 -1.850697e-01 1.312622e-01 -6.199430e-03 -2.993382e-01 2.492574e-01 3.013529e-01 -1.702056e-01 2.584378e-02 7.203780e-02 -2.047927e-02 4.310240e-02 8.577492e-03 -3.476261e-02
<VARIANCE> 39
 1.135558e+01 1.276444e+01 1.739052e+01 3.022541e+01 5.358094e+01 4.896165e+01 2.362306e+01 2.700917e+01 2.850472e+01 2.609655e+01 3.450024e+01 3.186909e+01 2.702984e+00 8.106344e-01 7.309405e-01 8.007865e-01 2.233681e+00 1.984526e+00 3.550571e+00 1.502202e+00 1.578080e+00 1.252446e+00 1.074859e+00 1.374597e+00 1.267329e+00 6.039976e-02 1.114948e-01 1.497363e-01 1.384252e-01 2.966595e-01 4.901239e-01 4.290677e-01 2.943970e-01 2.451954e-01 1.959911e-01 1.811034e-01 1.977807e-01 1.917184e-01 9.841409e-03
<GCONST> 9.007212e+01
<STATE> 3
<MEAN> 39
 -5.197479e+00 -3.307852e+00 5.514593e+00 -1.939059e+01 -1.185710e+01 -4.189666e+00 -8.970471e+00 -8.414104e+00 1.808646e+00 -5.878059e+00 1.013829e+00 -5.992255e+00 1.864341e+01 -8.354671e-01 1.806630e+00 -3.534051e-01 -1.619317e+00 2.429406e+00 -2.649786e-01 -1.379220e+00 9.232656e-01 -4.858547e-01 -2.210000e-01 1.068393e-01 2.879037e-02 -3.129281e-02 6.003417e-02 9.446699e-02 -4.541447e-01 5.523288e-01 3.325465e-01 -6.690366e-01 4.639132e-01 2.405828e-02 -3.596716e-01 8.432426e-02 -5.681835e-02 3.599190e-02 -5.170732e-02
<VARIANCE> 39
 7.720072e+00 2.364244e+01 1.186899e+01 2.908151e+01 5.999857e+01 2.842399e+01 4.094521e+01 6.517580e+01 2.649734e+01 2.825469e+01 3.810451e+01 3.008229e+01 1.301736e+00 2.469529e-01 5.962961e-01 9.564112e-01 1.797786e+00 1.255186e+00 3.506684e+00 2.110622e+00 1.306609e+00 1.350490e+00 1.103351e+00 6.967510e-01 7.825005e-01 1.805042e-02 4.767988e-02 1.530047e-01 9.241620e-02 2.168464e-01 4.802237e-01 2.398267e-01 3.612199e-01 3.766537e-01 1.720092e-01 1.472986e-01 1.329473e-01 1.110381e-01 2.052909e-03
<GCONST> 8.181940e+01
<STATE> 4
<MEAN> 39
 -6.741149e+00 4.120440e+00 -1.771463e+00 -1.627356e+01 -1.310476e+00 -1.262036e+01 -5.399376e+00 -8.213589e+00 -3.442798e+00 -4.956120e+00 -2.751058e-01 -6.254443e+00 1.786161e+01 1.547691e-01 -1.128373e-01 -5.518923e-01 9.787739e-01 3.951239e-01 -1.014467e-01 7.121354e-01 -3.779265e-01 -2.983095e-01 -2.622050e-02 -1.986781e-01 2.803861e-03 -1.808753e-01 6.263378e-02 -3.142809e-01 9.694944e-02 7.428236e-02 -2.262936e-01 3.150001e-01 2.993217e-02 -2.710019e-02 1.382003e-01 -3.513672e-02 2.355033e-02 1.254536e-02 -2.583802e-02
<VARIANCE> 39
 7.479074e+00 1.513639e+01 1.612772e+01 3.018390e+01 2.250443e+01 2.520862e+01 4.742276e+01 4.450322e+01 3.227239e+01 4.069629e+01 4.086196e+01 3.692159e+01 1.620026e+00 2.140788e-01 1.321619e+00 6.381219e-01 8.463285e-01 1.177206e+00 2.007148e+00 1.292716e+00 1.487899e+00 1.224723e+00 1.171659e+00 8.549553e-01 8.730689e-01 2.482354e-02 3.735657e-02 9.176339e-02 7.149755e-02 1.576128e-01 1.823619e-01 1.706196e-01 2.082895e-01 2.193049e-01 1.739873e-01 1.657415e-01 1.334787e-01 1.306895e-01 2.705986e-03
<GCONST> 7.735486e+01
<TRANSP> 5
 0.000000e+00 1.000000e+00 0.000000e+00 0.000000e+00 0.000000e+00
 0.000000e+00 8.784944e-01 1.215056e-01 0.000000e+00 0.000000e+00
 0.000000e+00 0.000000e+00 7.844845e-01 2.155155e-01 0.000000e+00
 0.000000e+00 0.000000e+00 0.000000e+00 8.895249e-01 1.104751e-01
 0.000000e+00 0.000000e+00 0.000000e+00 0.000000e+00 0.000000e+00
<ENDHMM>
~h "one"
<BEGINHMM>
<NUMSTATES> 5
<STATE> 2
<MEAN> 39
 -5.557681e-01 -3.775964e+00 -9.292140e+00 -1.282639e+01 -1.659998e+00 -5.562730e+00 -2.021105e+00 -8.864235e+00 -2.704406e+00 -6.731794e+00 -1.552118e+00 -7.300565e+00 1.775213e+01 2.762304e-01 -4.079588e-01 -8.744736e-01 4.608705e-01 4.902371e-01 4.154719e-02 -2.920848e-01 2.275061e-01 2.052597e-01 -3.066646e-01 -3.895749e-01 -2.717045e-01 2.371493e-01 -1.198020e-01 -1.468762e-01 5.487816e-02 2.660696e-01 8.099588e-03 -1.162272e-01 -1.528926e-02 9.404064e-02 -1.106841e-02 -9.051484e-02 1.139196e-02 8.362669e-02 -2.129611e-02
<VARIANCE> 39
 7.521386e+00 9.258394e+00 2.884670e+01 2.286199e+01 2.894068e+01 2.535851e+01 2.284225e+01 2.067286e+01 2.829156e+01 2.398420e+01 2.968986e+01 2.873412e+01 2.260785e+00 4.570445e-01 7.989586e-01 8.710462e-01 2.245423e+00 1.371352e+00 1.441719e+00 1.269150e+00 1.066805e+00 1.132961e+00 1.021057e+00 1.095357e+00 1.045394e+00 4.806034e-02 4.463242e-02 6.117265e-02 1.909113e-01 2.173860e-01 2.633024e-01 2.528951e-01 2.370096e-01 1.811901e-01 2.007656e-01 1.693512e-01 1.889436e-01 1.836912e-01 4.983189e-03
<GCONST> 8.015990e+01
<STATE> 3
<MEAN> 39
 -2.365453e+00 -1.071528e+01 -1.090271e+01 -1.688308e+00 -4.424900e-01 -9.495900e+00 -2.447818e+00 -4.204695e+00 -3.534899e+00 -1.172991e+01 -2.378079e+00 -6.053785e+00 1.853579e+01 -6.083255e-01 -3.739860e-01 1.339356e+00 5.729144e-01 -1.353812e+00 -3.285075e-01 1.196369e+00 -8.870383e-02 -9.251466e-01 -9.255847e-02 5.866565e-01 1.199446e-01 -4.916918e-02 2.356562e-02 3.139409e-01 2.518234e-01 -5.824193e-01 -1.344223e-01 3.767649e-01 9.216285e-02 -4.378931e-01 -2.978105e-04 3.807946e-01 4.412155e-02 -1.770125e-01 -2.978428e-02
<VARIANCE> 39
 6.136293e+00 9.605796e+00 1.865063e+01 2.375336e+01 2.699759e+01 1.740007e+01 3.765808e+01 3.137466e+01 4.645876e+01 3.754847e+01 3.383680e+01 3.320769e+01 1.544442e+00 1.544867e-01 5.156776e-01 6.040981e-01 1.830545e+00 7.391015e-01 1.711020e+00 1.006724e+00 2.246830e+00 1.165136e+00 1.864250e+00 1.028266e+00 1.293681e+00 8.475784e-03 2.363067e-02 5.254742e-02 1.007794e-01 1.224594e-01 2.851266e-01 1.527962e-01 3.758005e-01 1.781030e-01 3.358189e-01 2.002213e-01 2.674379e-01 1.680205e-01 8.552730e-04
<GCONST> 7.511978e+01
<STATE> 4
<MEAN> 39
 -4.106798e+00 -5.424933e+00 -1.642367e+00 -8.745491e+00 -4.071381e+00 -5.847306e+00 -1.670719e+00 -1.195159e+01 -4.641039e+00 -8.692489e+00 -2.584445e+00 -8.294824e+00 1.778460e+01 1.508364e-01 9.724051e-01 6.273501e-01 -7.304400e-01 4.275781e-01 -6.621654e-02 -6.324429e-01 -4.451356e-01 8.214482e-02 2.305478e-01 -1.760764e-01 5.067695e-02 -1.279657e-01 4.461299e-02 -6.823853e-02 -2.143409e-01 1.671789e-01 1.617610e-01 -6.934336e-02 -6.866787e-02 1.652813e-01 1.364898e-02 -1.166385e-01 1.015500e-02 7.504896e-02 -5.515031e-03
<VARIANCE> 39
 6.952396e+00 2.330992e+01 1.104242e+01 2.146264e+01 1.960778e+01 4.669096e+01 3.618768e+01 3.534492e+01 4.121997e+01 4.575945e+01 3.326399e+01 3.781055e+01 1.326151e+00 2.769557e-01 6.122526e-01 8.053865e-01 1.205692e+00 9.148937e-01 1.969836e+00 1.134468e+00 1.445796e+00 1.609663e+00 1.543145e+00 9.447705e-01 9.600579e-01 1.268554e-02 4.885173e-02 1.201210e-01 8.172788e-02 1.341892e-01 2.007628e-01 3.083964e-01 2.742223e-01 1.859699e-01 2.305570e-01 2.260262e-01 1.686547e-01 1.676607e-01 1.600743e-03
<GCONST> 7.852675e+01
<TRANSP> 5
 0.000000e+00 1.000000e+00 0.000000e+00 0.000000e+00 0.000000e+00
 0.000000e+00 8.979816e-01 1.020184e-01 0.000000e+00 0.000000e+00
 0.000000e+00 0.000000e+00 8.247944e-01 1.752055e-01 0.000000e+00
 0.000000e+00 0.000000e+00 0.000000e+00 8.840724e-01 1.159277e-01
 0.000000e+00 0.000000e+00 0.000000e+00 0.000000e+00 0.000000e+00
<ENDHMM>
~h "sil"
<BEGINHMM>
<NUMSTATES> 5
<STATE> 2
<MEAN> 39
 -6.777289e+00 -6.750682e+00 -5.111172e+00 -9.126533e+00 -3.902148e-02 -3.410885e+00 1.645328e-01 -8.547038e+00 -2.626308e+00 -5.771626e+00 5.616939e-01 -4.294923e+00 1.461555e+01 -3.743541e-02 -1.892344e-03 -1.388297e-03 3.484799e-02 4.244404e-02 2.734420e-02 4.728569e-02 2.753122e-03 -1.782582e-02 5.979693e-03 1.701786e-02 1.364632e-02 -1.222945e-02 -2.613779e-02 -3.383252e-02 -7.335179e-02 -1.072962e-01 -1.165890e-01 -1.136890e-01 -6.023530e-02 -6.908494e-03 -2.056132e-02 1.073349e-02 3.659915e-02 2.880632e-02 1.855415e-03
<VARIANCE> 39
 3.581612e+00 4.321763e+00 5.945125e+00 7.599195e+00 1.199803e+01 1.366793e+01 1.465065e+01 1.628974e+01 1.570690e+01 1.373452e+01 1.577659e+01 1.308435e+01 1.166724e+00 7.736292e-02 1.579288e-01 2.696313e-01 3.719934e-01 4.927403e-01 6.550247e-01 6.780716e-01 7.103274e-01 6.924537e-01 5.738606e-01 6.345485e-01 5.620427e-01 4.950078e-03 1.080226e-02 2.386350e-02 4.014157e-02 5.011504e-02 7.093522e-02 1.019573e-01 1.069094e-01 1.298869e-01 1.116038e-01 9.225061e-02 1.052674e-01 9.911544e-02 6.281651e-04
<GCONST> 4.364248e+01
<STATE> 3
~s "silst"
<STATE> 4
<MEAN> 39
 -7.617375e+00 -7.343082e+00 -6.631118e+00 -1.117568e+01 -2.170272e+00 -5.385372e+00 -1.001747e+00 -8.630206e+00 -2.687306e+00 -5.389398e+00 1.460132e+00 -3.848258e+00 1.448274e+01 -3.089925e-03 6.979757e-03 -2.919248e-02 -3.138803e-02 -5.584299e-02 -2.192567e-02 -6.063174e-02 -6.898416e-03 -3.339261e-03 -6.536983e-03 -2.224947e-02 -2.074605e-02 1.272243e-04 3.983519e-02 5.965139e-02 9.742639e-02 1.268805e-01 1.315723e-01 1.247109e-01 6.170799e-02 1.382584e-02 2.476448e-02 -1.785964e-02 -5.655738e-02 -3.987825e-02 9.056950e-03
<VARIANCE> 39
 3.540351e+00 4.179993e+00 6.421033e+00 7.871137e+00 1.127379e+01 1.263806e+01 1.500373e+01 1.600628e+01 1.776499e+01 1.534620e+01 1.513304e+01 1.344369e+01 9.953671e-01 7.822990e-02 1.695338e-01 2.894205e-01 4.173272e-01 5.060489e-01 6.773037e-01 5.971075e-01 7.456431e-01 7.116295e-01 6.090221e-01 7.020589e-01 6.140715e-01 3.310632e-03 1.454943e-02 2.907397e-02 4.215897e-02 5.746795e-02 7.376454e-02 1.094588e-01 1.041687e-01 1.289029e-01 1.337356e-01 1.061780e-01 1.176148e-01 1.101182e-01 1.140973e-03
<GCONST> 4.565185e+01
<TRANSP> 5
 0.000000e+00 1.000000e+00 0.000000e+00 0.000000e+00 0.000000e+00
 0.000000e+00 7.721412e-01 2.418621e-02 2.036726e-01 0.000000e+00
 0.000000e+00 0.000000e+00 8.265859e-01 1.734141e-01 0.000000e+00
 0.000000e+00 1.885173e-01 0.000000e+00 7.410439e-01 7.043884e-02
 0.000000e+00 0.000000e+00 0.000000e+00 0.000000e+00 0.000000e+00
<ENDHMM>
~h "six"
<BEGINHMM>
<NUMSTATES> 5
<STATE> 2
<MEAN> 39
 -8.646552e+00 -4.231162e+00 -6.936715e+00 -8.764214e+00 -3.146314e+00 -4.304389e+00 -1.965276e+00 -8.226800e+00 -3.546049e+00 -3.970009e+00 1.157417e-01 -3.144089e+00 1.497127e+01 6.817936e-01 6.862218e-01 1.212887e+00 -1.401144e+00 -1.174459e+00 -1.225280e+00 4.534759e-02 -1.297600e-01 4.310208e-01 3.508096e-01 -5.249826e-01 -4.870712e-01 6.373841e-01 6.179855e-02 1.125340e-01 2.218136e-01 -4.784053e-01 -2.735503e-01 -1.622896e-01 4.466740e-02 7.753707e-02 2.055877e-01 -4.054792e-03 -1.362560e-01 -2.402037e-01 1.432742e-01
<VARIANCE> 39
 7.558626e+00 7.823485e+00 1.277482e+01 1.151216e+01 1.924867e+01 2.027589e+01 1.524766e+01 1.791804e+01 2.011190e+01 3.012676e+01 1.912366e+01 1.706664e+01 1.902985e+00 3.593616e-01 4.723177e-01 8.850350e-01 1.149899e+00 1.082023e+00 1.328051e+00 1.013431e+00 8.122724e-01 1.425957e+00 2.251687e+00 1.083025e+00 1.334592e+00 7.578486e-02 6.209565e-02 5.616770e-02 1.155687e-01 9.856341e-02 2.024145e-01 2.102522e-01 1.472508e-01 1.776771e-01 1.847052e-01 2.380425e-01 1.709208e-01 1.683264e-01 9.091863e-03
<GCONST> 7.422344e+01
<STATE> 3
<MEAN> 39
 -6.473341e+00 -1.100440e+00 -8.551034e-01 -2.013407e+01 -7.855390e+00 -8.728256e+00 -2.440384e+00 -6.375834e+00 2.523854e-01 -3.799183e+00 -2.525185e+00 -7.323733e+00 1.832997e+01 2.335235e-02 -8.854219e-02 2.185108e-01 -2.772734e-01 3.795308e-01 2.165551e-01 -2.753887e-01 1.715946e-01 3.579975e-02 -1.973607e-01 1.717691e-01 9.656982e-03 -4.954462e-02 -5.651914e-02 -2.054239e-01 -2.670884e-01 4.886032e-01 2.882434e-01 2.205043e-01 6.835306e-02 -9.143554e-02 -1.471590e-01 -5.863694e-02 1.517338e-01 1.664366e-01 -1.671647e-01
<VARIANCE> 39
 7.692704e+00 9.757481e+00 1.664565e+01 2.295409e+01 5.856747e+01 3.112458e+01 3.721532e+01 2.461451e+01 3.463840e+01 5.829747e+01 3.545121e+01 3.746016e+01 1.432835e+00 3.492959e-01 6.517820e-01 1.074923e+00 3.228170e+00 2.390132e+00 1.754874e+00 1.734640e+00 1.342306e+00 1.887151e+00 2.011182e+00 1.866654e+00 1.894289e+00 2.929076e-01 6.822155e-02 6.608878e-02 1.610785e-01 2.253469e-01 3.065128e-01 3.194684e-01 3.840936e-01 2.240840e-01 2.869544e-01 3.401342e-01 2.638923e-01 2.553736e-01 1.166956e-02
<GCONST> 9.187431e+01
<STATE> 4
<MEAN> 39
 -6.569926e+00 -6.270488e+00 -4.702346e+00 -1.080901e+01 -9.990124e-01 -3.977872e+00 -1.422803e+00 -8.742529e+00 -2.174251e+00 -5.859355e+00 1.165470e+00 -4.221897e+00 1.474071e+01 -2.380633e-01 -9.043097e-01 -9.911562e-01 1.444938e+00 4.026259e-01 4.104237e-01 8.985750e-01 -4.448580e-01 -2.680080e-01 -4.329067e-02 1.884021e-01 2.937251e-01 -4.585245e-01 -1.052053e-01 1.707091e-01 2.108325e-01 -4.369006e-01 -3.763091e-01 -1.585047e-01 -8.934522e-02 1.698112e-01 1.166635e-01 1.018562e-01 -1.775798e-01 -1.424886e-01 1.504409e-01
<VARIANCE> 39
 3.278097e+00 5.448535e+00 9.415914e+00 1.096554e+01 1.451454e+01 1.555579e+01 1.934863e+01 1.848628e+01 1.678580e+01 1.695556e+01 1.854866e+01 1.488162e+01 1.493168e+00 2.675252e-01 4.880432e-01 9.139652e-01 1.328532e+00 2.102930e+00 1.641373e+00 1.603062e+00 1.259544e+00 1.234001e+00 1.207305e+00 1.191417e+00 1.019023e+00 8.230072e-02 3.865998e-02 6.533681e-02 1.381764e-01 1.469156e-01 2.325065e-01 1.808134e-01 2.646393e-01 1.936568e-01 1.846364e-01 1.728010e-01 1.977451e-01 1.818958e-01 5.802411e-03
<GCONST> 7.242574e+01
<TRANSP> 5
 0.000000e+00 1.000000e+00 0.000000e+00 0.000000e+00 0.000000e+00
 0.000000e+00 7.137180e-01 2.862820e-01 0.000000e+00 0.000000e+00
 0.000000e+00 0.000000e+00 8.890100e-01 1.109900e-01 0.000000e+00
 0.000000e+00 0.000000e+00 0.000000e+00 7.526720e-01 2.473280e-01
 0.000000e+00 0.000000e+00 0.000000e+00 0.000000e+00 0.000000e+00
<ENDHMM>
~h "two"
<BEGINHMM>
<NUMSTATES> 5
<STATE> 2
<MEAN> 39
 -1.105569e+01 -3.206948e+00 -6.938540e+00 -1.048919e+01 -1.138623e+00 -3.869378e+00 -2.000597e+00 -7.566790e+00 -2.357886e+00 -5.693634e+00 1.139784e+00 -3.321036e+00 1.506863e+01 4.231262e-01 6.206071e-01 9.245169e-01 -5.462414e-01 -2.433093e-01 -3.175952e-01 -4.612893e-01 -1.914641e-01 5.903182e-02 -4.668038e-02 -2.371479e-01 -3.185446e-01 3.073648e-01 3.009411e-01 4.323670e-02 2.984675e-01 -1.356605e-01 -1.762114e-01 -2.224898e-01 -1.058930e-01 -1.196088e-01 -2.543563e-02 3.839753e-03 -7.513023e-02 -1.619191e-01 8.665416e-02
<VARIANCE> 39
 8.579691e+00 8.184629e+00 1.280788e+01 1.260552e+01 1.852172e+01 2.274829e+01 1.899837e+01 2.147217e+01 2.074800e+01 2.340512e+01 2.430838e+01 1.964702e+01 9.061435e-01 1.404560e+00 5.629890e-01 1.346966e+00 8.350647e-01 1.338499e+00 1.285990e+00 9.657999e-01 1.185068e+00 1.145041e+00 1.276779e+00 1.813621e+00 1.091040e+00 7.149214e-02 1.227524e-01 1.129908e-01 1.317185e-01 1.281041e-01 2.357207e-01 2.023710e-01 1.737041e-01 2.229253e-01 2.203293e-01 1.980075e-01 3.519808e-01 1.587250e-01 8.085145e-03
<GCONST> 7.881947e+01
<STATE> 3
<MEAN> 39
 -4.610528e+00 1.252163e+00 1.847566e+00 -1.549111e+01 -6.902921e+00 -9.914228e+00 -6.677878e+00 -1.043734e+01 -2.417654e+00 -5.181185e+00 -1.119967e+00 -7.299844e+00 1.839611e+01 6.701367e-01 5.477400e-01 7.518972e-01 -5.459915e-01 -1.164530e+00 -1.109167e+00 -5.699875e-01 -2.819108e-01 -6.602743e-02 1.259438e-01 -2.178225e-01 -6.283118e-01 4.536161e-01 -2.499221e-01 -2.327677e-01 -4.255318e-01 2.973939e-01 2.683102e-01 2.294094e-01 2.343040e-01 1.458062e-01 -1.844017e-02 -8.070395e-03 1.526551e-01 1.825095e-01 -1.440026e-01
<VARIANCE> 39
 7.476006e+00 8.113011e+00 1.364836e+01 2.238698e+01 3.989103e+01 2.573128e+01 2.824342e+01 2.450800e+01 3.156343e+01 5.523174e+01 4.386460e+01 4.829319e+01 1.051436e+00 5.714380e-01 6.281315e-01 9.941965e-01 1.463383e+00 1.292657e+00 1.201276e+00 1.678487e+00 1.518975e+00 1.852687e+00 1.991040e+00 2.408577e+00 1.870798e+00 8.929483e-02 6.137918e-02 5.430949e-02 8.132706e-02 1.256845e-01 2.070958e-01 1.821173e-01 2.045763e-01 1.914877e-01 2.132021e-01 2.744318e-01 2.884544e-01 2.220206e-01 6.691126e-03
<GCONST> 8.387333e+01
<STATE> 4
<MEAN> 39
 -3.234602e+00 -5.350772e-02 -3.952107e-02 -1.367266e+01 -7.126892e+00 -1.157549e+01 -5.643585e+00 -9.633471e+00 -2.706916e+00 -5.305151e+00 -1.588423e-01 -7.600746e+00 1.824173e+01 1.672589e-01 -2.229567e-01 -2.382187e-01 5.383058e-01 3.355994e-01 8.501715e-02 9.790141e-02 -5.469310e-02 -1.938508e-01 -8.669940e-02 7.797168e-02 1.595792e-01 -1.197742e-01 -4.347169e-02 -3.807410e-02 -2.672803e-02 2.480290e-02 9.603912e-02 1.094301e-01 5.152930e-02 4.464436e-03 1.978228e-02 1.120930e-03 -5.900469e-03 4.471086e-02 -3.529237e-02
<VARIANCE> 39
 5.894296e+00 7.953414e+00 1.254038e+01 2.978043e+01 3.402244e+01 2.155684e+01 3.315418e+01 3.372239e+01 3.985492e+01 4.294057e+01 5.474035e+01 4.158114e+01 1.357778e+00 1.334031e-01 1.530287e-01 3.771603e-01 6.212621e-01 9.109969e-01 8.546290e-01 8.809925e-01 1.028079e+00 9.013922e-01 9.879120e-01 1.046087e+00 9.319075e-01 1.448646e-02 2.163554e-02 2.517333e-02 5.076699e-02 8.863594e-02 1.056285e-01 1.240655e-01 1.290578e-01 1.598367e-01 1.487920e-01 1.526680e-01 1.593449e-01 1.459621e-01 2.348743e-03
<GCONST> 6.574327e+01
<TRANSP> 5
 0.000000e+00 1.000000e+00 0.000000e+00 0.000000e+00 0.000000e+00
 0.000000e+00 8.290169e-01 1.709831e-01 0.000000e+00 0.000000e+00
 0.000000e+00 0.000000e+00 7.681776e-01 2.318224e-01 0.000000e+00
 0.000000e+00 0.000000e+00 0.000000e+00 9.013456e-01 9.865442e-02
 0.000000e+00 0.000000e+00 0.000000e+00 0.000000e+00 0.000000e+00
<ENDHMM>
~h "nine"
<BEGINHMM>
<NUMSTATES> 5
<STATE> 2
<MEAN> 39
 -4.466113e+00 -4.320386e+00 -2.080716e+00 -8.922299e+00 -3.045996e+00 -6.193695e+00 -1.510406e+00 -1.117712e+01 -5.008572e+00 -8.088909e+00 -2.962711e+00 -7.816028e+00 1.757464e+01 -1.386701e-01 -6.754049e-01 -2.243212e-01 4.968290e-01 -4.943174e-01 1.757281e-01 3.890042e-01 -1.974420e-01 -3.731326e-02 -1.531173e-01 -1.768006e-01 -1.448237e-01 2.490846e-01 -3.841271e-02 -1.266374e-01 -7.495938e-02 1.151583e-01 1.929169e-02 -6.470680e-03 3.801150e-02 3.172716e-02 1.030352e-02 6.540966e-03 8.135670e-02 3.546054e-02 -1.084477e-02
<VARIANCE> 39
 8.935024e+00 2.041905e+01 1.531217e+01 1.686970e+01 2.864952e+01 2.896019e+01 3.202247e+01 2.752883e+01 4.734319e+01 3.538911e+01 3.014952e+01 3.279047e+01 2.291398e+00 5.318470e-01 1.580562e+00 1.145338e+00 1.118358e+00 1.136965e+00 1.424338e+00 1.646067e+00 1.278281e+00 1.529246e+00 1.155203e+00 1.246678e+00 1.038691e+00 3.756081e-02 6.480352e-02 1.816217e-01 1.344573e-01 1.402474e-01 2.017408e-01 2.222240e-01 2.429017e-01 1.863347e-01 1.998830e-01 1.610441e-01 1.732095e-01 1.448074e-01 4.913558e-03
<GCONST> 8.288476e+01
<STATE> 3
<MEAN> 39
 -6.290435e+00 -1.167316e+01 -4.987695e+00 -2.492368e+00 -5.655548e+00 -5.432608e+00 1.785493e+00 -1.126440e+01 -5.680325e+00 -9.068746e+00 -1.604548e+00 -7.685358e+00 1.862178e+01 -1.082403e-01 6.589505e-02 2.330508e-01 -2.054828e-01 -4.688392e-02 2.055343e-01 -7.340250e-02 -1.009554e-01 1.717200e-01 6.962775e-02 -3.995030e-02 3.050788e-02 -1.981048e-02 -3.025102e-03 1.878373e-01 7.744680e-02 -2.486391e-01 3.300210e-02 8.106328e-02 -1.011973e-01 -1.989424e-03 8.312488e-02 -5.360670e-03 -7.949132e-02 2.509808e-02 -1.439328e-02
<VARIANCE> 39
 7.198350e+00 8.452206e+00 2.463225e+01 3.136890e+01 1.880435e+01 3.042214e+01 3.088323e+01 3.410238e+01 4.309882e+01 4.184472e+01 2.805893e+01 3.031844e+01 1.011911e+00 8.114603e-02 3.210048e-01 4.020292e-01 1.031467e+00 4.632245e-01 6.108288e-01 5.230637e-01 4.995384e-01 6.119816e-01 6.480350e-01 6.582130e-01 5.176207e-01 4.579500e-03 1.054119e-02 2.931363e-02 3.925427e-02 5.256123e-02 6.927766e-02 6.524172e-02 7.262579e-02 7.666139e-02 7.948715e-02 8.554417e-02 7.632583e-02 7.775408e-02 3.923995e-04
<GCONST> 5.266235e+01
<STATE> 4
<MEAN> 39
 -6.223366e+00 -3.177162e+00 -1.627054e+00 -1.203878e+01 -1.903509e+00 -4.486276e+00 -3.314662e+00 -1.019687e+01 -2.791489e+00 -8.222032e+00 -3.090707e+00 -6.512414e+00 1.790018e+01 3.933025e-01 8.504029e-01 1.536554e-01 -3.112042e-01 5.440226e-01 -4.759087e-01 -4.744659e-01 3.282025e-01 -1.987754e-01 5.467660e-02 9.708415e-02 5.327166e-02 -1.226195e-01 4.386792e-02 -1.234513e-01 -3.691806e-02 2.358306e-01 -1.490363e-02 -7.360798e-02 1.047443e-01 -3.512096e-02 -1.091779e-01 2.582615e-02 7.976885e-02 -2.947735e-02 -1.024459e-02
<VARIANCE> 39
 1.144418e+01 2.012135e+01 1.219490e+01 2.403544e+01 3.584027e+01 3.415541e+01 3.368649e+01 2.992704e+01 4.907812e+01 3.963453e+01 3.857576e+01 4.242819e+01 1.075792e+00 4.064969e-01 9.274634e-01 5.742133e-01 1.873178e+00 1.354386e+00 1.383707e+00 1.361036e+00 1.284732e+00 1.675939e+00 1.184752e+00 1.059585e+00 1.024244e+00 9.880765e-03 5.699787e-02 9.922647e-02 8.647751e-02 1.493687e-01 1.943004e-01 2.404729e-01 1.805866e-01 1.979631e-01 2.316576e-01 1.955210e-01 1.707285e-01 1.415388e-01 1.006339e-03
<GCONST> 7.866647e+01
<TRANSP> 5
 0.000000e+00 1.000000e+00 0.000000e+00 0.000000e+00 0.000000e+00
 0.000000e+00 8.952674e-01 1.047326e-01 0.000000e+00 0.000000e+00
 0.000000e+00 0.000000e+00 9.108951e-01 8.910490e-02 0.000000e+00
 0.000000e+00 0.000000e+00 0.000000e+00 8.979921e-01 1.020079e-01
 0.000000e+00 0.000000e+00 0.000000e+00 0.000000e+00 0.000000e+00
<ENDHMM>
~h "five"
<BEGINHMM>
<NUMSTATES> 5
<STATE> 2
<MEAN> 39
 -4.093082e+00 -1.145650e+01 -1.016894e+01 -8.209421e+00 5.328013e-01 -8.228149e+00 3.434538e-01 -4.573935e+00 -5.310739e+00 -7.989297e+00 -1.883901e+00 -4.925056e+00 1.804455e+01 3.440339e-01 -1.177794e+00 -7.036683e-01 7.953941e-01 5.207110e-01 -6.303953e-01 3.401699e-01 3.822924e-01 -7.515946e-01 -2.069230e-01 -2.835308e-01 3.978422e-03 5.581309e-01 -1.969502e-01 3.489828e-02 1.858823e-01 8.699624e-02 -1.734413e-02 1.105215e-01 2.944841e-02 -2.120718e-01 3.382621e-02 1.431478e-01 1.663980e-01 5.176767e-02 -7.922503e-02
<VARIANCE> 39
 1.067767e+01 1.952630e+01 2.369818e+01 1.687472e+01 1.911731e+01 2.039215e+01 2.543796e+01 5.183383e+01 3.247558e+01 2.824364e+01 2.504126e+01 2.010015e+01 4.240585e+00 7.722097e-01 5.626389e-01 1.181013e+00 9.020974e-01 7.906067e-01 9.825663e-01 9.672714e-01 2.191970e+00 1.728432e+00 1.727792e+00 1.361825e+00 1.026496e+00 1.237365e-01 9.344420e-02 1.312783e-01 1.740264e-01 1.232182e-01 1.365528e-01 1.434692e-01 1.540986e-01 2.980627e-01 2.735467e-01 1.910185e-01 1.741487e-01 1.405814e-01 2.744088e-02
<GCONST> 8.420016e+01
<STATE> 3
<MEAN> 39
 -5.812003e+00 -1.545200e+01 -8.549217e+00 -3.642047e+00 1.423033e+00 -9.172747e+00 2.539208e+00 -7.500755e+00 -7.214972e+00 -5.445409e+00 -4.598153e-01 -4.500337e+00 1.904590e+01 -1.655035e-01 8.454078e-02 4.904130e-01 -2.593892e-01 -2.714741e-01 4.349852e-01 6.839469e-02 -3.990369e-01 2.748352e-02 3.040114e-01 6.012062e-02 -8.481701e-02 -4.862633e-02 4.026613e-02 1.141086e-01 1.110174e-02 -1.964915e-01 -5.457657e-02 9.318068e-02 -2.875866e-02 2.476286e-02 5.614202e-02 -4.926093e-02 -7.817511e-02 -1.858501e-02 -1.484559e-02
<VARIANCE> 39
 9.169544e+00 9.382009e+00 2.481666e+01 2.081653e+01 1.874546e+01 2.314492e+01 1.748066e+01 3.901400e+01 4.702682e+01 4.446172e+01 2.685714e+01 2.550850e+01 1.356696e+00 8.762304e-02 1.526346e-01 2.695128e-01 6.317461e-01 4.946665e-01 5.507891e-01 4.975408e-01 4.920645e-01 6.112167e-01 5.691943e-01 5.671881e-01 4.730961e-01 5.840399e-03 1.172457e-02 2.412510e-02 3.021901e-02 4.796150e-02 5.107974e-02 5.157971e-02 5.691018e-02 6.410786e-02 8.504269e-02 8.408846e-02 6.627311e-02 7.025649e-02 8.948160e-04
<GCONST> 4.956159e+01
<STATE> 4
<MEAN> 39
 -5.754349e+00 -9.416315e+00 -3.943622e+00 -1.390844e+01 -3.279944e+00 -2.812600e+00 1.872321e+00 -8.422616e+00 -4.209296e+00 -5.238503e+00 -2.265432e+00 -5.520872e+00 1.830371e+01 2.171177e-01 1.207037e+00 3.704066e-01 -6.431562e-01 -3.926645e-01 -1.022938e-01 -3.098547e-01 2.565638e-01 5.547253e-01 -2.122614e-01 -7.246118e-02 -8.880176e-02 -2.458510e-01 -1.733364e-02 -2.126801e-02 -5.262053e-02 3.435086e-01 1.401263e-01 -1.804711e-01 -6.298316e-02 -9.922178e-03 -4.282895e-02 1.665376e-02 1.215467e-01 3.988166e-02 -4.834061e-02
<VARIANCE> 39
 7.869622e+00 2.308731e+01 1.221124e+01 3.193466e+01 4.211993e+01 1.956821e+01 2.462694e+01 3.668165e+01 5.315414e+01 2.795663e+01 2.709575e+01 3.009851e+01 1.835453e+00 2.146204e-01 4.982890e-01 5.737860e-01 2.635662e+00 1.471175e+00 1.621974e+00 9.745430e-01 1.331721e+00 1.638104e+00 1.337783e+00 1.268550e+00 9.161628e-01 4.133759e-02 4.303584e-02 9.679928e-02 7.582884e-02 2.404619e-01 2.362250e-01 2.299345e-01 1.662543e-01 2.294988e-01 2.226800e-01 1.790081e-01 2.066536e-01 1.646194e-01 4.442826e-03
<GCONST> 8.035458e+01
<TRANSP> 5
 0.000000e+00 1.000000e+00 0.000000e+00 0.000000e+00 0.000000e+00
 0.000000e+00 8.453289e-01 1.546711e-01 0.000000e+00 0.000000e+00
 0.000000e+00 0.000000e+00 9.122908e-01 8.770927e-02 0.000000e+00
 0.000000e+00 0.000000e+00 0.000000e+00 8.641641e-01 1.358359e-01
 0.000000e+00 0.000000e+00 0.000000e+00 0.000000e+00 0.000000e+00
<ENDHMM>
~h "four"
<BEGINHMM>
<NUMSTATES> 5
<STATE> 2
<MEAN> 39
 -6.673102e+00 -6.502405e+00 -5.546826e+00 -9.789976e+00 -1.600143e+00 -5.601059e+00 -1.253417e+00 -8.423410e+00 -1.989755e+00 -5.577923e+00 9.397399e-01 -4.290141e+00 1.538714e+01 1.588178e+00 5.435761e-01 -9.236082e-01 -8.781866e-01 -3.096126e-01 -5.403038e-01 -7.029162e-01 -1.975456e-01 1.897937e-01 2.034970e-01 -3.502611e-01 -4.958508e-01 6.514640e-01 3.433722e-01 1.218554e-01 -3.358321e-01 -3.144082e-01 -5.585361e-02 -1.424524e-03 -7.593867e-02 -1.522140e-02 1.222046e-03 5.344114e-02 -7.751728e-02 -1.302425e-01 1.406689e-01
<VARIANCE> 39
 7.973057e+00 5.515088e+00 5.395412e+00 7.899637e+00 1.005512e+01 1.253471e+01 1.447065e+01 1.358782e+01 1.599615e+01 1.350582e+01 1.626853e+01 1.232007e+01 1.762691e+00 5.060635e-01 4.386206e-01 5.930300e-01 7.416131e-01 7.219544e-01 9.126076e-01 7.458977e-01 8.238875e-01 1.033696e+00 1.103928e+00 1.542340e+00 1.246679e+00 5.618412e-02 6.985766e-02 5.326625e-02 6.045990e-02 8.242323e-02 1.010430e-01 1.510794e-01 1.212565e-01 1.493273e-01 1.394248e-01 1.604316e-01 1.993742e-01 1.877062e-01 7.420311e-03
<GCONST> 6.417158e+01
<STATE> 3
<MEAN> 39
 1.599445e+00 -3.482696e+00 -1.217815e+01 -1.705582e+01 -4.000891e+00 -6.171357e+00 -3.166728e+00 -8.951660e+00 -1.396946e+00 -3.852360e+00 4.322886e-01 -6.779275e+00 1.891739e+01 3.000039e-01 -1.891165e-01 -3.223615e-01 -3.318332e-02 7.512438e-02 -1.636877e-02 -2.179478e-01 1.763050e-01 3.547824e-01 9.292265e-02 -2.292200e-01 -2.186557e-01 1.414103e-01 -1.734894e-01 -1.543050e-01 1.504962e-01 2.367878e-01 3.839494e-02 -3.705613e-02 3.778085e-02 1.110926e-01 4.740097e-02 -8.573642e-02 -5.606407e-02 5.683644e-02 -6.758954e-02
<VARIANCE> 39
 4.138612e+00 1.028201e+01 9.553399e+00 1.372706e+01 2.443196e+01 1.714501e+01 1.858921e+01 1.716062e+01 2.364803e+01 2.483561e+01 3.812902e+01 3.759735e+01 1.084039e+00 5.162072e-01 7.253485e-01 6.830515e-01 1.208994e+00 9.687396e-01 7.698120e-01 9.082034e-01 9.562645e-01 1.306360e+00 1.173714e+00 1.336408e+00 1.239036e+00 9.204379e-02 4.956637e-02 4.577605e-02 9.588144e-02 8.001284e-02 1.359395e-01 1.435046e-01 1.562202e-01 1.413627e-01 1.816345e-01 1.922056e-01 1.992220e-01 1.872128e-01 7.219887e-03
<GCONST> 7.248608e+01
<STATE> 4
<MEAN> 39
 -2.631027e-01 -1.131472e+01 -7.981580e+00 -8.558548e+00 -5.377915e+00 -8.948423e+00 -2.202375e+00 -4.228520e+00 6.503558e-01 -7.568053e+00 -3.912125e+00 -7.361810e+00 1.855011e+01 -5.527244e-01 -3.348315e-02 1.189211e+00 5.185263e-01 -5.938377e-01 2.843027e-02 6.841105e-01 -1.582555e-01 -6.816442e-01 -3.926837e-01 1.341029e-01 2.578288e-01 -2.038088e-01 -8.732138e-02 3.024185e-01 9.550928e-04 -2.182866e-01 1.356830e-01 2.156659e-01 1.411771e-02 -2.462358e-01 -1.514371e-01 1.215301e-01 1.776863e-01 3.049286e-02 -5.098397e-02
<VARIANCE> 39
 6.973422e+00 1.430379e+01 2.847750e+01 1.841129e+01 4.720767e+01 3.738986e+01 3.525676e+01 3.892886e+01 4.504179e+01 3.448646e+01 3.467588e+01 3.192527e+01 1.576334e+00 2.193485e-01 1.522699e+00 6.625044e-01 1.663098e+00 2.088898e+00 2.162668e+00 1.566125e+00 2.597639e+00 1.819321e+00 1.726165e+00 1.796781e+00 1.076700e+00 4.092816e-02 2.918602e-02 9.467445e-02 1.878312e-01 1.661371e-01 4.427995e-01 3.015546e-01 3.551309e-01 3.383698e-01 3.789078e-01 2.793687e-01 3.072304e-01 2.166646e-01 3.209009e-03
<GCONST> 8.838692e+01
<TRANSP> 5
 0.000000e+00 1.000000e+00 0.000000e+00 0.000000e+00 0.000000e+00
 0.000000e+00 6.992667e-01 3.007333e-01 0.000000e+00 0.000000e+00
 0.000000e+00 0.000000e+00 9.180994e-01 8.190059e-02 0.000000e+00
 0.000000e+00 0.000000e+00 0.000000e+00 8.712292e-01 1.287707e-01
 0.000000e+00 0.000000e+00 0.000000e+00 0.000000e+00 0.000000e+00
<ENDHMM>
~h "zero"
<BEGINHMM>
<NUMSTATES> 5
<STATE> 2
<MEAN> 39
 -6.829077e+00 -1.798609e+00 -4.550533e+00 -7.689715e+00 -2.593045e+00 -4.773552e+00 -2.884294e+00 -8.948358e+00 -3.656588e+00 -4.118631e+00 9.725892e-02 -4.385219e+00 1.568122e+01 2.792810e-01 1.046324e+00 9.765762e-01 -1.164371e+00 -8.344578e-01 -1.413470e+00 -6.245565e-01 -6.053117e-01 3.260130e-01 3.386471e-01 -1.297080e-01 -2.367097e-01 4.928749e-01 3.309206e-02 8.847705e-02 1.790639e-01 -3.557885e-01 -1.690400e-01 -2.224788e-01 6.920207e-03 -1.736380e-02 1.703805e-01 -1.328577e-03 3.275451e-02 -8.899847e-02 8.984143e-02
<VARIANCE> 39
 6.907539e+00 1.041789e+01 1.566630e+01 1.490002e+01 2.129326e+01 2.250607e+01 1.912728e+01 1.980763e+01 2.986050e+01 2.470399e+01 2.234735e+01 2.015499e+01 1.485768e+00 3.177557e-01 4.315283e-01 7.671235e-01 9.493811e-01 8.521623e-01 1.291390e+00 9.742427e-01 1.179736e+00 1.347493e+00 9.772034e-01 1.204193e+00 1.536603e+00 4.284501e-02 4.690204e-02 1.026503e-01 1.287100e-01 1.087379e-01 1.315454e-01 2.194517e-01 1.583916e-01 1.928627e-01 1.621587e-01 1.513304e-01 1.794156e-01 1.666830e-01 6.511656e-03
<GCONST> 7.340659e+01
<STATE> 3
<MEAN> 39
 -5.559856e+00 3.021797e-01 9.556864e-01 -1.695510e+01 -7.875596e+00 -9.175230e+00 -4.569339e+00 -8.433537e+00 1.844798e-01 -3.757733e+00 1.746641e-01 -6.837247e+00 1.841182e+01 3.379349e-01 -7.498784e-01 4.377779e-01 -1.619702e-01 -1.079692e+00 2.696836e-01 2.088567e-01 1.965216e-01 3.178950e-01 -7.983194e-02 4.345808e-02 -1.240147e-01 1.643791e-01 5.209005e-02 -2.686701e-01 -1.739174e-01 3.727407e-01 1.702242e-02 1.339006e-01 1.953318e-01 5.476366e-02 -8.758664e-02 -4.348058e-02 -1.305326e-02 7.211761e-02 -6.443267e-02
<VARIANCE> 39
 7.441043e+00 2.074650e+01 1.738977e+01 2.622216e+01 5.943488e+01 4.065304e+01 3.227446e+01 4.425193e+01 3.106946e+01 3.027378e+01 3.455440e+01 5.110587e+01 1.090353e+00 4.424736e-01 1.617462e+00 8.013370e-01 2.614181e+00 1.743251e+00 2.519130e+00 1.687647e+00 1.422510e+00 1.340427e+00 1.175829e+00 1.106006e+00 1.317894e+00 6.231026e-02 5.137707e-02 1.132864e-01 1.261123e-01 1.801119e-01 2.460046e-01 4.102762e-01 2.257805e-01 2.479091e-01 2.118444e-01 1.741983e-01 1.722905e-01 2.173754e-01 4.566152e-03
<GCONST> 8.703854e+01
<STATE> 4
<MEAN> 39
 -1.603196e+00 -1.051892e+01 -4.392429e+00 -9.809434e+00 -9.687448e+00 -8.042419e+00 5.631753e-01 -4.101094e+00 -1.780696e-01 -6.702052e+00 -1.005181e+00 -5.664836e+00 1.854295e+01 8.278387e-02 1.155787e-02 -5.502675e-01 1.622446e-01 6.680101e-01 -1.772469e-01 -1.762573e-02 2.082482e-01 -6.396767e-02 -1.490240e-01 -9.272032e-02 -7.758758e-03 -5.356790e-02 -5.974949e-02 1.432849e-01 6.327426e-02 -8.647647e-02 8.670387e-02 4.150596e-02 -9.785303e-02 -8.231513e-02 -2.032048e-02 3.431593e-02 2.056905e-02 -8.932098e-03 -1.775391e-02
<VARIANCE> 39
 6.462712e+00 1.772705e+01 2.651356e+01 2.676630e+01 6.268382e+01 5.436540e+01 3.558667e+01 3.642896e+01 4.420362e+01 3.497163e+01 2.490865e+01 3.292245e+01 1.494587e+00 2.243746e-01 8.367626e-01 6.300989e-01 1.036283e+00 1.225272e+00 1.670177e+00 1.528049e+00 1.765969e+00 1.574099e+00 1.377574e+00 1.023327e+00 9.266248e-01 1.575066e-02 2.390769e-02 3.497933e-02 7.635633e-02 1.110050e-01 1.910632e-01 2.324984e-01 1.870548e-01 1.959325e-01 2.165086e-01 1.823343e-01 1.466752e-01 1.334136e-01 1.766066e-03
<GCONST> 7.713644e+01
<TRANSP> 5
 0.000000e+00 1.000000e+00 0.000000e+00 0.000000e+00 0.000000e+00
 0.000000e+00 7.329515e-01 2.670485e-01 0.000000e+00 0.000000e+00
 0.000000e+00 0.000000e+00 8.919672e-01 1.080328e-01 0.000000e+00
 0.000000e+00 0.000000e+00 0.000000e+00 9.397029e-01 6.029704e-02
 0.000000e+00 0.000000e+00 0.000000e+00 0.000000e+00 0.000000e+00
<ENDHMM>
