~o
<STREAMINFO> 1 39
<VECSIZE> 39<NULLD><MFCC_E_D_A><DIAGC>
~s "silst"
<MEAN> 39
 -7.411785e+00 -6.040884e+00 -5.291279e+00 -9.277402e+00 -9.539325e-01 -3.960233e+00 -3.496358e-01 -8.543298e+00 -2.625269e+00 -5.756228e+00 8.198318e-01 -4.359936e+00 1.477106e+01 -1.990753e-01 -1.335983e-01 -2.036982e-01 -5.916232e-02 -6.194988e-02 4.908365e-02 1.095771e-02 9.171310e-02 3.331567e-02 2.591747e-02 6.885953e-02 7.359700e-02 -6.269348e-02 4.246004e-02 3.571886e-02 2.773886e-03 -4.309923e-02 -2.792939e-02 -6.320950e-02 -5.138238e-02 -2.853004e-02 -1.810415e-02 -3.513632e-03 -9.003554e-03 -2.093663e-03 2.569401e-02
<VARIANCE> 39
 6.345186e+00 6.555958e+00 1.015550e+01 1.024564e+01 1.497787e+01 1.525127e+01 1.616646e+01 1.703827e+01 1.859706e+01 1.735707e+01 1.641458e+01 1.449902e+01 9.588697e-01 2.033840e-01 3.165255e-01 4.043862e-01 4.824118e-01 6.107647e-01 7.465441e-01 7.141253e-01 7.430741e-01 7.929503e-01 7.418176e-01 7.294572e-01 6.685005e-01 1.997990e-02 2.901945e-02 5.137902e-02 6.708486e-02 8.392849e-02 1.108349e-01 1.408583e-01 1.285811e-01 1.408203e-01 1.438551e-01 1.277711e-01 1.279805e-01 1.163945e-01 2.770913e-03
<GCONST> 5.739805e+01
~h "eight"
<BEGINHMM>
<NUMSTATES> 5
<STATE> 2
<MEAN> 39
 -8.276508e+00 -2.846904e+00 -5.875063e+00 -1.845309e+01 1.604123e-01 -4.957128e+00 7.516165e-01 -6.801561e+00 -1.568022e+00 -7.537500e+00 -1.824218e+00 -5.801348e+00 1.748428e+01 -1.742298e-01 1.031277e+00 -1.011904e-01 -1.014645e+00 -2.576231e-02 -6.096082e-01 6.637464e-02 4.772961e-01 3.893355e-01 3.163084e-03 -1.252506e-01 -2.336896e-01 3.147153e-01 3.453666e-02 8.281998e-02 4.361522e-03 1.592539e-01 -5.881893e-02 -1.984561e-01 -7.943327e-02 -2.561565e-02 1.558999e-02 9.800507e-02 1.189403e-01 -1.152710e-04 -2.153841e-02
<VARIANCE> 39
 8.007360e+00 2.101788e+01 1.921355e+01 3.116659e+01 4.247783e+01 2.238216e+01 2.529685e+01 2.391374e+01 3.081783e+01 2.299954e+01 2.506152e+01 2.573736e+01 3.153961e+00 3.354114e-01 7.336772e-01 6.211940e-01 1.267100e+00 1.170612e+00 1.349009e+00 1.446717e+00 9.760550e-01 1.310453e+00 1.111522e+00 1.097836e+00 9.377967e-01 1.029172e-01 4.098063e-02 7.755435e-02 7.582481e-02 1.894809e-01 1.358667e-01 1.670513e-01 1.481961e-01 1.701519e-01 2.241903e-01 1.588518e-01 1.696359e-01 1.458256e-01 1.244778e-02
<GCONST> 7.905290e+01
<STATE> 3
<MEAN> 39
 -8.333670e+00 5.888731e+00 -5.449666e+00 -1.887230e+01 -2.902075e+00 -1.397415e+01 -1.867317e+00 -6.244126e+00 5.933273e-01 -3.957400e+00 9.274593e-01 -5.586005e+00 1.850222e+01 1.199866e-01 4.067052e-01 2.029653e-01 8.608794e-01 1.427146e-02 -8.288450e-01 -5.961141e-01 -8.417343e-01 -4.195527e-01 2.553359e-01 4.152295e-01 2.256720e-01 -8.858303e-02 4.933545e-02 -3.016938e-01 1.964676e-02 1.762926e-01 8.759649e-02 3.005041e-01 3.367721e-02 -1.339101e-01 -1.852293e-01 -1.497795e-01 -8.448024e-02 3.181205e-02 -6.366084e-02
<VARIANCE> 39
 9.968135e+00 1.147361e+01 2.450202e+01 2.789037e+01 2.026577e+01 2.374664e+01 5.629963e+01 2.777991e+01 3.107761e+01 2.222854e+01 3.280225e+01 2.531487e+01 1.509699e+00 1.872829e-01 5.889353e-01 2.713902e-01 6.232597e-01 8.033965e-01 1.089034e+00 7.429211e-01 8.027647e-01 1.727882e+00 1.073542e+00 1.202020e+00 8.664042e-01 2.766270e-02 2.827568e-02 7.570063e-02 4.994262e-02 1.006801e-01 8.130787e-02 1.602494e-01 1.425923e-01 1.424184e-01 1.753163e-01 1.408252e-01 1.839670e-01 1.395191e-01 3.475359e-03
<GCONST> 6.988274e+01
<STATE> 4
<MEAN> 39
 -6.806804e+00 1.701552e-01 -4.025876e+00 -1.167435e+01 -9.882061e-01 -1.073528e+01 -3.796691e+00 -1.156955e+01 -4.619115e+00 -5.912818e+00 7.136099e-01 -4.548528e+00 1.628803e+01 1.533804e-01 -1.899827e+00 -9.154433e-02 8.267502e-01 1.883252e-01 1.661846e+00 4.393867e-01 1.108578e-01 -1.917992e-01 -3.188283e-01 -8.749312e-02 1.105167e-01 -4.820538e-01 -8.988267e-02 -1.152747e-02 -1.040190e-01 -1.674251e-01 -6.583007e-02 5.683832e-02 1.546283e-01 2.499836e-01 2.042898e-01 8.620089e-02 3.836820e-02 -2.505331e-02 1.163285e-02
<VARIANCE> 39
 5.670807e+00 3.268036e+01 1.381197e+01 1.839111e+01 1.577191e+01 3.946986e+01 3.105009e+01 2.436556e+01 3.592492e+01 2.639651e+01 2.444735e+01 2.282266e+01 2.752458e+00 3.733879e-01 6.837651e-01 6.889771e-01 1.051205e+00 6.645349e-01 1.191538e+00 1.812933e+00 1.452347e+00 2.106289e+00 1.252766e+00 1.377383e+00 1.145572e+00 3.339045e-02 4.076444e-02 2.621362e-01 6.964850e-02 1.214442e-01 9.928983e-02 3.451899e-01 2.058493e-01 2.023571e-01 2.887293e-01 1.760660e-01 1.959865e-01 1.913745e-01 1.126359e-02
<GCONST> 8.015268e+01
<TRANSP> 5
 0.000000e+00 1.000000e+00 0.000000e+00 0.000000e+00 0.000000e+00
 0.000000e+00 8.692240e-01 1.307760e-01 0.000000e+00 0.000000e+00
 0.000000e+00 0.000000e+00 8.608291e-01 1.391709e-01 0.000000e+00
 0.000000e+00 0.000000e+00 0.000000e+00 8.252275e-01 1.747725e-01
 0.000000e+00 0.000000e+00 0.000000e+00 0.000000e+00 0.000000e+00
<ENDHMM>
~h "oh"
<BEGINHMM>
<NUMSTATES> 5
<STATE> 2
<MEAN> 39
 -4.268381e+00 -1.046646e+01 -8.458367e+00 -8.489394e+00 -2.600235e+00 -7.790244e+00 3.714524e+00 -7.247552e+00 -5.276378e+00 -7.165616e+00 -2.478773e+00 -5.437595e+00 1.788610e+01 5.372303e-01 -1.757206e-01 -5.995648e-01 1.513085e-01 8.792203e-02 -6.957464e-01 9.991030e-02 7.308753e-01 1.210859e-02 -4.333697e-01 -3.978295e-01 -1.599645e-01 3.391002e-01 7.285937e-03 1.061796e-01 1.006112e-02 -5.613828e-02 3.517720e-02 1.619643e-03 -1.570402e-01 -2.324746e-03 1.385377e-01 3.566515e-02 -1.197275e-02 -2.800398e-02 -2.535683e-02
<VARIANCE> 39
 8.931457e+00 1.201864e+01 1.643548e+01 1.812484e+01 2.318078e+01 2.456844e+01 3.099500e+01 6.548840e+01 3.905355e+01 3.466076e+01 2.662497e+01 3.191050e+01 2.962614e+00 2.916931e-01 5.633838e-01 6.072726e-01 6.134315e-01 6.574874e-01 8.938200e-01 1.337725e+00 1.735733e+00 1.508932e+00 1.236140e+00 1.237757e+00 1.004092e+00 9.581159e-02 4.002136e-02 6.171069e-02 7.259286e-02 7.750946e-02 8.870269e-02 1.239512e-01 1.546842e-01 2.151882e-01 1.806051e-01 1.951081e-01 1.816276e-01 1.376982e-01 1.297286e-02
<GCONST> 7.658893e+01
<STATE> 3
<MEAN> 39
 -4.503409e-01 -7.925854e+00 -1.325376e+01 -1.029445e+01 -6.582652e-01 -1.208550e+01 -1.267325e+00 -1.030702e+00 5.836733e-01 -7.770905e+00 -5.064947e+00 -6.801746e+00 1.903010e+01 2.093101e-01 4.090540e-01 2.237058e-02 -3.554637e-01 -6.889997e-02 3.846927e-02 -6.527914e-01 -3.344961e-01 6.044701e-01 6.480996e-01 4.982790e-02 -3.317454e-01 -1.648331e-02 -4.488350e-02 1.875574e-02 1.041908e-01 -9.540807e-03 -5.613942e-02 8.705357e-02 2.722352e-02 -1.451843e-01 -9.921861e-02 6.920454e-02 1.212881e-01 2.378801e-02 -2.517484e-02
<VARIANCE> 39
 6.105378e+00 9.075541e+00 1.481003e+01 1.574645e+01 1.855622e+01 2.324847e+01 4.209116e+01 3.075452e+01 3.840381e+01 3.723130e+01 3.163286e+01 3.887383e+01 1.244152e+00 8.288955e-02 1.426022e-01 2.845058e-01 2.892507e-01 3.958629e-01 5.108443e-01 7.175743e-01 1.024547e+00 7.705615e-01 8.424112e-01 8.612768e-01 6.981890e-01 1.282370e-02 1.137571e-02 1.456383e-02 3.441763e-02 3.543983e-02 4.743575e-02 7.021269e-02 8.083927e-02 9.718385e-02 1.069274e-01 1.035265e-01 9.237436e-02 8.831874e-02 1.171667e-03
<GCONST> 5.280927e+01
<STATE> 4
<MEAN> 39
 -4.360084e-01 -3.493598e+00 -8.350657e+00 -1.261914e+01 -3.694374e+00 -9.589192e+00 -4.400893e+00 -8.016431e+00 -1.969677e-01 -3.257703e+00 8.257781e-02 -6.625464e+00 1.810954e+01 -5.448123e-01 1.331403e-01 7.999443e-01 2.923366e-01 1.276956e-02 5.750696e-01 3.686634e-01 -4.587496e-01 -5.654408e-01 -2.032593e-01 4.098348e-01 4.763600e-01 -3.037126e-01 -1.262795e-01 -1.304860e-01 -3.144333e-02 8.888877e-02 1.070801e-01 9.191865e-02 1.553145e-01 1.040603e-01 -4.685280e-02 -1.219046e-01 -7.544541e-02 5.053600e-02 -3.946598e-02
<VARIANCE> 39
 7.618589e+00 7.007734e+00 2.187326e+01 1.783747e+01 1.915550e+01 2.658527e+01 3.076462e+01 2.771220e+01 3.213830e+01 4.101078e+01 3.897847e+01 3.636636e+01 2.029590e+00 3.277385e-01 4.465984e-01 4.933069e-01 6.030170e-01 9.047367e-01 1.199057e+00 1.254960e+00 1.299938e+00 1.274563e+00 1.258600e+00 1.313293e+00 1.159567e+00 4.406095e-02 2.834461e-02 4.141522e-02 8.991792e-02 8.612203e-02 1.088988e-01 1.675194e-01 1.790853e-01 2.022215e-01 2.168010e-01 2.092435e-01 1.769201e-01 1.688657e-01 3.666523e-03
<GCONST> 7.381591e+01
<TRANSP> 5
 0.000000e+00 1.000000e+00 0.000000e+00 0.000000e+00 0.000000e+00
 0.000000e+00 8.826911e-01 1.173090e-01 0.000000e+00 0.000000e+00
 0.000000e+00 0.000000e+00 8.979370e-01 1.020630e-01 0.000000e+00
 0.000000e+00 0.000000e+00 0.000000e+00 8.738121e-01 1.261879e-01
 0.000000e+00 0.000000e+00 0.000000e+00 0.000000e+00 0.000000e+00
<ENDHMM>
~h "sp"
<BEGINHMM>
<NUMSTATES> 5
<STATE> 2
~s "silst"
<STATE> 3
<MEAN> 39
 -8.253261e+00 -4.969098e+00 -6.148484e+00 -8.889982e+00 -1.916114e+00 -3.830831e+00 -1.181398e+00 -8.308268e+00 -2.873666e+00 -5.389196e+00 6.110830e-01 -4.108944e+00 1.496127e+01 -3.717298e-01 -1.569636e-01 -3.340695e-01 3.857309e-02 8.897538e-02 2.820223e-01 1.475845e-01 9.372156e-02 2.397785e-02 5.048938e-02 7.195502e-02 1.643594e-01 -1.230310e-01 1.512006e-01 7.617971e-02 9.443999e-02 -9.479681e-02 -9.516996e-02 -1.888791e-01 -6.898944e-02 -2.608427e-02 -2.809674e-03 -1.935357e-02 -6.665163e-02 -7.063241e-02 9.321315e-02
<VARIANCE> 39
 1.026993e+01 1.061791e+01 1.475639e+01 1.418724e+01 1.804847e+01 1.896402e+01 1.793241e+01 1.959571e+01 2.020584e+01 1.930697e+01 1.813498e+01 1.556804e+01 1.329019e+00 5.291395e-01 5.941912e-01 7.756211e-01 6.517250e-01 8.966225e-01 1.109908e+00 9.219318e-01 1.043654e+00 1.120248e+00 9.889218e-01 9.475210e-01 7.756945e-01 7.020136e-02 6.813578e-02 1.047583e-01 1.302565e-01 1.316584e-01 1.647926e-01 1.866657e-01 1.717960e-01 1.972971e-01 1.941064e-01 1.711130e-01 1.583757e-01 1.285109e-01 6.726811e-03
<GCONST> 7.238478e+01
<STATE> 4
<MEAN> 39
 -7.471646e+00 -5.557405e+00 -5.441378e+00 -9.461473e+00 -1.180968e+00 -4.406589e+00 -9.021893e-01 -8.637807e+00 -2.999141e+00 -5.618715e+00 8.485066e-01 -4.149793e+00 1.520313e+01 7.457461e-01 3.000848e-01 2.083544e-01 -5.777689e-01 -5.016068e-01 -7.562551e-01 -1.503446e-01 -1.172453e-02 5.774225e-02 -1.862474e-02 -3.488727e-01 -2.876037e-01 4.431116e-01 2.105337e-01 4.396532e-02 -2.926434e-02 -2.210845e-01 -2.190932e-01 -2.066213e-01 -1.378171e-03 5.345358e-02 3.836839e-02 -7.113201e-03 -1.384689e-01 -1.237865e-01 1.501569e-01
<VARIANCE> 39
 7.656671e+00 8.625124e+00 1.143803e+01 1.198191e+01 1.500501e+01 1.527846e+01 1.744340e+01 1.831410e+01 2.102890e+01 1.895830e+01 1.918664e+01 1.742460e+01 1.511070e+00 6.110964e-01 6.516988e-01 1.090736e+00 9.911965e-01 1.124123e+00 1.166995e+00 1.093018e+00 1.433936e+00 1.218483e+00 1.206986e+00 1.128106e+00 1.040619e+00 6.405822e-02 6.780855e-02 1.035763e-01 1.648815e-01 1.609952e-01 1.889419e-01 1.904687e-01 1.721542e-01 2.125466e-01 2.018484e-01 1.818034e-01 1.936589e-01 1.889456e-01 5.559938e-03
<GCONST> 7.485345e+01
<TRANSP> 5
 0.000000e+00 3.936087e-01 6.063913e-01 0.000000e+00 0.000000e+00
 0.000000e+00 9.269836e-01 7.301638e-02 0.000000e+00 0.000000e+00
 0.000000e+00 0.000000e+00 7.766756e-01 2.233244e-01 0.000000e+00
 0.000000e+00 0.000000e+00 0.000000e+00 5.237352e-01 4.762648e-01
 0.000000e+00 0.000000e+00 0.000000e+00 0.000000e+00 0.000000e+00
<ENDHMM>
~h "seven"
<BEGINHMM>
<NUMSTATES> 5
<STATE> 2
<MEAN> 39
 -5.653232e+00 -4.254482e+00 -4.950729e+00 -1.405091e+01 -7.592084e+00 -6.978553e+00 2.292929e+00 -7.880964e+00 -1.552433e+00 -5.189844e+00 -3.243140e+00 -6.516829e+00 1.747039e+01 3.589822e-01 -2.896818e-01 1.453196e-01 -1.207494e+00 -6.776243e-01 -3.300947e-02 1.025996e+00 1.995601e-02 6.456249e-02 -4.029213e-01 -7.298761e-01 -6.019287e-01 6.536693e-01 -1.908152e-01 -1.727696e-01 -1.840993e-01 1.822004e-01 2.811973e-01 3.123050e-01 -3.891670e-02 1.722555e-02 -1.537580e-01 -9.996090e-02 1.225160e-01 1.099743e-01 -5.426409e-02
<VARIANCE> 39
 1.164932e+01 7.452428e+00 1.101000e+01 3.001615e+01 3.276736e+01 3.138203e+01 2.993023e+01 2.647734e+01 2.972775e+01 6.460812e+01 2.687924e+01 2.724907e+01 4.061234e+00 6.724812e-01 5.820636e-01 7.105242e-01 1.006940e+00 1.854965e+00 1.862628e+00 1.375563e+00 1.178983e+00 1.491153e+00 1.949529e+00 1.229547e+00 1.560273e+00 7.878596e-02 8.819716e-02 6.458753e-02 9.061424e-02 2.313789e-01 2.756275e-01 2.180455e-01 1.942722e-01 1.465730e-01 1.657200e-01 3.144921e-01 1.967256e-01 2.057104e-01 2.988745e-02
<GCONST> 8.566380e+01
<STATE> 3
<MEAN> 39
 -6.153416e+00 -8.623007e+00 -5.705161e+00 -1.565356e+01 -4.663872e+00 -2.931195e+00 5.214055e+00 -8.912212e+00 -3.428669e+00 -7.422273e+00 -3.700372e+00 -5.910638e+00 1.909488e+01 1.825837e-01 -1.540223e-01 1.895280e-01 6.550930e-01 1.692117e-01 -2.686333e-01 -2.270942e-01 3.413803e-01 -3.845368e-01 2.016480e-01 3.007711e-01 1.176436e-01 -1.336010e-01 9.682289e-02 2.252334e-01 1.479962e-01 2.390576e-01 -3.063698e-02 -2.832882e-01 -2.899688e-01 6.993739e-02 7.830540e-02 5.659793e-02 1.517689e-01 -2.989854e-02 -1.140140e-01
<VARIANCE> 39
 9.225892e+00 8.978083e+00 8.485788e+00 1.598298e+01 4.688626e+01 3.268447e+01 3.204979e+01 4.235863e+01 5.054250e+01 4.373011e+01 3.477861e+01 3.271116e+01 1.236182e+00 3.295211e-01 5.739776e-01 3.822476e-01 6.263216e-01 1.213527e+00 1.474233e+00 1.341072e+00 9.777637e-01 1.213324e+00 1.633552e+00 1.649078e+00 9.420410e-01 5.946048e-02 4.413414e-02 4.140928e-02 4.896599e-02 9.547771e-02 2.047811e-01 1.427501e-01 1.871737e-01 1.699249e-01 1.959121e-01 1.763956e-01 2.449230e-01 1.695731e-01 4.669502e-03
<GCONST> 7.599765e+01
<STATE> 4
<MEAN> 39
 -3.181298e+00 -3.746999e+00 -1.806581e+00 -9.509231e+00 -3.484797e+00 -7.887186e+00 -9.060957e-01 -8.534697e+00 -4.163066e+00 -6.846138e+00 -1.791212e+00 -6.984854e+00 1.710894e+01 1.957770e-02 2.472060e-01 1.306105e-01 2.297786e-01 3.559572e-01 9.412387e-02 -3.158461e-01 -2.734914e-01 7.965162e-02 -3.700290e-02 1.307083e-01 4.162737e-02 -1.219542e-01 -5.612668e-02 -7.508606e-02 -7.267135e-02 -8.362242e-02 -1.303031e-02 1.011057e-01 1.070312e-01 -8.563523e-03 2.038126e-02 1.646144e-02 -3.447088e-02 2.596755e-02 1.256149e-02
<VARIANCE> 39
 4.945620e+00 1.056128e+01 9.789296e+00 1.397228e+01 2.767438e+01 3.121728e+01 2.595741e+01 4.034094e+01 3.297804e+01 3.549335e+01 3.328198e+01 2.881650e+01 1.563622e+00 2.385426e-01 5.059429e-01 5.372204e-01 8.708544e-01 1.311201e+00 1.256442e+00 1.627850e+00 1.298057e+00 1.398033e+00 1.378618e+00 1.263704e+00 9.808680e-01 9.379464e-02 3.600123e-02 7.611863e-02 8.700231e-02 1.469321e-01 2.313428e-01 2.041315e-01 2.733737e-01 2.263037e-01 2.300957e-01 2.348453e-01 2.143743e-01 1.475884e-01 1.420421e-02
<GCONST> 7.880158e+01
<TRANSP> 5
 0.000000e+00 1.000000e+00 0.000000e+00 0.000000e+00 0.000000e+00
 0.000000e+00 7.974567e-01 2.025432e-01 0.000000e+00 0.000000e+00
 0.000000e+00 0.000000e+00 8.528271e-01 1.471729e-01 0.000000e+00
 0.000000e+00 0.000000e+00 0.000000e+00 9.379193e-01 6.208072e-02
 0.000000e+00 0.000000e+00 0.000000e+00 0.000000e+00 0.000000e+00
<ENDHMM>
~h "three"
<BEGINHMM>
<NUMSTATES> 5
<STATE> 2
<MEAN> 39
 -2.885975e+00 -7.015947e+00 -2.390206e-01 -8.869616e+00 -1.067813e+01 -1.112885e+01 -1.178172e+00 -8.759846e+00 -1.740413e+00 -5.024518e+00 -1.880531e-01 -5.329910e+00 1.745747e+01 4.749016e-01 -1.460035e-01 9.430401e-01 -2.572480e-01 -1.592557e+00 -8.212011e-02 -2.286579e-01 -2.523332e-01 4.186123e-01 1.126622e-01 -2.601790e-02 -2.382164e-01 3.681629e-01 -1.900132e-01 1.243760e-01 1.453795e-03 -3.052618e-01 2.299650e-01 3.277477e-01 -1.730428e-01 1.302650e-02 8.072018e-02 -2.537229e-02 4.191471e-02 4.668404e-03 -3.464370e-02
<VARIANCE> 39
 1.103863e+01 1.275188e+01 1.667367e+01 2.976599e+01 5.126081e+01 4.921444e+01 2.291129e+01 2.663439e+01 2.767195e+01 2.588056e+01 3.349309e+01 3.207815e+01 2.629995e+00 7.745390e-01 6.851195e-01 8.070923e-01 2.085767e+00 1.916693e+00 3.477579e+00 1.414828e+00 1.564421e+00 1.242169e+00 1.081693e+00 1.350363e+00 1.260226e+00 5.977862e-02 1.122124e-01 1.448161e-01 1.320795e-01 2.983637e-01 4.613118e-01 4.268493e-01 2.916593e-01 2.405179e-01 1.926487e-01 1.813606e-01 1.980182e-01 1.897338e-01 9.835957e-03
<GCONST> 8.929444e+01
<STATE> 3
<MEAN> 39
 -5.047226e+00 -3.585845e+00 5.601258e+00 -1.893829e+01 -1.244406e+01 -4.239702e+00 -8.681390e+00 -8.761735e+00 1.999761e+00 -5.704578e+00 1.237735e+00 -5.895569e+00 1.865840e+01 -8.417490e-01 1.785947e+00 -2.608908e-01 -1.720188e+00 2.343722e+00 -1.150969e-01 -1.468232e+00 9.105095e-01 -4.187796e-01 -2.321432e-01 1.142278e-01 9.490947e-03 -2.054408e-02 4.326519e-02 1.203004e-01 -4.600374e-01 5.148404e-01 3.959011e-01 -6.663923e-01 4.279953e-01 5.857252e-02 -3.727722e-01 7.349952e-02 -6.031007e-02 3.866215e-02 -5.496823e-02
<VARIANCE> 39
 7.832097e+00 2.416551e+01 1.147720e+01 3.249693e+01 6.052433e+01 2.876199e+01 4.260679e+01 6.449017e+01 2.456662e+01 2.778809e+01 3.678502e+01 2.959969e+01 1.286010e+00 2.562811e-01 6.191843e-01 1.050256e+00 1.796361e+00 1.429525e+00 3.680405e+00 2.028412e+00 1.383042e+00 1.428929e+00 1.079186e+00 7.504687e-01 7.907438e-01 2.108672e-02 5.307385e-02 1.613041e-01 9.433719e-02 2.491677e-01 5.124782e-01 2.389447e-01 3.966832e-01 3.809270e-01 1.647921e-01 1.490103e-01 1.325723e-01 1.100626e-01 2.286199e-03
<GCONST> 8.301511e+01
<STATE> 4
<MEAN> 39
 -6.342920e+00 3.383973e+00 -1.747773e+00 -1.536325e+01 -1.328090e+00 -1.190929e+01 -5.168734e+00 -8.557253e+00 -3.590310e+00 -5.408839e+00 -6.399166e-01 -6.445787e+00 1.766644e+01 8.597818e-02 -2.958865e-01 -5.325533e-01 9.125402e-01 3.897319e-01 1.134522e-01 6.978909e-01 -2.563294e-01 -1.779346e-01 -6.450743e-03 -6.867589e-02 5.484826e-02 -2.166454e-01 2.006951e-02 -2.670486e-01 4.975168e-02 3.698831e-02 -1.956737e-01 2.541332e-01 4.644113e-02 -4.455434e-03 1.319168e-01 -1.105704e-02 4.334109e-02 2.648131e-02 -2.610828e-02
<VARIANCE> 39
 7.839196e+00 1.672503e+01 1.530984e+01 3.265839e+01 2.253876e+01 2.686278e+01 4.452815e+01 4.253046e+01 3.180522e+01 4.061046e+01 4.111404e+01 3.718956e+01 1.722704e+00 2.584490e-01 1.450359e+00 6.628546e-01 8.569686e-01 1.177190e+00 2.217913e+00 1.377756e+00 1.516844e+00 1.350671e+00 1.259625e+00 1.070114e+00 9.795841e-01 3.576232e-02 4.542323e-02 9.941722e-02 8.151844e-02 1.617109e-01 1.850401e-01 1.885682e-01 1.982177e-01 2.166437e-01 1.773194e-01 1.733108e-01 1.462162e-01 1.379576e-01 2.783116e-03
<GCONST> 7.965521e+01
<TRANSP> 5
 0.000000e+00 1.000000e+00 0.000000e+00 0.000000e+00 0.000000e+00
 0.000000e+00 8.720112e-01 1.279888e-01 0.000000e+00 0.000000e+00
 0.000000e+00 0.000000e+00 7.886487e-01 2.113513e-01 0.000000e+00
 0.000000e+00 0.000000e+00 0.000000e+00 9.084668e-01 9.153324e-02
 0.000000e+00 0.000000e+00 0.000000e+00 0.000000e+00 0.000000e+00
<ENDHMM>
~h "one"
<BEGINHMM>
<NUMSTATES> 5
<STATE> 2
<MEAN> 39
 -6.917097e-01 -3.066376e+00 -8.034226e+00 -1.369622e+01 -2.774818e+00 -6.023145e+00 -1.144884e+00 -8.701033e+00 -3.177336e+00 -6.727390e+00 -1.106018e+00 -6.749730e+00 1.755511e+01 4.343518e-01 -2.492297e-01 -1.029856e+00 7.065882e-02 4.822288e-01 3.090244e-01 -1.551680e-01 8.265874e-02 1.526346e-01 -1.788695e-01 -3.306912e-01 -3.677450e-01 2.791122e-01 -1.145053e-01 -1.887118e-01 -4.831779e-02 3.139848e-01 1.432218e-01 -5.400882e-02 -1.193782e-01 4.821952e-02 5.313418e-02 -5.539692e-02 -3.437860e-02 2.662494e-02 -1.770302e-02
<VARIANCE> 39
 8.348207e+00 6.971661e+00 2.323260e+01 1.960693e+01 2.384678e+01 2.485232e+01 1.852066e+01 2.008934e+01 2.502335e+01 2.389420e+01 2.844826e+01 2.729302e+01 2.275735e+00 3.838932e-01 7.520853e-01 8.301176e-01 1.679613e+00 1.518031e+00 1.213941e+00 1.241812e+00 9.824162e-01 1.070575e+00 9.585176e-01 1.053777e+00 1.023264e+00 4.505784e-02 5.039905e-02 5.887100e-02 1.479230e-01 2.292974e-01 1.864899e-01 2.502663e-01 1.951188e-01 1.719198e-01 1.785698e-01 1.719034e-01 1.864712e-01 1.685269e-01 5.842050e-03
<GCONST> 7.718840e+01
<STATE> 3
<MEAN> 39
 -1.297410e+00 -9.419217e+00 -1.326122e+01 -3.999199e+00 2.090081e+00 -7.740051e+00 -4.946437e+00 -5.394602e+00 -1.432300e+00 -1.055186e+01 -3.753674e+00 -6.921222e+00 1.859624e+01 -5.822448e-01 -8.062255e-01 7.879843e-01 1.521412e+00 -7.706258e-01 -9.540026e-01 5.629897e-01 6.400625e-01 -6.009083e-01 -7.338542e-01 2.745605e-01 4.258137e-01 -5.303225e-03 -4.976765e-02 2.142792e-01 4.222192e-01 -3.947193e-01 -4.502629e-01 1.414167e-01 4.062777e-01 -2.364213e-01 -2.504420e-01 2.154270e-01 2.193610e-01 -4.697666e-02 -3.106767e-02
<VARIANCE> 39
 5.552953e+00 1.038374e+01 1.614719e+01 3.115303e+01 2.023853e+01 2.720903e+01 2.831234e+01 3.475001e+01 4.305774e+01 3.936036e+01 2.927619e+01 3.313686e+01 1.498069e+00 1.320960e-01 3.938405e-01 8.568737e-01 1.282049e+00 1.432812e+00 9.677546e-01 1.983234e+00 1.330342e+00 1.646956e+00 1.164386e+00 1.459464e+00 9.895985e-01 8.883641e-03 2.313532e-02 4.906242e-02 9.360779e-02 1.900724e-01 1.752537e-01 2.849334e-01 1.959761e-01 3.100556e-01 2.327721e-01 2.637438e-01 1.880921e-01 2.280559e-01 9.786973e-04
<GCONST> 7.512556e+01
<STATE> 4
<MEAN> 39
 -3.826927e+00 -5.614752e+00 -2.274706e+00 -7.655773e+00 -3.657264e+00 -6.867090e+00 -1.707098e+00 -1.128978e+01 -5.664914e+00 -8.949350e+00 -2.244915e+00 -8.129784e+00 1.779680e+01 -6.339934e-02 5.875317e-01 5.362417e-01 -5.616782e-01 1.384590e-01 2.811998e-01 -1.714816e-01 -4.595511e-01 5.698311e-02 3.782640e-01 3.492298e-02 4.972364e-02 -1.627794e-01 8.920716e-03 -3.328165e-02 -1.858290e-01 1.025639e-02 1.590987e-01 3.426336e-02 -8.357272e-02 1.014316e-01 1.172921e-01 -2.784844e-02 -2.407758e-02 5.961842e-02 -1.942311e-02
<VARIANCE> 39
 6.586687e+00 2.613954e+01 1.421973e+01 2.709014e+01 2.029577e+01 4.012428e+01 3.574299e+01 3.952044e+01 3.913195e+01 4.448692e+01 3.343979e+01 3.581919e+01 1.382842e+00 3.440147e-01 8.901063e-01 1.172484e+00 1.156479e+00 1.303406e+00 1.890819e+00 1.573147e+00 1.628046e+00 1.600621e+00 1.521379e+00 1.088453e+00 1.118623e+00 2.380711e-02 5.388850e-02 1.368305e-01 8.285701e-02 1.966278e-01 1.982685e-01 2.918865e-01 2.834356e-01 2.168657e-01 2.507446e-01 2.399176e-01 1.876886e-01 1.650366e-01 2.630240e-03
<GCONST> 8.303040e+01
<TRANSP> 5
 0.000000e+00 1.000000e+00 0.000000e+00 0.000000e+00 0.000000e+00
 0.000000e+00 8.771008e-01 1.228992e-01 0.000000e+00 0.000000e+00
 0.000000e+00 0.000000e+00 8.245115e-01 1.754885e-01 0.000000e+00
 0.000000e+00 0.000000e+00 0.000000e+00 9.203166e-01 7.968341e-02
 0.000000e+00 0.000000e+00 0.000000e+00 0.000000e+00 0.000000e+00
<ENDHMM>
~h "sil"
<BEGINHMM>
<NUMSTATES> 5
<STATE> 2
<MEAN> 39
 -6.716620e+00 -6.843423e+00 -5.052577e+00 -9.226254e+00 -3.258354e-01 -3.813347e+00 -1.530249e-01 -8.905753e+00 -2.843485e+00 -5.692289e+00 7.943819e-01 -4.116261e+00 1.457364e+01 -4.080968e-02 -1.744694e-03 9.083525e-03 6.560834e-02 8.083716e-02 5.956842e-02 6.308436e-02 4.290794e-03 -1.756415e-03 1.609952e-02 2.173592e-02 1.919377e-02 -1.346319e-02 -3.059112e-02 -4.204439e-02 -8.318130e-02 -1.004962e-01 -8.467489e-02 -6.940433e-02 -2.812610e-02 3.750249e-02 8.694472e-03 -7.716793e-06 8.062250e-03 7.880732e-03 1.550827e-03
<VARIANCE> 39
 2.946588e+00 3.506957e+00 5.111353e+00 7.216907e+00 1.230252e+01 1.339449e+01 1.447305e+01 1.548695e+01 1.491911e+01 1.372876e+01 1.597795e+01 1.238822e+01 1.111948e+00 6.755745e-02 1.447696e-01 2.547308e-01 3.587031e-01 4.858821e-01 6.382580e-01 6.550575e-01 6.949469e-01 6.795886e-01 5.713946e-01 6.370073e-01 5.488724e-01 4.885518e-03 9.135178e-03 2.068913e-02 3.568484e-02 4.770179e-02 7.897369e-02 1.093980e-01 1.073035e-01 1.238318e-01 1.082676e-01 9.340320e-02 1.093342e-01 9.857758e-02 5.930629e-04
<GCONST> 4.198103e+01
<STATE> 3
~s "silst"
<STATE> 4
<MEAN> 39
 -7.600310e+00 -7.565529e+00 -6.892072e+00 -1.139810e+01 -1.862860e+00 -5.065928e+00 -6.774889e-01 -8.270626e+00 -2.501881e+00 -5.442220e+00 1.301858e+00 -3.932197e+00 1.448967e+01 2.750074e-02 2.999302e-02 -1.208788e-03 -4.709688e-02 -7.298145e-02 -3.993914e-02 -6.755389e-02 -3.021604e-02 -1.641607e-02 1.368763e-03 -3.251417e-02 -3.416470e-02 7.418785e-03 4.248836e-02 7.231734e-02 1.217837e-01 1.401720e-01 1.071983e-01 9.029370e-02 3.682179e-02 -2.618233e-02 -6.511109e-05 -5.106387e-03 -3.309666e-02 -2.615060e-02 8.683458e-03
<VARIANCE> 39
 3.267834e+00 3.893199e+00 5.760761e+00 7.400049e+00 1.151482e+01 1.351314e+01 1.503318e+01 1.613803e+01 1.799845e+01 1.473207e+01 1.481146e+01 1.400877e+01 9.976355e-01 6.421889e-02 1.557415e-01 2.718451e-01 4.003419e-01 4.860035e-01 6.758428e-01 6.100118e-01 7.472093e-01 7.034488e-01 5.762355e-01 7.017302e-01 6.229175e-01 2.708068e-03 1.272332e-02 2.590798e-02 3.711136e-02 5.569993e-02 7.597258e-02 1.167939e-01 1.061428e-01 1.270422e-01 1.351599e-01 9.761354e-02 1.139505e-01 1.122613e-01 1.090958e-03
<GCONST> 4.432309e+01
<TRANSP> 5
 0.000000e+00 1.000000e+00 0.000000e+00 0.000000e+00 0.000000e+00
 0.000000e+00 7.731136e-01 5.423594e-02 1.726504e-01 0.000000e+00
 0.000000e+00 0.000000e+00 8.061307e-01 1.938692e-01 0.000000e+00
 0.000000e+00 2.025906e-01 0.000000e+00 7.155887e-01 8.182066e-02
 0.000000e+00 0.000000e+00 0.000000e+00 0.000000e+00 0.000000e+00
<ENDHMM>
~h "six"
<BEGINHMM>
<NUMSTATES> 5
<STATE> 2
<MEAN> 39
 -8.324245e+00 -4.075005e+00 -6.500261e+00 -9.075609e+00 -3.498924e+00 -4.753805e+00 -1.937809e+00 -8.352094e+00 -3.471267e+00 -3.789088e+00 -8.374247e-02 -3.165070e+00 1.513316e+01 6.984908e-01 7.000060e-01 1.284305e+00 -1.528160e+00 -1.280769e+00 -1.305348e+00 9.526920e-02 -1.123472e-01 4.763364e-01 3.736450e-01 -5.761193e-01 -5.647893e-01 6.821174e-01 2.691686e-02 1.047463e-01 1.899655e-01 -4.705274e-01 -2.538978e-01 -1.173809e-01 3.483918e-02 9.601729e-02 1.990980e-01 -2.042435e-02 -1.302800e-01 -2.494278e-01 1.340204e-01
<VARIANCE> 39
 7.783820e+00 7.793899e+00 1.258123e+01 1.125499e+01 2.052000e+01 2.183155e+01 1.571689e+01 1.726100e+01 2.075248e+01 3.311011e+01 1.908255e+01 1.703860e+01 2.203413e+00 3.380949e-01 4.793005e-01 8.544834e-01 1.118829e+00 1.161225e+00 1.340190e+00 1.052683e+00 8.231338e-01 1.466654e+00 2.377846e+00 1.161985e+00 1.388460e+00 6.811772e-02 6.304258e-02 5.579087e-02 1.166853e-01 9.721026e-02 1.971209e-01 2.122874e-01 1.511857e-01 1.788532e-01 1.836757e-01 2.467921e-01 1.711283e-01 1.642101e-01 1.030307e-02
<GCONST> 7.487100e+01
<STATE> 3
<MEAN> 39
 -6.458968e+00 -1.049027e+00 -9.481189e-01 -2.012978e+01 -7.747575e+00 -8.685859e+00 -2.348999e+00 -6.332290e+00 2.754416e-01 -3.812943e+00 -2.489882e+00 -7.318594e+00 1.831701e+01 1.459058e-02 -1.028124e-01 2.034230e-01 -2.533093e-01 4.084928e-01 2.317130e-01 -2.759984e-01 1.611748e-01 3.309878e-02 -2.062372e-01 1.917879e-01 2.654232e-02 -6.237217e-02 -5.426563e-02 -2.060095e-01 -2.635119e-01 4.906608e-01 2.867546e-01 2.156723e-01 6.756160e-02 -9.263492e-02 -1.488712e-01 -5.871265e-02 1.491681e-01 1.679073e-01 -1.665487e-01
<VARIANCE> 39
 7.769747e+00 9.923790e+00 1.740701e+01 2.285017e+01 5.885266e+01 3.097920e+01 3.802859e+01 2.457761e+01 3.461276e+01 5.741886e+01 3.544290e+01 3.731608e+01 1.455698e+00 3.486968e-01 6.443173e-01 1.059329e+00 3.185817e+00 2.290358e+00 1.712227e+00 1.731060e+00 1.350626e+00 1.882158e+00 1.981504e+00 1.842107e+00 1.858748e+00 2.832130e-01 6.754889e-02 6.631712e-02 1.624653e-01 2.230859e-01 3.062984e-01 3.204783e-01 3.827879e-01 2.251330e-01 2.869503e-01 3.371920e-01 2.648434e-01 2.534253e-01 1.178666e-02
<GCONST> 9.176291e+01
<STATE> 4
<MEAN> 39
 -6.585016e+00 -6.268958e+00 -4.689324e+00 -1.078726e+01 -9.499962e-01 -3.960191e+00 -1.358423e+00 -8.807549e+00 -2.163588e+00 -5.839303e+00 1.145540e+00 -4.223416e+00 1.475713e+01 -2.171381e-01 -9.279962e-01 -9.769391e-01 1.459143e+00 4.166935e-01 4.264239e-01 9.012458e-01 -4.443339e-01 -2.838195e-01 -5.672996e-02 1.855493e-01 2.905271e-01 -4.652794e-01 -1.008738e-01 1.692659e-01 2.046287e-01 -4.383839e-01 -3.729132e-01 -1.668044e-01 -8.340490e-02 1.800803e-01 1.181985e-01 1.053915e-01 -1.817509e-01 -1.428799e-01 1.498606e-01
<VARIANCE> 39
 3.309019e+00 5.242208e+00 9.513584e+00 1.106346e+01 1.475839e+01 1.630616e+01 1.991272e+01 1.851608e+01 1.690660e+01 1.717795e+01 1.858595e+01 1.496231e+01 1.467160e+00 2.481820e-01 4.828020e-01 9.176809e-01 1.300572e+00 2.089159e+00 1.693818e+00 1.600441e+00 1.259732e+00 1.210858e+00 1.204541e+00 1.190174e+00 1.012205e+00 7.760742e-02 3.874977e-02 6.308689e-02 1.374866e-01 1.462781e-01 2.334813e-01 1.888421e-01 2.642161e-01 1.874931e-01 1.849492e-01 1.733509e-01 2.005313e-01 1.824918e-01 5.645190e-03
<GCONST> 7.231883e+01
<TRANSP> 5
 0.000000e+00 1.000000e+00 0.000000e+00 0.000000e+00 0.000000e+00
 0.000000e+00 6.836230e-01 3.163769e-01 0.000000e+00 0.000000e+00
 0.000000e+00 0.000000e+00 8.891424e-01 1.108576e-01 0.000000e+00
 0.000000e+00 0.000000e+00 0.000000e+00 7.518688e-01 2.481312e-01
 0.000000e+00 0.000000e+00 0.000000e+00 0.000000e+00 0.000000e+00
<ENDHMM>
~h "two"
<BEGINHMM>
<NUMSTATES> 5
<STATE> 2
<MEAN> 39
 -1.105649e+01 -3.006214e+00 -6.646475e+00 -1.073890e+01 -1.084267e+00 -3.919888e+00 -2.137098e+00 -7.478509e+00 -2.195572e+00 -5.545871e+00 1.131178e+00 -3.434477e+00 1.514131e+01 5.153323e-01 6.521183e-01 1.039192e+00 -6.064281e-01 -3.167391e-01 -3.865452e-01 -5.073645e-01 -2.014679e-01 2.798495e-02 -5.224834e-02 -2.523453e-01 -3.863788e-01 3.372605e-01 2.900703e-01 4.679585e-02 2.773727e-01 -1.132010e-01 -1.927739e-01 -2.225689e-01 -1.061401e-01 -1.251138e-01 -3.884238e-02 -9.873252e-04 -7.209013e-02 -1.517616e-01 8.694501e-02
<VARIANCE> 39
 9.749640e+00 7.898625e+00 1.335202e+01 1.219784e+01 1.898873e+01 2.342026e+01 1.969140e+01 2.151900e+01 2.155491e+01 2.453014e+01 2.519177e+01 1.967838e+01 9.625889e-01 1.460422e+00 5.820426e-01 1.361267e+00 8.572740e-01 1.407085e+00 1.345803e+00 9.959317e-01 1.209055e+00 1.220682e+00 1.332486e+00 1.984864e+00 1.082707e+00 7.593144e-02 1.369908e-01 1.147632e-01 1.403081e-01 1.226295e-01 2.380553e-01 2.045498e-01 1.814644e-01 2.276638e-01 2.330418e-01 2.032149e-01 3.696429e-01 1.621694e-01 8.163551e-03
<GCONST> 8.009235e+01
<STATE> 3
<MEAN> 39
 -4.633397e+00 1.347894e+00 1.945711e+00 -1.561331e+01 -7.075548e+00 -1.000791e+01 -6.855988e+00 -1.051081e+01 -2.476023e+00 -5.226354e+00 -1.157763e+00 -7.356215e+00 1.843063e+01 6.589410e-01 5.403216e-01 7.387997e-01 -5.387267e-01 -1.164157e+00 -1.105119e+00 -5.695853e-01 -2.920976e-01 -7.621353e-02 1.162870e-01 -2.230650e-01 -6.423965e-01 4.493209e-01 -2.490413e-01 -2.406230e-01 -4.315602e-01 3.070024e-01 2.800683e-01 2.393501e-01 2.463729e-01 1.493662e-01 -1.791720e-02 -6.878572e-03 1.563334e-01 1.893175e-01 -1.472555e-01
<VARIANCE> 39
 7.474937e+00 7.993634e+00 1.359817e+01 2.211014e+01 3.973759e+01 2.522573e+01 2.815370e+01 2.448268e+01 3.154054e+01 5.452156e+01 4.403373e+01 4.873470e+01 1.034845e+00 5.637276e-01 6.146688e-01 9.617062e-01 1.425401e+00 1.260407e+00 1.180853e+00 1.681219e+00 1.504093e+00 1.849481e+00 1.989947e+00 2.370903e+00 1.849043e+00 8.910577e-02 6.277555e-02 5.157763e-02 7.999510e-02 1.229543e-01 2.009093e-01 1.746057e-01 2.014957e-01 1.891173e-01 2.100055e-01 2.704307e-01 2.909136e-01 2.203883e-01 6.158587e-03
<GCONST> 8.334116e+01
<STATE> 4
<MEAN> 39
 -3.096411e+00 -3.944429e-01 -2.973208e-01 -1.266888e+01 -6.519475e+00 -1.128224e+01 -5.582485e+00 -9.898393e+00 -3.011186e+00 -5.453441e+00 -3.863297e-02 -7.297836e+00 1.799004e+01 1.106439e-02 -3.197381e-01 -3.196121e-01 4.864511e-01 4.440826e-01 3.147714e-01 2.958407e-01 5.620181e-02 -7.596046e-02 -1.920601e-02 1.187925e-01 2.400883e-01 -1.893211e-01 -7.681656e-02 -6.127167e-02 -4.112109e-02 -1.037562e-02 7.858217e-02 1.267713e-01 7.596161e-02 3.355003e-02 3.049235e-02 3.479617e-03 -1.412614e-02 4.100739e-02 -3.870836e-02
<VARIANCE> 39
 6.010969e+00 8.165803e+00 1.215664e+01 2.994013e+01 3.217898e+01 2.307744e+01 3.180603e+01 3.283954e+01 3.929587e+01 4.175190e+01 5.064302e+01 3.999267e+01 1.630372e+00 2.805831e-01 2.345397e-01 4.377790e-01 6.539860e-01 9.460871e-01 1.149223e+00 1.117597e+00 1.167436e+00 1.062748e+00 1.126751e+00 1.174900e+00 1.081652e+00 3.866576e-02 2.951503e-02 3.210053e-02 5.485990e-02 9.272264e-02 1.106627e-01 1.426630e-01 1.414936e-01 1.724355e-01 1.676022e-01 1.683097e-01 1.727200e-01 1.574465e-01 3.019596e-03
<GCONST> 7.099934e+01
<TRANSP> 5
 0.000000e+00 1.000000e+00 0.000000e+00 0.000000e+00 0.000000e+00
 0.000000e+00 7.980714e-01 2.019286e-01 0.000000e+00 0.000000e+00
 0.000000e+00 0.000000e+00 7.622817e-01 2.377183e-01 0.000000e+00
 0.000000e+00 0.000000e+00 0.000000e+00 9.213864e-01 7.861368e-02
 0.000000e+00 0.000000e+00 0.000000e+00 0.000000e+00 0.000000e+00
<ENDHMM>
~h "nine"
<BEGINHMM>
<NUMSTATES> 5
<STATE> 2
<MEAN> 39
 -4.342296e+00 -4.124030e+00 -2.022568e+00 -8.975127e+00 -3.028289e+00 -6.294315e+00 -1.554177e+00 -1.119725e+01 -5.069218e+00 -8.224286e+00 -3.046509e+00 -7.932864e+00 1.755871e+01 -1.397460e-01 -6.457552e-01 -2.231965e-01 4.738697e-01 -4.833579e-01 1.834163e-01 3.820699e-01 -2.174979e-01 -4.685504e-02 -1.554825e-01 -1.835311e-01 -1.471134e-01 2.439687e-01 -4.409321e-02 -1.372093e-01 -7.224440e-02 1.169144e-01 1.143655e-02 -8.348960e-04 4.148301e-02 3.147737e-02 1.507268e-02 7.280911e-03 7.909437e-02 4.052596e-02 -9.890997e-03
<VARIANCE> 39
 8.873400e+00 1.954425e+01 1.489830e+01 1.643626e+01 2.862324e+01 2.889689e+01 3.171676e+01 2.750184e+01 4.636319e+01 3.506548e+01 3.076032e+01 3.266499e+01 2.269624e+00 5.297179e-01 1.585237e+00 1.138300e+00 1.077186e+00 1.138513e+00 1.422809e+00 1.634071e+00 1.277740e+00 1.530104e+00 1.147134e+00 1.230917e+00 1.018752e+00 3.841464e-02 6.404366e-02 1.778608e-01 1.343747e-01 1.374328e-01 2.123183e-01 2.202415e-01 2.456797e-01 1.861782e-01 2.024549e-01 1.632197e-01 1.734095e-01 1.440877e-01 4.936479e-03
<GCONST> 8.270136e+01
<STATE> 3
<MEAN> 39
 -6.350011e+00 -1.156791e+01 -4.809817e+00 -2.798018e+00 -5.708384e+00 -5.212601e+00 1.731401e+00 -1.136677e+01 -5.513001e+00 -8.968265e+00 -1.719139e+00 -7.646388e+00 1.860792e+01 -1.107130e-01 1.068495e-01 2.311984e-01 -2.542061e-01 -1.743050e-02 2.180387e-01 -1.148984e-01 -8.117758e-02 2.014278e-01 5.019638e-02 -6.004933e-02 4.920003e-02 -2.213944e-02 3.406244e-03 1.944450e-01 6.691269e-02 -2.370364e-01 4.707313e-02 5.707154e-02 -1.078056e-01 1.462232e-02 7.321623e-02 -1.260520e-02 -6.483100e-02 2.376487e-02 -1.475003e-02
<VARIANCE> 39
 7.305285e+00 8.589675e+00 2.446140e+01 3.252311e+01 1.898547e+01 3.075898e+01 3.099817e+01 3.393509e+01 4.400068e+01 4.173238e+01 2.858143e+01 3.079602e+01 1.012057e+00 8.441299e-02 3.991448e-01 4.109958e-01 1.154697e+00 5.079074e-01 6.272585e-01 5.712315e-01 5.188299e-01 6.593976e-01 6.741838e-01 6.841204e-01 5.463022e-01 4.912219e-03 1.145314e-02 3.029848e-02 4.174358e-02 5.644476e-02 7.337754e-02 7.450866e-02 7.449216e-02 8.207982e-02 8.365264e-02 8.760667e-02 7.992429e-02 7.965706e-02 4.028513e-04
<GCONST> 5.441197e+01
<STATE> 4
<MEAN> 39
 -5.323859e+00 -2.384472e+00 -1.348126e+00 -1.126223e+01 -1.215856e+00 -5.358850e+00 -3.586486e+00 -1.031095e+01 -3.426574e+00 -8.049162e+00 -2.752908e+00 -6.469759e+00 1.764830e+01 2.265003e-01 4.720711e-01 -1.456604e-02 -6.414692e-02 4.386860e-01 -2.516626e-01 -1.944208e-01 2.667206e-01 -1.388875e-01 7.431301e-02 2.251731e-01 1.043804e-01 -1.765913e-01 -2.829697e-02 -1.605949e-01 -8.506037e-02 1.377421e-01 -4.220799e-02 1.206952e-03 1.212929e-01 8.560062e-03 -5.291524e-02 4.417089e-02 7.097850e-02 -4.925493e-03 -1.928991e-02
<VARIANCE> 39
 1.179145e+01 1.557468e+01 1.130182e+01 2.321360e+01 3.108833e+01 3.239302e+01 2.992391e+01 2.973348e+01 4.641426e+01 3.798842e+01 3.669063e+01 4.025327e+01 1.228976e+00 5.055892e-01 1.189097e+00 6.363078e-01 1.612419e+00 1.284699e+00 1.527848e+00 1.504806e+00 1.271862e+00 1.652385e+00 1.192710e+00 1.128060e+00 1.080863e+00 2.583114e-02 6.993113e-02 8.488628e-02 9.042800e-02 1.787777e-01 1.770096e-01 2.420071e-01 1.808339e-01 2.008510e-01 2.422629e-01 1.945470e-01 1.776428e-01 1.488767e-01 2.380495e-03
<GCONST> 8.076022e+01
<TRANSP> 5
 0.000000e+00 1.000000e+00 0.000000e+00 0.000000e+00 0.000000e+00
 0.000000e+00 8.969814e-01 1.030187e-01 0.000000e+00 0.000000e+00
 0.000000e+00 0.000000e+00 9.165028e-01 8.349723e-02 0.000000e+00
 0.000000e+00 0.000000e+00 0.000000e+00 9.191657e-01 8.083424e-02
 0.000000e+00 0.000000e+00 0.000000e+00 0.000000e+00 0.000000e+00
<ENDHMM>
~h "five"
<BEGINHMM>
<NUMSTATES> 5
<STATE> 2
<MEAN> 39
 -3.993210e+00 -1.162285e+01 -1.033594e+01 -8.132240e+00 6.139942e-01 -8.353245e+00 3.492059e-01 -4.476683e+00 -5.427015e+00 -8.068974e+00 -1.996916e+00 -4.946601e+00 1.812388e+01 3.140957e-01 -1.175821e+00 -6.774466e-01 8.134879e-01 5.299138e-01 -6.105954e-01 3.463590e-01 3.484492e-01 -7.518328e-01 -1.800642e-01 -2.562936e-01 1.605881e-02 5.453453e-01 -2.015000e-01 4.819249e-02 2.015312e-01 8.026302e-02 -2.310984e-02 1.191492e-01 2.740841e-02 -2.201327e-01 4.871648e-02 1.515368e-01 1.748056e-01 5.225864e-02 -8.561806e-02
<VARIANCE> 39
 1.053566e+01 1.928634e+01 2.351197e+01 1.714003e+01 1.925673e+01 2.016264e+01 2.570638e+01 5.266088e+01 3.287352e+01 2.859817e+01 2.491889e+01 2.039975e+01 4.147471e+00 7.657183e-01 5.678270e-01 1.192832e+00 8.920909e-01 7.880082e-01 9.759356e-01 9.569672e-01 2.100068e+00 1.732616e+00 1.710432e+00 1.348591e+00 1.023498e+00 1.247149e-01 9.423221e-02 1.289110e-01 1.679929e-01 1.234283e-01 1.366067e-01 1.402630e-01 1.537610e-01 2.984508e-01 2.700496e-01 1.876609e-01 1.729600e-01 1.409485e-01 2.669079e-02
<GCONST> 8.401115e+01
<STATE> 3
<MEAN> 39
 -5.832568e+00 -1.542498e+01 -8.488568e+00 -3.719351e+00 1.378026e+00 -9.072360e+00 2.552768e+00 -7.560848e+00 -7.229397e+00 -5.383439e+00 -4.566849e-01 -4.512511e+00 1.903954e+01 -1.600095e-01 9.838932e-02 4.898018e-01 -2.831576e-01 -2.776015e-01 4.477292e-01 6.735034e-02 -3.918340e-01 3.620775e-02 2.921197e-01 4.812738e-02 -8.225902e-02 -4.961004e-02 4.117418e-02 1.158695e-01 9.271247e-03 -1.950846e-01 -5.462050e-02 8.834195e-02 -2.859838e-02 2.874511e-02 5.783318e-02 -5.297919e-02 -7.820853e-02 -1.769627e-02 -1.477152e-02
<VARIANCE> 39
 9.154796e+00 9.458579e+00 2.467834e+01 2.106926e+01 1.881427e+01 2.358500e+01 1.742364e+01 3.925290e+01 4.773124e+01 4.432050e+01 2.667744e+01 2.543155e+01 1.366551e+00 8.866848e-02 1.602487e-01 2.709781e-01 6.546308e-01 5.034259e-01 5.634143e-01 5.020150e-01 4.987545e-01 6.115100e-01 5.867470e-01 5.787084e-01 4.770383e-01 5.856151e-03 1.174593e-02 2.421275e-02 3.009975e-02 4.793777e-02 5.083991e-02 5.267036e-02 5.719059e-02 6.526729e-02 8.734365e-02 8.472340e-02 6.643289e-02 7.001651e-02 8.754026e-04
<GCONST> 4.988660e+01
<STATE> 4
<MEAN> 39
 -5.437743e+00 -8.261583e+00 -3.569245e+00 -1.346172e+01 -3.414785e+00 -3.611981e+00 1.285718e+00 -8.265741e+00 -3.993463e+00 -5.405497e+00 -1.988453e+00 -5.730858e+00 1.795487e+01 8.987769e-02 1.054493e+00 2.953808e-01 -2.854021e-01 -1.592484e-01 -8.567693e-02 -3.301321e-01 1.167366e-01 4.771453e-01 -1.465326e-01 5.160702e-02 9.091852e-03 -3.005101e-01 -5.975787e-02 -8.294813e-02 -9.752771e-02 2.743209e-01 1.547811e-01 -8.909887e-02 -1.726102e-02 -1.078501e-02 -4.961321e-02 9.725988e-03 9.514594e-02 5.313666e-02 -3.940798e-02
<VARIANCE> 39
 7.882381e+00 2.498833e+01 1.195699e+01 3.003964e+01 3.878629e+01 2.270856e+01 2.531891e+01 3.326230e+01 4.614141e+01 2.715757e+01 2.729469e+01 2.936604e+01 2.221857e+00 3.161071e-01 6.542097e-01 6.125153e-01 2.927133e+00 1.770577e+00 1.532793e+00 9.804716e-01 1.468909e+00 1.640089e+00 1.330314e+00 1.371253e+00 1.031046e+00 5.538509e-02 5.161815e-02 1.039140e-01 8.835616e-02 2.530735e-01 2.239528e-01 2.638395e-01 1.708896e-01 2.175310e-01 2.085440e-01 1.751065e-01 2.112425e-01 1.689762e-01 5.405108e-03
<GCONST> 8.257062e+01
<TRANSP> 5
 0.000000e+00 1.000000e+00 0.000000e+00 0.000000e+00 0.000000e+00
 0.000000e+00 8.412927e-01 1.587073e-01 0.000000e+00 0.000000e+00
 0.000000e+00 0.000000e+00 9.135055e-01 8.649451e-02 0.000000e+00
 0.000000e+00 0.000000e+00 0.000000e+00 8.861095e-01 1.138904e-01
 0.000000e+00 0.000000e+00 0.000000e+00 0.000000e+00 0.000000e+00
<ENDHMM>
~h "four"
<BEGINHMM>
<NUMSTATES> 5
<STATE> 2
<MEAN> 39
 -7.932709e-01 -4.622478e+00 -1.014413e+01 -1.391959e+01 -2.752556e+00 -7.212953e+00 -3.624649e+00 -8.901336e+00 -1.311673e+00 -4.613604e+00 -8.079563e-01 -7.014253e+00 1.779690e+01 1.352140e+00 4.859391e-01 -1.094876e+00 -1.085875e+00 -3.092587e-01 -1.431529e-01 -3.315685e-01 -8.609407e-02 9.110829e-02 2.879411e-01 -1.680405e-01 -4.618328e-01 5.902123e-01 -2.044382e-01 -7.222860e-02 1.039315e-01 7.089156e-02 2.524242e-02 1.347874e-01 1.433886e-01 4.755977e-02 -5.063657e-02 -3.764322e-02 9.192786e-02 1.179804e-01 -7.810491e-02
<VARIANCE> 39
 1.836481e+01 1.060807e+01 1.888174e+01 1.935053e+01 1.819085e+01 1.660343e+01 1.713349e+01 1.655384e+01 2.148536e+01 2.402846e+01 3.749495e+01 3.464542e+01 3.049206e+00 5.782229e-01 4.558390e-01 5.989109e-01 7.520599e-01 9.046636e-01 9.498072e-01 9.431835e-01 9.346200e-01 1.039148e+00 1.288838e+00 1.723919e+00 1.611375e+00 7.688270e-02 1.633137e-01 7.496278e-02 1.676605e-01 1.570033e-01 1.241180e-01 1.549024e-01 1.603049e-01 1.455502e-01 1.799248e-01 1.979289e-01 2.289355e-01 2.381567e-01 2.357169e-02
<GCONST> 7.933733e+01
<STATE> 3
<MEAN> 39
 1.610275e+00 -3.477947e+00 -1.222536e+01 -1.733235e+01 -4.195070e+00 -5.654593e+00 -2.788374e+00 -8.786009e+00 -1.297548e+00 -3.792923e+00 8.442330e-01 -6.429655e+00 1.900075e+01 -5.640706e-02 -4.688368e-01 -6.387307e-04 4.259969e-01 2.275517e-01 -4.088794e-02 -2.403403e-01 3.155377e-01 4.750274e-01 -4.312901e-02 -3.064683e-01 -1.068507e-01 -1.114696e-02 -7.719149e-02 -1.535615e-01 1.080032e-01 2.286771e-01 1.566038e-02 -1.169703e-01 -1.985277e-02 1.217684e-01 6.953278e-02 -9.546793e-02 -1.255554e-01 4.719877e-03 -2.970889e-02
<VARIANCE> 39
 3.848496e+00 1.071215e+01 8.699994e+00 1.383531e+01 2.584966e+01 1.605600e+01 1.918055e+01 1.753683e+01 2.455141e+01 2.492255e+01 3.597548e+01 3.595691e+01 1.100200e+00 6.398191e-02 6.129938e-01 3.968487e-01 7.785215e-01 8.647951e-01 7.658755e-01 9.063560e-01 9.928426e-01 1.364764e+00 1.134706e+00 1.253549e+00 1.046460e+00 1.201688e-02 1.874548e-02 3.646122e-02 8.591733e-02 7.230636e-02 1.467718e-01 1.186286e-01 1.478215e-01 1.351096e-01 1.840606e-01 1.880843e-01 1.738778e-01 1.631221e-01 2.880716e-03
<GCONST> 6.395794e+01
<STATE> 4
<MEAN> 39
 -8.999463e-01 -1.049578e+01 -6.712353e+00 -8.616039e+00 -5.522972e+00 -8.403303e+00 -2.027985e+00 -5.292162e+00 -3.313687e-01 -7.638950e+00 -3.596790e+00 -7.210764e+00 1.822960e+01 -6.346623e-01 1.787400e-01 1.009676e+00 4.029785e-01 -2.773656e-01 1.454785e-01 5.664484e-01 -2.703719e-01 -6.151562e-01 -2.626835e-01 2.204174e-01 2.974090e-01 -2.628705e-01 -7.610231e-02 2.199074e-01 -7.486495e-02 -1.848552e-01 1.403321e-01 1.744745e-01 1.114237e-02 -1.617814e-01 -9.164350e-02 1.096091e-01 1.583865e-01 3.324825e-02 -4.453900e-02
<VARIANCE> 39
 8.569112e+00 1.864205e+01 3.023559e+01 1.977153e+01 4.339192e+01 3.941322e+01 3.436272e+01 4.449366e+01 4.753357e+01 3.450500e+01 3.371466e+01 2.999165e+01 1.985307e+00 2.703688e-01 1.508969e+00 9.725816e-01 1.611358e+00 2.635576e+00 2.203621e+00 1.735743e+00 2.402063e+00 1.821721e+00 1.672967e+00 1.716971e+00 1.139953e+00 5.383963e-02 3.212387e-02 1.407054e-01 1.941727e-01 1.778746e-01 4.017153e-01 3.055500e-01 3.358451e-01 3.661802e-01 3.754923e-01 2.718112e-01 3.006762e-01 2.067794e-01 3.845674e-03
<GCONST> 9.095271e+01
<TRANSP> 5
 0.000000e+00 1.000000e+00 0.000000e+00 0.000000e+00 0.000000e+00
 0.000000e+00 7.968512e-01 2.031488e-01 0.000000e+00 0.000000e+00
 0.000000e+00 0.000000e+00 8.916480e-01 1.083520e-01 0.000000e+00
 0.000000e+00 0.000000e+00 0.000000e+00 8.875052e-01 1.124948e-01
 0.000000e+00 0.000000e+00 0.000000e+00 0.000000e+00 0.000000e+00
<ENDHMM>
~h "zero"
<BEGINHMM>
<NUMSTATES> 5
<STATE> 2
<MEAN> 39
 -6.057569e+00 1.046727e+00 -6.359261e-01 -1.510001e+01 -5.135251e+00 -9.386052e+00 -4.448959e+00 -8.401911e+00 -1.017765e+00 -3.791694e+00 1.585298e-01 -6.131252e+00 1.775922e+01 2.045482e-01 -1.140901e-01 7.048287e-01 -7.826740e-01 -8.933653e-01 -8.893083e-02 -2.186291e-01 8.850712e-02 3.641857e-01 2.968303e-02 9.643200e-03 -1.964024e-01 2.708063e-01 5.502027e-02 -2.822639e-01 -6.039347e-02 2.309352e-01 -9.949437e-02 2.153245e-01 1.530005e-01 1.955366e-02 5.813330e-03 -6.049948e-02 1.218330e-02 1.574029e-02 -4.557728e-02
<VARIANCE> 39
 7.436714e+00 1.399133e+01 1.872704e+01 3.644008e+01 4.126192e+01 3.442349e+01 3.135864e+01 3.797009e+01 3.467272e+01 3.196079e+01 3.321423e+01 4.807559e+01 2.331078e+00 4.067661e-01 1.754847e+00 8.411745e-01 1.680076e+00 1.602254e+00 2.814060e+00 1.361937e+00 1.485891e+00 1.406904e+00 1.256570e+00 1.198717e+00 1.435174e+00 8.235721e-02 5.897953e-02 1.165482e-01 1.380355e-01 2.602422e-01 1.918685e-01 3.277030e-01 2.365412e-01 2.402590e-01 2.284861e-01 1.867888e-01 1.822798e-01 2.310527e-01 9.086349e-03
<GCONST> 8.829351e+01
<STATE> 3
<MEAN> 39
 -2.216908e+00 -9.326505e+00 6.190305e-01 -1.122606e+01 -1.475140e+01 -6.343642e+00 5.062811e-01 -7.104949e+00 1.825843e-01 -4.620552e+00 5.000136e-02 -5.925010e+00 1.858573e+01 3.657254e-01 -1.022240e+00 -6.584449e-01 8.719013e-01 -2.905215e-02 -2.134893e-01 8.320740e-01 4.871684e-01 -1.591348e-01 -2.955617e-01 -1.532260e-01 1.425319e-01 1.351687e-02 -8.769327e-02 1.888691e-01 -1.358034e-01 -1.237714e-01 3.427604e-01 -1.126896e-01 -1.226708e-01 1.013823e-01 -5.581011e-02 -3.469735e-02 -3.996462e-02 1.559443e-02 -4.303914e-03
<VARIANCE> 39
 6.569463e+00 2.000108e+01 1.390983e+01 4.122964e+01 5.187741e+01 6.623479e+01 2.802780e+01 3.244987e+01 2.329801e+01 1.924615e+01 2.351038e+01 3.570603e+01 1.342221e+00 3.246807e-01 5.017556e-01 4.887417e-01 1.395272e+00 1.992298e+00 2.024237e+00 1.171691e+00 1.618019e+00 1.248611e+00 8.290323e-01 7.916946e-01 7.592688e-01 8.891483e-03 2.480732e-02 3.149536e-02 8.268252e-02 1.754349e-01 1.888168e-01 3.122555e-01 1.882170e-01 1.696167e-01 1.632887e-01 1.148987e-01 1.105018e-01 1.178476e-01 1.286475e-03
<GCONST> 7.299864e+01
<STATE> 4
<MEAN> 39
 -1.566301e+00 -9.140353e+00 -6.969111e+00 -9.890656e+00 -5.529176e+00 -8.848173e+00 -1.049995e+00 -3.636955e+00 -3.753581e-01 -7.683544e+00 -1.535812e+00 -6.098060e+00 1.825104e+01 -1.635543e-01 5.428343e-01 -1.415366e-01 -1.781377e-02 7.704706e-01 1.450610e-01 -3.122181e-01 -2.904766e-01 -9.886044e-02 3.498109e-02 6.952798e-02 -3.391648e-03 -1.793279e-01 -6.504945e-02 1.998992e-02 9.940289e-02 2.014742e-02 -5.360790e-02 9.081413e-02 4.643081e-02 -1.097556e-01 -2.879069e-02 5.838601e-02 4.655319e-02 1.826720e-02 -3.324020e-02
<VARIANCE> 39
 6.402897e+00 2.318048e+01 1.726962e+01 2.003887e+01 3.901051e+01 3.726928e+01 4.293596e+01 3.997317e+01 5.413326e+01 4.005633e+01 2.640997e+01 3.126407e+01 1.776108e+00 2.630227e-01 4.292477e-01 8.790925e-01 7.226934e-01 1.178235e+00 1.628251e+00 1.481546e+00 1.756367e+00 1.801437e+00 1.697102e+00 1.179938e+00 1.099562e+00 4.254006e-02 2.926761e-02 5.833639e-02 8.615090e-02 8.087105e-02 1.330734e-01 1.964553e-01 2.010234e-01 2.185994e-01 2.562892e-01 2.279821e-01 1.771198e-01 1.545526e-01 2.694689e-03
<GCONST> 7.895680e+01
<TRANSP> 5
 0.000000e+00 1.000000e+00 0.000000e+00 0.000000e+00 0.000000e+00
 0.000000e+00 8.957142e-01 1.042858e-01 0.000000e+00 0.000000e+00
 0.000000e+00 0.000000e+00 8.856285e-01 1.143716e-01 0.000000e+00
 0.000000e+00 0.000000e+00 0.000000e+00 9.214712e-01 7.852882e-02
 0.000000e+00 0.000000e+00 0.000000e+00 0.000000e+00 0.000000e+00
<ENDHMM>
