~o
<STREAMINFO> 1 39
<VECSIZE> 39<NULLD><MFCC_E_D_A><DIAGC>
~s "silst"
<MEAN> 39
 -5.103097e+00 -3.722940e+00 -3.235373e+00 -8.837266e+00 -1.267718e+00 -5.777063e+00 -1.833706e+00 -9.463981e+00 -3.493657e+00 -6.420688e+00 -3.727729e-01 -5.630717e+00 1.585016e+01 -6.662097e-01 -4.419582e-01 -4.552535e-01 1.621046e-01 3.050211e-01 7.034025e-01 3.750167e-01 1.073097e-01 1.454730e-01 1.491897e-01 3.360001e-01 3.758723e-01 -3.631355e-01 -2.464362e-02 -7.112442e-02 -1.073024e-01 -1.276087e-01 -9.498927e-02 -7.067675e-02 -1.527368e-04 7.339603e-02 3.692210e-02 9.360782e-03 -1.527565e-02 2.839205e-03 2.695195e-02
<VARIANCE> 39
 1.125400e+01 1.087990e+01 1.336069e+01 1.336135e+01 2.077913e+01 2.470213e+01 2.377770e+01 2.484526e+01 2.791806e+01 2.731150e+01 2.585571e+01 2.366034e+01 2.021211e+00 3.754167e-01 7.337482e-01 8.204728e-01 8.104556e-01 1.147797e+00 1.285469e+00 1.254215e+00 1.300652e+00 1.408453e+00 1.280997e+00 1.254009e+00 1.115769e+00 5.115672e-02 7.036242e-02 9.926305e-02 1.070965e-01 1.133783e-01 1.577196e-01 2.191848e-01 1.938337e-01 1.880434e-01 2.102974e-01 1.854462e-01 1.828397e-01 1.529669e-01 9.221134e-03
<GCONST> 7.762365e+01
~h "eight"
<BEGINHMM>
<NUMSTATES> 5
<STATE> 2
<MEAN> 39
 -8.239547e+00 -2.847843e+00 -5.898875e+00 -1.831586e+01 1.669638e-01 -4.977111e+00 8.541470e-01 -6.738903e+00 -1.569895e+00 -7.437238e+00 -1.721211e+00 -5.769999e+00 1.743120e+01 -1.658417e-01 1.033085e+00 -8.890998e-02 -1.038749e+00 -5.908158e-02 -6.148308e-01 7.640929e-02 4.600354e-01 3.889452e-01 1.121610e-02 -1.650101e-01 -2.358497e-01 3.250464e-01 2.923722e-02 8.522754e-02 7.565861e-03 1.443760e-01 -6.099016e-02 -1.919238e-01 -8.512130e-02 -2.611004e-02 2.223695e-02 9.443767e-02 1.141212e-01 2.664063e-03 -1.776285e-02
<VARIANCE> 39
 7.971676e+00 2.061623e+01 1.882064e+01 3.165630e+01 4.158972e+01 2.216145e+01 2.486723e+01 2.265817e+01 3.077683e+01 2.316191e+01 2.480716e+01 2.558347e+01 3.259447e+00 3.396833e-01 7.384301e-01 6.493831e-01 1.300021e+00 1.203221e+00 1.371124e+00 1.444927e+00 9.886806e-01 1.333199e+00 1.128084e+00 1.092868e+00 9.573462e-01 1.032112e-01 4.125445e-02 7.955705e-02 7.475441e-02 1.934194e-01 1.357187e-01 1.657692e-01 1.473310e-01 1.684573e-01 2.267555e-01 1.609769e-01 1.703285e-01 1.462527e-01 1.276755e-02
<GCONST> 7.921073e+01
<STATE> 3
<MEAN> 39
 -8.365869e+00 5.934904e+00 -5.450233e+00 -1.890998e+01 -2.908808e+00 -1.407930e+01 -1.847596e+00 -6.266001e+00 6.180737e-01 -3.949470e+00 8.733652e-01 -5.608386e+00 1.851548e+01 1.212714e-01 4.031040e-01 2.091240e-01 8.653695e-01 1.643620e-02 -8.251224e-01 -6.010235e-01 -8.449389e-01 -4.211237e-01 2.542085e-01 4.228896e-01 2.300346e-01 -8.908297e-02 5.072429e-02 -3.060692e-01 2.042413e-02 1.771372e-01 9.004192e-02 3.077778e-01 3.374380e-02 -1.308123e-01 -1.894822e-01 -1.507972e-01 -8.183371e-02 3.267751e-02 -6.447840e-02
<VARIANCE> 39
 9.897126e+00 1.135778e+01 2.471869e+01 2.733955e+01 2.031319e+01 2.311794e+01 5.647268e+01 2.814717e+01 3.119242e+01 2.236912e+01 3.278174e+01 2.543092e+01 1.495258e+00 1.903505e-01 6.025948e-01 2.687177e-01 6.281475e-01 8.033817e-01 1.097240e+00 7.482272e-01 8.062727e-01 1.733781e+00 1.068824e+00 1.203264e+00 8.633040e-01 2.863796e-02 2.832686e-02 7.674360e-02 5.020089e-02 1.015949e-01 8.216967e-02 1.602237e-01 1.436517e-01 1.441147e-01 1.765282e-01 1.415735e-01 1.841275e-01 1.398375e-01 3.521008e-03
<GCONST> 7.002525e+01
<STATE> 4
<MEAN> 39
 -6.857889e+00 3.727954e-01 -4.037420e+00 -1.188465e+01 -1.044157e+00 -1.105513e+01 -3.958228e+00 -1.165873e+01 -4.657247e+00 -5.880660e+00 7.723326e-01 -4.519522e+00 1.635257e+01 1.838379e-01 -1.919461e+00 -4.470641e-02 8.445050e-01 2.048155e-01 1.686723e+00 3.932233e-01 8.459838e-02 -2.470801e-01 -3.548663e-01 -1.153405e-01 9.859190e-02 -4.794717e-01 -8.495280e-02 -3.467222e-02 -1.074199e-01 -1.510332e-01 -6.066268e-02 8.811732e-02 1.821677e-01 2.664134e-01 2.242959e-01 8.703700e-02 3.576967e-02 -3.298444e-02 6.002022e-03
<VARIANCE> 39
 5.788951e+00 3.274098e+01 1.413264e+01 1.801185e+01 1.581804e+01 3.828115e+01 3.135628e+01 2.413260e+01 3.672668e+01 2.647950e+01 2.469941e+01 2.307463e+01 2.736755e+00 3.645253e-01 6.922596e-01 6.380085e-01 1.050184e+00 6.559590e-01 1.191330e+00 1.779505e+00 1.456787e+00 2.075607e+00 1.223932e+00 1.390617e+00 1.146438e+00 3.481542e-02 4.096429e-02 2.556484e-01 6.948931e-02 1.161394e-01 9.484549e-02 3.287307e-01 1.861558e-01 1.993486e-01 2.845269e-01 1.707570e-01 1.967916e-01 1.929677e-01 1.069295e-02
<GCONST> 7.972426e+01
<TRANSP> 5
 0.000000e+00 1.000000e+00 0.000000e+00 0.000000e+00 0.000000e+00
 0.000000e+00 8.708425e-01 1.291575e-01 0.000000e+00 0.000000e+00
 0.000000e+00 0.000000e+00 8.600875e-01 1.399125e-01 0.000000e+00
 0.000000e+00 0.000000e+00 0.000000e+00 8.153853e-01 1.846147e-01
 0.000000e+00 0.000000e+00 0.000000e+00 0.000000e+00 0.000000e+00
<ENDHMM>
~h "oh"
<BEGINHMM>
<NUMSTATES> 5
<STATE> 2
<MEAN> 39
 -4.363146e+00 -1.036618e+01 -8.354739e+00 -8.616444e+00 -2.645080e+00 -7.679838e+00 3.578711e+00 -7.332857e+00 -5.225613e+00 -7.120256e+00 -2.429428e+00 -5.412988e+00 1.781883e+01 5.464241e-01 -2.058715e-01 -6.072661e-01 1.644494e-01 8.781893e-02 -7.004095e-01 1.372709e-01 7.332163e-01 -1.556487e-02 -4.325394e-01 -4.156530e-01 -1.510994e-01 3.542042e-01 9.987495e-03 1.025084e-01 1.489506e-03 -5.050450e-02 3.651385e-02 -1.248797e-02 -1.508992e-01 6.667985e-03 1.337920e-01 2.626726e-02 -1.086910e-02 -2.826837e-02 -2.118138e-02
<VARIANCE> 39
 8.752106e+00 1.232670e+01 1.649474e+01 1.806442e+01 2.296380e+01 2.451608e+01 3.059756e+01 6.445679e+01 3.811726e+01 3.387754e+01 2.706615e+01 3.145540e+01 3.027975e+00 2.985614e-01 5.804446e-01 6.326558e-01 6.421430e-01 6.860358e-01 9.281256e-01 1.329926e+00 1.793208e+00 1.561302e+00 1.264707e+00 1.246810e+00 1.056651e+00 9.515674e-02 4.001298e-02 6.320621e-02 7.498249e-02 7.950915e-02 9.159193e-02 1.291170e-01 1.559277e-01 2.157710e-01 1.871171e-01 1.973816e-01 1.844171e-01 1.405896e-01 1.344007e-02
<GCONST> 7.716936e+01
<STATE> 3
<MEAN> 39
 -5.516851e-01 -8.214621e+00 -1.324629e+01 -9.968035e+00 -6.983642e-01 -1.211751e+01 -8.699186e-01 -6.620602e-01 1.394434e-01 -8.221975e+00 -5.135357e+00 -6.559519e+00 1.904311e+01 2.217270e-01 4.054487e-01 -2.318824e-02 -3.494952e-01 -3.696954e-02 -2.891326e-04 -6.831558e-01 -2.561668e-01 6.677133e-01 6.047480e-01 -3.020677e-02 -3.590925e-01 -9.843068e-03 -4.145498e-02 2.438944e-02 1.026302e-01 -2.129376e-02 -5.814912e-02 9.460231e-02 1.425929e-02 -1.589703e-01 -8.226529e-02 9.259771e-02 1.229974e-01 1.061102e-02 -2.540376e-02
<VARIANCE> 39
 6.111534e+00 8.425312e+00 1.495590e+01 1.471383e+01 1.916422e+01 2.198655e+01 4.186292e+01 2.888218e+01 3.923546e+01 3.595421e+01 3.207359e+01 4.009885e+01 1.218163e+00 8.094259e-02 1.378178e-01 2.639782e-01 2.770739e-01 3.867912e-01 5.147963e-01 7.194154e-01 1.014702e+00 7.306001e-01 8.502249e-01 7.970695e-01 6.955234e-01 1.329250e-02 1.119143e-02 1.429801e-02 3.331684e-02 3.317054e-02 4.672958e-02 6.842813e-02 7.810737e-02 9.581807e-02 1.058721e-01 1.010732e-01 9.220435e-02 8.873566e-02 1.205807e-03
<GCONST> 5.208358e+01
<STATE> 4
<MEAN> 39
 1.769851e-01 -3.734055e+00 -9.887385e+00 -1.348454e+01 -3.354616e+00 -1.006875e+01 -4.932611e+00 -7.395699e+00 1.006781e+00 -2.359132e+00 -1.468756e-01 -6.979281e+00 1.844545e+01 -3.537573e-01 2.843321e-01 8.545645e-01 1.585155e-01 -2.144208e-01 3.746324e-01 2.170789e-01 -5.677561e-01 -5.880376e-01 -1.108357e-01 5.050145e-01 4.154232e-01 -2.328598e-01 -1.318918e-01 -1.064984e-01 5.019064e-02 1.418534e-01 1.089123e-01 8.506916e-02 1.851639e-01 8.638440e-02 -1.033120e-01 -1.819429e-01 -7.905913e-02 7.847688e-02 -4.459813e-02
<VARIANCE> 39
 6.287703e+00 7.058004e+00 1.864402e+01 1.563636e+01 1.893513e+01 2.848461e+01 3.124897e+01 2.747624e+01 3.064459e+01 3.704103e+01 3.943486e+01 3.659059e+01 1.758240e+00 2.402233e-01 3.575445e-01 4.243213e-01 5.899793e-01 6.924614e-01 8.767032e-01 1.174671e+00 1.229858e+00 1.197933e+00 1.297667e+00 1.202239e+00 1.026344e+00 3.085500e-02 2.299626e-02 3.315724e-02 6.561773e-02 6.556941e-02 9.801390e-02 1.575249e-01 1.652153e-01 1.871783e-01 2.028031e-01 1.909503e-01 1.709214e-01 1.637134e-01 2.736429e-03
<GCONST> 6.926307e+01
<TRANSP> 5
 0.000000e+00 1.000000e+00 0.000000e+00 0.000000e+00 0.000000e+00
 0.000000e+00 8.828276e-01 1.171724e-01 0.000000e+00 0.000000e+00
 0.000000e+00 0.000000e+00 8.915627e-01 1.084373e-01 0.000000e+00
 0.000000e+00 0.000000e+00 0.000000e+00 8.561277e-01 1.438723e-01
 0.000000e+00 0.000000e+00 0.000000e+00 0.000000e+00 0.000000e+00
<ENDHMM>
~h "sp"
<BEGINHMM>
<NUMSTATES> 5
<STATE> 2
~s "silst"
<STATE> 3
<MEAN> 39
 -7.703782e+00 -6.478765e+00 -6.097187e+00 -9.712257e+00 -1.333431e+00 -4.074492e+00 -6.298081e-01 -8.571777e+00 -2.836733e+00 -5.611946e+00 9.594116e-01 -4.091245e+00 1.480088e+01 -9.895374e-02 -1.804809e-02 -1.131487e-01 -5.711976e-03 -2.985350e-02 2.978388e-02 -7.304761e-03 3.502033e-02 1.900929e-03 2.051552e-02 3.542031e-02 4.035091e-02 -1.358169e-02 6.087947e-02 8.238719e-02 6.121675e-02 -1.095246e-02 -9.266221e-03 -5.645010e-02 -4.144188e-02 -1.827039e-02 -9.119601e-03 -1.621622e-02 -3.334979e-02 -3.215625e-02 4.411381e-02
<VARIANCE> 39
 5.192410e+00 5.795782e+00 8.352687e+00 9.996761e+00 1.421299e+01 1.532742e+01 1.543781e+01 1.657191e+01 1.762004e+01 1.632288e+01 1.592271e+01 1.370965e+01 1.091979e+00 1.554491e-01 2.328007e-01 3.564992e-01 4.277542e-01 5.670112e-01 6.771016e-01 6.508722e-01 7.183284e-01 7.392801e-01 6.606719e-01 6.499495e-01 5.697654e-01 7.318855e-03 3.293046e-02 5.292595e-02 7.079621e-02 9.024756e-02 1.137338e-01 1.429804e-01 1.319221e-01 1.437648e-01 1.467260e-01 1.250821e-01 1.239369e-01 1.144101e-01 4.091640e-03
<GCONST> 5.478351e+01
<STATE> 4
<MEAN> 39
 -8.573190e+00 -4.920909e+00 -6.303076e+00 -8.977652e+00 -2.040795e+00 -3.786444e+00 -1.076253e+00 -8.408255e+00 -2.903757e+00 -5.463369e+00 6.404611e-01 -4.046015e+00 1.505240e+01 2.608777e-01 1.858805e-01 9.033898e-02 -1.319658e-01 -1.717190e-01 -2.880613e-01 -8.203693e-02 7.340790e-02 -3.770480e-02 -5.115373e-02 -2.007027e-01 -7.602978e-02 2.136014e-01 2.163683e-01 5.880678e-03 6.264062e-02 -1.488429e-01 -1.243967e-01 -2.108531e-01 -8.389440e-03 1.755883e-02 6.849507e-03 -2.630750e-03 -1.010234e-01 -8.298367e-02 1.093811e-01
<VARIANCE> 39
 1.201570e+01 1.157395e+01 1.729706e+01 1.577653e+01 1.934595e+01 1.881619e+01 1.807043e+01 2.024931e+01 2.111609e+01 1.987005e+01 1.872325e+01 1.699773e+01 1.496462e+00 5.814891e-01 5.295318e-01 7.305290e-01 7.872791e-01 9.441748e-01 9.829268e-01 8.472307e-01 1.174885e+00 1.038166e+00 9.200748e-01 9.416152e-01 7.585962e-01 5.218372e-02 7.104862e-02 1.104368e-01 1.692653e-01 1.462372e-01 1.983127e-01 1.913524e-01 1.670527e-01 2.248289e-01 2.034910e-01 1.788841e-01 1.805842e-01 1.543724e-01 9.462776e-03
<GCONST> 7.442699e+01
<TRANSP> 5
 0.000000e+00 8.124638e-01 1.875362e-01 0.000000e+00 0.000000e+00
 0.000000e+00 7.946045e-01 2.053955e-01 0.000000e+00 0.000000e+00
 0.000000e+00 0.000000e+00 8.494065e-01 1.505934e-01 0.000000e+00
 0.000000e+00 0.000000e+00 0.000000e+00 5.792684e-01 4.207316e-01
 0.000000e+00 0.000000e+00 0.000000e+00 0.000000e+00 0.000000e+00
<ENDHMM>
~h "seven"
<BEGINHMM>
<NUMSTATES> 5
<STATE> 2
<MEAN> 39
 -7.618103e+00 -4.397644e+00 -6.043064e+00 -9.640512e+00 -3.577901e+00 -4.819748e+00 -5.679768e-01 -8.180831e+00 -2.406938e+00 -4.343987e+00 -4.028332e-01 -3.876710e+00 1.548761e+01 8.764508e-01 1.119351e-01 7.073922e-01 -1.379289e+00 -1.100334e+00 -8.622100e-01 9.461892e-01 -1.042860e-01 3.591140e-01 2.280724e-02 -7.777447e-01 -6.852916e-01 6.781985e-01 2.206538e-02 -1.095017e-01 -5.956616e-02 -2.568183e-01 -1.805364e-01 7.733840e-02 2.541433e-01 6.167961e-02 -1.056125e-02 -1.385706e-01 -1.692518e-01 -1.546337e-01 1.324725e-01
<VARIANCE> 39
 9.702736e+00 6.320138e+00 1.247060e+01 1.215155e+01 1.963343e+01 2.161588e+01 1.807431e+01 1.872661e+01 1.821250e+01 2.584487e+01 1.776906e+01 1.613510e+01 2.318408e+00 4.587427e-01 4.358491e-01 6.439647e-01 9.567991e-01 1.280893e+00 1.613356e+00 1.339661e+00 1.209216e+00 1.222364e+00 2.338475e+00 1.087288e+00 1.191168e+00 7.382432e-02 8.214844e-02 5.433086e-02 9.868256e-02 1.220669e-01 2.167446e-01 2.123907e-01 1.565350e-01 1.550801e-01 1.622674e-01 1.969355e-01 1.396312e-01 1.853452e-01 1.133136e-02
<GCONST> 7.495454e+01
<STATE> 3
<MEAN> 39
 -5.751779e+00 -7.472376e+00 -5.359251e+00 -1.620641e+01 -6.161424e+00 -4.389346e+00 5.026989e+00 -8.667315e+00 -2.704925e+00 -7.103682e+00 -4.198117e+00 -6.591202e+00 1.904328e+01 1.335134e-01 -3.010013e-01 7.019930e-02 1.450144e-01 3.668451e-02 -3.189102e-02 1.916350e-01 2.611429e-01 -3.438455e-01 -4.420365e-02 -3.237111e-03 -4.843126e-02 8.233722e-02 -2.130035e-02 1.009869e-01 3.637205e-02 3.163587e-01 1.454871e-01 -7.281390e-02 -2.814887e-01 4.867827e-02 -1.805866e-02 3.645069e-02 2.021093e-01 6.507266e-02 -1.359019e-01
<VARIANCE> 39
 9.502116e+00 1.195551e+01 8.995789e+00 1.773197e+01 4.806203e+01 3.854070e+01 3.172258e+01 3.884094e+01 4.854699e+01 5.840783e+01 3.327059e+01 3.283132e+01 1.194089e+00 3.971591e-01 5.738224e-01 4.492960e-01 1.328134e+00 1.496159e+00 1.583646e+00 1.630258e+00 1.054117e+00 1.281375e+00 1.724257e+00 1.747931e+00 1.234926e+00 1.773132e-01 8.157326e-02 8.598224e-02 8.961122e-02 1.106618e-01 2.645293e-01 2.647674e-01 1.733418e-01 1.623497e-01 2.079093e-01 2.427469e-01 2.314626e-01 1.899066e-01 5.545938e-03
<GCONST> 8.337920e+01
<STATE> 4
<MEAN> 39
 -3.253983e+00 -4.141880e+00 -2.039177e+00 -9.796826e+00 -3.962176e+00 -7.905450e+00 -4.619002e-01 -7.894124e+00 -3.876537e+00 -6.626945e+00 -1.620442e+00 -6.937408e+00 1.713589e+01 1.046716e-01 3.669105e-01 2.294785e-01 2.344381e-01 3.759290e-01 -3.187662e-02 -4.244685e-01 -3.488776e-01 3.136224e-02 -6.984831e-02 8.078967e-02 -1.525750e-02 -8.790252e-02 -3.996275e-02 -5.783739e-02 -5.432120e-02 -7.357990e-02 1.760492e-03 1.090774e-01 9.054010e-02 -4.297842e-02 -7.344804e-04 -5.437916e-04 -4.314144e-02 3.105753e-02 1.949945e-02
<VARIANCE> 39
 4.901289e+00 1.044705e+01 1.001688e+01 1.375724e+01 2.822084e+01 3.243660e+01 2.625099e+01 4.097433e+01 3.228975e+01 3.542810e+01 3.233802e+01 2.885783e+01 1.688017e+00 1.922218e-01 4.145948e-01 4.781866e-01 9.044954e-01 1.392076e+00 1.173660e+00 1.647693e+00 1.271472e+00 1.389490e+00 1.388619e+00 1.264134e+00 9.334124e-01 8.926550e-02 3.490461e-02 7.892898e-02 8.609729e-02 1.530112e-01 2.482010e-01 2.055079e-01 2.862003e-01 2.265968e-01 2.301391e-01 2.387762e-01 2.141519e-01 1.482763e-01 1.490524e-02
<GCONST> 7.852027e+01
<TRANSP> 5
 0.000000e+00 1.000000e+00 0.000000e+00 0.000000e+00 0.000000e+00
 0.000000e+00 7.199760e-01 2.800240e-01 0.000000e+00 0.000000e+00
 0.000000e+00 0.000000e+00 8.923403e-01 1.076596e-01 0.000000e+00
 0.000000e+00 0.000000e+00 0.000000e+00 9.308568e-01 6.914325e-02
 0.000000e+00 0.000000e+00 0.000000e+00 0.000000e+00 0.000000e+00
<ENDHMM>
~h "three"
<BEGINHMM>
<NUMSTATES> 5
<STATE> 2
<MEAN> 39
 -3.261983e+00 -6.792945e+00 -7.284458e-01 -8.906824e+00 -9.574193e+00 -1.096580e+01 -1.370141e+00 -8.555484e+00 -2.015538e+00 -5.245886e+00 -2.795169e-01 -5.252469e+00 1.724171e+01 5.813460e-01 -2.118082e-01 9.393504e-01 -1.066411e-01 -1.697139e+00 -2.929551e-01 -1.629127e-01 -2.328955e-01 3.549989e-01 1.069016e-01 -5.599890e-02 -2.433536e-01 3.892868e-01 -1.616930e-01 8.315387e-02 3.039215e-02 -2.745715e-01 1.298671e-01 3.196359e-01 -1.234579e-01 -1.692761e-02 1.042202e-01 -9.207882e-04 4.873092e-02 4.867996e-03 -2.479967e-02
<VARIANCE> 39
 1.242057e+01 1.249287e+01 1.583101e+01 2.959675e+01 4.992154e+01 4.921576e+01 2.318167e+01 2.504503e+01 2.798360e+01 2.566711e+01 3.220261e+01 3.119622e+01 2.802323e+00 7.074599e-01 6.262274e-01 8.059031e-01 1.797006e+00 1.829994e+00 3.162353e+00 1.343589e+00 1.536152e+00 1.262985e+00 1.100397e+00 1.397343e+00 1.304057e+00 5.801389e-02 1.205005e-01 1.415332e-01 1.307068e-01 3.147929e-01 4.315680e-01 4.403925e-01 2.754054e-01 2.325822e-01 1.922157e-01 1.835816e-01 1.995411e-01 1.979082e-01 1.049079e-02
<GCONST> 8.887669e+01
<STATE> 3
<MEAN> 39
 -4.416600e+00 -4.880049e+00 5.696043e+00 -1.761393e+01 -1.419860e+01 -4.134573e+00 -7.268130e+00 -9.612529e+00 2.280398e+00 -5.506779e+00 1.098409e+00 -5.889778e+00 1.869520e+01 -8.775665e-01 1.684536e+00 4.192116e-02 -2.039614e+00 2.044358e+00 3.868157e-01 -1.707056e+00 8.279036e-01 -1.340274e-01 -2.746137e-01 1.639366e-01 -2.104622e-02 7.553188e-03 -1.777227e-02 2.314784e-01 -4.772915e-01 3.747226e-01 6.024946e-01 -6.671488e-01 2.540183e-01 1.797619e-01 -4.047734e-01 3.048011e-02 -4.644461e-02 4.967893e-02 -6.024252e-02
<VARIANCE> 39
 7.405786e+00 2.145026e+01 1.132336e+01 3.765210e+01 5.457492e+01 3.047809e+01 4.827502e+01 5.948979e+01 2.321301e+01 2.813721e+01 4.051565e+01 3.015909e+01 1.269364e+00 2.585102e-01 7.158119e-01 1.034168e+00 1.401897e+00 1.950965e+00 3.616156e+00 1.509589e+00 1.593848e+00 1.475537e+00 9.591111e-01 7.557259e-01 8.513662e-01 2.194680e-02 5.485231e-02 1.275065e-01 9.100074e-02 3.185241e-01 4.292825e-01 2.588512e-01 4.871653e-01 3.294228e-01 1.445332e-01 1.568157e-01 1.400879e-01 1.103199e-01 2.350178e-03
<GCONST> 8.307100e+01
<STATE> 4
<MEAN> 39
 -6.816523e+00 3.935802e+00 -1.319313e+00 -1.686405e+01 -1.527373e+00 -1.224352e+01 -5.929871e+00 -7.865264e+00 -3.324615e+00 -5.029812e+00 -1.334503e-01 -6.255166e+00 1.792731e+01 1.027031e-01 5.227476e-02 -6.264113e-01 9.178564e-01 5.763072e-01 -2.671570e-01 6.938332e-01 -3.118646e-01 -3.802077e-01 2.937675e-03 -2.021481e-01 3.836724e-04 -1.738456e-01 7.939860e-02 -3.187718e-01 7.548786e-02 1.342772e-01 -2.550345e-01 2.804685e-01 8.934365e-02 -6.768101e-02 1.314779e-01 -2.396255e-02 1.258441e-02 1.205461e-02 -2.664697e-02
<VARIANCE> 39
 7.409128e+00 1.592930e+01 1.747994e+01 3.119420e+01 2.367380e+01 2.684610e+01 4.866747e+01 4.665111e+01 3.215421e+01 4.004585e+01 4.057902e+01 3.640439e+01 1.606694e+00 2.428594e-01 1.495449e+00 6.570743e-01 8.704898e-01 1.480557e+00 2.223812e+00 1.281387e+00 1.517474e+00 1.257562e+00 1.190049e+00 8.140302e-01 8.348181e-01 2.414092e-02 3.794042e-02 9.234501e-02 7.695016e-02 1.859564e-01 1.803943e-01 1.832849e-01 2.476133e-01 2.376426e-01 1.707537e-01 1.611556e-01 1.313274e-01 1.287452e-01 2.565073e-03
<GCONST> 7.866073e+01
<TRANSP> 5
 0.000000e+00 1.000000e+00 0.000000e+00 0.000000e+00 0.000000e+00
 0.000000e+00 8.725499e-01 1.274501e-01 0.000000e+00 0.000000e+00
 0.000000e+00 0.000000e+00 7.825015e-01 2.174985e-01 0.000000e+00
 0.000000e+00 0.000000e+00 0.000000e+00 8.956600e-01 1.043399e-01
 0.000000e+00 0.000000e+00 0.000000e+00 0.000000e+00 0.000000e+00
<ENDHMM>
~h "one"
<BEGINHMM>
<NUMSTATES> 5
<STATE> 2
<MEAN> 39
 -5.864950e-01 -3.786877e+00 -9.266850e+00 -1.280646e+01 -1.652806e+00 -5.565835e+00 -2.023006e+00 -8.864439e+00 -2.704431e+00 -6.728561e+00 -1.541459e+00 -7.282791e+00 1.773744e+01 2.788873e-01 -4.025183e-01 -8.678839e-01 4.560070e-01 4.847584e-01 3.694520e-02 -2.919190e-01 2.271452e-01 2.017540e-01 -3.074178e-01 -3.896500e-01 -2.708482e-01 2.376398e-01 -1.177901e-01 -1.450262e-01 5.390044e-02 2.632413e-01 6.980601e-03 -1.159417e-01 -1.409523e-02 9.331343e-02 -1.147978e-02 -9.028921e-02 1.117440e-02 8.232949e-02 -2.064461e-02
<VARIANCE> 39
 7.684052e+00 9.279818e+00 2.887753e+01 2.285743e+01 2.884828e+01 2.530195e+01 2.282201e+01 2.062128e+01 2.825776e+01 2.392265e+01 2.966168e+01 2.874274e+01 2.289318e+00 4.575794e-01 8.007621e-01 8.760136e-01 2.243993e+00 1.371539e+00 1.443138e+00 1.265938e+00 1.066288e+00 1.134846e+00 1.022767e+00 1.095518e+00 1.044485e+00 4.806804e-02 4.523962e-02 6.174499e-02 1.906898e-01 2.175058e-01 2.624408e-01 2.518822e-01 2.368065e-01 1.809279e-01 2.007090e-01 1.694439e-01 1.889003e-01 1.838879e-01 5.046466e-03
<GCONST> 8.021946e+01
<STATE> 3
<MEAN> 39
 -2.385030e+00 -1.071679e+01 -1.086251e+01 -1.683759e+00 -4.950055e-01 -9.488848e+00 -2.394793e+00 -4.235438e+00 -3.575859e+00 -1.170970e+01 -2.360219e+00 -6.070275e+00 1.853720e+01 -6.077272e-01 -3.656793e-01 1.343773e+00 5.562175e-01 -1.352807e+00 -3.144156e-01 1.190772e+00 -1.026783e-01 -9.186706e-01 -8.116879e-02 5.822664e-01 1.134294e-01 -4.982467e-02 2.501280e-02 3.146691e-01 2.487368e-01 -5.820752e-01 -1.279316e-01 3.756463e-01 8.510041e-02 -4.354895e-01 4.761288e-03 3.775744e-01 4.078564e-02 -1.748030e-01 -2.977920e-02
<VARIANCE> 39
 6.177014e+00 9.638924e+00 1.873966e+01 2.370151e+01 2.722282e+01 1.741106e+01 3.791645e+01 3.159262e+01 4.647407e+01 3.759948e+01 3.388973e+01 3.333620e+01 1.544733e+00 1.547309e-01 5.209040e-01 6.055011e-01 1.849027e+00 7.368382e-01 1.728284e+00 1.006680e+00 2.256667e+00 1.173362e+00 1.871951e+00 1.030683e+00 1.294030e+00 8.515709e-03 2.387603e-02 5.257582e-02 1.012203e-01 1.222953e-01 2.884581e-01 1.530497e-01 3.800520e-01 1.788896e-01 3.371238e-01 2.017037e-01 2.674955e-01 1.688720e-01 8.590370e-04
<GCONST> 7.527998e+01
<STATE> 4
<MEAN> 39
 -4.096367e+00 -5.404597e+00 -1.625999e+00 -8.780089e+00 -3.975568e+00 -5.843408e+00 -1.732052e+00 -1.199572e+01 -4.591247e+00 -8.694418e+00 -2.609839e+00 -8.331655e+00 1.778183e+01 1.513398e-01 9.409201e-01 5.954055e-01 -7.029265e-01 4.277975e-01 -6.435882e-02 -6.072742e-01 -4.338443e-01 8.903821e-02 2.268137e-01 -1.725831e-01 5.520057e-02 -1.265119e-01 4.206672e-02 -6.986623e-02 -2.113846e-01 1.676190e-01 1.520849e-01 -6.640699e-02 -6.042618e-02 1.648447e-01 9.554971e-03 -1.137724e-01 1.243572e-02 7.385669e-02 -5.389156e-03
<VARIANCE> 39
 6.868773e+00 2.322058e+01 1.096282e+01 2.103456e+01 1.971229e+01 4.635353e+01 3.586650e+01 3.523887e+01 4.131031e+01 4.572987e+01 3.316098e+01 3.746515e+01 1.303665e+00 2.727145e-01 6.565107e-01 8.147586e-01 1.210539e+00 9.024801e-01 1.950294e+00 1.160962e+00 1.424935e+00 1.597794e+00 1.524600e+00 9.353448e-01 9.523017e-01 1.265013e-02 4.837574e-02 1.186510e-01 8.252110e-02 1.313616e-01 1.997211e-01 3.088400e-01 2.696786e-01 1.842573e-01 2.271170e-01 2.238566e-01 1.661167e-01 1.663592e-01 1.606300e-03
<GCONST> 7.834851e+01
<TRANSP> 5
 0.000000e+00 1.000000e+00 0.000000e+00 0.000000e+00 0.000000e+00
 0.000000e+00 8.986617e-01 1.013383e-01 0.000000e+00 0.000000e+00
 0.000000e+00 0.000000e+00 8.259553e-01 1.740447e-01 0.000000e+00
 0.000000e+00 0.000000e+00 0.000000e+00 8.863803e-01 1.136197e-01
 0.000000e+00 0.000000e+00 0.000000e+00 0.000000e+00 0.000000e+00
<ENDHMM>
~h "sil"
<BEGINHMM>
<NUMSTATES> 5
<STATE> 2
<MEAN> 39
 -6.785357e+00 -6.725821e+00 -5.094794e+00 -9.041036e+00 6.266648e-02 -3.315845e+00 1.789714e-01 -8.551421e+00 -2.607847e+00 -5.739315e+00 5.762070e-01 -4.312045e+00 1.462134e+01 -4.066088e-02 -4.175683e-03 -7.573697e-03 3.083501e-02 4.090177e-02 2.653462e-02 5.093633e-02 5.523741e-03 -1.811851e-02 7.257074e-03 1.230919e-02 8.055778e-03 -1.306803e-02 -2.631193e-02 -3.414899e-02 -7.539762e-02 -1.148588e-01 -1.274695e-01 -1.246128e-01 -6.255341e-02 -8.913798e-03 -2.368474e-02 8.630682e-03 3.673793e-02 3.130348e-02 1.873965e-03
<VARIANCE> 39
 3.721241e+00 4.419100e+00 6.112093e+00 7.584216e+00 1.182499e+01 1.365577e+01 1.480113e+01 1.642459e+01 1.582417e+01 1.378931e+01 1.588822e+01 1.314723e+01 1.167378e+00 8.105242e-02 1.612806e-01 2.748278e-01 3.756056e-01 4.962651e-01 6.598756e-01 6.862372e-01 7.197421e-01 6.992239e-01 5.802377e-01 6.389903e-01 5.617474e-01 5.245843e-03 1.119739e-02 2.435407e-02 4.088423e-02 4.978111e-02 6.939277e-02 1.004911e-01 1.069355e-01 1.316230e-01 1.121667e-01 9.255657e-02 1.054755e-01 9.839483e-02 6.484581e-04
<GCONST> 4.405663e+01
<STATE> 3
~s "silst"
<STATE> 4
<MEAN> 39
 -7.559747e+00 -7.338119e+00 -6.560939e+00 -1.115995e+01 -2.162236e+00 -5.379706e+00 -9.512469e-01 -8.626060e+00 -2.707689e+00 -5.440220e+00 1.403160e+00 -3.856500e+00 1.448543e+01 -2.157155e-03 8.279218e-03 -2.182253e-02 -2.268133e-02 -4.960762e-02 -1.814658e-02 -5.776419e-02 -7.693079e-03 -3.687264e-03 -6.813915e-03 -1.511311e-02 -1.402444e-02 -1.613296e-04 3.562769e-02 5.470975e-02 9.024890e-02 1.231093e-01 1.307561e-01 1.246889e-01 5.768745e-02 1.502373e-02 2.604682e-02 -1.465730e-02 -5.178090e-02 -3.852660e-02 8.109347e-03
<VARIANCE> 39
 3.473559e+00 4.091507e+00 6.379090e+00 7.737446e+00 1.126475e+01 1.251333e+01 1.490698e+01 1.584619e+01 1.755987e+01 1.523533e+01 1.512341e+01 1.335452e+01 1.002470e+00 7.441386e-02 1.652326e-01 2.834288e-01 4.128754e-01 5.035599e-01 6.723753e-01 5.937925e-01 7.353072e-01 7.040318e-01 6.010497e-01 6.941606e-01 6.127208e-01 3.134676e-03 1.389937e-02 2.850898e-02 4.203423e-02 5.621668e-02 7.222269e-02 1.074815e-01 1.043533e-01 1.267784e-01 1.318708e-01 1.049911e-01 1.170681e-01 1.103204e-01 1.027475e-03
<GCONST> 4.503289e+01
<TRANSP> 5
 0.000000e+00 1.000000e+00 0.000000e+00 0.000000e+00 0.000000e+00
 0.000000e+00 7.594648e-01 2.459913e-02 2.159361e-01 0.000000e+00
 0.000000e+00 0.000000e+00 8.283883e-01 1.716117e-01 0.000000e+00
 0.000000e+00 1.817208e-01 0.000000e+00 7.511377e-01 6.714159e-02
 0.000000e+00 0.000000e+00 0.000000e+00 0.000000e+00 0.000000e+00
<ENDHMM>
~h "six"
<BEGINHMM>
<NUMSTATES> 5
<STATE> 2
<MEAN> 39
 -8.697494e+00 -4.269923e+00 -7.012002e+00 -8.718194e+00 -3.078532e+00 -4.207468e+00 -1.955588e+00 -8.227265e+00 -3.556472e+00 -4.022358e+00 1.276685e-01 -3.139820e+00 1.494411e+01 6.767973e-01 6.755871e-01 1.196011e+00 -1.370514e+00 -1.148845e+00 -1.204433e+00 3.989125e-02 -1.350571e-01 4.165797e-01 3.484125e-01 -5.142698e-01 -4.669825e-01 6.262966e-01 6.869692e-02 1.157189e-01 2.286546e-01 -4.787009e-01 -2.803141e-01 -1.721864e-01 4.301092e-02 7.469452e-02 2.032442e-01 1.735926e-03 -1.367475e-01 -2.362754e-01 1.455305e-01
<VARIANCE> 39
 7.435634e+00 7.780730e+00 1.266003e+01 1.146977e+01 1.891376e+01 1.987306e+01 1.513839e+01 1.812770e+01 2.001847e+01 2.945937e+01 1.915416e+01 1.706130e+01 1.855735e+00 3.591816e-01 4.705456e-01 8.845136e-01 1.156142e+00 1.076042e+00 1.326123e+00 9.990361e-01 8.088724e-01 1.415350e+00 2.230743e+00 1.072999e+00 1.318313e+00 7.780794e-02 6.192632e-02 5.633859e-02 1.156633e-01 9.769154e-02 2.029280e-01 2.079541e-01 1.477002e-01 1.764631e-01 1.851293e-01 2.375178e-01 1.706763e-01 1.685364e-01 8.749408e-03
<GCONST> 7.400926e+01
<STATE> 3
<MEAN> 39
 -6.469461e+00 -1.100033e+00 -8.576692e-01 -2.011475e+01 -7.862503e+00 -8.737990e+00 -2.436198e+00 -6.382398e+00 2.437339e-01 -3.793844e+00 -2.523264e+00 -7.320506e+00 1.832810e+01 2.452506e-02 -8.615655e-02 2.218083e-01 -2.833573e-01 3.736891e-01 2.115711e-01 -2.747237e-01 1.720049e-01 3.805587e-02 -1.957890e-01 1.697983e-01 6.204747e-03 -4.707968e-02 -5.686906e-02 -2.051350e-01 -2.668920e-01 4.871024e-01 2.881128e-01 2.214727e-01 6.789723e-02 -9.092946e-02 -1.464537e-01 -5.881553e-02 1.514696e-01 1.656981e-01 -1.669726e-01
<VARIANCE> 39
 7.691350e+00 9.743598e+00 1.662101e+01 2.310533e+01 5.847775e+01 3.110264e+01 3.718391e+01 2.460134e+01 3.462573e+01 5.834624e+01 3.541886e+01 3.741572e+01 1.432980e+00 3.497685e-01 6.530836e-01 1.076190e+00 3.230825e+00 2.400491e+00 1.763508e+00 1.734358e+00 1.341166e+00 1.888005e+00 2.010545e+00 1.867594e+00 1.898327e+00 2.942236e-01 6.818103e-02 6.606136e-02 1.608374e-01 2.261496e-01 3.060320e-01 3.193099e-01 3.833973e-01 2.241592e-01 2.868121e-01 3.401666e-01 2.635091e-01 2.552822e-01 1.166545e-02
<GCONST> 9.188841e+01
<STATE> 4
<MEAN> 39
 -6.562637e+00 -6.247671e+00 -4.680853e+00 -1.081190e+01 -1.000606e+00 -3.980874e+00 -1.438280e+00 -8.754488e+00 -2.166007e+00 -5.868138e+00 1.164533e+00 -4.221499e+00 1.475346e+01 -2.337833e-01 -9.119006e-01 -1.005297e+00 1.462319e+00 4.137756e-01 4.093916e-01 9.076375e-01 -4.570591e-01 -2.814858e-01 -4.004148e-02 2.008679e-01 2.989472e-01 -4.647484e-01 -1.053270e-01 1.689442e-01 2.069977e-01 -4.381001e-01 -3.788389e-01 -1.608564e-01 -8.473510e-02 1.721714e-01 1.161100e-01 1.034645e-01 -1.797380e-01 -1.430681e-01 1.500109e-01
<VARIANCE> 39
 3.292809e+00 5.438890e+00 9.454852e+00 1.107237e+01 1.465045e+01 1.565500e+01 1.950006e+01 1.858739e+01 1.688706e+01 1.706913e+01 1.861760e+01 1.491146e+01 1.491738e+00 2.673672e-01 4.858442e-01 8.970208e-01 1.308561e+00 2.110824e+00 1.651684e+00 1.603325e+00 1.249632e+00 1.214797e+00 1.205444e+00 1.178080e+00 1.022935e+00 7.924893e-02 3.887533e-02 6.518479e-02 1.378608e-01 1.468498e-01 2.331003e-01 1.806215e-01 2.654743e-01 1.921252e-01 1.853751e-01 1.736047e-01 1.976906e-01 1.824515e-01 5.797421e-03
<GCONST> 7.239726e+01
<TRANSP> 5
 0.000000e+00 1.000000e+00 0.000000e+00 0.000000e+00 0.000000e+00
 0.000000e+00 7.200733e-01 2.799266e-01 0.000000e+00 0.000000e+00
 0.000000e+00 0.000000e+00 8.892291e-01 1.107709e-01 0.000000e+00
 0.000000e+00 0.000000e+00 0.000000e+00 7.503792e-01 2.496208e-01
 0.000000e+00 0.000000e+00 0.000000e+00 0.000000e+00 0.000000e+00
<ENDHMM>
~h "two"
<BEGINHMM>
<NUMSTATES> 5
<STATE> 2
<MEAN> 39
 -1.092126e+01 -3.302839e+00 -6.688392e+00 -1.064430e+01 -9.726492e-01 -3.882161e+00 -1.950982e+00 -7.504415e+00 -2.328539e+00 -5.675032e+00 1.126711e+00 -3.371013e+00 1.506237e+01 5.131352e-01 6.207815e-01 1.018177e+00 -5.907485e-01 -2.751532e-01 -3.725105e-01 -4.661953e-01 -2.150645e-01 7.337950e-02 -5.270893e-02 -2.257249e-01 -3.658124e-01 3.267914e-01 2.939043e-01 6.869853e-02 2.854481e-01 -1.299634e-01 -2.154936e-01 -2.437488e-01 -1.197466e-01 -1.279376e-01 -2.582767e-02 2.527479e-03 -8.070203e-02 -1.710865e-01 9.481964e-02
<VARIANCE> 39
 8.908874e+00 8.134369e+00 1.268048e+01 1.226799e+01 1.845254e+01 2.275268e+01 1.921275e+01 2.106273e+01 2.149569e+01 2.405323e+01 2.472733e+01 1.984158e+01 9.114304e-01 1.367978e+00 5.585543e-01 1.282557e+00 8.346839e-01 1.348231e+00 1.287513e+00 9.919947e-01 1.187672e+00 1.179116e+00 1.298941e+00 1.884948e+00 1.107454e+00 7.281622e-02 1.275690e-01 1.086175e-01 1.346183e-01 1.314536e-01 2.270900e-01 1.985721e-01 1.764774e-01 2.229902e-01 2.284679e-01 2.037919e-01 3.601893e-01 1.597314e-01 7.769255e-03
<GCONST> 7.903085e+01
<STATE> 3
<MEAN> 39
 -4.600663e+00 1.274635e+00 1.865017e+00 -1.552762e+01 -6.960515e+00 -9.949653e+00 -6.706662e+00 -1.044129e+01 -2.406565e+00 -5.176032e+00 -1.124613e+00 -7.308845e+00 1.840879e+01 6.628127e-01 5.429640e-01 7.411334e-01 -5.407029e-01 -1.163134e+00 -1.105489e+00 -5.668715e-01 -2.815781e-01 -6.615740e-02 1.257473e-01 -2.159656e-01 -6.234605e-01 4.511644e-01 -2.502400e-01 -2.356388e-01 -4.265894e-01 2.993463e-01 2.738551e-01 2.331991e-01 2.363537e-01 1.463059e-01 -1.910192e-02 -1.014603e-02 1.534053e-01 1.829176e-01 -1.453581e-01
<VARIANCE> 39
 7.463057e+00 8.099493e+00 1.363193e+01 2.231264e+01 3.960384e+01 2.558786e+01 2.821199e+01 2.453966e+01 3.158861e+01 5.527686e+01 4.395229e+01 4.856068e+01 1.034541e+00 5.671482e-01 6.280293e-01 9.834918e-01 1.463295e+00 1.292856e+00 1.206532e+00 1.682072e+00 1.515677e+00 1.844087e+00 1.989570e+00 2.387887e+00 1.876546e+00 8.953855e-02 6.152746e-02 5.327949e-02 8.127994e-02 1.249154e-01 2.038941e-01 1.801745e-01 2.039007e-01 1.908958e-01 2.119796e-01 2.732863e-01 2.894312e-01 2.223066e-01 6.484352e-03
<GCONST> 8.373056e+01
<STATE> 4
<MEAN> 39
 -3.229852e+00 -6.130521e-02 -4.752054e-02 -1.365175e+01 -7.118744e+00 -1.157736e+01 -5.654997e+00 -9.639328e+00 -2.717009e+00 -5.314552e+00 -1.635251e-01 -7.599901e+00 1.823786e+01 1.666587e-01 -2.231264e-01 -2.389704e-01 5.385965e-01 3.381582e-01 8.710109e-02 9.932341e-02 -5.533705e-02 -1.917572e-01 -8.574045e-02 7.823790e-02 1.594343e-01 -1.203367e-01 -4.387295e-02 -3.797359e-02 -2.636670e-02 2.403709e-02 9.544417e-02 1.099664e-01 5.299345e-02 5.270816e-03 2.056226e-02 1.699348e-03 -5.179058e-03 4.493952e-02 -3.529231e-02
<VARIANCE> 39
 5.894016e+00 7.965140e+00 1.253977e+01 2.986122e+01 3.395920e+01 2.158910e+01 3.321046e+01 3.368220e+01 3.984529e+01 4.295668e+01 5.470105e+01 4.154107e+01 1.362053e+00 1.341353e-01 1.531893e-01 3.771893e-01 6.220049e-01 9.133216e-01 8.579396e-01 8.819695e-01 1.029996e+00 9.047325e-01 9.887436e-01 1.045680e+00 9.323291e-01 1.455886e-02 2.165198e-02 2.517856e-02 5.084338e-02 8.861738e-02 1.056633e-01 1.242944e-01 1.300599e-01 1.602265e-01 1.488535e-01 1.531172e-01 1.594003e-01 1.459513e-01 2.344393e-03
<GCONST> 6.579227e+01
<TRANSP> 5
 0.000000e+00 1.000000e+00 0.000000e+00 0.000000e+00 0.000000e+00
 0.000000e+00 8.198393e-01 1.801607e-01 0.000000e+00 0.000000e+00
 0.000000e+00 0.000000e+00 7.667221e-01 2.332779e-01 0.000000e+00
 0.000000e+00 0.000000e+00 0.000000e+00 9.016048e-01 9.839520e-02
 0.000000e+00 0.000000e+00 0.000000e+00 0.000000e+00 0.000000e+00
<ENDHMM>
~h "nine"
<BEGINHMM>
<NUMSTATES> 5
<STATE> 2
<MEAN> 39
 -4.473979e+00 -4.320808e+00 -2.082693e+00 -8.927460e+00 -3.023097e+00 -6.192907e+00 -1.519561e+00 -1.117272e+01 -5.000867e+00 -8.068578e+00 -2.930547e+00 -7.801664e+00 1.755969e+01 -1.359478e-01 -6.701547e-01 -2.189993e-01 4.943579e-01 -4.914724e-01 1.722551e-01 3.868553e-01 -1.976088e-01 -3.975014e-02 -1.532674e-01 -1.794233e-01 -1.448398e-01 2.490685e-01 -3.815710e-02 -1.257951e-01 -7.452258e-02 1.143991e-01 1.764105e-02 -6.455844e-03 3.840834e-02 3.127645e-02 9.227957e-03 5.914884e-03 7.878119e-02 3.449610e-02 -1.017889e-02
<VARIANCE> 39
 8.951791e+00 2.033127e+01 1.532285e+01 1.679318e+01 2.859499e+01 2.883976e+01 3.197175e+01 2.749651e+01 4.711606e+01 3.540648e+01 3.015780e+01 3.277289e+01 2.321550e+00 5.320862e-01 1.578288e+00 1.144285e+00 1.116022e+00 1.137530e+00 1.423528e+00 1.643870e+00 1.276733e+00 1.528035e+00 1.152637e+00 1.244438e+00 1.037829e+00 3.755299e-02 6.505644e-02 1.813281e-01 1.346397e-01 1.401066e-01 2.019504e-01 2.217297e-01 2.429068e-01 1.863539e-01 1.997623e-01 1.614264e-01 1.741880e-01 1.450657e-01 4.977042e-03
<GCONST> 8.288927e+01
<STATE> 3
<MEAN> 39
 -6.292523e+00 -1.167086e+01 -4.983052e+00 -2.500450e+00 -5.657467e+00 -5.425849e+00 1.785213e+00 -1.127020e+01 -5.674490e+00 -9.065992e+00 -1.608557e+00 -7.684544e+00 1.862179e+01 -1.084537e-01 6.699752e-02 2.331342e-01 -2.069160e-01 -4.617399e-02 2.061679e-01 -7.436661e-02 -1.006308e-01 1.727620e-01 6.928945e-02 -4.076969e-02 3.119608e-02 -1.984834e-02 -2.802591e-03 1.881517e-01 7.708991e-02 -2.484331e-01 3.354009e-02 8.036448e-02 -1.015191e-01 -1.378832e-03 8.290926e-02 -5.753174e-03 -7.897045e-02 2.512351e-02 -1.441803e-02
<VARIANCE> 39
 7.199121e+00 8.453289e+00 2.462212e+01 3.138956e+01 1.881189e+01 3.043281e+01 3.088273e+01 3.410914e+01 4.311661e+01 4.183392e+01 2.806425e+01 3.032290e+01 1.011729e+00 8.124982e-02 3.237997e-01 4.026174e-01 1.036655e+00 4.643327e-01 6.121563e-01 5.242198e-01 5.001466e-01 6.137870e-01 6.492755e-01 6.593120e-01 5.186685e-01 4.591793e-03 1.057061e-02 2.936830e-02 3.933556e-02 5.264495e-02 6.944487e-02 6.550886e-02 7.272605e-02 7.688964e-02 7.963412e-02 8.566128e-02 7.645788e-02 7.780816e-02 3.928300e-04
<GCONST> 5.272564e+01
<STATE> 4
<MEAN> 39
 -6.202046e+00 -3.155083e+00 -1.616443e+00 -1.203919e+01 -1.894093e+00 -4.507695e+00 -3.322468e+00 -1.018722e+01 -2.797904e+00 -8.214048e+00 -3.080466e+00 -6.508392e+00 1.789680e+01 3.938236e-01 8.456678e-01 1.527796e-01 -3.033610e-01 5.434178e-01 -4.762859e-01 -4.710613e-01 3.260747e-01 -2.021834e-01 5.534537e-02 1.000498e-01 5.283639e-02 -1.227899e-01 4.261198e-02 -1.243496e-01 -3.767763e-02 2.349132e-01 -1.526343e-02 -7.143129e-02 1.053470e-01 -3.539183e-02 -1.084026e-01 2.573371e-02 7.899664e-02 -2.919274e-02 -1.030586e-02
<VARIANCE> 39
 1.149414e+01 2.000661e+01 1.221324e+01 2.393157e+01 3.575016e+01 3.413251e+01 3.356374e+01 2.987979e+01 4.902095e+01 3.959527e+01 3.857867e+01 4.251958e+01 1.076176e+00 4.051596e-01 9.288681e-01 5.736247e-01 1.873185e+00 1.353790e+00 1.379924e+00 1.361092e+00 1.284814e+00 1.672357e+00 1.183818e+00 1.058099e+00 1.023429e+00 9.908895e-03 5.735077e-02 9.872654e-02 8.670263e-02 1.497119e-01 1.939680e-01 2.407988e-01 1.803804e-01 1.976630e-01 2.315205e-01 1.955874e-01 1.708614e-01 1.416306e-01 1.018206e-03
<GCONST> 7.866203e+01
<TRANSP> 5
 0.000000e+00 1.000000e+00 0.000000e+00 0.000000e+00 0.000000e+00
 0.000000e+00 8.957540e-01 1.042460e-01 0.000000e+00 0.000000e+00
 0.000000e+00 0.000000e+00 9.110904e-01 8.890960e-02 0.000000e+00
 0.000000e+00 0.000000e+00 0.000000e+00 8.982916e-01 1.017083e-01
 0.000000e+00 0.000000e+00 0.000000e+00 0.000000e+00 0.000000e+00
<ENDHMM>
~h "five"
<BEGINHMM>
<NUMSTATES> 5
<STATE> 2
<MEAN> 39
 -4.215325e+00 -1.129733e+01 -1.003004e+01 -8.286638e+00 4.717037e-01 -8.097026e+00 3.483065e-01 -4.709995e+00 -5.224445e+00 -7.927520e+00 -1.785095e+00 -4.890186e+00 1.794670e+01 3.688134e-01 -1.172791e+00 -7.206479e-01 7.765455e-01 5.110943e-01 -6.435341e-01 3.287979e-01 4.060874e-01 -7.460156e-01 -2.250094e-01 -3.051783e-01 -7.039850e-03 5.657442e-01 -1.877003e-01 2.128361e-02 1.709240e-01 9.308530e-02 -1.187177e-02 1.021277e-01 3.053488e-02 -2.000576e-01 2.332688e-02 1.368222e-01 1.557955e-01 4.879522e-02 -7.188393e-02
<VARIANCE> 39
 1.094880e+01 1.967793e+01 2.368176e+01 1.668958e+01 1.895107e+01 2.065523e+01 2.518965e+01 5.137131e+01 3.213450e+01 2.796090e+01 2.495382e+01 1.987706e+01 4.422449e+00 7.737844e-01 5.619591e-01 1.167279e+00 9.088643e-01 7.887803e-01 9.863954e-01 9.754812e-01 2.259881e+00 1.722689e+00 1.720245e+00 1.359892e+00 1.026278e+00 1.224314e-01 9.564342e-02 1.341679e-01 1.793954e-01 1.233177e-01 1.359565e-01 1.449088e-01 1.545295e-01 3.018539e-01 2.735166e-01 1.940210e-01 1.772019e-01 1.404230e-01 2.854690e-02
<GCONST> 8.439898e+01
<STATE> 3
<MEAN> 39
 -5.809878e+00 -1.545193e+01 -8.553859e+00 -3.649640e+00 1.423785e+00 -9.168502e+00 2.531893e+00 -7.501054e+00 -7.220580e+00 -5.456606e+00 -4.707966e-01 -4.507587e+00 1.904728e+01 -1.662400e-01 8.449519e-02 4.909566e-01 -2.589704e-01 -2.717254e-01 4.357242e-01 6.877562e-02 -3.987748e-01 2.779453e-02 3.030441e-01 6.065885e-02 -8.412656e-02 -4.854950e-02 4.026254e-02 1.148727e-01 1.138515e-02 -1.969809e-01 -5.513933e-02 9.302963e-02 -2.912999e-02 2.508277e-02 5.696542e-02 -4.932513e-02 -7.755648e-02 -1.870102e-02 -1.506600e-02
<VARIANCE> 39
 9.177810e+00 9.382934e+00 2.485259e+01 2.082475e+01 1.875939e+01 2.312990e+01 1.753617e+01 3.911023e+01 4.707516e+01 4.452111e+01 2.690981e+01 2.552034e+01 1.357229e+00 8.811354e-02 1.540674e-01 2.700942e-01 6.386635e-01 4.982736e-01 5.535524e-01 4.984429e-01 4.947028e-01 6.146424e-01 5.730919e-01 5.703735e-01 4.740847e-01 5.870278e-03 1.176317e-02 2.429365e-02 3.038461e-02 4.825769e-02 5.128419e-02 5.165375e-02 5.712422e-02 6.431387e-02 8.577564e-02 8.445808e-02 6.673722e-02 7.049552e-02 9.142567e-04
<GCONST> 4.972702e+01
<STATE> 4
<MEAN> 39
 -5.735659e+00 -9.349229e+00 -3.907328e+00 -1.394348e+01 -3.282178e+00 -2.814377e+00 1.855671e+00 -8.417864e+00 -4.160345e+00 -5.250808e+00 -2.273525e+00 -5.509088e+00 1.828023e+01 2.163412e-01 1.200922e+00 3.670996e-01 -6.280584e-01 -3.896947e-01 -1.103478e-01 -3.137879e-01 2.576690e-01 5.477688e-01 -2.118414e-01 -6.667268e-02 -9.410748e-02 -2.466394e-01 -1.845629e-02 -2.492718e-02 -5.428593e-02 3.466095e-01 1.404943e-01 -1.794998e-01 -6.221389e-02 -1.178904e-02 -4.378296e-02 1.872747e-02 1.217734e-01 3.956711e-02 -4.850144e-02
<VARIANCE> 39
 7.834180e+00 2.308778e+01 1.227085e+01 3.164649e+01 4.212131e+01 1.960060e+01 2.455479e+01 3.637899e+01 5.273072e+01 2.791319e+01 2.696737e+01 3.004705e+01 1.868890e+00 2.139261e-01 5.062598e-01 5.741360e-01 2.647477e+00 1.465242e+00 1.612943e+00 9.728947e-01 1.324109e+00 1.642327e+00 1.335757e+00 1.268380e+00 9.195380e-01 4.149171e-02 4.304683e-02 9.718619e-02 7.613248e-02 2.386697e-01 2.356062e-01 2.307188e-01 1.666393e-01 2.281035e-01 2.212421e-01 1.797637e-01 2.062740e-01 1.653498e-01 4.433817e-03
<GCONST> 8.034342e+01
<TRANSP> 5
 0.000000e+00 1.000000e+00 0.000000e+00 0.000000e+00 0.000000e+00
 0.000000e+00 8.492197e-01 1.507803e-01 0.000000e+00 0.000000e+00
 0.000000e+00 0.000000e+00 9.126970e-01 8.730300e-02 0.000000e+00
 0.000000e+00 0.000000e+00 0.000000e+00 8.651353e-01 1.348647e-01
 0.000000e+00 0.000000e+00 0.000000e+00 0.000000e+00 0.000000e+00
<ENDHMM>
~h "four"
<BEGINHMM>
<NUMSTATES> 5
<STATE> 2
<MEAN> 39
 -6.783579e+00 -6.567481e+00 -5.526094e+00 -9.745330e+00 -1.569418e+00 -5.537088e+00 -1.198350e+00 -8.385065e+00 -2.005876e+00 -5.572253e+00 9.847435e-01 -4.266734e+00 1.534880e+01 1.560461e+00 5.331414e-01 -8.943741e-01 -8.488091e-01 -3.043044e-01 -5.319530e-01 -6.914117e-01 -1.895429e-01 1.960149e-01 2.011262e-01 -3.403019e-01 -4.839437e-01 6.400408e-01 3.528456e-01 1.268249e-01 -3.370302e-01 -3.179120e-01 -5.919453e-02 -8.959296e-03 -8.243345e-02 -1.903318e-02 2.764589e-03 5.442692e-02 -7.924832e-02 -1.322860e-01 1.440297e-01
<VARIANCE> 39
 7.436002e+00 5.372993e+00 5.429964e+00 7.788118e+00 1.001971e+01 1.241594e+01 1.453054e+01 1.366037e+01 1.607243e+01 1.349837e+01 1.603703e+01 1.219491e+01 1.712160e+00 5.201716e-01 4.318423e-01 6.072834e-01 7.392309e-01 7.096395e-01 9.057096e-01 7.529098e-01 8.210390e-01 1.008403e+00 1.079933e+00 1.518406e+00 1.219723e+00 5.905838e-02 6.681087e-02 5.350953e-02 6.071108e-02 8.250939e-02 1.012476e-01 1.529572e-01 1.211026e-01 1.525210e-01 1.400713e-01 1.609982e-01 1.992887e-01 1.870688e-01 7.026703e-03
<GCONST> 6.394333e+01
<STATE> 3
<MEAN> 39
 1.595197e+00 -3.479067e+00 -1.216133e+01 -1.704671e+01 -3.999955e+00 -6.180539e+00 -3.166503e+00 -8.953987e+00 -1.400555e+00 -3.858685e+00 4.282717e-01 -6.773540e+00 1.891277e+01 3.054396e-01 -1.853830e-01 -3.257159e-01 -3.885232e-02 7.356264e-02 -1.867708e-02 -2.196840e-01 1.741896e-01 3.523874e-01 9.325787e-02 -2.295981e-01 -2.206479e-01 1.434826e-01 -1.735008e-01 -1.541446e-01 1.496216e-01 2.358005e-01 3.834888e-02 -3.622421e-02 3.800203e-02 1.107973e-01 4.735564e-02 -8.544260e-02 -5.570432e-02 5.661205e-02 -6.752236e-02
<VARIANCE> 39
 4.139373e+00 1.025877e+01 9.619833e+00 1.373333e+01 2.438606e+01 1.715077e+01 1.856054e+01 1.713751e+01 2.360643e+01 2.480724e+01 3.807608e+01 3.755060e+01 1.088914e+00 5.249899e-01 7.277918e-01 6.861125e-01 1.215563e+00 9.701314e-01 7.724814e-01 9.088198e-01 9.566847e-01 1.310357e+00 1.175354e+00 1.338504e+00 1.242908e+00 9.325702e-02 4.945870e-02 4.571014e-02 9.586012e-02 8.021100e-02 1.356799e-01 1.434045e-01 1.559344e-01 1.410957e-01 1.813987e-01 1.919327e-01 1.991132e-01 1.868706e-01 7.201939e-03
<GCONST> 7.252900e+01
<STATE> 4
<MEAN> 39
 -2.695090e-01 -1.130300e+01 -7.968405e+00 -8.566139e+00 -5.382099e+00 -8.939543e+00 -2.197615e+00 -4.237824e+00 6.444554e-01 -7.560047e+00 -3.903151e+00 -7.359680e+00 1.854784e+01 -5.531304e-01 -2.927235e-02 1.187060e+00 5.179196e-01 -5.872200e-01 3.044523e-02 6.810001e-01 -1.602623e-01 -6.782495e-01 -3.899701e-01 1.335863e-01 2.572521e-01 -2.044887e-01 -8.742968e-02 3.011942e-01 -2.438367e-04 -2.168195e-01 1.364376e-01 2.148168e-01 1.411203e-02 -2.445945e-01 -1.506747e-01 1.204670e-01 1.770843e-01 3.108281e-02 -5.104433e-02
<VARIANCE> 39
 6.998709e+00 1.433553e+01 2.855642e+01 1.844959e+01 4.714246e+01 3.738411e+01 3.527310e+01 3.889443e+01 4.499386e+01 3.455386e+01 3.471048e+01 3.195391e+01 1.578821e+00 2.196499e-01 1.528349e+00 6.656913e-01 1.660639e+00 2.100544e+00 2.163553e+00 1.567672e+00 2.595864e+00 1.823151e+00 1.726397e+00 1.796279e+00 1.077909e+00 4.111866e-02 2.920312e-02 9.520514e-02 1.884104e-01 1.668961e-01 4.423911e-01 3.015626e-01 3.548189e-01 3.389104e-01 3.791547e-01 2.802521e-01 3.073192e-01 2.167732e-01 3.206593e-03
<GCONST> 8.843987e+01
<TRANSP> 5
 0.000000e+00 1.000000e+00 0.000000e+00 0.000000e+00 0.000000e+00
 0.000000e+00 7.039788e-01 2.960212e-01 0.000000e+00 0.000000e+00
 0.000000e+00 0.000000e+00 9.183281e-01 8.167188e-02 0.000000e+00
 0.000000e+00 0.000000e+00 0.000000e+00 8.716162e-01 1.283837e-01
 0.000000e+00 0.000000e+00 0.000000e+00 0.000000e+00 0.000000e+00
<ENDHMM>
~h "zero"
<BEGINHMM>
<NUMSTATES> 5
<STATE> 2
<MEAN> 39
 -6.843063e+00 -1.886281e+00 -4.566629e+00 -7.707817e+00 -2.525370e+00 -4.711674e+00 -2.833764e+00 -8.920568e+00 -3.621744e+00 -4.154365e+00 1.340350e-01 -4.377902e+00 1.566073e+01 2.798510e-01 1.043770e+00 9.703209e-01 -1.159029e+00 -8.286691e-01 -1.404526e+00 -6.237984e-01 -5.983641e-01 3.259043e-01 3.348961e-01 -1.318896e-01 -2.392590e-01 4.908316e-01 3.700188e-02 9.534000e-02 1.822807e-01 -3.576580e-01 -1.721986e-01 -2.293340e-01 2.981208e-03 -2.215475e-02 1.681343e-01 -8.272036e-06 3.133616e-02 -9.006017e-02 9.201719e-02
<VARIANCE> 39
 6.910964e+00 1.049595e+01 1.552384e+01 1.465757e+01 2.109296e+01 2.230632e+01 1.924599e+01 1.981471e+01 2.959045e+01 2.455229e+01 2.238206e+01 2.009150e+01 1.495600e+00 3.168293e-01 4.295653e-01 7.614716e-01 9.382928e-01 8.484816e-01 1.290846e+00 9.711274e-01 1.179157e+00 1.340938e+00 9.810944e-01 1.203542e+00 1.529449e+00 4.273152e-02 4.677304e-02 1.030808e-01 1.273278e-01 1.084394e-01 1.316396e-01 2.185865e-01 1.590549e-01 1.932497e-01 1.629837e-01 1.510337e-01 1.803144e-01 1.680918e-01 6.500792e-03
<GCONST> 7.332884e+01
<STATE> 3
<MEAN> 39
 -5.543128e+00 2.533045e-01 9.626961e-01 -1.692621e+01 -7.918053e+00 -9.145000e+00 -4.550247e+00 -8.441766e+00 1.871835e-01 -3.751424e+00 1.728069e-01 -6.828502e+00 1.841135e+01 3.397540e-01 -7.523955e-01 4.319777e-01 -1.525682e-01 -1.079014e+00 2.636196e-01 2.169245e-01 1.936856e-01 3.157869e-01 -7.898404e-02 4.172474e-02 -1.214936e-01 1.639481e-01 5.090119e-02 -2.655279e-01 -1.746974e-01 3.695413e-01 2.052666e-02 1.305405e-01 1.941656e-01 5.614113e-02 -8.811446e-02 -4.328926e-02 -1.327351e-02 7.214715e-02 -6.400245e-02
<VARIANCE> 39
 7.463105e+00 2.105406e+01 1.736621e+01 2.638077e+01 5.976103e+01 4.086626e+01 3.221908e+01 4.417272e+01 3.103319e+01 3.024810e+01 3.449430e+01 5.103688e+01 1.091367e+00 4.428462e-01 1.615691e+00 8.077267e-01 2.631843e+00 1.739728e+00 2.522968e+00 1.697375e+00 1.426151e+00 1.338823e+00 1.173656e+00 1.104983e+00 1.317155e+00 6.242320e-02 5.141855e-02 1.141736e-01 1.257956e-01 1.808002e-01 2.477795e-01 4.109899e-01 2.251501e-01 2.474181e-01 2.113944e-01 1.743497e-01 1.719661e-01 2.169836e-01 4.573587e-03
<GCONST> 8.709415e+01
<STATE> 4
<MEAN> 39
 -1.598310e+00 -1.051629e+01 -4.426315e+00 -9.805274e+00 -9.649698e+00 -8.056337e+00 5.629798e-01 -4.089406e+00 -1.788274e-01 -6.715159e+00 -1.008254e+00 -5.667781e+00 1.854032e+01 8.007379e-02 1.891113e-02 -5.468687e-01 1.573736e-01 6.722659e-01 -1.762850e-01 -2.347934e-02 2.074143e-01 -6.514467e-02 -1.477664e-01 -9.141994e-02 -8.421342e-03 -5.425834e-02 -5.981658e-02 1.423733e-01 6.482253e-02 -8.580395e-02 8.488961e-02 4.346032e-02 -9.780028e-02 -8.327053e-02 -1.992177e-02 3.409005e-02 2.057112e-02 -9.105670e-03 -1.789703e-02
<VARIANCE> 39
 6.461426e+00 1.776708e+01 2.638959e+01 2.669479e+01 6.262633e+01 5.425742e+01 3.564368e+01 3.636978e+01 4.427490e+01 3.499234e+01 2.488829e+01 3.286610e+01 1.498532e+00 2.227903e-01 8.306081e-01 6.336556e-01 1.024601e+00 1.215785e+00 1.665992e+00 1.518851e+00 1.766556e+00 1.576326e+00 1.380635e+00 1.024284e+00 9.254825e-01 1.584820e-02 2.389432e-02 3.513019e-02 7.589946e-02 1.112203e-01 1.898474e-01 2.315798e-01 1.872560e-01 1.957195e-01 2.168058e-01 1.824493e-01 1.469546e-01 1.332645e-01 1.769239e-03
<GCONST> 7.709776e+01
<TRANSP> 5
 0.000000e+00 1.000000e+00 0.000000e+00 0.000000e+00 0.000000e+00
 0.000000e+00 7.360055e-01 2.639945e-01 0.000000e+00 0.000000e+00
 0.000000e+00 0.000000e+00 8.927795e-01 1.072205e-01 0.000000e+00
 0.000000e+00 0.000000e+00 0.000000e+00 9.396534e-01 6.034658e-02
 0.000000e+00 0.000000e+00 0.000000e+00 0.000000e+00 0.000000e+00
<ENDHMM>
