~o
<STREAMINFO> 1 39
<VECSIZE> 39<NULLD><MFCC_E_D_A><DIAGC>
~h "eight"
<BEGINHMM>
<NUMSTATES> 5
<STATE> 2
<MEAN> 39
 -8.070626e+00 -1.512516e+00 -5.161720e+00 -1.754399e+01 -1.546767e+00 -7.155578e+00 -2.904595e-01 -6.689591e+00 -1.342772e+00 -6.464249e+00 -1.060874e+00 -5.189456e+00 1.744047e+01 -1.707869e-01 8.257443e-01 -3.010392e-02 -5.994853e-01 3.883206e-02 -5.088577e-01 -1.199778e-01 1.698350e-01 2.145948e-01 3.063392e-02 7.511025e-02 -2.872376e-02 1.794275e-01 3.730631e-02 9.287968e-03 7.822755e-04 1.097736e-01 -1.347005e-02 -8.469794e-02 -5.536100e-02 -2.392375e-02 -6.769983e-03 3.275020e-02 4.680795e-02 -8.199902e-03 -4.886687e-03
<VARIANCE> 39
 8.899564e+00 3.527395e+01 2.043482e+01 3.656017e+01 3.197126e+01 3.495454e+01 3.418378e+01 2.526079e+01 3.601402e+01 2.532667e+01 2.838576e+01 2.416212e+01 3.646531e+00 3.279209e-01 1.085455e+00 6.150709e-01 2.001360e+00 1.068560e+00 1.656885e+00 1.477653e+00 1.306761e+00 1.768639e+00 1.232341e+00 1.331376e+00 1.003767e+00 1.440598e-01 4.242764e-02 1.263707e-01 7.818983e-02 2.637255e-01 1.348965e-01 2.293095e-01 1.749867e-01 1.961031e-01 2.695905e-01 1.923527e-01 2.034704e-01 1.617721e-01 1.501737e-02
<GCONST> 8.546869e+01
<STATE> 3
<MEAN> 39
 -8.200274e+00 3.137029e+00 -4.989063e+00 -1.689760e+01 -1.559536e+00 -1.158559e+01 -2.463776e+00 -7.719940e+00 -1.938993e+00 -5.273506e+00 6.771532e-01 -5.213064e+00 1.786040e+01 1.417511e-01 -2.422270e-01 1.956513e-02 5.937847e-01 1.159911e-01 1.440267e-02 -8.176053e-02 -3.557705e-01 -2.524740e-01 3.414466e-02 1.049122e-01 9.378173e-02 -1.580485e-01 1.777511e-02 -1.933296e-01 -1.229454e-02 6.617386e-02 -2.014950e-03 1.653328e-01 6.580275e-02 1.053183e-02 4.421346e-03 -2.777021e-02 -2.360887e-02 1.158613e-02 -3.945634e-02
<VARIANCE> 39
 8.585009e+00 3.469183e+01 2.128366e+01 3.490339e+01 2.247440e+01 4.411086e+01 4.943476e+01 3.135648e+01 4.168993e+01 2.689901e+01 2.974315e+01 2.596152e+01 2.696522e+00 2.976909e-01 2.202427e+00 5.062084e-01 1.405105e+00 8.162181e-01 2.436456e+00 1.534512e+00 1.346590e+00 2.041811e+00 1.256377e+00 1.395194e+00 1.075310e+00 1.197948e-01 3.911884e-02 1.743762e-01 6.651520e-02 1.625732e-01 9.830625e-02 2.636362e-01 1.828471e-01 2.008880e-01 2.920429e-01 1.881866e-01 2.085478e-01 1.670784e-01 9.307976e-03
<GCONST> 8.536253e+01
<STATE> 4
<MEAN> 39
 -6.677101e+00 -3.618731e+00 -5.354517e+00 -1.157350e+01 -8.433188e-01 -6.662246e+00 -8.255208e-01 -8.882251e+00 -2.268536e+00 -5.629494e+00 5.388209e-01 -4.891468e+00 1.560674e+01 -1.509952e-02 -2.984322e-01 -2.065747e-02 1.695721e-01 -4.853516e-02 2.806229e-01 4.294623e-02 6.665744e-02 2.564596e-02 6.357900e-03 2.772058e-02 4.296670e-02 -8.679151e-02 -3.810226e-03 5.859204e-02 6.811508e-03 -3.986187e-02 -1.102473e-02 -4.064624e-02 -8.467800e-03 1.609863e-02 -7.463779e-03 5.562759e-03 -1.108692e-02 -1.460812e-02 2.309496e-02
<VARIANCE> 39
 6.314723e+00 2.449526e+01 1.098482e+01 2.075284e+01 1.725265e+01 3.323555e+01 2.015667e+01 2.013653e+01 2.291579e+01 2.027604e+01 1.982644e+01 2.144993e+01 2.527518e+00 2.298780e-01 1.090274e+00 4.262409e-01 7.666549e-01 6.222377e-01 1.564624e+00 9.708152e-01 9.430574e-01 1.026681e+00 9.397799e-01 8.907345e-01 8.476584e-01 7.257796e-02 3.457739e-02 1.180404e-01 6.860764e-02 1.075810e-01 1.016566e-01 2.172946e-01 1.581906e-01 1.577706e-01 1.624789e-01 1.456226e-01 1.475943e-01 1.429349e-01 6.564461e-03
<GCONST> 7.152747e+01
<TRANSP> 5
 0.000000e+00 1.000000e+00 0.000000e+00 0.000000e+00 0.000000e+00
 0.000000e+00 8.785070e-01 1.214930e-01 0.000000e+00 0.000000e+00
 0.000000e+00 0.000000e+00 8.838817e-01 1.161183e-01 0.000000e+00
 0.000000e+00 0.000000e+00 0.000000e+00 9.299455e-01 7.005446e-02
 0.000000e+00 0.000000e+00 0.000000e+00 0.000000e+00 0.000000e+00
<ENDHMM>
~h "oh"
<BEGINHMM>
<NUMSTATES> 5
<STATE> 2
<MEAN> 39
 -4.129919e+00 -9.796463e+00 -9.334825e+00 -8.742237e+00 -1.688735e+00 -8.427504e+00 2.269436e+00 -6.227832e+00 -4.560555e+00 -7.834909e+00 -2.700401e+00 -5.126434e+00 1.780602e+01 3.735386e-01 -1.882989e-01 -4.301531e-01 1.052196e-01 9.768953e-02 -4.047407e-01 6.786598e-02 4.588856e-01 7.809483e-02 -2.630845e-01 -3.802579e-01 -1.052038e-01 2.497366e-01 2.426622e-02 7.409815e-02 1.313283e-02 -5.488133e-02 -8.354510e-03 -8.622473e-04 -7.560885e-02 -2.208010e-02 7.140277e-02 3.945728e-02 -1.539503e-02 -4.110097e-02 -5.044671e-03
<VARIANCE> 39
 1.067519e+01 1.605907e+01 1.902513e+01 1.559377e+01 1.946580e+01 2.551016e+01 3.200164e+01 6.214320e+01 3.755335e+01 3.063264e+01 3.151812e+01 3.173497e+01 3.504510e+00 2.995262e-01 5.026658e-01 6.172905e-01 5.432465e-01 6.200286e-01 9.437453e-01 1.140445e+00 1.642708e+00 1.376035e+00 1.189202e+00 1.168874e+00 9.608558e-01 1.131569e-01 3.453647e-02 5.607393e-02 7.420766e-02 6.762369e-02 8.540672e-02 1.159848e-01 1.351742e-01 1.962531e-01 1.757963e-01 1.628780e-01 1.760473e-01 1.356739e-01 1.254718e-02
<GCONST> 7.561078e+01
<STATE> 3
<MEAN> 39
 -1.132483e+00 -8.695038e+00 -1.226286e+01 -9.803949e+00 -1.360356e+00 -1.123405e+01 -2.471072e-01 -2.512474e+00 -9.899291e-01 -7.869161e+00 -5.005335e+00 -6.838719e+00 1.895542e+01 2.510637e-01 3.347305e-01 -7.764725e-02 -2.608572e-01 -5.686755e-02 -1.358034e-01 -4.873055e-01 -5.139636e-02 4.661373e-01 3.291912e-01 -1.833684e-02 -2.733429e-01 3.099247e-02 -4.952090e-02 3.810328e-02 9.314249e-02 -1.734956e-02 -3.701263e-02 7.378109e-02 -5.822857e-03 -1.197120e-01 -5.304991e-02 6.373525e-02 9.389164e-02 2.277275e-02 -3.274530e-02
<VARIANCE> 39
 8.366919e+00 1.115765e+01 2.071536e+01 1.665950e+01 2.112183e+01 2.618151e+01 4.606504e+01 4.900600e+01 4.428364e+01 4.071173e+01 3.425223e+01 3.916965e+01 1.615148e+00 2.053989e-01 2.648284e-01 5.012069e-01 4.031137e-01 4.846483e-01 8.254051e-01 1.075894e+00 1.459397e+00 1.176723e+00 1.291514e+00 1.100714e+00 9.186131e-01 5.333362e-02 2.018751e-02 2.817331e-02 5.081796e-02 5.001627e-02 6.116799e-02 9.682114e-02 1.369147e-01 1.471827e-01 1.601439e-01 1.591037e-01 1.374248e-01 1.224173e-01 3.814000e-03
<GCONST> 6.799123e+01
<STATE> 4
<MEAN> 39
 -1.678175e+00 -5.063223e+00 -8.723751e+00 -1.180969e+01 -2.501043e+00 -8.927279e+00 -2.805277e+00 -6.865004e+00 -5.862066e-01 -4.872363e+00 -1.167697e+00 -6.647073e+00 1.759104e+01 -2.743822e-01 1.009834e-01 4.248886e-01 8.422943e-02 -3.461962e-02 2.959163e-01 6.425115e-02 -3.189166e-01 -2.181814e-01 3.417037e-02 2.935606e-01 1.892519e-01 -1.688213e-01 -4.241211e-02 -3.943308e-02 8.148236e-03 3.131966e-02 1.691802e-02 2.432224e-02 5.402201e-02 1.844987e-02 -4.488891e-02 -4.581102e-02 -1.249435e-02 2.640132e-02 -7.707320e-03
<VARIANCE> 39
 1.301086e+01 9.696146e+00 2.406747e+01 1.745554e+01 2.040756e+01 3.245349e+01 3.142610e+01 3.073105e+01 3.359538e+01 3.711550e+01 3.504906e+01 3.280839e+01 3.244132e+00 3.203021e-01 3.882929e-01 5.794874e-01 5.938945e-01 6.980609e-01 9.225481e-01 1.108572e+00 1.146874e+00 1.126631e+00 1.195915e+00 1.067991e+00 1.091756e+00 5.187817e-02 3.139604e-02 3.947906e-02 6.928489e-02 7.764240e-02 9.943712e-02 1.353660e-01 1.517062e-01 1.651404e-01 1.561457e-01 1.589087e-01 1.427688e-01 1.470551e-01 4.873735e-03
<GCONST> 7.262157e+01
<TRANSP> 5
 0.000000e+00 1.000000e+00 0.000000e+00 0.000000e+00 0.000000e+00
 0.000000e+00 8.840969e-01 1.159031e-01 0.000000e+00 0.000000e+00
 0.000000e+00 0.000000e+00 8.731982e-01 1.268018e-01 0.000000e+00
 0.000000e+00 0.000000e+00 0.000000e+00 9.221538e-01 7.784618e-02
 0.000000e+00 0.000000e+00 0.000000e+00 0.000000e+00 0.000000e+00
<ENDHMM>
~h "seven"
<BEGINHMM>
<NUMSTATES> 5
<STATE> 2
<MEAN> 39
 -7.728746e+00 -4.933781e+00 -6.309498e+00 -9.558222e+00 -2.596930e+00 -3.858449e+00 -5.850452e-01 -8.075683e+00 -2.718612e+00 -5.030495e+00 4.017100e-01 -4.196385e+00 1.529993e+01 -2.465158e-02 -6.329266e-02 -2.232854e-02 -2.265485e-01 -1.826760e-01 -4.743431e-04 2.502712e-01 3.928135e-04 7.849239e-02 -1.843570e-02 -1.386449e-01 -1.820265e-02 6.805646e-02 7.103750e-02 8.631268e-03 3.589636e-02 -8.649912e-02 -6.604401e-02 -7.617042e-02 3.882546e-02 -1.890287e-03 4.983027e-04 -3.489687e-02 -5.855517e-02 -5.085899e-02 6.131410e-02
<VARIANCE> 39
 1.142733e+01 9.180258e+00 1.337654e+01 1.749159e+01 2.057502e+01 2.210586e+01 2.202744e+01 1.887586e+01 2.042385e+01 2.193612e+01 1.902871e+01 1.866975e+01 2.489315e+00 6.350816e-01 4.651830e-01 6.764354e-01 9.828510e-01 1.046567e+00 1.429270e+00 1.103089e+00 8.763645e-01 1.064361e+00 1.130024e+00 9.379680e-01 1.007646e+00 1.664734e-01 6.967306e-02 7.217620e-02 1.008364e-01 1.424553e-01 1.883073e-01 2.075304e-01 1.719380e-01 1.489809e-01 1.765960e-01 1.707623e-01 1.478110e-01 1.555896e-01 1.356773e-02
<GCONST> 7.588573e+01
<STATE> 3
<MEAN> 39
 -6.308728e+00 -5.455269e+00 -5.551856e+00 -1.271954e+01 -5.414476e+00 -5.466212e+00 2.601184e+00 -7.715950e+00 -2.727246e+00 -5.158870e+00 -2.098878e+00 -5.367177e+00 1.728194e+01 2.922226e-01 -1.709921e-01 1.720228e-01 -4.930090e-01 -3.502174e-01 -1.887302e-01 4.839430e-01 6.605294e-02 -8.527101e-02 -1.611173e-01 -3.362743e-01 -3.100460e-01 3.059859e-01 -3.176597e-02 -3.176139e-02 -3.107247e-02 7.117848e-02 7.574761e-02 5.762755e-02 -6.033466e-02 1.629408e-02 -3.724923e-02 -4.336932e-02 4.727572e-02 1.163338e-02 -2.650948e-02
<VARIANCE> 39
 1.139769e+01 9.248443e+00 1.176998e+01 2.691026e+01 3.780424e+01 3.315170e+01 3.556337e+01 2.818706e+01 3.056935e+01 4.429149e+01 2.976716e+01 2.793874e+01 4.607680e+00 5.988541e-01 4.782327e-01 6.362482e-01 1.405466e+00 1.721305e+00 1.672867e+00 1.718822e+00 1.107071e+00 1.290488e+00 1.685001e+00 1.471453e+00 1.340304e+00 2.190126e-01 8.999630e-02 7.460242e-02 1.078673e-01 1.764913e-01 2.686047e-01 2.656616e-01 2.358886e-01 1.687005e-01 1.815276e-01 2.300161e-01 2.150035e-01 1.881902e-01 2.510291e-02
<GCONST> 8.697777e+01
<STATE> 4
<MEAN> 39
 -4.464531e+00 -5.263897e+00 -3.299693e+00 -1.110424e+01 -3.829988e+00 -6.455561e+00 6.520548e-01 -8.592725e+00 -3.980101e+00 -6.986325e+00 -2.222268e+00 -6.768638e+00 1.736916e+01 1.544989e-02 5.776836e-02 5.926494e-02 1.829045e-01 1.698489e-01 2.088708e-02 -1.715124e-01 -4.742235e-02 2.682295e-02 5.155136e-03 1.257028e-01 4.563889e-02 -8.295234e-02 -1.352313e-02 7.410679e-03 -1.144261e-02 7.004241e-03 7.502009e-03 1.328161e-03 -1.544819e-02 -4.111584e-03 1.198340e-02 2.066246e-02 1.190261e-02 2.113894e-02 -1.077859e-02
<VARIANCE> 39
 8.447627e+00 1.318227e+01 1.240060e+01 2.194916e+01 3.492389e+01 3.283818e+01 3.182306e+01 3.927243e+01 3.506348e+01 3.900805e+01 3.402239e+01 2.819307e+01 2.905913e+00 3.329763e-01 5.859567e-01 5.831349e-01 9.505430e-01 1.425452e+00 1.306595e+00 1.632524e+00 1.349971e+00 1.416378e+00 1.503710e+00 1.491391e+00 1.048509e+00 1.156024e-01 4.871763e-02 8.634619e-02 9.025326e-02 1.536620e-01 2.440395e-01 2.112910e-01 2.729416e-01 2.160612e-01 2.223655e-01 2.307482e-01 2.347222e-01 1.620398e-01 1.612679e-02
<GCONST> 8.364780e+01
<TRANSP> 5
 0.000000e+00 1.000000e+00 0.000000e+00 0.000000e+00 0.000000e+00
 0.000000e+00 8.709945e-01 1.290055e-01 0.000000e+00 0.000000e+00
 0.000000e+00 0.000000e+00 8.283191e-01 1.716809e-01 0.000000e+00
 0.000000e+00 0.000000e+00 0.000000e+00 9.548887e-01 4.511124e-02
 0.000000e+00 0.000000e+00 0.000000e+00 0.000000e+00 0.000000e+00
<ENDHMM>
~h "three"
<BEGINHMM>
<NUMSTATES> 5
<STATE> 2
<MEAN> 39
 -5.888096e+00 -5.594368e+00 -2.637834e+00 -1.026595e+01 -4.449371e+00 -7.248344e+00 -1.214998e+00 -8.198301e+00 -2.174090e+00 -5.156009e+00 4.583627e-01 -4.473051e+00 1.611400e+01 4.379913e-01 -7.499348e-02 6.313411e-01 5.143663e-03 -9.634100e-01 -4.525531e-01 -2.274943e-01 -3.159774e-02 1.339623e-01 1.067107e-02 -1.596539e-02 -1.759308e-01 2.489253e-01 7.048220e-02 -3.510952e-02 4.768803e-02 -2.205611e-02 -1.287671e-01 -3.651953e-02 -3.491350e-02 -4.770487e-03 4.580572e-02 5.085454e-03 1.371037e-02 -2.268161e-02 3.220854e-02
<VARIANCE> 39
 1.345754e+01 1.150823e+01 1.721032e+01 1.894233e+01 4.200687e+01 3.362472e+01 2.150179e+01 2.233440e+01 2.530586e+01 2.225920e+01 2.589761e+01 2.394437e+01 3.056979e+00 7.313947e-01 6.966422e-01 8.932778e-01 1.296858e+00 2.049735e+00 2.116472e+00 1.061025e+00 1.343100e+00 1.260644e+00 1.030242e+00 1.167580e+00 1.120495e+00 1.192025e-01 1.057861e-01 1.189484e-01 1.360762e-01 2.124925e-01 3.228880e-01 3.218451e-01 1.928661e-01 2.370208e-01 2.102587e-01 1.743651e-01 1.907763e-01 1.799589e-01 1.107176e-02
<GCONST> 8.506348e+01
<STATE> 3
<MEAN> 39
 -3.745009e+00 -5.629378e+00 1.922702e+00 -1.218117e+01 -1.183081e+01 -9.429438e+00 -4.102110e+00 -8.967552e+00 -3.517625e-01 -5.003203e+00 1.020289e+00 -5.174190e+00 1.808024e+01 -1.232253e-01 5.970757e-01 4.559096e-01 -8.569318e-01 -1.034849e-01 6.862143e-02 -6.224337e-01 2.611593e-02 1.691150e-01 4.497580e-03 5.261222e-02 -1.227770e-01 1.765728e-01 -1.186212e-01 1.465429e-01 -1.617802e-01 -3.989560e-02 3.411347e-01 2.004974e-02 7.750781e-03 4.485011e-02 -8.546155e-02 -5.585907e-03 -6.782057e-03 2.279950e-02 -4.921065e-02
<VARIANCE> 39
 1.189865e+01 2.517336e+01 2.422198e+01 5.797011e+01 7.240758e+01 5.817571e+01 4.351792e+01 4.137970e+01 3.103344e+01 2.678862e+01 3.312865e+01 3.103498e+01 2.452560e+00 1.014177e+00 1.669176e+00 1.419965e+00 3.069501e+00 5.471259e+00 4.043714e+00 2.609021e+00 2.059166e+00 1.526703e+00 1.095594e+00 1.110365e+00 1.043080e+00 8.993603e-02 1.139225e-01 1.884567e-01 1.957824e-01 4.923434e-01 5.962336e-01 7.009596e-01 4.526427e-01 3.256746e-01 2.593858e-01 1.832982e-01 1.700869e-01 1.585149e-01 6.481967e-03
<GCONST> 9.938760e+01
<STATE> 4
<MEAN> 39
 -6.163689e+00 5.961518e-01 -1.174466e+00 -1.493283e+01 -2.751599e+00 -9.460291e+00 -4.860196e+00 -7.978813e+00 -2.374912e+00 -5.088336e+00 4.664672e-01 -5.611404e+00 1.744149e+01 -6.834908e-02 -1.260098e-01 -4.546334e-01 4.333129e-01 4.927717e-01 1.030725e-01 3.695248e-01 -3.420258e-02 -1.548405e-01 -2.252390e-02 -5.824115e-02 5.295827e-02 -1.658464e-01 2.005219e-02 -1.392096e-01 -1.282205e-02 7.153701e-02 -1.162800e-01 5.246671e-02 6.854549e-02 -2.648133e-02 3.737504e-02 -2.586940e-03 1.446273e-02 1.501564e-02 -1.308615e-02
<VARIANCE> 39
 8.353433e+00 3.298164e+01 2.101518e+01 3.960623e+01 3.843993e+01 3.822549e+01 4.804443e+01 4.213145e+01 3.103026e+01 3.563031e+01 3.560719e+01 3.452985e+01 2.794901e+00 3.959698e-01 1.825448e+00 8.184594e-01 1.674384e+00 1.919394e+00 2.345007e+00 1.852803e+00 1.722766e+00 1.447884e+00 1.269175e+00 1.006526e+00 9.844559e-01 6.425486e-02 5.417391e-02 1.458822e-01 1.127475e-01 2.192888e-01 2.411871e-01 3.181894e-01 2.716857e-01 2.461726e-01 2.174391e-01 1.724272e-01 1.512905e-01 1.427650e-01 5.468904e-03
<GCONST> 8.844574e+01
<TRANSP> 5
 0.000000e+00 1.000000e+00 0.000000e+00 0.000000e+00 0.000000e+00
 0.000000e+00 8.239239e-01 1.760761e-01 0.000000e+00 0.000000e+00
 0.000000e+00 0.000000e+00 8.756648e-01 1.243352e-01 0.000000e+00
 0.000000e+00 0.000000e+00 0.000000e+00 9.289618e-01 7.103819e-02
 0.000000e+00 0.000000e+00 0.000000e+00 0.000000e+00 0.000000e+00
<ENDHMM>
~h "one"
<BEGINHMM>
<NUMSTATES> 5
<STATE> 2
<MEAN> 39
 -1.317817e+00 -4.252696e+00 -7.188123e+00 -1.166662e+01 -2.812519e+00 -6.755845e+00 -2.410141e+00 -8.633526e+00 -2.917794e+00 -7.358347e+00 -1.357397e+00 -6.889122e+00 1.755971e+01 3.448347e-01 -1.124010e-02 -5.336087e-01 3.005309e-02 1.543994e-01 -4.998907e-02 -5.172393e-02 5.622271e-02 3.354596e-02 -2.179989e-01 -2.238045e-01 -2.271066e-01 1.914800e-01 -7.983907e-02 -1.060307e-01 -5.075684e-02 1.100617e-01 5.796283e-02 1.136995e-02 2.132019e-02 2.152492e-02 1.491997e-02 9.881193e-03 6.365070e-03 2.355011e-02 -8.168700e-03
<VARIANCE> 39
 1.003841e+01 1.505696e+01 2.531648e+01 2.735475e+01 2.713086e+01 2.490487e+01 2.308794e+01 2.754085e+01 2.979209e+01 2.736197e+01 3.025415e+01 3.061845e+01 2.516052e+00 6.010898e-01 9.211791e-01 1.206327e+00 1.978036e+00 1.644627e+00 1.499616e+00 1.254130e+00 1.268643e+00 1.374427e+00 1.173104e+00 1.236516e+00 1.184190e+00 9.883305e-02 6.044185e-02 8.983641e-02 1.626807e-01 2.728592e-01 2.690573e-01 2.576222e-01 2.307419e-01 2.086237e-01 2.141092e-01 1.914046e-01 2.057903e-01 1.934696e-01 6.733819e-03
<GCONST> 8.540211e+01
<STATE> 3
<MEAN> 39
 -2.115498e+00 -6.782216e+00 -8.637294e+00 -8.102518e+00 -1.864740e+00 -6.794950e+00 -2.580851e+00 -9.192274e+00 -3.908672e+00 -1.014479e+01 -3.147476e+00 -8.454643e+00 1.844614e+01 -2.026558e-01 -1.274731e-01 2.993640e-01 3.503659e-01 -5.084409e-02 -1.131634e-01 2.555727e-02 -8.089579e-02 -1.693333e-01 -1.532114e-01 -4.885141e-02 -4.274986e-03 8.058359e-04 -2.342037e-02 5.444047e-02 1.116031e-01 -5.652986e-02 -3.880149e-02 6.693052e-03 1.790384e-02 -2.325012e-02 -1.777619e-02 5.551872e-02 4.086220e-02 3.173005e-02 -2.747052e-02
<VARIANCE> 39
 1.102133e+01 2.341842e+01 3.967832e+01 4.612048e+01 3.173106e+01 3.279974e+01 3.417006e+01 4.474011e+01 4.256945e+01 4.281371e+01 3.436897e+01 3.507499e+01 1.627565e+00 4.704369e-01 1.242363e+00 2.024552e+00 2.759232e+00 2.035403e+00 2.028740e+00 2.046081e+00 2.022594e+00 1.880967e+00 1.687760e+00 1.366298e+00 1.178266e+00 4.546081e-02 5.953236e-02 1.295865e-01 2.044738e-01 3.701653e-01 3.363061e-01 3.582149e-01 3.681310e-01 3.168105e-01 3.133377e-01 2.818591e-01 2.410063e-01 2.096932e-01 3.099281e-03
<GCONST> 9.377501e+01
<STATE> 4
<MEAN> 39
 -3.890770e+00 -5.334410e+00 -4.329422e+00 -8.229592e+00 -1.469970e+00 -6.468666e+00 -2.053162e+00 -9.728952e+00 -4.466056e+00 -8.189365e+00 -1.767897e+00 -6.968625e+00 1.711585e+01 -1.311571e-01 7.869547e-02 1.176625e-01 -1.072017e-01 4.120409e-02 1.169282e-01 5.806334e-02 -7.466177e-03 3.309386e-02 1.836442e-01 1.190178e-01 1.216706e-01 -1.146633e-01 -7.936576e-03 -2.143851e-02 -5.459842e-02 -1.779640e-02 5.158657e-03 2.153723e-02 3.126284e-03 2.763939e-02 3.876112e-02 2.551535e-03 7.465841e-03 1.285334e-02 -2.648479e-03
<VARIANCE> 39
 8.107572e+00 1.938983e+01 2.524518e+01 2.736121e+01 2.214707e+01 3.271706e+01 3.003011e+01 3.423860e+01 3.583503e+01 3.504198e+01 3.016660e+01 3.039235e+01 2.489269e+00 2.839606e-01 8.188885e-01 1.051167e+00 1.124822e+00 1.099499e+00 1.459634e+00 1.375121e+00 1.339461e+00 1.446249e+00 1.284867e+00 1.074392e+00 9.819008e-01 3.945391e-02 3.513582e-02 8.602990e-02 9.987852e-02 1.552382e-01 1.625593e-01 2.213610e-01 2.174184e-01 1.940829e-01 2.095223e-01 1.963316e-01 1.631910e-01 1.479360e-01 3.487265e-03
<GCONST> 7.986363e+01
<TRANSP> 5
 0.000000e+00 1.000000e+00 0.000000e+00 0.000000e+00 0.000000e+00
 0.000000e+00 8.456626e-01 1.543374e-01 0.000000e+00 0.000000e+00
 0.000000e+00 0.000000e+00 8.910220e-01 1.089781e-01 0.000000e+00
 0.000000e+00 0.000000e+00 0.000000e+00 9.345532e-01 6.544680e-02
 0.000000e+00 0.000000e+00 0.000000e+00 0.000000e+00 0.000000e+00
<ENDHMM>
~h "sil"
<BEGINHMM>
<NUMSTATES> 5
<STATE> 2
<MEAN> 39
 -6.245784e+00 -6.594333e+00 -5.020030e+00 -9.884815e+00 -1.060031e+00 -4.512601e+00 -2.510879e-01 -8.511532e+00 -2.420709e+00 -5.567951e+00 8.656188e-01 -4.195872e+00 1.508600e+01 -1.020996e-01 -4.873119e-02 -4.592011e-02 9.601321e-04 3.614789e-02 3.636396e-02 1.693441e-02 -1.769261e-02 -1.962513e-02 4.050693e-03 4.461166e-02 8.958349e-03 -6.010856e-02 7.018540e-03 4.611316e-03 -4.625306e-04 -6.273087e-03 -8.287665e-03 -2.582350e-03 -9.878712e-03 6.932116e-03 1.946962e-03 -3.355535e-03 -1.498523e-02 -3.092469e-03 8.949023e-03
<VARIANCE> 39
 6.275060e+00 7.849804e+00 9.229070e+00 1.192612e+01 1.501693e+01 1.598267e+01 1.655540e+01 1.875000e+01 1.910250e+01 1.712836e+01 1.756359e+01 1.496130e+01 1.711115e+00 1.057454e-01 2.540314e-01 3.311836e-01 4.903660e-01 6.237010e-01 7.513404e-01 7.263125e-01 8.033735e-01 7.894992e-01 7.065178e-01 7.559251e-01 6.814168e-01 1.250170e-02 1.369691e-02 3.115124e-02 4.635320e-02 6.640152e-02 9.108701e-02 1.139258e-01 1.044744e-01 1.176307e-01 1.170247e-01 1.022137e-01 1.149894e-01 1.023688e-01 1.367977e-03
<GCONST> 5.305978e+01
<STATE> 3
<MEAN> 39
 -7.253388e+00 -7.100482e+00 -5.859425e+00 -1.010255e+01 -9.721279e-01 -4.282289e+00 -3.619617e-01 -8.593272e+00 -2.670330e+00 -5.570063e+00 1.020205e+00 -4.056068e+00 1.449824e+01 -1.471040e-02 9.568548e-05 -2.072722e-02 -1.557173e-03 -6.193903e-03 3.404800e-03 -2.885154e-03 3.774085e-03 -4.398791e-03 3.880004e-03 -4.373396e-03 4.025636e-03 -2.866833e-03 3.108504e-03 8.195646e-03 3.846583e-03 1.076932e-03 -2.037742e-03 -3.590925e-03 -5.036749e-03 1.202813e-03 -4.685892e-04 -3.206098e-03 -5.024488e-03 -2.844664e-03 3.436876e-03
<VARIANCE> 39
 3.394012e+00 3.994696e+00 6.442996e+00 8.537108e+00 1.242180e+01 1.391880e+01 1.493317e+01 1.594551e+01 1.653908e+01 1.425214e+01 1.534855e+01 1.318071e+01 9.906185e-01 7.521761e-02 1.532351e-01 2.687270e-01 3.757745e-01 4.765047e-01 6.416727e-01 6.233307e-01 7.007257e-01 6.756518e-01 5.612836e-01 6.389703e-01 5.702516e-01 3.552603e-03 1.343805e-02 2.810449e-02 4.875595e-02 6.798504e-02 8.894097e-02 1.227906e-01 1.122137e-01 1.336295e-01 1.255620e-01 9.982505e-02 1.156860e-01 1.087682e-01 7.286781e-04
<GCONST> 4.500459e+01
<STATE> 4
<MEAN> 39
 -6.866722e+00 -6.074850e+00 -5.849496e+00 -9.990061e+00 -1.722890e+00 -4.633102e+00 -6.679031e-01 -8.216834e+00 -2.146530e+00 -5.568762e+00 9.817438e-01 -4.064582e+00 1.505116e+01 8.087585e-03 1.445296e-01 4.749252e-02 2.555389e-03 -4.068291e-02 -5.379941e-02 -6.418031e-02 7.395830e-03 -2.183599e-02 -3.610732e-02 -7.421973e-02 -4.042695e-02 5.480284e-02 4.853353e-02 3.942002e-02 2.854747e-02 -2.318141e-02 -2.002885e-02 -4.589069e-02 -8.486081e-03 -1.206717e-02 2.353296e-03 -6.363004e-03 -3.381504e-02 -2.806935e-02 3.381419e-02
<VARIANCE> 39
 1.010761e+01 1.102867e+01 1.346212e+01 1.679319e+01 1.925048e+01 1.945258e+01 1.877565e+01 2.106290e+01 2.079500e+01 2.069469e+01 1.733548e+01 1.614935e+01 2.320364e+00 3.147086e-01 4.594691e-01 5.680875e-01 7.214651e-01 7.673108e-01 8.855678e-01 8.508435e-01 9.919615e-01 9.855248e-01 8.894811e-01 8.481522e-01 7.911512e-01 4.450272e-02 4.570912e-02 6.292967e-02 8.692344e-02 1.091760e-01 1.127086e-01 1.423030e-01 1.249497e-01 1.422124e-01 1.443943e-01 1.330290e-01 1.227467e-01 1.156689e-01 7.008392e-03
<GCONST> 6.739436e+01
<TRANSP> 5
 0.000000e+00 1.000000e+00 0.000000e+00 0.000000e+00 0.000000e+00
 0.000000e+00 8.507475e-01 1.492525e-01 0.000000e+00 0.000000e+00
 0.000000e+00 0.000000e+00 9.587020e-01 4.129799e-02 0.000000e+00
 0.000000e+00 0.000000e+00 0.000000e+00 6.724277e-01 3.275723e-01
 0.000000e+00 0.000000e+00 0.000000e+00 0.000000e+00 0.000000e+00
<ENDHMM>
~h "six"
<BEGINHMM>
<NUMSTATES> 5
<STATE> 2
<MEAN> 39
 -8.403977e+00 -4.193641e+00 -6.231144e+00 -1.026839e+01 -3.805745e+00 -4.351829e+00 -1.420130e+00 -7.703434e+00 -2.600930e+00 -4.717197e+00 -2.398377e-01 -4.544271e+00 1.540272e+01 -7.989383e-02 1.826979e-01 5.414988e-02 -3.331843e-01 -2.924182e-01 -1.039835e-01 -8.545171e-03 5.009758e-02 1.365057e-01 1.673795e-01 -1.153955e-01 -2.015421e-02 8.686353e-02 6.472339e-02 3.810460e-02 8.527666e-02 -9.198781e-02 -3.919688e-02 -9.963091e-02 -3.226198e-02 -8.878659e-03 -1.286927e-02 -6.807929e-03 -3.432093e-02 -5.733567e-02 4.982612e-02
<VARIANCE> 39
 8.669499e+00 1.011967e+01 1.798435e+01 2.937679e+01 2.859224e+01 2.571815e+01 1.824535e+01 1.872690e+01 2.378671e+01 3.006900e+01 2.356591e+01 2.250273e+01 3.449821e+00 6.034056e-01 5.952851e-01 1.216455e+00 1.526683e+00 1.380361e+00 1.691165e+00 1.061646e+00 1.087477e+00 1.206358e+00 1.450591e+00 1.165931e+00 1.169016e+00 2.066093e-01 7.358435e-02 8.242895e-02 1.468008e-01 2.157272e-01 2.312507e-01 2.566586e-01 1.778175e-01 1.873685e-01 2.054943e-01 2.250746e-01 1.803516e-01 1.833426e-01 1.958059e-02
<GCONST> 8.361912e+01
<STATE> 3
<MEAN> 39
 -7.808554e+00 -3.071748e+00 -3.411604e+00 -1.421285e+01 -5.742873e+00 -5.940252e+00 -2.301666e+00 -7.576770e+00 -1.667828e+00 -4.199952e+00 -1.147406e+00 -5.746960e+00 1.653581e+01 3.495886e-02 -1.084300e-01 6.854334e-02 -4.754519e-02 8.491603e-02 7.502637e-02 1.033896e-02 -2.708721e-02 4.863435e-02 -3.218930e-02 5.078860e-02 1.422384e-02 -2.878549e-02 -1.665237e-02 -5.564629e-02 -6.110980e-02 1.002936e-01 5.877774e-02 4.380341e-02 2.992472e-02 -1.740823e-02 -2.369711e-02 -1.768225e-02 3.083901e-02 3.472181e-02 -3.452053e-02
<VARIANCE> 39
 9.161485e+00 1.360811e+01 2.688784e+01 5.005858e+01 4.678150e+01 3.412087e+01 2.963187e+01 2.187780e+01 2.899592e+01 4.333184e+01 2.946445e+01 3.111602e+01 4.660975e+00 5.399306e-01 7.885550e-01 1.703448e+00 3.115947e+00 2.473825e+00 2.042196e+00 1.862193e+00 1.232907e+00 1.608821e+00 1.938811e+00 1.567716e+00 1.586413e+00 2.969129e-01 7.970516e-02 1.011362e-01 2.365542e-01 3.912795e-01 3.882189e-01 3.215153e-01 3.392834e-01 2.225801e-01 2.672629e-01 3.059375e-01 2.489994e-01 2.451498e-01 3.298832e-02
<GCONST> 9.657766e+01
<STATE> 4
<MEAN> 39
 -7.862809e+00 -5.667320e+00 -5.561722e+00 -1.092928e+01 -2.478838e+00 -4.017670e+00 -7.447124e-01 -8.218635e+00 -2.282156e+00 -5.232758e+00 4.066114e-01 -4.338881e+00 1.515146e+01 3.389336e-02 -2.677254e-02 -8.197511e-02 7.931247e-02 5.157277e-02 -4.167721e-02 2.841547e-02 -2.016240e-02 -5.906492e-02 -3.136463e-02 7.858394e-03 1.731235e-03 -1.000414e-02 2.572218e-02 2.955878e-02 2.084593e-02 -4.542892e-02 -2.925055e-02 -4.602543e-02 -1.576991e-02 7.697453e-03 1.092719e-03 3.576006e-03 -2.425409e-02 -2.709590e-02 2.478548e-02
<VARIANCE> 39
 7.636790e+00 1.027575e+01 1.233750e+01 2.761325e+01 2.286280e+01 1.900295e+01 1.840074e+01 1.870541e+01 2.148036e+01 2.111124e+01 1.969095e+01 1.589624e+01 2.528556e+00 3.268198e-01 4.689361e-01 6.203554e-01 1.093564e+00 1.001673e+00 1.026748e+00 8.997043e-01 8.773047e-01 9.279740e-01 8.858659e-01 9.386644e-01 7.592809e-01 8.718567e-02 4.316687e-02 6.552681e-02 1.009066e-01 1.515272e-01 1.588017e-01 1.653130e-01 1.559477e-01 1.543217e-01 1.572639e-01 1.436646e-01 1.567018e-01 1.336923e-01 9.294463e-03
<GCONST> 7.138097e+01
<TRANSP> 5
 0.000000e+00 1.000000e+00 0.000000e+00 0.000000e+00 0.000000e+00
 0.000000e+00 8.530103e-01 1.469897e-01 0.000000e+00 0.000000e+00
 0.000000e+00 0.000000e+00 9.099893e-01 9.001070e-02 0.000000e+00
 0.000000e+00 0.000000e+00 0.000000e+00 9.427100e-01 5.729001e-02
 0.000000e+00 0.000000e+00 0.000000e+00 0.000000e+00 0.000000e+00
<ENDHMM>
~h "two"
<BEGINHMM>
<NUMSTATES> 5
<STATE> 2
<MEAN> 39
 -8.612392e+00 -3.421095e+00 -5.185539e+00 -1.045107e+01 -2.435839e+00 -5.305168e+00 -2.459136e+00 -8.620666e+00 -2.622471e+00 -5.550116e+00 3.686691e-01 -4.448984e+00 1.559389e+01 -9.851325e-03 3.812973e-01 3.592321e-01 -2.714683e-01 -1.186288e-01 -6.407730e-02 -2.650161e-01 -8.905154e-02 5.261344e-02 5.778074e-02 2.586552e-02 -8.137222e-02 9.578478e-02 1.200084e-01 7.476558e-03 9.632992e-02 -5.935714e-02 -7.977793e-02 -9.928937e-02 -4.698288e-02 -2.805799e-02 -1.181416e-02 -6.294563e-03 -1.941701e-02 -6.194438e-02 4.807893e-02
<VARIANCE> 39
 1.714568e+01 1.283045e+01 2.112889e+01 1.545913e+01 2.704028e+01 2.570421e+01 2.204143e+01 2.255829e+01 2.447775e+01 2.440683e+01 2.766953e+01 2.555868e+01 2.644292e+00 1.242869e+00 7.826400e-01 1.588631e+00 9.204035e-01 1.619503e+00 1.512996e+00 1.175784e+00 1.164000e+00 1.290285e+00 1.199951e+00 1.632070e+00 1.259943e+00 1.684988e-01 1.448813e-01 1.358275e-01 2.006578e-01 1.477537e-01 2.485326e-01 2.224104e-01 1.882263e-01 2.016882e-01 2.243229e-01 1.902698e-01 2.794552e-01 1.705709e-01 1.366328e-02
<GCONST> 8.637481e+01
<STATE> 3
<MEAN> 39
 -6.169473e+00 -4.938829e-01 -8.695364e-01 -1.309243e+01 -5.445629e+00 -8.339017e+00 -5.047008e+00 -9.982840e+00 -3.156703e+00 -5.706127e+00 -6.525271e-01 -6.836499e+00 1.732418e+01 5.073386e-01 2.800012e-01 5.144483e-01 -3.076203e-01 -4.916062e-01 -5.830953e-01 -3.166733e-01 -1.559455e-01 -6.003656e-02 2.020160e-02 -1.123441e-01 -3.224946e-01 2.460383e-01 -6.539962e-02 -9.285105e-02 -1.578849e-01 1.022269e-01 8.688941e-02 6.593332e-02 8.739380e-02 4.986375e-02 -1.451752e-03 7.330892e-03 3.712763e-02 7.111267e-02 -5.027374e-02
<VARIANCE> 39
 1.628220e+01 1.321971e+01 2.674503e+01 2.720869e+01 4.308133e+01 3.410764e+01 3.270547e+01 2.771044e+01 3.311732e+01 4.474451e+01 4.850999e+01 4.189043e+01 3.560632e+00 8.552846e-01 6.384493e-01 1.391064e+00 1.351213e+00 1.740883e+00 1.567077e+00 1.501460e+00 1.421967e+00 1.633000e+00 1.694010e+00 2.265602e+00 1.770865e+00 1.583476e-01 1.170931e-01 8.546609e-02 1.796411e-01 1.680194e-01 2.628742e-01 2.354448e-01 2.211772e-01 2.140501e-01 2.317387e-01 2.470800e-01 3.161666e-01 2.327619e-01 1.805551e-02
<GCONST> 9.285929e+01
<STATE> 4
<MEAN> 39
 -4.036173e+00 -1.432244e+00 -1.264959e+00 -1.220506e+01 -5.293531e+00 -9.637290e+00 -4.417593e+00 -9.734616e+00 -2.902102e+00 -5.071065e+00 2.050886e-01 -6.314267e+00 1.735188e+01 -8.117835e-02 -3.277088e-01 -3.064975e-01 2.827554e-01 3.138942e-01 2.808511e-01 3.111606e-01 1.002999e-01 -7.222163e-03 -2.372044e-02 5.267838e-02 1.954130e-01 -1.564763e-01 -4.367243e-02 -3.307495e-02 -2.941711e-02 -7.383435e-04 2.804210e-02 5.352650e-02 3.548235e-02 1.212217e-02 1.107845e-02 -1.397752e-02 -1.115488e-02 1.695886e-02 -1.419637e-02
<VARIANCE> 39
 9.732000e+00 1.272388e+01 1.576660e+01 2.843056e+01 3.464389e+01 3.103301e+01 3.483018e+01 2.965311e+01 3.266714e+01 3.610941e+01 4.204374e+01 3.528489e+01 3.114615e+00 4.342687e-01 3.948303e-01 5.788505e-01 7.853612e-01 1.119628e+00 1.300683e+00 1.262456e+00 1.197266e+00 1.153112e+00 1.130905e+00 1.255382e+00 1.116068e+00 7.385916e-02 4.886253e-02 5.339469e-02 7.428546e-02 1.070308e-01 1.427025e-01 1.822504e-01 1.786028e-01 1.828237e-01 1.807676e-01 1.644845e-01 1.847344e-01 1.619547e-01 7.563306e-03
<GCONST> 7.850362e+01
<TRANSP> 5
 0.000000e+00 1.000000e+00 0.000000e+00 0.000000e+00 0.000000e+00
 0.000000e+00 8.845459e-01 1.154541e-01 0.000000e+00 0.000000e+00
 0.000000e+00 0.000000e+00 8.414942e-01 1.585058e-01 0.000000e+00
 0.000000e+00 0.000000e+00 0.000000e+00 9.307431e-01 6.925691e-02
 0.000000e+00 0.000000e+00 0.000000e+00 0.000000e+00 0.000000e+00
<ENDHMM>
~h "nine"
<BEGINHMM>
<NUMSTATES> 5
<STATE> 2
<MEAN> 39
 -4.642510e+00 -4.985251e+00 -2.220784e+00 -8.594638e+00 -3.365428e+00 -6.965979e+00 -1.070511e+00 -1.101635e+01 -5.554643e+00 -8.487442e+00 -3.070627e+00 -7.884926e+00 1.770689e+01 1.386866e-02 -1.496933e-01 3.018253e-02 2.761605e-01 -2.371851e-01 -1.302938e-02 1.867027e-01 -2.430730e-01 -1.635023e-01 -1.353326e-01 -1.278919e-01 -1.735687e-01 1.797710e-01 -4.249905e-02 -1.030605e-01 -9.873753e-02 2.607906e-02 3.474947e-03 3.746734e-02 2.901606e-02 4.286497e-02 6.331386e-02 3.010622e-02 6.101950e-02 3.950858e-02 -1.024160e-02
<VARIANCE> 39
 9.120669e+00 2.933146e+01 1.861684e+01 2.364069e+01 2.684147e+01 2.618611e+01 3.440926e+01 2.749403e+01 3.927013e+01 3.499976e+01 2.766175e+01 3.174348e+01 2.188850e+00 4.573450e-01 1.643153e+00 1.161695e+00 1.133103e+00 1.353891e+00 1.323529e+00 1.648473e+00 1.165035e+00 1.549089e+00 1.159763e+00 1.126513e+00 9.247614e-01 6.798443e-02 5.734205e-02 1.908476e-01 1.414431e-01 1.652472e-01 2.047224e-01 2.060735e-01 2.463567e-01 1.756305e-01 2.047115e-01 1.732411e-01 1.741484e-01 1.387087e-01 4.794339e-03
<GCONST> 8.373129e+01
<STATE> 3
<MEAN> 39
 -5.719724e+00 -8.064669e+00 -3.356155e+00 -5.904219e+00 -4.351827e+00 -6.025641e+00 -5.495587e-01 -1.223324e+01 -5.456303e+00 -1.017393e+01 -3.432590e+00 -8.680717e+00 1.849194e+01 -1.028332e-01 -1.532576e-01 -5.191825e-02 9.449676e-02 -3.688798e-02 1.129630e-01 1.713576e-02 -3.051060e-02 4.775850e-02 -3.386504e-02 3.664454e-02 3.679775e-02 2.588370e-02 5.788908e-03 5.124095e-02 1.621095e-02 -4.805978e-02 3.065132e-02 1.617301e-03 -3.586879e-02 2.117457e-02 1.613656e-02 1.183156e-02 5.700910e-03 1.853110e-02 -1.609818e-02
<VARIANCE> 39
 1.055412e+01 3.323825e+01 2.231833e+01 4.265398e+01 2.586649e+01 2.835163e+01 4.007615e+01 2.956556e+01 4.659789e+01 4.193644e+01 3.204978e+01 3.264309e+01 1.081903e+00 3.055137e-01 1.355298e+00 7.162659e-01 1.532758e+00 9.839977e-01 1.073388e+00 1.214918e+00 9.109445e-01 1.182105e+00 9.418347e-01 8.651382e-01 6.875775e-01 2.272497e-02 3.799146e-02 1.212026e-01 8.251613e-02 1.563892e-01 1.420019e-01 1.626444e-01 1.664878e-01 1.349332e-01 1.639698e-01 1.368346e-01 1.353577e-01 1.014009e-01 1.570837e-03
<GCONST> 7.601521e+01
<STATE> 4
<MEAN> 39
 -5.545106e+00 -5.403563e+00 -2.981919e+00 -8.199131e+00 -2.823894e+00 -5.156812e+00 -1.690948e+00 -1.040329e+01 -4.630640e+00 -8.088022e+00 -2.444548e+00 -6.970588e+00 1.753954e+01 1.323841e-03 1.606974e-01 -1.720501e-03 -1.416479e-01 1.574319e-01 3.035529e-02 -4.333405e-02 1.170193e-01 4.815361e-02 1.281677e-01 1.015130e-01 1.000735e-01 -1.063351e-01 -8.295791e-03 -2.095538e-02 -2.208355e-02 2.637326e-03 -6.096940e-03 -2.600164e-03 1.589504e-02 1.615153e-02 -2.511718e-04 1.225910e-02 1.658619e-02 6.080015e-03 -6.395520e-03
<VARIANCE> 39
 9.041912e+00 2.641498e+01 1.810780e+01 3.717981e+01 3.099489e+01 3.236461e+01 3.340900e+01 3.057555e+01 4.497846e+01 3.303797e+01 3.068863e+01 3.282799e+01 2.036961e+00 3.677267e-01 9.359395e-01 6.439834e-01 1.320678e+00 1.008889e+00 1.226370e+00 1.093689e+00 1.048850e+00 1.254034e+00 9.899039e-01 9.880880e-01 8.940147e-01 3.512811e-02 4.337638e-02 8.357751e-02 7.621187e-02 1.463796e-01 1.389791e-01 1.786603e-01 1.469412e-01 1.553683e-01 1.779433e-01 1.530224e-01 1.404392e-01 1.249857e-01 3.076605e-03
<GCONST> 7.727962e+01
<TRANSP> 5
 0.000000e+00 1.000000e+00 0.000000e+00 0.000000e+00 0.000000e+00
 0.000000e+00 8.599207e-01 1.400793e-01 0.000000e+00 0.000000e+00
 0.000000e+00 0.000000e+00 9.008679e-01 9.913210e-02 0.000000e+00
 0.000000e+00 0.000000e+00 0.000000e+00 9.454022e-01 5.459785e-02
 0.000000e+00 0.000000e+00 0.000000e+00 0.000000e+00 0.000000e+00
<ENDHMM>
~h "five"
<BEGINHMM>
<NUMSTATES> 5
<STATE> 2
<MEAN> 39
 -6.075470e+00 -8.951456e+00 -8.131739e+00 -9.045660e+00 -1.968479e-02 -6.357255e+00 -1.755136e-01 -6.341826e+00 -4.087576e+00 -7.036924e+00 -6.380309e-01 -4.518481e+00 1.650077e+01 1.717990e-01 -6.183927e-01 -4.482732e-01 2.900535e-01 1.994164e-01 -3.123795e-01 1.905799e-01 2.890969e-01 -4.045168e-01 -1.643081e-01 -1.440162e-01 9.725602e-03 2.642547e-01 2.456028e-02 -3.412091e-02 3.439248e-02 5.786743e-02 2.407911e-03 -3.800634e-02 -5.582899e-04 -3.209663e-02 -3.646875e-02 2.252200e-02 7.758695e-03 -1.486724e-02 3.343838e-02
<VARIANCE> 39
 1.098153e+01 1.784401e+01 2.202829e+01 1.375580e+01 1.692244e+01 2.143214e+01 1.824703e+01 3.732042e+01 2.779618e+01 2.319956e+01 2.363737e+01 1.740935e+01 5.328678e+00 6.830501e-01 6.726420e-01 9.282815e-01 7.528117e-01 7.797830e-01 1.011761e+00 8.441604e-01 1.746484e+00 1.342620e+00 1.119623e+00 1.114310e+00 7.735853e-01 2.003952e-01 9.627578e-02 1.009618e-01 1.504232e-01 1.073747e-01 1.222490e-01 1.546325e-01 1.322309e-01 2.682327e-01 2.148853e-01 1.613322e-01 1.706717e-01 1.252435e-01 2.274155e-02
<GCONST> 7.985685e+01
<STATE> 3
<MEAN> 39
 -5.300788e+00 -1.407473e+01 -9.861458e+00 -5.506300e+00 1.352617e+00 -8.878571e+00 1.685726e+00 -5.762527e+00 -7.827431e+00 -7.225240e+00 -9.544894e-01 -4.298239e+00 1.879082e+01 -8.831443e-02 -3.486630e-01 2.468923e-01 2.723941e-01 -5.582303e-02 3.327057e-02 2.478586e-01 -2.446248e-01 -2.085725e-01 3.012508e-01 1.439503e-01 -7.641445e-02 1.157535e-01 -3.407694e-02 1.217484e-01 9.638520e-02 -1.066774e-01 -7.611571e-02 9.367932e-02 -3.291070e-02 -4.536379e-02 1.006458e-01 4.540738e-02 3.818121e-03 -2.213875e-02 -4.682687e-02
<VARIANCE> 39
 1.024790e+01 1.906499e+01 2.356390e+01 2.392719e+01 2.129174e+01 2.279831e+01 2.094021e+01 3.923568e+01 4.130461e+01 3.476487e+01 2.604646e+01 2.471383e+01 3.196726e+00 3.650386e-01 6.953686e-01 6.734326e-01 1.003307e+00 7.772426e-01 8.247154e-01 6.175928e-01 1.109741e+00 1.283758e+00 1.040743e+00 8.276423e-01 6.508421e-01 1.122914e-01 5.650427e-02 6.631690e-02 7.756183e-02 1.011876e-01 9.190200e-02 9.600177e-02 9.469061e-02 1.720963e-01 1.672068e-01 1.378879e-01 1.175940e-01 9.955426e-02 1.171715e-02
<GCONST> 7.403525e+01
<STATE> 4
<MEAN> 39
 -6.258885e+00 -1.056501e+01 -5.285926e+00 -8.633012e+00 -8.081086e-01 -5.409945e+00 1.969457e+00 -8.915547e+00 -4.502489e+00 -4.739836e+00 -5.759173e-01 -4.980171e+00 1.756794e+01 -5.410938e-02 4.213815e-01 2.092656e-01 -3.365614e-01 -1.753960e-01 2.219084e-01 -1.109270e-01 -7.174879e-02 2.335711e-01 1.829243e-03 -2.373224e-02 3.292481e-04 -1.306508e-01 1.575487e-02 3.198661e-02 -2.559725e-02 -1.880788e-02 1.297071e-03 -3.015934e-02 -2.369943e-02 2.970384e-02 1.550797e-02 -3.326005e-02 -1.017740e-02 1.988269e-03 -2.113671e-03
<VARIANCE> 39
 8.651640e+00 3.109723e+01 1.520375e+01 3.901368e+01 2.528285e+01 2.575832e+01 2.055497e+01 2.937758e+01 4.387991e+01 3.050837e+01 2.497508e+01 2.286756e+01 3.993814e+00 2.463001e-01 6.271130e-01 5.170101e-01 1.493113e+00 9.603050e-01 9.465023e-01 7.059873e-01 9.545824e-01 9.668587e-01 9.843360e-01 9.701359e-01 7.345368e-01 5.235557e-02 3.489848e-02 6.649720e-02 6.446031e-02 1.830804e-01 1.281705e-01 1.330514e-01 1.111878e-01 1.452577e-01 1.273792e-01 1.337310e-01 1.499067e-01 1.193721e-01 5.829557e-03
<GCONST> 7.357351e+01
<TRANSP> 5
 0.000000e+00 1.000000e+00 0.000000e+00 0.000000e+00 0.000000e+00
 0.000000e+00 8.936605e-01 1.063394e-01 0.000000e+00 0.000000e+00
 0.000000e+00 0.000000e+00 8.519515e-01 1.480485e-01 0.000000e+00
 0.000000e+00 0.000000e+00 0.000000e+00 9.384316e-01 6.156843e-02
 0.000000e+00 0.000000e+00 0.000000e+00 0.000000e+00 0.000000e+00
<ENDHMM>
~h "four"
<BEGINHMM>
<NUMSTATES> 5
<STATE> 2
<MEAN> 39
 -5.350822e+00 -5.835688e+00 -6.872802e+00 -1.124195e+01 -1.827157e+00 -5.423221e+00 -1.683426e+00 -8.481248e+00 -1.823422e+00 -5.327654e+00 1.081822e+00 -4.881382e+00 1.591634e+01 5.000794e-01 1.770876e-01 -4.055117e-01 -3.952066e-01 -1.111245e-01 -7.274492e-02 -1.464744e-01 -6.126044e-02 4.960762e-02 1.549710e-01 1.196898e-02 -6.464236e-02 1.891009e-01 1.077814e-01 2.508427e-02 -6.346113e-02 -6.215903e-02 -2.385670e-02 -3.921488e-02 -3.366141e-02 1.047342e-02 4.171610e-03 -1.155305e-02 -4.841685e-02 -4.609462e-02 5.271247e-02
<VARIANCE> 39
 2.051072e+01 8.153735e+00 1.493257e+01 1.666102e+01 1.436893e+01 1.749071e+01 1.834098e+01 1.618348e+01 1.781380e+01 1.677439e+01 2.121999e+01 1.986841e+01 3.626685e+00 1.224441e+00 5.268186e-01 8.118359e-01 8.491898e-01 7.356099e-01 1.022139e+00 9.584184e-01 9.228794e-01 1.007458e+00 8.918993e-01 1.158697e+00 1.067793e+00 2.092006e-01 1.350762e-01 7.739931e-02 1.252436e-01 1.278425e-01 1.154002e-01 1.786322e-01 1.510775e-01 1.593290e-01 1.635185e-01 1.470933e-01 1.727904e-01 1.612803e-01 1.740347e-02
<GCONST> 7.622602e+01
<STATE> 3
<MEAN> 39
 -2.185986e-01 -4.476353e+00 -1.081502e+01 -1.484628e+01 -3.192755e+00 -6.678013e+00 -3.301246e+00 -8.442757e+00 -1.085075e+00 -4.233154e+00 8.142200e-02 -6.594949e+00 1.815101e+01 5.250985e-01 5.735992e-02 -4.572428e-01 -3.277082e-01 -1.166367e-01 -7.325047e-02 -1.198833e-01 1.545788e-01 1.267882e-01 4.128334e-02 -1.752755e-01 -2.215631e-01 2.509890e-01 -1.506422e-01 -8.920861e-02 1.243232e-01 1.359636e-01 1.781474e-02 3.018498e-02 6.511231e-02 5.325388e-02 -1.021806e-02 -5.373671e-02 6.485946e-03 5.825589e-02 -5.989726e-02
<VARIANCE> 39
 1.966931e+01 1.269584e+01 1.846398e+01 2.359412e+01 2.451534e+01 1.867119e+01 1.904535e+01 1.987625e+01 2.376519e+01 2.381601e+01 3.701812e+01 3.372468e+01 3.219533e+00 9.837981e-01 6.886055e-01 1.051114e+00 1.236624e+00 1.058208e+00 9.679078e-01 1.015982e+00 1.088389e+00 1.293494e+00 1.279954e+00 1.424243e+00 1.359095e+00 1.548331e-01 1.082985e-01 7.897473e-02 1.526522e-01 1.480356e-01 1.585847e-01 1.690156e-01 1.720974e-01 1.632351e-01 2.172943e-01 2.085359e-01 2.144736e-01 2.045430e-01 1.577700e-02
<GCONST> 8.315823e+01
<STATE> 4
<MEAN> 39
 -1.030517e+00 -6.919418e+00 -8.670993e+00 -1.202991e+01 -4.189824e+00 -6.718680e+00 -2.243316e+00 -6.930712e+00 -8.763249e-01 -6.017523e+00 -1.521104e+00 -6.530162e+00 1.813872e+01 -3.476006e-01 -1.466996e-01 3.795197e-01 3.785285e-01 1.652570e-02 7.596270e-02 1.494595e-01 1.657544e-02 -9.495839e-02 -1.403099e-01 -3.214065e-02 1.080911e-01 -1.393346e-01 -3.700585e-02 1.891259e-02 1.042094e-02 -9.342532e-03 1.947800e-02 1.850105e-02 3.595834e-03 -2.877945e-02 -2.036542e-02 1.393420e-02 2.279041e-02 1.187361e-02 -1.722718e-02
<VARIANCE> 39
 1.697668e+01 2.598432e+01 2.897669e+01 3.430914e+01 3.540186e+01 2.812445e+01 2.705712e+01 3.417037e+01 3.567966e+01 3.093305e+01 3.435466e+01 2.966745e+01 3.113499e+00 3.452916e-01 1.130684e+00 1.120700e+00 1.224094e+00 1.847752e+00 1.543532e+00 1.460853e+00 1.727893e+00 1.836125e+00 1.422777e+00 1.579530e+00 1.081953e+00 6.084324e-02 3.993718e-02 1.264063e-01 1.552374e-01 1.630114e-01 2.981679e-01 2.437135e-01 2.379521e-01 2.703409e-01 2.756489e-01 2.275521e-01 2.603588e-01 1.779455e-01 5.823793e-03
<GCONST> 8.819854e+01
<TRANSP> 5
 0.000000e+00 1.000000e+00 0.000000e+00 0.000000e+00 0.000000e+00
 0.000000e+00 8.853406e-01 1.146594e-01 0.000000e+00 0.000000e+00
 0.000000e+00 0.000000e+00 8.309073e-01 1.690926e-01 0.000000e+00
 0.000000e+00 0.000000e+00 0.000000e+00 9.376743e-01 6.232562e-02
 0.000000e+00 0.000000e+00 0.000000e+00 0.000000e+00 0.000000e+00
<ENDHMM>
~h "zero"
<BEGINHMM>
<NUMSTATES> 5
<STATE> 2
<MEAN> 39
 -5.757524e+00 -1.580389e+00 -2.761786e+00 -1.041890e+01 -3.716087e+00 -6.389088e+00 -2.478465e+00 -8.759168e+00 -2.181419e+00 -4.493155e+00 -3.184791e-02 -5.286477e+00 1.660110e+01 1.194951e-02 3.696762e-01 4.134524e-01 -5.467965e-01 -4.650619e-01 -4.110125e-01 -1.861179e-01 -8.492806e-02 2.273093e-01 1.407542e-01 -1.567573e-02 -1.199541e-01 1.706786e-01 3.266762e-02 -5.435722e-02 3.681386e-02 -5.195095e-02 -5.962289e-02 -2.280565e-02 1.628612e-02 1.240788e-02 3.042949e-02 -3.341306e-02 9.213607e-03 -3.443966e-02 2.033977e-02
<VARIANCE> 39
 8.728785e+00 2.191082e+01 1.892842e+01 3.219608e+01 3.386583e+01 3.453595e+01 2.540590e+01 2.560359e+01 3.438711e+01 2.661349e+01 2.524955e+01 3.467897e+01 2.905998e+00 3.724255e-01 1.160588e+00 9.505680e-01 1.625586e+00 1.421332e+00 2.054404e+00 1.139831e+00 1.284813e+00 1.281076e+00 1.092996e+00 1.008084e+00 1.249941e+00 1.316382e-01 5.072196e-02 1.467075e-01 1.312424e-01 2.212903e-01 1.812244e-01 3.120987e-01 1.830380e-01 1.920042e-01 2.007825e-01 1.811649e-01 1.675705e-01 1.960878e-01 1.246539e-02
<GCONST> 8.536111e+01
<STATE> 3
<MEAN> 39
 -5.308741e+00 -1.281029e+00 2.553566e-01 -1.426937e+01 -8.661379e+00 -8.631226e+00 -3.667183e+00 -8.644329e+00 -5.137335e-01 -4.105958e+00 -3.992717e-02 -6.430064e+00 1.809989e+01 3.174095e-01 -6.470708e-01 3.119361e-01 -8.825278e-02 -8.444310e-01 4.127031e-02 2.081374e-01 2.010658e-01 2.492596e-01 -8.064436e-02 3.862962e-02 -9.604224e-02 1.421575e-01 3.667646e-02 -1.534826e-01 -1.144427e-01 1.815867e-01 3.949462e-02 7.726537e-02 9.890511e-02 5.302399e-02 -3.912076e-02 -3.500321e-02 -1.361129e-02 3.396857e-02 -3.225685e-02
<VARIANCE> 39
 1.049602e+01 2.881868e+01 2.082970e+01 4.297485e+01 6.733425e+01 4.192410e+01 3.347237e+01 3.797206e+01 3.269825e+01 2.916233e+01 3.124528e+01 4.762067e+01 2.038539e+00 4.394057e-01 1.535289e+00 1.064046e+00 2.539068e+00 1.820628e+00 2.640694e+00 1.704657e+00 1.415295e+00 1.405752e+00 1.194594e+00 1.083844e+00 1.272677e+00 6.857526e-02 5.328612e-02 1.464208e-01 1.321086e-01 2.789414e-01 2.561606e-01 3.825009e-01 2.448125e-01 2.211836e-01 2.162397e-01 1.746875e-01 1.622611e-01 2.046756e-01 6.859605e-03
<GCONST> 9.031192e+01
<STATE> 4
<MEAN> 39
 -2.404953e+00 -8.865223e+00 -3.875846e+00 -1.063945e+01 -8.580831e+00 -7.723269e+00 -3.656636e-01 -4.870465e+00 -3.593638e-01 -6.300817e+00 -7.414725e-01 -5.722867e+00 1.824733e+01 -1.132388e-02 -8.141725e-02 -3.148320e-01 1.811548e-01 4.610691e-01 8.908710e-02 4.995655e-02 6.445873e-02 -9.229587e-02 -9.180388e-02 -2.457088e-02 3.924299e-02 -8.752480e-02 -4.587426e-02 7.261878e-02 4.893768e-03 -3.253519e-02 5.948025e-02 1.764728e-02 -2.820844e-02 -4.711144e-02 -1.998928e-02 1.786912e-02 1.292202e-02 2.624015e-03 -1.483741e-02
<VARIANCE> 39
 8.666927e+00 2.647437e+01 2.650768e+01 3.276621e+01 6.201888e+01 5.237827e+01 3.730891e+01 3.999438e+01 4.179681e+01 3.401808e+01 2.569811e+01 3.154856e+01 2.030455e+00 3.454472e-01 9.270437e-01 8.418590e-01 1.122274e+00 1.668168e+00 1.942500e+00 1.601794e+00 1.885660e+00 1.590806e+00 1.383352e+00 1.008703e+00 9.585686e-01 4.103286e-02 3.200837e-02 6.098874e-02 9.700185e-02 1.345303e-01 1.987519e-01 2.591603e-01 2.120344e-01 2.303015e-01 2.305063e-01 1.952474e-01 1.482461e-01 1.374500e-01 3.362072e-03
<GCONST> 8.333418e+01
<TRANSP> 5
 0.000000e+00 1.000000e+00 0.000000e+00 0.000000e+00 0.000000e+00
 0.000000e+00 8.587369e-01 1.412630e-01 0.000000e+00 0.000000e+00
 0.000000e+00 0.000000e+00 8.520415e-01 1.479585e-01 0.000000e+00
 0.000000e+00 0.000000e+00 0.000000e+00 9.480808e-01 5.191915e-02
 0.000000e+00 0.000000e+00 0.000000e+00 0.000000e+00 0.000000e+00
<ENDHMM>
