~o
<STREAMINFO> 1 39
<VECSIZE> 39<NULLD><MFCC_E_D_A><DIAGC>
~h "eight"
<BEGINHMM>
<NUMSTATES> 5
<STATE> 2
<MEAN> 39
 -7.524329e+00 -3.425155e+00 -5.693415e+00 -1.668154e+01 -6.472622e-01 -5.182587e+00 5.464705e-01 -6.746493e+00 -1.554634e+00 -6.763743e+00 -1.027606e+00 -5.331616e+00 1.714917e+01 -1.900075e-01 7.575406e-01 -8.186334e-02 -7.814438e-01 3.922978e-02 -4.146204e-01 5.496645e-02 2.967882e-01 3.011613e-01 4.556932e-02 -9.448132e-02 -9.567117e-02 2.139851e-01 3.509536e-02 8.253779e-02 1.092965e-02 8.964692e-02 -4.103817e-02 -1.680743e-01 -8.082519e-02 -2.285301e-02 2.704805e-02 6.061678e-02 5.858571e-02 -4.575884e-03 3.463088e-03
<VARIANCE> 39
 1.075570e+01 2.305928e+01 1.835858e+01 3.944754e+01 4.045786e+01 2.353780e+01 2.441610e+01 2.433787e+01 3.137280e+01 2.547020e+01 2.575892e+01 2.447282e+01 3.380887e+00 3.360930e-01 9.650957e-01 6.847280e-01 1.411198e+00 1.254016e+00 1.634332e+00 1.348144e+00 1.128187e+00 1.374367e+00 1.216737e+00 1.140073e+00 1.007748e+00 1.229754e-01 4.082822e-02 8.491973e-02 8.461767e-02 2.011322e-01 1.478576e-01 1.778279e-01 1.529689e-01 1.814235e-01 2.320954e-01 1.695047e-01 1.833545e-01 1.573074e-01 1.323961e-02
<GCONST> 8.183717e+01
<STATE> 3
<MEAN> 39
 -7.935238e+00 5.476053e+00 -4.908545e+00 -1.664708e+01 -2.357285e+00 -1.441952e+01 -3.035366e+00 -8.590993e+00 -1.333377e+00 -4.426836e+00 9.895701e-01 -5.287155e+00 1.807282e+01 2.038464e-01 -4.290725e-01 1.808135e-01 9.720787e-01 1.361492e-01 6.939182e-02 -3.419716e-01 -6.694704e-01 -5.148615e-01 -4.116353e-02 2.100204e-01 1.946040e-01 -2.363405e-01 1.021068e-02 -3.328991e-01 -3.043719e-02 6.394880e-02 4.254454e-02 3.532650e-01 1.234249e-01 5.586960e-02 -2.346857e-02 -9.194429e-02 -6.258173e-02 3.911889e-03 -6.257618e-02
<VARIANCE> 39
 9.284512e+00 1.350739e+01 2.250807e+01 3.248480e+01 1.967625e+01 2.420481e+01 5.254461e+01 3.438069e+01 4.415777e+01 2.637351e+01 3.191338e+01 2.703328e+01 1.959842e+00 2.642214e-01 1.895682e+00 4.088333e-01 7.647144e-01 7.868065e-01 2.502136e+00 1.307345e+00 1.116788e+00 1.804264e+00 1.195092e+00 1.398749e+00 1.008703e+00 6.759126e-02 3.641417e-02 9.029943e-02 5.905410e-02 1.265745e-01 9.250795e-02 1.745002e-01 1.630083e-01 2.078770e-01 2.767971e-01 1.690468e-01 1.958892e-01 1.643085e-01 4.024213e-03
<GCONST> 7.874335e+01
<STATE> 4
<MEAN> 39
 -7.116769e+00 -6.541070e+00 -5.514882e+00 -1.004293e+01 -1.215374e+00 -4.682473e+00 -8.409374e-01 -8.921487e+00 -3.019660e+00 -5.935843e+00 9.428692e-01 -4.004980e+00 1.468662e+01 -7.179845e-02 -3.660447e-01 -1.176297e-01 1.204232e-01 -4.112465e-02 3.696082e-01 1.855405e-01 1.810012e-01 1.167376e-01 8.798400e-03 1.649088e-02 9.387818e-03 -9.300508e-02 -5.684996e-03 1.757348e-01 1.040019e-02 -6.684001e-02 -1.211832e-02 -1.464314e-01 -4.599065e-02 -1.503985e-02 -6.331913e-03 2.179334e-02 -5.186375e-03 -1.391501e-02 4.871769e-02
<VARIANCE> 39
 4.560891e+00 6.159119e+00 8.314752e+00 9.574128e+00 1.262566e+01 1.589428e+01 1.697649e+01 1.696684e+01 1.732069e+01 1.627314e+01 1.523353e+01 1.399439e+01 1.034501e+00 2.099292e-01 8.405209e-01 4.288100e-01 5.955219e-01 4.862407e-01 1.170442e+00 9.931183e-01 8.546667e-01 9.812943e-01 7.909751e-01 7.432469e-01 7.057050e-01 4.874171e-02 3.460022e-02 9.647740e-02 7.128531e-02 1.091524e-01 9.177051e-02 1.887647e-01 1.756935e-01 1.504276e-01 1.623778e-01 1.354730e-01 1.324255e-01 1.272722e-01 4.818410e-03
<GCONST> 6.216203e+01
<TRANSP> 5
 0.000000e+00 1.000000e+00 0.000000e+00 0.000000e+00 0.000000e+00
 0.000000e+00 9.121940e-01 8.780601e-02 0.000000e+00 0.000000e+00
 0.000000e+00 0.000000e+00 8.976234e-01 1.023766e-01 0.000000e+00
 0.000000e+00 0.000000e+00 0.000000e+00 9.213892e-01 7.861086e-02
 0.000000e+00 0.000000e+00 0.000000e+00 0.000000e+00 0.000000e+00
<ENDHMM>
~h "oh"
<BEGINHMM>
<NUMSTATES> 5
<STATE> 2
<MEAN> 39
 -5.072904e+00 -9.817541e+00 -7.833382e+00 -8.759857e+00 -2.347719e+00 -7.078439e+00 2.847758e+00 -7.616871e+00 -4.773009e+00 -6.878156e+00 -1.687978e+00 -4.955317e+00 1.721408e+01 4.015599e-01 -2.821487e-01 -5.485504e-01 2.171542e-01 1.401625e-01 -4.945709e-01 2.322896e-01 5.781049e-01 -1.037478e-01 -3.932617e-01 -3.404433e-01 -6.349628e-02 2.903821e-01 6.013408e-02 8.892407e-02 -1.210244e-02 -5.544886e-02 1.547178e-02 -6.012432e-02 -1.276604e-01 1.861824e-02 1.092554e-01 1.494975e-03 -5.272228e-02 -5.050197e-02 1.424359e-02
<VARIANCE> 39
 8.382318e+00 1.228218e+01 1.538581e+01 1.591972e+01 2.185691e+01 2.340164e+01 2.846190e+01 5.757666e+01 3.748623e+01 3.054214e+01 2.663988e+01 2.711326e+01 3.812015e+00 4.045034e-01 5.595047e-01 6.603162e-01 6.405976e-01 7.460979e-01 1.180174e+00 1.235327e+00 1.815303e+00 1.533160e+00 1.309645e+00 1.311776e+00 1.082003e+00 1.254162e-01 4.813060e-02 7.023267e-02 8.521727e-02 8.555451e-02 1.118070e-01 1.482320e-01 1.609972e-01 2.226750e-01 2.095436e-01 1.953586e-01 2.000354e-01 1.548819e-01 1.713554e-02
<GCONST> 7.894449e+01
<STATE> 3
<MEAN> 39
 -4.965956e-01 -8.085553e+00 -1.303811e+01 -1.018379e+01 -8.909639e-01 -1.201037e+01 -8.892493e-01 -1.284807e+00 1.939280e-01 -7.884257e+00 -5.009701e+00 -6.855103e+00 1.903839e+01 2.239066e-01 4.083356e-01 -6.299675e-03 -3.375474e-01 -6.151014e-02 -1.964585e-02 -6.569714e-01 -2.515034e-01 6.164247e-01 5.838715e-01 3.178773e-02 -3.234851e-01 -1.058186e-02 -4.688035e-02 2.213257e-02 1.000646e-01 -1.014020e-02 -5.009495e-02 8.897680e-02 1.630333e-02 -1.447874e-01 -8.520399e-02 7.581881e-02 1.148444e-01 2.391903e-02 -2.662399e-02
<VARIANCE> 39
 6.028929e+00 9.347405e+00 1.555831e+01 1.589687e+01 1.975417e+01 2.333684e+01 4.428237e+01 3.314376e+01 4.055780e+01 3.755709e+01 3.123156e+01 3.914728e+01 1.183736e+00 8.543308e-02 1.427005e-01 2.976728e-01 2.936642e-01 3.913105e-01 5.535884e-01 7.245921e-01 1.116327e+00 7.998063e-01 8.947304e-01 8.656532e-01 6.944239e-01 1.391790e-02 1.175630e-02 1.537126e-02 3.537057e-02 3.572030e-02 4.852977e-02 7.178198e-02 8.156166e-02 1.012437e-01 1.109303e-01 1.075001e-01 9.628422e-02 9.289270e-02 1.245801e-03
<GCONST> 5.396382e+01
<STATE> 4
<MEAN> 39
 -7.418401e-01 -3.730199e+00 -8.383305e+00 -1.248795e+01 -3.622053e+00 -9.300123e+00 -4.000135e+00 -8.066686e+00 -2.979646e-01 -3.366264e+00 3.569823e-01 -6.248655e+00 1.795416e+01 -5.069051e-01 1.202992e-01 7.349995e-01 2.727194e-01 1.213908e-02 5.559273e-01 3.365043e-01 -4.405214e-01 -5.363590e-01 -1.885758e-01 3.968869e-01 4.349129e-01 -2.802326e-01 -1.126513e-01 -1.140012e-01 -2.908024e-02 7.595330e-02 9.950937e-02 8.985746e-02 1.345902e-01 9.031358e-02 -3.953654e-02 -1.066712e-01 -6.855652e-02 5.315223e-02 -3.464253e-02
<VARIANCE> 39
 9.361536e+00 7.810215e+00 2.079551e+01 1.825482e+01 1.941331e+01 2.692003e+01 3.110313e+01 2.683562e+01 3.199021e+01 4.008415e+01 3.906113e+01 3.790232e+01 2.412511e+00 3.826954e-01 4.593661e-01 5.507373e-01 6.217660e-01 8.842410e-01 1.264740e+00 1.251874e+00 1.298652e+00 1.305793e+00 1.263463e+00 1.279159e+00 1.245755e+00 5.453470e-02 3.299599e-02 4.469851e-02 8.896680e-02 8.728146e-02 1.096995e-01 1.661355e-01 1.871809e-01 1.997288e-01 2.127138e-01 2.068777e-01 1.755924e-01 1.748504e-01 4.194917e-03
<GCONST> 7.532741e+01
<TRANSP> 5
 0.000000e+00 1.000000e+00 0.000000e+00 0.000000e+00 0.000000e+00
 0.000000e+00 9.027606e-01 9.723936e-02 0.000000e+00 0.000000e+00
 0.000000e+00 0.000000e+00 9.042473e-01 9.575275e-02 0.000000e+00
 0.000000e+00 0.000000e+00 0.000000e+00 8.838432e-01 1.161568e-01
 0.000000e+00 0.000000e+00 0.000000e+00 0.000000e+00 0.000000e+00
<ENDHMM>
~h "seven"
<BEGINHMM>
<NUMSTATES> 5
<STATE> 2
<MEAN> 39
 -8.806640e+00 -4.769284e+00 -7.050024e+00 -8.596655e+00 -2.107397e+00 -3.131441e+00 -1.276507e+00 -8.136147e+00 -2.909430e+00 -5.214483e+00 6.799237e-01 -3.793393e+00 1.484347e+01 4.741159e-02 -4.084790e-02 -4.356913e-02 -3.256986e-01 -2.671279e-01 -1.353355e-01 2.667648e-01 1.513741e-02 1.375782e-01 -7.731417e-04 -2.047787e-01 -6.332455e-02 1.080884e-01 1.303981e-01 9.204770e-03 8.983058e-02 -1.476357e-01 -1.309363e-01 -1.120201e-01 8.733001e-02 -1.238441e-02 2.002491e-02 -2.644492e-02 -8.712229e-02 -9.269786e-02 9.199281e-02
<VARIANCE> 39
 8.339968e+00 1.013035e+01 1.380077e+01 1.310766e+01 1.612600e+01 1.582005e+01 1.759686e+01 1.745254e+01 1.826358e+01 1.723363e+01 1.706741e+01 1.463345e+01 9.047264e-01 7.144124e-01 4.608472e-01 8.613418e-01 9.991091e-01 9.701374e-01 1.283293e+00 9.959628e-01 8.575957e-01 1.029544e+00 1.155907e+00 9.210109e-01 9.517393e-01 1.512426e-01 5.368410e-02 6.783885e-02 9.750184e-02 1.360509e-01 1.662413e-01 1.770662e-01 1.648983e-01 1.456987e-01 1.700096e-01 1.546174e-01 1.450091e-01 1.504833e-01 8.093942e-03
<GCONST> 7.123418e+01
<STATE> 3
<MEAN> 39
 -5.558074e+00 -7.172778e+00 -5.193472e+00 -1.591174e+01 -6.355661e+00 -4.897013e+00 4.772486e+00 -8.475003e+00 -2.770163e+00 -6.761118e+00 -3.975048e+00 -6.626520e+00 1.896182e+01 1.894535e-01 -2.722626e-01 1.233814e-01 3.882838e-02 -6.137344e-02 -1.088007e-01 2.446578e-01 2.681849e-01 -2.807243e-01 -5.543035e-02 -6.964444e-02 -1.107266e-01 1.236366e-01 -4.178004e-02 7.839749e-02 1.111915e-02 2.926457e-01 1.553700e-01 -2.480860e-02 -2.548967e-01 3.867858e-02 -2.091167e-02 1.592024e-02 1.771702e-01 7.159721e-02 -1.270850e-01
<VARIANCE> 39
 9.614646e+00 1.303328e+01 9.436711e+00 1.827780e+01 4.580248e+01 3.937848e+01 3.187667e+01 3.950840e+01 4.652961e+01 5.849231e+01 3.255421e+01 3.130152e+01 1.240814e+00 4.410261e-01 5.954201e-01 4.993330e-01 1.548395e+00 1.671524e+00 1.672650e+00 1.827653e+00 1.089302e+00 1.392669e+00 1.776832e+00 1.809613e+00 1.326401e+00 2.114269e-01 8.204689e-02 9.001198e-02 9.646609e-02 1.114839e-01 2.523419e-01 2.721470e-01 1.781218e-01 1.666771e-01 2.018927e-01 2.407533e-01 2.262372e-01 1.834979e-01 6.062325e-03
<GCONST> 8.474818e+01
<STATE> 4
<MEAN> 39
 -3.244348e+00 -3.881840e+00 -1.891205e+00 -9.521945e+00 -3.365972e+00 -8.015683e+00 -1.088919e+00 -8.732979e+00 -4.324250e+00 -7.120047e+00 -1.906864e+00 -7.105258e+00 1.713247e+01 1.768322e-02 2.205661e-01 1.049608e-01 2.065499e-01 3.193768e-01 1.039545e-01 -2.925297e-01 -2.637338e-01 8.569281e-02 -1.439305e-02 1.277884e-01 4.227530e-02 -1.184136e-01 -5.595609e-02 -7.367308e-02 -7.384499e-02 -8.778027e-02 -2.233407e-02 9.372138e-02 1.106989e-01 -4.596198e-03 1.866135e-02 1.745073e-02 -3.220643e-02 2.023117e-02 1.415736e-02
<VARIANCE> 39
 4.974840e+00 1.019478e+01 9.926709e+00 1.395348e+01 2.822469e+01 3.043306e+01 2.586526e+01 4.089524e+01 3.293280e+01 3.570391e+01 3.328817e+01 2.974876e+01 1.533695e+00 2.533945e-01 5.250474e-01 5.539066e-01 8.538653e-01 1.339953e+00 1.253489e+00 1.628736e+00 1.363170e+00 1.438484e+00 1.411170e+00 1.273560e+00 9.896283e-01 9.358753e-02 3.738626e-02 7.812197e-02 8.698364e-02 1.507714e-01 2.341873e-01 2.027749e-01 2.726193e-01 2.366428e-01 2.360251e-01 2.409603e-01 2.174073e-01 1.500706e-01 1.437082e-02
<GCONST> 7.928009e+01
<TRANSP> 5
 0.000000e+00 1.000000e+00 0.000000e+00 0.000000e+00 0.000000e+00
 0.000000e+00 9.125738e-01 8.742621e-02 0.000000e+00 0.000000e+00
 0.000000e+00 0.000000e+00 9.003659e-01 9.963414e-02 0.000000e+00
 0.000000e+00 0.000000e+00 0.000000e+00 9.365584e-01 6.344159e-02
 0.000000e+00 0.000000e+00 0.000000e+00 0.000000e+00 0.000000e+00
<ENDHMM>
~h "three"
<BEGINHMM>
<NUMSTATES> 5
<STATE> 2
<MEAN> 39
 -7.753096e+00 -6.035274e+00 -4.949142e+00 -1.011977e+01 -8.176944e-01 -4.845855e+00 -5.888035e-01 -8.498262e+00 -2.602037e+00 -5.425552e+00 9.830316e-01 -3.779372e+00 1.488863e+01 1.181837e-01 -8.363501e-02 2.207198e-01 -4.797855e-02 -4.167411e-01 -2.858681e-01 -6.849181e-02 1.494159e-02 7.425320e-02 3.189605e-02 1.361275e-02 4.288358e-04 9.208830e-02 1.742206e-01 2.254127e-02 1.428295e-01 1.952512e-03 -2.577673e-01 -1.755565e-01 -7.574126e-02 -1.877723e-02 1.537870e-02 -9.218095e-03 -3.924743e-02 -7.054628e-02 8.471651e-02
<VARIANCE> 39
 5.400791e+00 6.329582e+00 9.779355e+00 1.060192e+01 1.435539e+01 1.431225e+01 1.606509e+01 1.761143e+01 1.951322e+01 1.776077e+01 1.686061e+01 1.459230e+01 1.170450e+00 7.019903e-01 5.235446e-01 8.963111e-01 7.510084e-01 1.499184e+00 1.312559e+00 9.016348e-01 1.036179e+00 9.999555e-01 9.323062e-01 9.825650e-01 9.153180e-01 1.193084e-01 5.916795e-02 9.076423e-02 9.846709e-02 1.380229e-01 2.011593e-01 1.855364e-01 1.564497e-01 2.030751e-01 1.781606e-01 1.662450e-01 1.641536e-01 1.611112e-01 4.958376e-03
<GCONST> 7.052030e+01
<STATE> 3
<MEAN> 39
 -2.518147e+00 -6.783523e+00 2.449308e+00 -1.140190e+01 -1.369862e+01 -9.363311e+00 -3.152565e+00 -9.428339e+00 -9.451154e-03 -5.130509e+00 1.270121e-01 -5.735048e+00 1.823541e+01 -6.862552e-02 4.227144e-01 6.951793e-01 -1.049856e+00 -3.996462e-01 3.060203e-01 -8.254077e-01 1.096475e-01 3.076122e-01 -2.807260e-02 6.153189e-02 -1.674213e-01 2.367495e-01 -2.156721e-01 2.146454e-01 -2.005208e-01 -1.428168e-01 5.230255e-01 4.712414e-02 -5.941727e-02 1.143460e-01 -1.140720e-01 -2.023086e-02 2.135143e-02 3.956058e-02 -6.774364e-02
<VARIANCE> 39
 6.507167e+00 1.457573e+01 2.008425e+01 4.937667e+01 4.245377e+01 6.100880e+01 3.522895e+01 3.826551e+01 3.064140e+01 2.820660e+01 3.707786e+01 3.334343e+01 1.447084e+00 9.619791e-01 1.476631e+00 9.228691e-01 2.725306e+00 4.895113e+00 3.382436e+00 2.206995e+00 1.969151e+00 1.296625e+00 1.095893e+00 1.152276e+00 1.164598e+00 6.899504e-02 6.798227e-02 1.290743e-01 1.773856e-01 3.907541e-01 3.806301e-01 6.812707e-01 3.772568e-01 2.755096e-01 2.400972e-01 1.746556e-01 1.705917e-01 1.637534e-01 3.908579e-03
<GCONST> 9.265440e+01
<STATE> 4
<MEAN> 39
 -6.590525e+00 3.298143e+00 -7.803496e-01 -1.672940e+01 -2.106729e+00 -1.135583e+01 -6.399181e+00 -7.962188e+00 -3.159462e+00 -5.505672e+00 -3.370923e-01 -6.525792e+00 1.789478e+01 -2.819952e-02 6.329084e-02 -6.391458e-01 7.253097e-01 7.234750e-01 -1.648640e-01 5.492667e-01 -8.268701e-02 -3.564509e-01 1.202835e-02 -7.059458e-02 5.073639e-02 -1.956448e-01 5.814639e-02 -2.881093e-01 2.509597e-03 1.697305e-01 -2.211477e-01 1.819736e-01 1.647790e-01 -6.734657e-02 9.742372e-02 8.240398e-03 2.041699e-02 2.496874e-02 -3.092059e-02
<VARIANCE> 39
 7.580527e+00 1.700891e+01 1.909978e+01 3.484719e+01 2.704734e+01 2.948758e+01 4.823319e+01 4.778448e+01 3.321837e+01 3.976902e+01 4.240142e+01 3.677532e+01 1.619893e+00 3.151321e-01 1.882904e+00 6.700076e-01 1.043721e+00 1.834874e+00 2.559850e+00 1.467130e+00 1.693762e+00 1.384673e+00 1.287919e+00 1.031998e+00 9.705031e-01 3.582554e-02 4.748395e-02 9.098835e-02 9.640311e-02 2.205407e-01 1.814743e-01 2.352844e-01 2.696340e-01 2.497830e-01 1.837020e-01 1.709956e-01 1.443273e-01 1.353051e-01 2.469559e-03
<GCONST> 8.276367e+01
<TRANSP> 5
 0.000000e+00 1.000000e+00 0.000000e+00 0.000000e+00 0.000000e+00
 0.000000e+00 9.016221e-01 9.837792e-02 0.000000e+00 0.000000e+00
 0.000000e+00 0.000000e+00 8.936682e-01 1.063319e-01 0.000000e+00
 0.000000e+00 0.000000e+00 0.000000e+00 9.153342e-01 8.466581e-02
 0.000000e+00 0.000000e+00 0.000000e+00 0.000000e+00 0.000000e+00
<ENDHMM>
~h "one"
<BEGINHMM>
<NUMSTATES> 5
<STATE> 2
<MEAN> 39
 -4.518657e-01 -3.402719e+00 -8.443908e+00 -1.270275e+01 -1.875682e+00 -5.987653e+00 -2.275662e+00 -8.867926e+00 -2.601703e+00 -6.645988e+00 -1.475385e+00 -7.365983e+00 1.769859e+01 2.104101e-01 -3.606892e-01 -7.772027e-01 3.866444e-01 4.274734e-01 9.437245e-02 -2.048071e-01 2.134562e-01 1.819894e-01 -2.419186e-01 -3.084298e-01 -2.085158e-01 1.797024e-01 -1.118930e-01 -1.460651e-01 2.928229e-02 2.153456e-01 1.226161e-02 -9.389322e-02 -2.927074e-03 1.044308e-01 5.148718e-03 -7.578953e-02 2.510985e-03 7.602514e-02 -1.570868e-02
<VARIANCE> 39
 5.495372e+00 8.374993e+00 3.132976e+01 2.276461e+01 2.856266e+01 2.622869e+01 2.260891e+01 2.060507e+01 2.743945e+01 2.315654e+01 3.019633e+01 3.007918e+01 2.038561e+00 4.331090e-01 7.311475e-01 9.486002e-01 2.139353e+00 1.343988e+00 1.366082e+00 1.271953e+00 1.039798e+00 1.139388e+00 9.681842e-01 1.110999e+00 9.685572e-01 5.947201e-02 3.949695e-02 5.502288e-02 1.856295e-01 2.318581e-01 2.499816e-01 2.470873e-01 2.300180e-01 1.749956e-01 1.963416e-01 1.583917e-01 1.854125e-01 1.750195e-01 4.527948e-03
<GCONST> 7.904102e+01
<STATE> 3
<MEAN> 39
 -2.465492e+00 -1.063752e+01 -1.057812e+01 -1.816994e+00 -8.204859e-01 -9.426633e+00 -2.030238e+00 -4.360022e+00 -3.708393e+00 -1.158838e+01 -2.280311e+00 -6.160059e+00 1.852691e+01 -5.923262e-01 -3.130997e-01 1.360791e+00 4.865432e-01 -1.327675e+00 -2.684027e-01 1.140164e+00 -1.565404e-01 -8.915113e-01 -1.472658e-02 5.522396e-01 9.289295e-02 -5.213439e-02 3.157146e-02 3.182546e-01 2.336414e-01 -5.691819e-01 -9.459735e-02 3.616127e-01 5.219866e-02 -4.228484e-01 2.293172e-02 3.597693e-01 2.881402e-02 -1.620806e-01 -2.971568e-02
<VARIANCE> 39
 6.425687e+00 9.764939e+00 1.981058e+01 2.419568e+01 2.885925e+01 1.776348e+01 3.884083e+01 3.255234e+01 4.659235e+01 3.887033e+01 3.430856e+01 3.411121e+01 1.525042e+00 1.633395e-01 5.914875e-01 6.367630e-01 1.980118e+00 7.716020e-01 1.823234e+00 1.053367e+00 2.307850e+00 1.240654e+00 1.946863e+00 1.064884e+00 1.293220e+00 8.977785e-03 2.596307e-02 5.244818e-02 1.077599e-01 1.227782e-01 3.162108e-01 1.590607e-01 4.062704e-01 1.859207e-01 3.425950e-01 2.133393e-01 2.683229e-01 1.720609e-01 8.707155e-04
<GCONST> 7.673759e+01
<STATE> 4
<MEAN> 39
 -3.841141e+00 -4.380108e+00 -1.380820e+00 -8.920110e+00 -3.196652e+00 -6.281974e+00 -2.462204e+00 -1.221236e+01 -5.214540e+00 -8.497481e+00 -2.664939e+00 -8.175403e+00 1.759468e+01 -3.699940e-03 5.640216e-01 2.622513e-01 -4.548797e-01 4.116595e-01 1.698808e-01 -3.735627e-01 -2.333049e-01 1.575107e-01 1.861143e-01 -2.806403e-02 1.649862e-01 -1.759983e-01 -2.108022e-02 -1.171248e-01 -2.145114e-01 1.096533e-01 8.704154e-02 -2.721974e-02 2.046152e-02 1.849930e-01 4.516857e-02 -7.363440e-02 3.749610e-02 8.076064e-02 -1.677465e-02
<VARIANCE> 39
 6.725611e+00 2.077615e+01 9.946153e+00 1.740445e+01 2.093872e+01 4.195534e+01 3.341024e+01 3.282913e+01 4.008419e+01 4.409900e+01 3.259620e+01 3.568691e+01 1.337965e+00 3.443277e-01 1.010749e+00 9.863518e-01 1.216699e+00 8.805048e-01 1.865015e+00 1.353850e+00 1.411819e+00 1.573517e+00 1.478422e+00 1.085047e+00 1.050125e+00 2.735208e-02 5.694312e-02 1.045732e-01 8.382097e-02 1.278460e-01 1.951424e-01 2.806734e-01 2.505300e-01 1.784436e-01 2.218337e-01 2.216909e-01 1.661890e-01 1.590865e-01 2.928936e-03
<GCONST> 7.987326e+01
<TRANSP> 5
 0.000000e+00 1.000000e+00 0.000000e+00 0.000000e+00 0.000000e+00
 0.000000e+00 9.096029e-01 9.039712e-02 0.000000e+00 0.000000e+00
 0.000000e+00 0.000000e+00 8.314120e-01 1.685880e-01 0.000000e+00
 0.000000e+00 0.000000e+00 0.000000e+00 9.086900e-01 9.131002e-02
 0.000000e+00 0.000000e+00 0.000000e+00 0.000000e+00 0.000000e+00
<ENDHMM>
~h "sil"
<BEGINHMM>
<NUMSTATES> 5
<STATE> 2
<MEAN> 39
 -5.629691e+00 -5.381883e+00 -3.959652e+00 -9.043983e+00 -2.191636e-01 -4.181911e+00 -1.412700e-01 -8.546710e+00 -2.498043e+00 -5.830934e+00 5.866169e-01 -4.487341e+00 1.512055e+01 -2.989972e-01 -2.485925e-01 -1.857968e-01 -5.063292e-02 6.952376e-02 1.348569e-01 8.168910e-02 -1.638279e-03 1.418072e-02 1.866345e-02 1.135555e-01 5.824698e-02 -1.518538e-01 2.366839e-02 -7.470969e-03 -3.844197e-02 -6.360388e-02 -7.384125e-02 -6.420241e-02 -4.217977e-02 -1.951389e-03 -3.813273e-03 -6.771023e-03 -1.693969e-02 -5.217421e-03 2.531420e-02
<VARIANCE> 39
 6.971097e+00 8.607233e+00 9.564786e+00 1.168478e+01 1.486939e+01 1.538795e+01 1.765932e+01 1.877664e+01 2.046490e+01 1.954506e+01 1.858378e+01 1.638737e+01 1.209556e+00 1.686654e-01 3.746004e-01 4.430685e-01 5.866162e-01 7.339794e-01 8.284962e-01 8.454978e-01 9.076003e-01 9.109237e-01 8.356456e-01 9.046675e-01 7.998143e-01 2.155265e-02 2.201138e-02 4.568560e-02 6.338228e-02 7.749982e-02 1.032739e-01 1.189163e-01 1.186155e-01 1.276615e-01 1.369558e-01 1.216477e-01 1.281467e-01 1.153787e-01 2.526388e-03
<GCONST> 5.922222e+01
<STATE> 3
<MEAN> 39
 -7.156939e+00 -7.236735e+00 -5.866395e+00 -1.018523e+01 -1.012348e+00 -4.339156e+00 -3.654403e-01 -8.603598e+00 -2.680012e+00 -5.571366e+00 1.005066e+00 -4.037416e+00 1.452098e+01 -3.584067e-03 4.973721e-03 -6.192070e-03 3.801815e-03 1.879462e-03 4.715952e-03 1.254971e-03 -9.876154e-03 -4.555699e-03 1.094672e-02 -2.632307e-04 2.492601e-03 -1.193081e-03 -2.368313e-04 4.887822e-03 2.877431e-03 5.286458e-03 1.315855e-03 2.870376e-03 5.486892e-04 5.853376e-03 2.717770e-03 -8.293077e-04 -4.062807e-03 -3.430485e-03 1.584976e-03
<VARIANCE> 39
 3.027165e+00 3.564780e+00 6.172704e+00 8.254440e+00 1.253747e+01 1.387374e+01 1.474216e+01 1.582845e+01 1.623779e+01 1.398251e+01 1.548319e+01 1.300188e+01 1.028432e+00 5.842905e-02 1.319095e-01 2.563353e-01 3.600304e-01 4.751976e-01 6.449600e-01 6.224144e-01 6.900985e-01 6.643434e-01 5.534232e-01 6.422850e-01 5.676932e-01 2.417420e-03 1.073368e-02 2.426563e-02 4.638898e-02 6.443691e-02 8.854953e-02 1.218526e-01 1.105601e-01 1.289114e-01 1.215520e-01 9.644400e-02 1.150024e-01 1.070999e-01 5.051124e-04
<GCONST> 4.276595e+01
<STATE> 4
<MEAN> 39
 -8.044100e+00 -6.369823e+00 -6.079100e+00 -1.016940e+01 -1.188539e+00 -4.700855e+00 -5.106640e-01 -8.720682e+00 -2.519547e+00 -5.941768e+00 9.985310e-01 -4.417080e+00 1.453677e+01 3.422735e-03 1.545882e-01 2.794256e-02 1.227952e-02 -7.638169e-02 -6.394027e-02 -6.564997e-02 4.921003e-02 -5.532555e-02 -8.987398e-02 -1.027077e-01 -6.833611e-02 4.892004e-02 4.561744e-02 5.645864e-02 2.690548e-02 -6.752329e-03 -2.036922e-03 -2.716418e-02 -1.659543e-02 -1.573688e-02 -1.398950e-02 -1.821227e-02 -3.889854e-02 -1.456880e-02 3.347782e-02
<VARIANCE> 39
 5.361463e+00 5.850670e+00 7.452242e+00 1.031436e+01 1.202343e+01 1.461871e+01 1.655217e+01 1.791413e+01 1.851075e+01 1.737203e+01 1.645254e+01 1.416317e+01 1.276582e+00 2.534420e-01 3.365524e-01 3.772629e-01 5.664125e-01 6.053317e-01 7.375295e-01 7.088120e-01 9.202815e-01 8.939187e-01 7.990506e-01 7.762717e-01 6.718943e-01 2.073162e-02 3.954318e-02 5.724544e-02 6.069205e-02 9.818359e-02 9.287848e-02 1.226492e-01 1.060881e-01 1.502723e-01 1.416595e-01 1.225172e-01 1.118091e-01 9.929971e-02 4.412935e-03
<GCONST> 5.788789e+01
<TRANSP> 5
 0.000000e+00 1.000000e+00 0.000000e+00 0.000000e+00 0.000000e+00
 0.000000e+00 7.692394e-01 2.307606e-01 0.000000e+00 0.000000e+00
 0.000000e+00 0.000000e+00 9.590834e-01 4.091661e-02 0.000000e+00
 0.000000e+00 0.000000e+00 0.000000e+00 7.109258e-01 2.890742e-01
 0.000000e+00 0.000000e+00 0.000000e+00 0.000000e+00 0.000000e+00
<ENDHMM>
~h "six"
<BEGINHMM>
<NUMSTATES> 5
<STATE> 2
<MEAN> 39
 -9.124295e+00 -4.836954e+00 -7.749950e+00 -8.266640e+00 -2.438859e+00 -2.834773e+00 -1.487293e+00 -7.798926e+00 -3.116515e+00 -4.969310e+00 3.618718e-01 -3.493936e+00 1.461232e+01 2.726813e-02 1.591598e-01 1.186002e-01 -3.531419e-01 -3.868243e-01 -2.528200e-01 -1.307400e-02 8.919979e-03 1.418945e-01 1.896524e-01 -1.204979e-01 9.512046e-03 1.277530e-01 1.224180e-01 8.574618e-02 1.920704e-01 -2.156927e-01 -1.443492e-01 -1.911085e-01 -1.348167e-02 -1.142847e-02 4.335976e-02 1.788270e-02 -7.846200e-02 -1.185637e-01 9.579262e-02
<VARIANCE> 39
 5.881859e+00 7.824510e+00 1.145771e+01 1.170149e+01 1.691562e+01 1.670041e+01 1.585943e+01 1.681437e+01 1.957147e+01 2.023767e+01 1.844874e+01 1.536605e+01 1.012899e+00 5.537631e-01 4.715967e-01 1.205765e+00 1.010495e+00 1.007774e+00 1.470696e+00 8.038259e-01 8.137794e-01 1.030870e+00 1.294179e+00 9.459652e-01 9.358552e-01 1.411680e-01 4.636095e-02 5.967519e-02 9.845401e-02 1.366895e-01 1.730452e-01 1.833199e-01 1.418881e-01 1.549591e-01 1.804593e-01 1.774093e-01 1.522813e-01 1.540164e-01 7.503502e-03
<GCONST> 7.075551e+01
<STATE> 3
<MEAN> 39
 -6.389795e+00 -1.255084e+00 -8.810623e-01 -1.937228e+01 -7.577194e+00 -8.493302e+00 -2.595069e+00 -6.569140e+00 3.325118e-02 -3.820272e+00 -2.226169e+00 -7.108534e+00 1.817332e+01 6.033789e-02 -1.004580e-01 1.973094e-01 -2.318162e-01 3.399071e-01 1.645809e-01 -1.732648e-01 1.224701e-01 4.917455e-02 -1.716382e-01 1.772009e-01 -6.580621e-03 -4.431785e-02 -7.081278e-02 -1.914884e-01 -2.624974e-01 4.212634e-01 2.477779e-01 2.067547e-01 8.841413e-02 -7.030383e-02 -1.214316e-01 -5.252283e-02 1.186420e-01 1.339912e-01 -1.487445e-01
<VARIANCE> 39
 7.367368e+00 9.635596e+00 1.569742e+01 2.776346e+01 5.692443e+01 3.167277e+01 3.629292e+01 2.495916e+01 3.438404e+01 5.661711e+01 3.469409e+01 3.674877e+01 1.645047e+00 3.757045e-01 7.674609e-01 1.271301e+00 3.640179e+00 2.695807e+00 1.950655e+00 1.896175e+00 1.366034e+00 1.928482e+00 2.033425e+00 1.879827e+00 2.011311e+00 3.396144e-01 6.646573e-02 6.525156e-02 1.520792e-01 2.585391e-01 3.130457e-01 3.120062e-01 3.695939e-01 2.303204e-01 2.922210e-01 3.375135e-01 2.687100e-01 2.614650e-01 1.433633e-02
<GCONST> 9.337854e+01
<STATE> 4
<MEAN> 39
 -8.222577e+00 -6.451437e+00 -6.277396e+00 -9.275583e+00 -2.415953e+00 -3.256265e+00 -9.182770e-01 -8.615624e+00 -2.795307e+00 -5.153826e+00 7.408617e-01 -4.248634e+00 1.464349e+01 -7.442129e-02 -1.118073e-01 -2.389875e-01 2.870740e-01 3.500280e-02 6.666943e-02 1.390733e-01 -4.188125e-02 -8.121274e-02 -2.483251e-03 7.366332e-03 3.130454e-02 -6.889629e-02 2.173762e-02 7.154382e-02 7.432585e-02 -1.248945e-01 -5.118569e-02 -6.603903e-02 -5.131251e-02 3.815514e-02 2.469888e-02 6.733298e-03 -2.995419e-02 -2.922726e-02 4.497601e-02
<VARIANCE> 39
 7.836410e+00 8.036990e+00 1.202001e+01 1.253896e+01 1.775488e+01 1.684575e+01 1.688478e+01 1.718214e+01 1.742179e+01 1.762552e+01 1.547863e+01 1.427367e+01 1.310076e+00 3.471872e-01 5.518965e-01 7.463477e-01 9.087886e-01 9.875026e-01 1.059264e+00 1.026785e+00 9.108870e-01 8.760953e-01 8.051554e-01 7.558447e-01 6.350740e-01 5.456970e-02 4.509157e-02 7.355036e-02 1.100384e-01 1.327705e-01 1.825923e-01 1.706938e-01 1.655958e-01 1.667243e-01 1.581870e-01 1.441438e-01 1.370198e-01 1.246721e-01 7.388055e-03
<GCONST> 6.779651e+01
<TRANSP> 5
 0.000000e+00 1.000000e+00 0.000000e+00 0.000000e+00 0.000000e+00
 0.000000e+00 9.049472e-01 9.505285e-02 0.000000e+00 0.000000e+00
 0.000000e+00 0.000000e+00 8.983328e-01 1.016672e-01 0.000000e+00
 0.000000e+00 0.000000e+00 0.000000e+00 9.437303e-01 5.626971e-02
 0.000000e+00 0.000000e+00 0.000000e+00 0.000000e+00 0.000000e+00
<ENDHMM>
~h "two"
<BEGINHMM>
<NUMSTATES> 5
<STATE> 2
<MEAN> 39
 -9.639409e+00 -4.513430e+00 -6.580761e+00 -9.863559e+00 -9.720546e-01 -4.070668e+00 -1.373337e+00 -8.179418e+00 -2.537161e+00 -5.722521e+00 1.014202e+00 -3.721758e+00 1.495430e+01 -3.758083e-02 2.631163e-01 2.263394e-01 -3.008489e-01 -8.029513e-02 -1.059677e-02 -1.952116e-01 2.047999e-02 1.192921e-01 3.786996e-02 -4.395876e-03 -2.839699e-02 9.347568e-02 1.950342e-01 9.726338e-02 2.115327e-01 -1.064891e-01 -1.587312e-01 -1.867043e-01 -1.174424e-01 -6.690945e-02 -2.515955e-02 -1.346576e-03 -7.481501e-02 -1.170508e-01 8.904178e-02
<VARIANCE> 39
 9.732131e+00 8.411835e+00 1.057123e+01 1.130264e+01 1.669850e+01 1.858909e+01 1.761613e+01 1.993476e+01 2.015001e+01 2.109540e+01 2.063018e+01 1.756305e+01 9.683589e-01 1.154740e+00 7.385833e-01 1.484538e+00 7.320574e-01 1.243840e+00 1.212130e+00 9.533162e-01 1.050649e+00 1.054674e+00 1.129715e+00 1.398401e+00 9.929851e-01 1.174495e-01 1.107613e-01 1.110938e-01 1.232439e-01 1.199817e-01 2.136400e-01 1.859785e-01 1.655744e-01 1.895575e-01 1.984019e-01 1.764041e-01 2.621558e-01 1.380710e-01 7.422638e-03
<GCONST> 7.620206e+01
<STATE> 3
<MEAN> 39
 -4.756930e+00 1.149316e+00 1.778224e+00 -1.527068e+01 -6.598804e+00 -9.672945e+00 -6.598323e+00 -1.044178e+01 -2.516044e+00 -5.320363e+00 -1.030022e+00 -7.239760e+00 1.830119e+01 7.193314e-01 5.999740e-01 8.360471e-01 -6.091850e-01 -1.201092e+00 -1.150001e+00 -6.212692e-01 -3.241043e-01 -7.638573e-02 1.074630e-01 -2.783287e-01 -6.924757e-01 4.804424e-01 -2.461658e-01 -2.219684e-01 -4.234542e-01 2.838057e-01 2.397681e-01 2.108268e-01 2.293683e-01 1.474368e-01 -1.436250e-02 5.922017e-03 1.442221e-01 1.762001e-01 -1.356784e-01
<VARIANCE> 39
 7.637060e+00 8.201182e+00 1.359603e+01 2.286914e+01 4.094157e+01 2.664879e+01 2.842988e+01 2.392866e+01 3.044523e+01 5.369547e+01 4.334024e+01 4.700747e+01 1.220937e+00 6.002336e-01 6.134164e-01 9.871266e-01 1.413979e+00 1.245545e+00 1.154156e+00 1.636979e+00 1.535896e+00 1.877873e+00 2.038627e+00 2.554879e+00 1.859357e+00 8.416695e-02 6.196146e-02 5.703237e-02 8.188547e-02 1.318224e-01 2.159621e-01 1.828539e-01 2.050729e-01 1.926454e-01 2.096131e-01 2.724445e-01 2.909152e-01 2.224141e-01 8.053140e-03
<GCONST> 8.427509e+01
<STATE> 4
<MEAN> 39
 -3.074160e+00 -2.498586e-01 -1.582163e-01 -1.281027e+01 -6.631946e+00 -1.135588e+01 -5.742229e+00 -1.003087e+01 -3.079260e+00 -5.508288e+00 -1.510089e-01 -7.402933e+00 1.806438e+01 2.856190e-02 -3.108911e-01 -3.225636e-01 4.777227e-01 4.160360e-01 2.897238e-01 2.823409e-01 6.164511e-02 -7.978705e-02 -2.571270e-03 1.468308e-01 2.523632e-01 -1.813458e-01 -7.879093e-02 -6.534897e-02 -4.715125e-02 -2.747813e-03 8.374543e-02 1.333987e-01 8.168712e-02 3.501740e-02 2.799238e-02 -2.889681e-03 -1.432017e-02 4.589115e-02 -4.147490e-02
<VARIANCE> 39
 6.126954e+00 7.980887e+00 1.202320e+01 3.019339e+01 3.252041e+01 2.281905e+01 3.197463e+01 3.246526e+01 4.006970e+01 4.282222e+01 5.143111e+01 4.045081e+01 1.492832e+00 2.866641e-01 2.399531e-01 4.425738e-01 6.655239e-01 9.312071e-01 1.150725e+00 1.105539e+00 1.194717e+00 1.057023e+00 1.124071e+00 1.145986e+00 1.082552e+00 3.967658e-02 3.091887e-02 3.306119e-02 5.466444e-02 9.506729e-02 1.114157e-01 1.450113e-01 1.389045e-01 1.749011e-01 1.699728e-01 1.672946e-01 1.672981e-01 1.557807e-01 3.008828e-03
<GCONST> 7.111192e+01
<TRANSP> 5
 0.000000e+00 1.000000e+00 0.000000e+00 0.000000e+00 0.000000e+00
 0.000000e+00 9.084741e-01 9.152588e-02 0.000000e+00 0.000000e+00
 0.000000e+00 0.000000e+00 7.698604e-01 2.301396e-01 0.000000e+00
 0.000000e+00 0.000000e+00 0.000000e+00 9.201577e-01 7.984235e-02
 0.000000e+00 0.000000e+00 0.000000e+00 0.000000e+00 0.000000e+00
<ENDHMM>
~h "nine"
<BEGINHMM>
<NUMSTATES> 5
<STATE> 2
<MEAN> 39
 -4.077343e+00 -3.898063e+00 -1.677274e+00 -8.971144e+00 -2.804510e+00 -6.378189e+00 -1.642712e+00 -1.116136e+01 -5.117408e+00 -8.041992e+00 -2.887749e+00 -7.734889e+00 1.762904e+01 -1.811340e-01 -6.858082e-01 -2.834664e-01 4.408286e-01 -4.285459e-01 2.355715e-01 4.030299e-01 -1.731188e-01 -1.880324e-02 -1.236214e-01 -8.592826e-02 -8.367000e-02 2.069327e-01 -5.922467e-02 -1.590377e-01 -1.030371e-01 1.132279e-01 -5.452218e-03 -1.169840e-03 5.204889e-02 4.893675e-02 3.952443e-02 9.370508e-03 7.326280e-02 3.877711e-02 -9.215443e-03
<VARIANCE> 39
 8.090961e+00 1.916347e+01 1.444467e+01 1.669300e+01 2.834809e+01 2.875759e+01 3.145674e+01 2.650792e+01 4.734477e+01 3.538876e+01 3.033124e+01 3.281604e+01 1.829777e+00 4.871446e-01 1.494067e+00 1.080498e+00 1.097176e+00 1.264092e+00 1.393842e+00 1.627395e+00 1.205143e+00 1.553546e+00 1.157376e+00 1.183344e+00 1.006630e+00 4.894977e-02 6.265650e-02 1.682052e-01 1.288507e-01 1.425371e-01 2.181614e-01 2.178724e-01 2.447266e-01 1.814134e-01 2.032969e-01 1.691319e-01 1.711289e-01 1.443609e-01 4.463022e-03
<GCONST> 8.221036e+01
<STATE> 3
<MEAN> 39
 -6.347527e+00 -1.160442e+01 -4.860508e+00 -2.734695e+00 -5.693744e+00 -5.250022e+00 1.736059e+00 -1.135922e+01 -5.539677e+00 -9.015327e+00 -1.699772e+00 -7.646741e+00 1.861514e+01 -1.102202e-01 9.686143e-02 2.307479e-01 -2.420486e-01 -2.305148e-02 2.140794e-01 -1.050670e-01 -8.696229e-02 1.959005e-01 5.474235e-02 -5.526802e-02 4.596764e-02 -2.113694e-02 2.517163e-03 1.935469e-01 6.929488e-02 -2.402583e-01 4.426307e-02 6.240260e-02 -1.060979e-01 1.121225e-02 7.537659e-02 -1.084908e-02 -6.778200e-02 2.441988e-02 -1.480030e-02
<VARIANCE> 39
 7.253242e+00 8.472352e+00 2.450036e+01 3.236940e+01 1.900659e+01 3.083621e+01 3.095137e+01 3.397374e+01 4.391692e+01 4.150165e+01 2.842897e+01 3.075455e+01 1.006126e+00 8.384614e-02 3.840290e-01 4.111280e-01 1.132713e+00 5.000378e-01 6.241730e-01 5.587708e-01 5.153654e-01 6.511045e-01 6.707072e-01 6.806696e-01 5.420508e-01 4.827255e-03 1.133341e-02 3.005361e-02 4.127561e-02 5.547943e-02 7.264978e-02 7.246996e-02 7.391036e-02 8.095080e-02 8.281089e-02 8.716507e-02 7.873293e-02 7.922968e-02 3.983416e-04
<GCONST> 5.405606e+01
<STATE> 4
<MEAN> 39
 -5.408922e+00 -2.488680e+00 -1.320184e+00 -1.141009e+01 -1.443063e+00 -5.341784e+00 -3.676822e+00 -1.048139e+01 -3.509042e+00 -8.117104e+00 -2.930928e+00 -6.527731e+00 1.769446e+01 2.317141e-01 5.105857e-01 -3.094992e-03 -1.016885e-01 4.411185e-01 -2.479231e-01 -2.011409e-01 2.756135e-01 -1.277937e-01 8.107425e-02 2.108432e-01 1.169411e-01 -1.723586e-01 -2.715179e-02 -1.583065e-01 -8.625408e-02 1.474550e-01 -3.839234e-02 -6.089238e-03 1.204322e-01 1.985684e-02 -5.447811e-02 4.231436e-02 7.832230e-02 -9.554922e-03 -2.022997e-02
<VARIANCE> 39
 1.166846e+01 1.632521e+01 1.132168e+01 2.321630e+01 3.171829e+01 3.320281e+01 3.064783e+01 2.993112e+01 4.733519e+01 3.817844e+01 3.626938e+01 3.985378e+01 1.211672e+00 5.065151e-01 1.171871e+00 6.359953e-01 1.643069e+00 1.303738e+00 1.550624e+00 1.528428e+00 1.269753e+00 1.658815e+00 1.184171e+00 1.105878e+00 1.068940e+00 2.538150e-02 7.071371e-02 8.681927e-02 9.031525e-02 1.779847e-01 1.819091e-01 2.449428e-01 1.820609e-01 2.039846e-01 2.436524e-01 1.943308e-01 1.735394e-01 1.451955e-01 2.221684e-03
<GCONST> 8.083679e+01
<TRANSP> 5
 0.000000e+00 1.000000e+00 0.000000e+00 0.000000e+00 0.000000e+00
 0.000000e+00 9.012502e-01 9.874982e-02 0.000000e+00 0.000000e+00
 0.000000e+00 0.000000e+00 9.153503e-01 8.464973e-02 0.000000e+00
 0.000000e+00 0.000000e+00 0.000000e+00 9.176032e-01 8.239681e-02
 0.000000e+00 0.000000e+00 0.000000e+00 0.000000e+00 0.000000e+00
<ENDHMM>
~h "five"
<BEGINHMM>
<NUMSTATES> 5
<STATE> 2
<MEAN> 39
 -6.145362e+00 -8.579070e+00 -7.592476e+00 -9.225060e+00 -4.230759e-01 -6.121432e+00 6.977409e-03 -6.825474e+00 -3.778251e+00 -6.490680e+00 -3.219053e-01 -4.546301e+00 1.643807e+01 1.118064e-01 -6.872278e-01 -4.786012e-01 3.255053e-01 2.195623e-01 -2.712239e-01 2.421196e-01 2.802901e-01 -3.435886e-01 -1.302758e-01 -1.266222e-01 1.666338e-02 2.472878e-01 -1.684481e-03 -5.659828e-03 5.737523e-02 4.688914e-02 -1.725320e-02 -3.236743e-02 -1.989670e-02 -4.940840e-02 -1.732746e-02 2.411859e-02 1.545865e-02 -1.459385e-02 2.061976e-02
<VARIANCE> 39
 1.125194e+01 1.815392e+01 1.972022e+01 1.332436e+01 1.797003e+01 2.025480e+01 1.944239e+01 3.697202e+01 2.612179e+01 2.326825e+01 2.203212e+01 1.616224e+01 4.948165e+00 7.423166e-01 6.843966e-01 8.868318e-01 8.866062e-01 8.226823e-01 1.096091e+00 9.428335e-01 1.701091e+00 1.496828e+00 1.271828e+00 1.231867e+00 8.357579e-01 2.129082e-01 1.004222e-01 1.065274e-01 1.570926e-01 1.148712e-01 1.338447e-01 1.695194e-01 1.473376e-01 2.760094e-01 2.348387e-01 1.802747e-01 1.906074e-01 1.286204e-01 2.516615e-02
<GCONST> 8.141035e+01
<STATE> 3
<MEAN> 39
 -5.829910e+00 -1.543208e+01 -8.489589e+00 -3.791508e+00 1.364194e+00 -9.061783e+00 2.480585e+00 -7.543466e+00 -7.266443e+00 -5.482923e+00 -5.596482e-01 -4.576600e+00 1.903887e+01 -1.610334e-01 9.881381e-02 4.891213e-01 -2.808356e-01 -2.718483e-01 4.465804e-01 6.804513e-02 -3.852471e-01 3.469818e-02 2.820531e-01 5.019195e-02 -7.338829e-02 -4.962926e-02 4.119494e-02 1.198994e-01 1.074246e-02 -1.944129e-01 -5.746695e-02 8.541049e-02 -2.819502e-02 2.903904e-02 6.260750e-02 -5.057406e-02 -7.345653e-02 -1.855372e-02 -1.597175e-02
<VARIANCE> 39
 9.235523e+00 9.516529e+00 2.487407e+01 2.134836e+01 1.890437e+01 2.361060e+01 1.802782e+01 4.020392e+01 4.783453e+01 4.513331e+01 2.691067e+01 2.542698e+01 1.368737e+00 9.077783e-02 1.726036e-01 2.727435e-01 6.954188e-01 5.202844e-01 5.777714e-01 5.082278e-01 5.121701e-01 6.401111e-01 6.122550e-01 5.999665e-01 4.835865e-01 5.997603e-03 1.192116e-02 2.521040e-02 3.123396e-02 4.833081e-02 5.224707e-02 5.349404e-02 5.804975e-02 6.689409e-02 9.045409e-02 8.805486e-02 6.807338e-02 7.103817e-02 9.688354e-04
<GCONST> 5.083693e+01
<STATE> 4
<MEAN> 39
 -5.452394e+00 -7.798157e+00 -3.664712e+00 -1.292932e+01 -3.057844e+00 -3.760878e+00 1.120404e+00 -8.346092e+00 -3.888029e+00 -5.631060e+00 -1.734017e+00 -5.653001e+00 1.761937e+01 6.895779e-02 9.293758e-01 2.307934e-01 -1.987838e-01 -1.315868e-01 -8.908977e-02 -2.932274e-01 7.891091e-02 3.928485e-01 -1.370575e-01 7.673042e-02 1.233897e-02 -2.762190e-01 -4.002723e-02 -7.254182e-02 -8.900417e-02 1.945910e-01 1.092600e-01 -8.830035e-02 -1.665405e-02 -4.515071e-03 -4.075430e-02 1.309651e-02 7.344974e-02 3.240494e-02 -1.782463e-02
<VARIANCE> 39
 7.533105e+00 2.308245e+01 1.185583e+01 2.986154e+01 3.748613e+01 2.150834e+01 2.415418e+01 3.057109e+01 4.223574e+01 2.629441e+01 2.688217e+01 2.787954e+01 2.629527e+00 3.400328e-01 7.374086e-01 6.409187e-01 2.733144e+00 1.682090e+00 1.393086e+00 9.393049e-01 1.417220e+00 1.594572e+00 1.266551e+00 1.316848e+00 1.013080e+00 6.819295e-02 5.715520e-02 1.022107e-01 9.524721e-02 3.009351e-01 2.342664e-01 2.509229e-01 1.675266e-01 2.084451e-01 2.011769e-01 1.717466e-01 2.163434e-01 1.726194e-01 9.082186e-03
<GCONST> 8.298357e+01
<TRANSP> 5
 0.000000e+00 1.000000e+00 0.000000e+00 0.000000e+00 0.000000e+00
 0.000000e+00 9.300384e-01 6.996165e-02 0.000000e+00 0.000000e+00
 0.000000e+00 0.000000e+00 9.152321e-01 8.476792e-02 0.000000e+00
 0.000000e+00 0.000000e+00 0.000000e+00 8.980060e-01 1.019940e-01
 0.000000e+00 0.000000e+00 0.000000e+00 0.000000e+00 0.000000e+00
<ENDHMM>
~h "four"
<BEGINHMM>
<NUMSTATES> 5
<STATE> 2
<MEAN> 39
 -7.667622e+00 -6.677810e+00 -5.470649e+00 -9.688790e+00 -1.112554e+00 -4.543472e+00 -5.189695e-01 -8.559961e+00 -2.271115e+00 -5.732473e+00 1.121443e+00 -4.080831e+00 1.494338e+01 3.138335e-01 1.474681e-02 -3.778501e-01 -2.939821e-01 -1.125261e-01 -9.206044e-02 -1.320319e-01 -8.571134e-03 1.231805e-01 1.055081e-01 -1.625332e-02 -4.077225e-02 1.258380e-01 2.438174e-01 9.813519e-02 -1.170313e-01 -1.288146e-01 -5.304009e-02 -1.112586e-01 -1.097994e-01 -1.808154e-02 -8.184187e-03 7.009654e-03 -7.390776e-02 -1.029498e-01 1.065351e-01
<VARIANCE> 39
 4.657658e+00 4.193460e+00 6.876479e+00 8.704014e+00 1.156782e+01 1.418994e+01 1.488088e+01 1.611068e+01 1.489993e+01 1.410064e+01 1.539703e+01 1.167684e+01 9.116805e-01 1.047065e+00 4.639188e-01 5.766309e-01 6.437181e-01 6.049656e-01 9.842671e-01 9.577657e-01 8.519971e-01 8.544632e-01 7.821152e-01 1.037502e+00 8.674498e-01 1.654564e-01 5.929444e-02 5.711769e-02 1.015155e-01 1.069119e-01 1.041821e-01 1.638897e-01 1.311688e-01 1.613806e-01 1.551100e-01 1.347690e-01 1.544514e-01 1.329648e-01 6.555364e-03
<GCONST> 6.410859e+01
<STATE> 3
<MEAN> 39
 1.545540e+00 -3.506080e+00 -1.204608e+01 -1.693925e+01 -4.004870e+00 -6.246484e+00 -3.255047e+00 -8.958974e+00 -1.451341e+00 -3.992062e+00 3.068320e-01 -6.856421e+00 1.889500e+01 3.433107e-01 -1.623345e-01 -3.558470e-01 -7.216946e-02 6.820390e-02 -2.290294e-02 -2.270719e-01 1.736730e-01 3.472255e-01 1.047988e-01 -2.364447e-01 -2.329479e-01 1.594964e-01 -1.728058e-01 -1.511373e-01 1.446060e-01 2.267970e-01 4.013282e-02 -2.949196e-02 4.305388e-02 1.087218e-01 4.690696e-02 -7.877233e-02 -5.253182e-02 5.703606e-02 -6.698078e-02
<VARIANCE> 39
 4.227968e+00 1.022243e+01 1.029041e+01 1.432918e+01 2.460277e+01 1.721145e+01 1.818636e+01 1.709348e+01 2.334692e+01 2.481168e+01 3.750477e+01 3.594286e+01 1.115805e+00 5.912063e-01 7.438619e-01 7.231897e-01 1.240829e+00 9.895773e-01 7.948636e-01 9.115139e-01 9.642978e-01 1.307602e+00 1.180656e+00 1.372136e+00 1.243436e+00 1.038317e-01 4.871606e-02 4.642883e-02 9.628284e-02 8.305277e-02 1.340593e-01 1.435020e-01 1.544317e-01 1.396359e-01 1.799934e-01 1.932644e-01 2.021902e-01 1.820075e-01 7.090535e-03
<GCONST> 7.298955e+01
<STATE> 4
<MEAN> 39
 -5.429658e-01 -1.072218e+01 -7.323084e+00 -8.565807e+00 -5.391737e+00 -8.704751e+00 -2.323941e+00 -4.895571e+00 1.831692e-01 -7.540128e+00 -3.910856e+00 -7.426209e+00 1.840886e+01 -6.129138e-01 7.465640e-02 1.055962e+00 4.896470e-01 -3.433453e-01 7.616585e-02 5.981630e-01 -1.811748e-01 -6.240163e-01 -3.440959e-01 1.658263e-01 3.014697e-01 -2.432773e-01 -9.001559e-02 2.380761e-01 -4.453370e-02 -1.996029e-01 1.165276e-01 1.960442e-01 3.099987e-02 -1.858921e-01 -1.287904e-01 1.032559e-01 1.745544e-01 4.439749e-02 -4.962680e-02
<VARIANCE> 39
 7.333443e+00 1.779963e+01 3.181581e+01 1.828337e+01 4.522189e+01 3.700929e+01 3.509680e+01 4.319437e+01 4.621215e+01 3.482874e+01 3.460001e+01 3.076930e+01 1.741639e+00 2.971727e-01 1.587486e+00 9.179325e-01 1.626267e+00 2.564562e+00 2.221737e+00 1.718490e+00 2.564764e+00 1.885272e+00 1.705945e+00 1.829045e+00 1.123808e+00 5.832947e-02 2.926792e-02 1.346431e-01 2.064870e-01 1.690593e-01 4.288330e-01 2.940585e-01 3.516547e-01 3.668483e-01 3.851874e-01 2.816700e-01 3.092499e-01 2.124637e-01 3.411666e-03
<GCONST> 9.085589e+01
<TRANSP> 5
 0.000000e+00 1.000000e+00 0.000000e+00 0.000000e+00 0.000000e+00
 0.000000e+00 9.011175e-01 9.888252e-02 0.000000e+00 0.000000e+00
 0.000000e+00 0.000000e+00 9.186854e-01 8.131468e-02 0.000000e+00
 0.000000e+00 0.000000e+00 0.000000e+00 8.810126e-01 1.189874e-01
 0.000000e+00 0.000000e+00 0.000000e+00 0.000000e+00 0.000000e+00
<ENDHMM>
~h "zero"
<BEGINHMM>
<NUMSTATES> 5
<STATE> 2
<MEAN> 39
 -6.758313e+00 -3.060495e+00 -4.886822e+00 -7.466924e+00 -1.265848e+00 -3.807499e+00 -1.414190e+00 -8.520068e+00 -3.457437e+00 -5.106232e+00 5.900361e-01 -4.556098e+00 1.523185e+01 -8.168363e-02 3.318034e-01 1.414088e-01 -3.041892e-01 -2.133775e-01 -2.738268e-01 -1.777415e-01 -1.205310e-01 1.233355e-01 2.201231e-01 -1.253563e-02 -1.938881e-04 1.060668e-01 6.806910e-02 1.068943e-01 1.512919e-01 -2.257035e-01 -1.459401e-01 -2.462607e-01 -6.497435e-02 -7.538832e-02 6.203389e-02 1.080008e-02 -2.262099e-02 -5.403968e-02 8.252320e-02
<VARIANCE> 39
 7.745195e+00 1.028905e+01 1.429258e+01 1.360982e+01 1.783389e+01 1.930310e+01 1.878003e+01 1.949866e+01 2.377128e+01 2.085656e+01 1.977675e+01 1.678343e+01 1.208761e+00 4.211791e-01 7.290983e-01 1.003739e+00 9.500582e-01 8.893895e-01 1.750856e+00 9.589768e-01 1.102125e+00 1.068049e+00 8.963233e-01 1.006106e+00 1.001671e+00 1.192586e-01 5.258035e-02 9.179081e-02 1.144106e-01 1.198326e-01 1.237967e-01 1.946377e-01 1.597980e-01 1.730634e-01 1.607259e-01 1.399876e-01 1.706431e-01 1.584615e-01 7.958978e-03
<GCONST> 7.320372e+01
<STATE> 3
<MEAN> 39
 -5.590957e+00 3.911510e-01 8.088545e-01 -1.662329e+01 -7.711695e+00 -9.222080e+00 -4.658398e+00 -8.629072e+00 -4.900969e-02 -3.802317e+00 1.259298e-01 -6.759970e+00 1.834441e+01 3.380945e-01 -6.253186e-01 4.881562e-01 -2.646092e-01 -1.102006e+00 1.288835e-01 1.556241e-01 1.537260e-01 3.346381e-01 -5.404231e-02 2.653141e-02 -1.550997e-01 1.948179e-01 4.513003e-02 -2.658113e-01 -1.692888e-01 3.431267e-01 9.726111e-03 1.400051e-01 1.907341e-01 7.243907e-02 -7.138427e-02 -4.764207e-02 -7.119799e-03 6.285441e-02 -6.162038e-02
<VARIANCE> 39
 7.282917e+00 1.919043e+01 1.718532e+01 2.744555e+01 5.850553e+01 3.939259e+01 3.188878e+01 4.335838e+01 3.245737e+01 3.001416e+01 3.379206e+01 4.994143e+01 1.156320e+00 4.295469e-01 1.775501e+00 8.559127e-01 2.666191e+00 1.664446e+00 2.654000e+00 1.728265e+00 1.475671e+00 1.340011e+00 1.175503e+00 1.141293e+00 1.379792e+00 7.312599e-02 5.099444e-02 1.108044e-01 1.223549e-01 1.857884e-01 2.377029e-01 3.919739e-01 2.244065e-01 2.434239e-01 2.199737e-01 1.773703e-01 1.723869e-01 2.131075e-01 4.551008e-03
<GCONST> 8.729393e+01
<STATE> 4
<MEAN> 39
 -1.649182e+00 -9.930610e+00 -4.552463e+00 -9.835704e+00 -9.200684e+00 -8.374800e+00 4.447272e-02 -4.371816e+00 -3.076247e-01 -6.663741e+00 -1.067016e+00 -5.913235e+00 1.846288e+01 -1.929542e-03 4.152118e-02 -4.248576e-01 2.117782e-01 6.908467e-01 -3.659845e-02 1.262196e-02 7.662216e-02 -1.452925e-01 -9.951799e-02 -4.254315e-02 5.555983e-02 -9.984349e-02 -8.146539e-02 1.026825e-01 5.165622e-02 -8.309016e-02 8.980916e-02 7.175522e-02 -5.900545e-02 -6.231596e-02 -2.363507e-02 2.520660e-02 2.532074e-02 8.724565e-03 -2.411016e-02
<VARIANCE> 39
 6.049108e+00 2.022946e+01 2.590681e+01 2.575377e+01 6.115990e+01 5.179366e+01 3.776631e+01 3.635738e+01 4.392225e+01 3.594087e+01 2.597989e+01 3.311843e+01 1.509601e+00 3.010544e-01 8.271662e-01 7.834970e-01 1.013026e+00 1.236030e+00 1.841163e+00 1.589411e+00 1.897705e+00 1.647666e+00 1.476393e+00 1.053353e+00 9.581112e-01 3.797873e-02 2.902754e-02 5.182932e-02 8.358242e-02 1.131011e-01 1.904956e-01 2.370429e-01 2.060915e-01 2.034512e-01 2.219725e-01 2.011916e-01 1.522630e-01 1.418971e-01 2.415933e-03
<GCONST> 8.033966e+01
<TRANSP> 5
 0.000000e+00 1.000000e+00 0.000000e+00 0.000000e+00 0.000000e+00
 0.000000e+00 8.903275e-01 1.096724e-01 0.000000e+00 0.000000e+00
 0.000000e+00 0.000000e+00 8.973209e-01 1.026792e-01 0.000000e+00
 0.000000e+00 0.000000e+00 0.000000e+00 9.447473e-01 5.525275e-02
 0.000000e+00 0.000000e+00 0.000000e+00 0.000000e+00 0.000000e+00
<ENDHMM>
