~o
<STREAMINFO> 1 39
<VECSIZE> 39<NULLD><MFCC_E_D_A><DIAGC>
~h "eight"
<BEGINHMM>
<NUMSTATES> 5
<STATE> 2
<MEAN> 39
 -7.524405e+00 -3.424835e+00 -5.693435e+00 -1.668181e+01 -6.473047e-01 -5.182762e+00 5.464858e-01 -6.746321e+00 -1.554518e+00 -6.763669e+00 -1.027631e+00 -5.331649e+00 1.714923e+01 -1.899951e-01 7.575527e-01 -8.185913e-02 -7.814104e-01 3.922072e-02 -4.146571e-01 5.494957e-02 2.967748e-01 3.011665e-01 4.560096e-02 -9.446562e-02 -9.566972e-02 2.139852e-01 3.509681e-02 8.252936e-02 1.093295e-02 8.966111e-02 -4.103612e-02 -1.680709e-01 -8.082576e-02 -2.286513e-02 2.704071e-02 6.061555e-02 5.859067e-02 -4.570732e-03 3.459534e-03
<VARIANCE> 39
 1.075565e+01 2.306021e+01 1.835938e+01 3.944756e+01 4.045769e+01 2.353847e+01 2.441723e+01 2.433761e+01 3.137265e+01 2.546980e+01 2.575882e+01 2.447255e+01 3.380879e+00 3.360929e-01 9.650828e-01 6.847159e-01 1.411207e+00 1.254012e+00 1.634342e+00 1.348132e+00 1.128164e+00 1.374349e+00 1.216743e+00 1.140105e+00 1.007739e+00 1.229715e-01 4.082778e-02 8.492062e-02 8.461768e-02 2.011283e-01 1.478562e-01 1.778260e-01 1.529659e-01 1.814227e-01 2.320945e-01 1.695019e-01 1.833517e-01 1.573069e-01 1.323952e-02
<GCONST> 8.183710e+01
<STATE> 3
<MEAN> 39
 -7.935205e+00 5.476123e+00 -4.908480e+00 -1.664686e+01 -2.357297e+00 -1.441969e+01 -3.035523e+00 -8.591208e+00 -1.333487e+00 -4.426789e+00 9.897060e-01 -5.287086e+00 1.807280e+01 2.038518e-01 -4.291333e-01 1.808164e-01 9.721094e-01 1.361619e-01 6.944823e-02 -3.419616e-01 -6.694861e-01 -5.148911e-01 -4.119835e-02 2.100055e-01 1.946139e-01 -2.363540e-01 1.020829e-02 -3.329053e-01 -3.044215e-02 6.393556e-02 4.254448e-02 3.532797e-01 1.234331e-01 5.588285e-02 -2.346259e-02 -9.194823e-02 -6.259069e-02 3.906054e-03 -6.257578e-02
<VARIANCE> 39
 9.284551e+00 1.350763e+01 2.250736e+01 3.248440e+01 1.967600e+01 2.420444e+01 5.254369e+01 3.438031e+01 4.415832e+01 2.637405e+01 3.191338e+01 2.703346e+01 1.959877e+00 2.642227e-01 1.895673e+00 4.088378e-01 7.647065e-01 7.867998e-01 2.502128e+00 1.307364e+00 1.116808e+00 1.804275e+00 1.195074e+00 1.398736e+00 1.008713e+00 6.758902e-02 3.641476e-02 9.030056e-02 5.905269e-02 1.265722e-01 9.250731e-02 1.744972e-01 1.630089e-01 2.078768e-01 2.768016e-01 1.690495e-01 1.958914e-01 1.643100e-01 4.024195e-03
<GCONST> 7.874330e+01
<STATE> 4
<MEAN> 39
 -7.116772e+00 -6.541078e+00 -5.514887e+00 -1.004293e+01 -1.215376e+00 -4.682463e+00 -8.409317e-01 -8.921482e+00 -3.019657e+00 -5.935842e+00 9.428670e-01 -4.004981e+00 1.468662e+01 -7.179904e-02 -3.660402e-01 -1.176295e-01 1.204216e-01 -4.112446e-02 3.696054e-01 1.855390e-01 1.810012e-01 1.167374e-01 8.799206e-03 1.649135e-02 9.387598e-03 -9.300407e-02 -5.684575e-03 1.757348e-01 1.040031e-02 -6.683978e-02 -1.211818e-02 -1.464315e-01 -4.599088e-02 -1.504044e-02 -6.332434e-03 2.179298e-02 -5.186656e-03 -1.391483e-02 4.871773e-02
<VARIANCE> 39
 4.560893e+00 6.159074e+00 8.314748e+00 9.574137e+00 1.262566e+01 1.589421e+01 1.697645e+01 1.696684e+01 1.732066e+01 1.627314e+01 1.523354e+01 1.399440e+01 1.034501e+00 2.099289e-01 8.405154e-01 4.288101e-01 5.955197e-01 4.862416e-01 1.170437e+00 9.931166e-01 8.546668e-01 9.812928e-01 7.909741e-01 7.432461e-01 7.057035e-01 4.874142e-02 3.460008e-02 9.647746e-02 7.128543e-02 1.091525e-01 9.177068e-02 1.887649e-01 1.756936e-01 1.504277e-01 1.623776e-01 1.354732e-01 1.324256e-01 1.272724e-01 4.818424e-03
<GCONST> 6.216202e+01
<TRANSP> 5
 0.000000e+00 1.000000e+00 0.000000e+00 0.000000e+00 0.000000e+00
 0.000000e+00 9.121957e-01 8.780424e-02 0.000000e+00 0.000000e+00
 0.000000e+00 0.000000e+00 8.976194e-01 1.023806e-01 0.000000e+00
 0.000000e+00 0.000000e+00 0.000000e+00 9.213890e-01 7.861093e-02
 0.000000e+00 0.000000e+00 0.000000e+00 0.000000e+00 0.000000e+00
<ENDHMM>
~h "oh"
<BEGINHMM>
<NUMSTATES> 5
<STATE> 2
<MEAN> 39
 -5.072903e+00 -9.817545e+00 -7.833386e+00 -8.759855e+00 -2.347719e+00 -7.078442e+00 2.847761e+00 -7.616868e+00 -4.773014e+00 -6.878158e+00 -1.687982e+00 -4.955318e+00 1.721408e+01 4.015611e-01 -2.821479e-01 -5.485506e-01 2.171539e-01 1.401622e-01 -4.945729e-01 2.322878e-01 5.781058e-01 -1.037472e-01 -3.932623e-01 -3.404445e-01 -6.349737e-02 2.903827e-01 6.013399e-02 8.892415e-02 -1.210229e-02 -5.544896e-02 1.547181e-02 -6.012405e-02 -1.276605e-01 1.861805e-02 1.092558e-01 1.495148e-03 -5.272217e-02 -5.050195e-02 1.424346e-02
<VARIANCE> 39
 8.382326e+00 1.228217e+01 1.538581e+01 1.591973e+01 2.185693e+01 2.340166e+01 2.846189e+01 5.757669e+01 3.748622e+01 3.054217e+01 2.663991e+01 2.711328e+01 3.812016e+00 4.045022e-01 5.595040e-01 6.603155e-01 6.405975e-01 7.460974e-01 1.180170e+00 1.235328e+00 1.815304e+00 1.533160e+00 1.309644e+00 1.311775e+00 1.082002e+00 1.254158e-01 4.813059e-02 7.023263e-02 8.521724e-02 8.555446e-02 1.118069e-01 1.482320e-01 1.609971e-01 2.226751e-01 2.095435e-01 1.953586e-01 2.000355e-01 1.548818e-01 1.713554e-02
<GCONST> 7.894447e+01
<STATE> 3
<MEAN> 39
 -4.965930e-01 -8.085547e+00 -1.303811e+01 -1.018380e+01 -8.909627e-01 -1.201037e+01 -8.892603e-01 -1.284812e+00 1.939366e-01 -7.884245e+00 -5.009698e+00 -6.855106e+00 1.903839e+01 2.239062e-01 4.083359e-01 -6.298462e-03 -3.375476e-01 -6.151076e-02 -1.964460e-02 -6.569709e-01 -2.515059e-01 6.164230e-01 5.838724e-01 3.178954e-02 -3.234846e-01 -1.058206e-02 -4.688040e-02 2.213243e-02 1.000647e-01 -1.013998e-02 -5.009496e-02 8.897673e-02 1.630373e-02 -1.447870e-01 -8.520439e-02 7.581822e-02 1.148443e-01 2.391943e-02 -2.662400e-02
<VARIANCE> 39
 6.028923e+00 9.347420e+00 1.555830e+01 1.589689e+01 1.975415e+01 2.333685e+01 4.428241e+01 3.314375e+01 4.055777e+01 3.755718e+01 3.123155e+01 3.914727e+01 1.183736e+00 8.543303e-02 1.427006e-01 2.976733e-01 2.936642e-01 3.913105e-01 5.535880e-01 7.245916e-01 1.116327e+00 7.998070e-01 8.947297e-01 8.656549e-01 6.944239e-01 1.391790e-02 1.175631e-02 1.537125e-02 3.537057e-02 3.572029e-02 4.852979e-02 7.178198e-02 8.156174e-02 1.012437e-01 1.109303e-01 1.075003e-01 9.628423e-02 9.289281e-02 1.245800e-03
<GCONST> 5.396382e+01
<STATE> 4
<MEAN> 39
 -7.418616e-01 -3.730205e+00 -8.383282e+00 -1.248793e+01 -3.622048e+00 -9.300102e+00 -4.000111e+00 -8.066696e+00 -2.979817e-01 -3.366280e+00 3.569891e-01 -6.248640e+00 1.795415e+01 -5.069078e-01 1.202964e-01 7.349989e-01 2.727205e-01 1.214231e-02 5.559304e-01 3.365062e-01 -4.405197e-01 -5.363596e-01 -1.885773e-01 3.968852e-01 4.349141e-01 -2.802333e-01 -1.126504e-01 -1.140009e-01 -2.908164e-02 7.595199e-02 9.950899e-02 8.985671e-02 1.345882e-01 9.031346e-02 -3.953488e-02 -1.066699e-01 -6.855708e-02 5.315080e-02 -3.464202e-02
<VARIANCE> 39
 9.361592e+00 7.810248e+00 2.079551e+01 1.825482e+01 1.941329e+01 2.692001e+01 3.110317e+01 2.683562e+01 3.199016e+01 4.008408e+01 3.906106e+01 3.790224e+01 2.412521e+00 3.826961e-01 4.593666e-01 5.507383e-01 6.217664e-01 8.842420e-01 1.264743e+00 1.251876e+00 1.298656e+00 1.305794e+00 1.263462e+00 1.279159e+00 1.245756e+00 5.453479e-02 3.299624e-02 4.469864e-02 8.896690e-02 8.728181e-02 1.096996e-01 1.661356e-01 1.871821e-01 1.997289e-01 2.127141e-01 2.068776e-01 1.755924e-01 1.748505e-01 4.194965e-03
<GCONST> 7.532748e+01
<TRANSP> 5
 0.000000e+00 1.000000e+00 0.000000e+00 0.000000e+00 0.000000e+00
 0.000000e+00 9.027606e-01 9.723943e-02 0.000000e+00 0.000000e+00
 0.000000e+00 0.000000e+00 9.042474e-01 9.575266e-02 0.000000e+00
 0.000000e+00 0.000000e+00 0.000000e+00 8.838437e-01 1.161563e-01
 0.000000e+00 0.000000e+00 0.000000e+00 0.000000e+00 0.000000e+00
<ENDHMM>
~h "seven"
<BEGINHMM>
<NUMSTATES> 5
<STATE> 2
<MEAN> 39
 -8.806648e+00 -4.769287e+00 -7.050032e+00 -8.596656e+00 -2.107400e+00 -3.131434e+00 -1.276506e+00 -8.136148e+00 -2.909431e+00 -5.214485e+00 6.799204e-01 -3.793393e+00 1.484347e+01 4.741255e-02 -4.084784e-02 -4.356940e-02 -3.256997e-01 -2.671286e-01 -1.353366e-01 2.667643e-01 1.513729e-02 1.375786e-01 -7.724568e-04 -2.047783e-01 -6.332541e-02 1.080890e-01 1.303987e-01 9.205008e-03 8.983101e-02 -1.476359e-01 -1.309364e-01 -1.120207e-01 8.733016e-02 -1.238448e-02 2.002484e-02 -2.644482e-02 -8.712221e-02 -9.269808e-02 9.199298e-02
<VARIANCE> 39
 8.339938e+00 1.013035e+01 1.380075e+01 1.310767e+01 1.612599e+01 1.582003e+01 1.759685e+01 1.745255e+01 1.826358e+01 1.723362e+01 1.706741e+01 1.463344e+01 9.047259e-01 7.144115e-01 4.608469e-01 8.613411e-01 9.991084e-01 9.701368e-01 1.283294e+00 9.959636e-01 8.575966e-01 1.029544e+00 1.155906e+00 9.210108e-01 9.517394e-01 1.512425e-01 5.368388e-02 6.783884e-02 9.750180e-02 1.360510e-01 1.662416e-01 1.770661e-01 1.648984e-01 1.456988e-01 1.700096e-01 1.546175e-01 1.450092e-01 1.504833e-01 8.093935e-03
<GCONST> 7.123420e+01
<STATE> 3
<MEAN> 39
 -5.558072e+00 -7.172778e+00 -5.193472e+00 -1.591173e+01 -6.355663e+00 -4.897015e+00 4.772485e+00 -8.474997e+00 -2.770166e+00 -6.761117e+00 -3.975045e+00 -6.626520e+00 1.896182e+01 1.894537e-01 -2.722619e-01 1.233818e-01 3.882882e-02 -6.137319e-02 -1.088012e-01 2.446566e-01 2.681849e-01 -2.807234e-01 -5.543071e-02 -6.964383e-02 -1.107264e-01 1.236363e-01 -4.178013e-02 7.839751e-02 1.111918e-02 2.926455e-01 1.553700e-01 -2.480843e-02 -2.548966e-01 3.867825e-02 -2.091160e-02 1.592018e-02 1.771701e-01 7.159725e-02 -1.270849e-01
<VARIANCE> 39
 9.614648e+00 1.303328e+01 9.436713e+00 1.827780e+01 4.580246e+01 3.937849e+01 3.187667e+01 3.950845e+01 4.652959e+01 5.849228e+01 3.255420e+01 3.130153e+01 1.240815e+00 4.410259e-01 5.954207e-01 4.993332e-01 1.548395e+00 1.671524e+00 1.672650e+00 1.827656e+00 1.089302e+00 1.392671e+00 1.776832e+00 1.809613e+00 1.326400e+00 2.114271e-01 8.204685e-02 9.001195e-02 9.646606e-02 1.114839e-01 2.523419e-01 2.721470e-01 1.781217e-01 1.666774e-01 2.018927e-01 2.407533e-01 2.262372e-01 1.834979e-01 6.062327e-03
<GCONST> 8.474818e+01
<STATE> 4
<MEAN> 39
 -3.244348e+00 -3.881836e+00 -1.891202e+00 -9.521938e+00 -3.365961e+00 -8.015672e+00 -1.088924e+00 -8.732983e+00 -4.324243e+00 -7.120042e+00 -1.906855e+00 -7.105249e+00 1.713247e+01 1.768153e-02 2.205647e-01 1.049596e-01 2.065497e-01 3.193764e-01 1.039560e-01 -2.925273e-01 -2.637328e-01 8.569266e-02 -1.439211e-02 1.277878e-01 4.227500e-02 -1.184139e-01 -5.595615e-02 -7.367322e-02 -7.384536e-02 -8.778054e-02 -2.233446e-02 9.372094e-02 1.106992e-01 -4.595706e-03 1.866113e-02 1.745065e-02 -3.220648e-02 2.023109e-02 1.415740e-02
<VARIANCE> 39
 4.974842e+00 1.019477e+01 9.926694e+00 1.395349e+01 2.822468e+01 3.043307e+01 2.586526e+01 4.089510e+01 3.293280e+01 3.570387e+01 3.328817e+01 2.974872e+01 1.533696e+00 2.533956e-01 5.250478e-01 5.539082e-01 8.538643e-01 1.339952e+00 1.253488e+00 1.628735e+00 1.363170e+00 1.438483e+00 1.411169e+00 1.273558e+00 9.896278e-01 9.358732e-02 3.738623e-02 7.812189e-02 8.698360e-02 1.507713e-01 2.341870e-01 2.027749e-01 2.726186e-01 2.366425e-01 2.360249e-01 2.409599e-01 2.174071e-01 1.500706e-01 1.437078e-02
<GCONST> 7.928007e+01
<TRANSP> 5
 0.000000e+00 1.000000e+00 0.000000e+00 0.000000e+00 0.000000e+00
 0.000000e+00 9.125736e-01 8.742640e-02 0.000000e+00 0.000000e+00
 0.000000e+00 0.000000e+00 9.003659e-01 9.963404e-02 0.000000e+00
 0.000000e+00 0.000000e+00 0.000000e+00 9.365586e-01 6.344142e-02
 0.000000e+00 0.000000e+00 0.000000e+00 0.000000e+00 0.000000e+00
<ENDHMM>
~h "three"
<BEGINHMM>
<NUMSTATES> 5
<STATE> 2
<MEAN> 39
 -7.753109e+00 -6.035281e+00 -4.949147e+00 -1.011978e+01 -8.176982e-01 -4.845855e+00 -5.888101e-01 -8.498262e+00 -2.602031e+00 -5.425552e+00 9.830340e-01 -3.779364e+00 1.488863e+01 1.181854e-01 -8.363414e-02 2.207210e-01 -4.797992e-02 -4.167417e-01 -2.858687e-01 -6.849251e-02 1.494200e-02 7.425324e-02 3.189608e-02 1.361140e-02 4.263853e-04 9.208959e-02 1.742215e-01 2.254221e-02 1.428300e-01 1.953459e-03 -2.577672e-01 -1.755568e-01 -7.574122e-02 -1.877744e-02 1.537842e-02 -9.217899e-03 -3.924715e-02 -7.054702e-02 8.471671e-02
<VARIANCE> 39
 5.400724e+00 6.329562e+00 9.779350e+00 1.060189e+01 1.435536e+01 1.431225e+01 1.606499e+01 1.761141e+01 1.951315e+01 1.776074e+01 1.686063e+01 1.459226e+01 1.170445e+00 7.019886e-01 5.235439e-01 8.963096e-01 7.510070e-01 1.499181e+00 1.312558e+00 9.016331e-01 1.036179e+00 9.999524e-01 9.323039e-01 9.825649e-01 9.153148e-01 1.193074e-01 5.916772e-02 9.076401e-02 9.846704e-02 1.380225e-01 2.011593e-01 1.855364e-01 1.564497e-01 2.030750e-01 1.781604e-01 1.662448e-01 1.641537e-01 1.611110e-01 4.958370e-03
<GCONST> 7.052023e+01
<STATE> 3
<MEAN> 39
 -2.518158e+00 -6.783505e+00 2.449318e+00 -1.140195e+01 -1.369860e+01 -9.363287e+00 -3.152594e+00 -9.428325e+00 -9.447448e-03 -5.130514e+00 1.270147e-01 -5.735048e+00 1.823541e+01 -6.862710e-02 4.227198e-01 6.951738e-01 -1.049855e+00 -3.996345e-01 3.060127e-01 -8.254080e-01 1.096518e-01 3.076073e-01 -2.807263e-02 6.153223e-02 -1.674201e-01 2.367485e-01 -2.156709e-01 2.146444e-01 -2.005218e-01 -1.428131e-01 5.230231e-01 4.712101e-02 -5.941381e-02 1.143445e-01 -1.140727e-01 -2.022992e-02 2.135098e-02 3.956054e-02 -6.774351e-02
<VARIANCE> 39
 6.507192e+00 1.457579e+01 2.008425e+01 4.937692e+01 4.245387e+01 6.100878e+01 3.522912e+01 3.826562e+01 3.064139e+01 2.820661e+01 3.707784e+01 3.334344e+01 1.447085e+00 9.619782e-01 1.476636e+00 9.228744e-01 2.725297e+00 4.895137e+00 3.382445e+00 2.206991e+00 1.969151e+00 1.296631e+00 1.095894e+00 1.152274e+00 1.164596e+00 6.899519e-02 6.798252e-02 1.290742e-01 1.773854e-01 3.907567e-01 3.806303e-01 6.812713e-01 3.772591e-01 2.755099e-01 2.400967e-01 1.746556e-01 1.705917e-01 1.637532e-01 3.908575e-03
<GCONST> 9.265445e+01
<STATE> 4
<MEAN> 39
 -6.590496e+00 3.298120e+00 -7.803957e-01 -1.672932e+01 -2.106711e+00 -1.135584e+01 -6.399135e+00 -7.962228e+00 -3.159490e+00 -5.505674e+00 -3.371131e-01 -6.525800e+00 1.789476e+01 -2.819660e-02 6.327786e-02 -6.391379e-01 7.253158e-01 7.234640e-01 -1.648495e-01 5.492731e-01 -8.269046e-02 -3.564410e-01 1.202591e-02 -7.059451e-02 5.073830e-02 -1.956450e-01 5.814436e-02 -2.881070e-01 2.510683e-03 1.697254e-01 -2.211444e-01 1.819753e-01 1.647760e-01 -6.734385e-02 9.742430e-02 8.239944e-03 2.041783e-02 2.496878e-02 -3.092030e-02
<VARIANCE> 39
 7.580585e+00 1.700887e+01 1.909969e+01 3.484730e+01 2.704705e+01 2.948723e+01 4.823294e+01 4.778426e+01 3.321822e+01 3.976883e+01 4.240124e+01 3.677529e+01 1.619904e+00 3.151302e-01 1.882889e+00 6.700125e-01 1.043709e+00 1.834858e+00 2.559838e+00 1.467119e+00 1.693751e+00 1.384675e+00 1.287915e+00 1.031998e+00 9.705039e-01 3.582557e-02 4.748404e-02 9.098883e-02 9.640230e-02 2.205392e-01 1.814754e-01 2.352809e-01 2.696315e-01 2.497816e-01 1.837020e-01 1.709954e-01 1.443274e-01 1.353058e-01 2.469560e-03
<GCONST> 8.276352e+01
<TRANSP> 5
 0.000000e+00 1.000000e+00 0.000000e+00 0.000000e+00 0.000000e+00
 0.000000e+00 9.016218e-01 9.837815e-02 0.000000e+00 0.000000e+00
 0.000000e+00 0.000000e+00 8.936685e-01 1.063315e-01 0.000000e+00
 0.000000e+00 0.000000e+00 0.000000e+00 9.153348e-01 8.466515e-02
 0.000000e+00 0.000000e+00 0.000000e+00 0.000000e+00 0.000000e+00
<ENDHMM>
~h "one"
<BEGINHMM>
<NUMSTATES> 5
<STATE> 2
<MEAN> 39
 -4.518584e-01 -3.402617e+00 -8.443830e+00 -1.270292e+01 -1.875804e+00 -5.987654e+00 -2.275559e+00 -8.867956e+00 -2.601788e+00 -6.645963e+00 -1.475349e+00 -7.365958e+00 1.769859e+01 2.104262e-01 -3.606814e-01 -7.772255e-01 3.866119e-01 4.274802e-01 9.439932e-02 -2.047978e-01 2.134410e-01 1.819932e-01 -2.419057e-01 -3.084377e-01 -2.085331e-01 1.797075e-01 -1.118938e-01 -1.460725e-01 2.927239e-02 2.153577e-01 1.227707e-02 -9.389380e-02 -2.940347e-03 1.044311e-01 5.156944e-03 -7.579131e-02 2.504071e-03 7.602391e-02 -1.570874e-02
<VARIANCE> 39
 5.495335e+00 8.374490e+00 3.132899e+01 2.276370e+01 2.856220e+01 2.622899e+01 2.260838e+01 2.060504e+01 2.743901e+01 2.315663e+01 3.019619e+01 3.007931e+01 2.038529e+00 4.331050e-01 7.311476e-01 9.485903e-01 2.139313e+00 1.344013e+00 1.366054e+00 1.271956e+00 1.039782e+00 1.139384e+00 9.681718e-01 1.110995e+00 9.685533e-01 5.947203e-02 3.949730e-02 5.502122e-02 1.856260e-01 2.318559e-01 2.499744e-01 2.470912e-01 2.300108e-01 1.749960e-01 1.963379e-01 1.583928e-01 1.854114e-01 1.750208e-01 4.528018e-03
<GCONST> 7.904066e+01
<STATE> 3
<MEAN> 39
 -2.465420e+00 -1.063746e+01 -1.057825e+01 -1.817140e+00 -8.203458e-01 -9.426479e+00 -2.030367e+00 -4.360164e+00 -3.708258e+00 -1.158821e+01 -2.280343e+00 -6.160180e+00 1.852692e+01 -5.923250e-01 -3.131205e-01 1.360758e+00 4.865947e-01 -1.327626e+00 -2.684343e-01 1.140101e+00 -1.565076e-01 -8.914682e-01 -1.475556e-02 5.522081e-01 9.290472e-02 -5.213189e-02 3.156701e-02 3.182505e-01 2.336515e-01 -5.691693e-01 -9.461582e-02 3.615915e-01 5.221567e-02 -4.228270e-01 2.292044e-02 3.597500e-01 2.882204e-02 -1.620658e-01 -2.971582e-02
<VARIANCE> 39
 6.425846e+00 9.765106e+00 1.981119e+01 2.419583e+01 2.886002e+01 1.776402e+01 3.884161e+01 3.255249e+01 4.659257e+01 3.887075e+01 3.430853e+01 3.411146e+01 1.525037e+00 1.633373e-01 5.915066e-01 6.367909e-01 1.980220e+00 7.716532e-01 1.823266e+00 1.053471e+00 2.307877e+00 1.240692e+00 1.946865e+00 1.064906e+00 1.293205e+00 8.978063e-03 2.596383e-02 5.244821e-02 1.077657e-01 1.227800e-01 3.162217e-01 1.590694e-01 4.062784e-01 1.859305e-01 3.425978e-01 2.133481e-01 2.683213e-01 1.720658e-01 8.707095e-04
<GCONST> 7.673846e+01
<STATE> 4
<MEAN> 39
 -3.841104e+00 -4.380042e+00 -1.380789e+00 -8.920128e+00 -3.196593e+00 -6.281970e+00 -2.462219e+00 -1.221230e+01 -5.214480e+00 -8.497450e+00 -2.664912e+00 -8.175340e+00 1.759465e+01 -3.703063e-03 5.640078e-01 2.622362e-01 -4.548620e-01 4.116625e-01 1.698712e-01 -3.735569e-01 -2.332885e-01 1.575024e-01 1.861105e-01 -2.805757e-02 1.649886e-01 -1.759980e-01 -2.108236e-02 -1.171273e-01 -2.145087e-01 1.096516e-01 8.703635e-02 -2.721694e-02 2.046636e-02 1.849900e-01 4.516656e-02 -7.363213e-02 3.749688e-02 8.075915e-02 -1.677433e-02
<VARIANCE> 39
 6.725623e+00 2.077572e+01 9.946074e+00 1.740433e+01 2.093863e+01 4.195494e+01 3.340970e+01 3.282904e+01 4.008397e+01 4.409865e+01 3.259621e+01 3.568670e+01 1.337988e+00 3.443258e-01 1.010749e+00 9.863397e-01 1.216694e+00 8.804957e-01 1.864996e+00 1.353844e+00 1.411800e+00 1.573507e+00 1.478408e+00 1.085040e+00 1.050118e+00 2.735204e-02 5.694248e-02 1.045714e-01 8.382063e-02 1.278460e-01 1.951407e-01 2.806719e-01 2.505254e-01 1.784428e-01 2.218308e-01 2.216891e-01 1.661878e-01 1.590850e-01 2.928925e-03
<GCONST> 7.987296e+01
<TRANSP> 5
 0.000000e+00 1.000000e+00 0.000000e+00 0.000000e+00 0.000000e+00
 0.000000e+00 9.096006e-01 9.039941e-02 0.000000e+00 0.000000e+00
 0.000000e+00 0.000000e+00 8.314188e-01 1.685812e-01 0.000000e+00
 0.000000e+00 0.000000e+00 0.000000e+00 9.086915e-01 9.130853e-02
 0.000000e+00 0.000000e+00 0.000000e+00 0.000000e+00 0.000000e+00
<ENDHMM>
~h "sil"
<BEGINHMM>
<NUMSTATES> 5
<STATE> 2
<MEAN> 39
 -5.629741e+00 -5.381892e+00 -3.959656e+00 -9.043974e+00 -2.191421e-01 -4.181871e+00 -1.412482e-01 -8.546695e+00 -2.498016e+00 -5.830902e+00 5.866590e-01 -4.487319e+00 1.512052e+01 -2.989973e-01 -2.485985e-01 -1.858027e-01 -5.064003e-02 6.951258e-02 1.348524e-01 8.168911e-02 -1.634119e-03 1.418017e-02 1.866253e-02 1.135547e-01 5.824785e-02 -1.518522e-01 2.367052e-02 -7.469356e-03 -3.844176e-02 -6.360326e-02 -7.384169e-02 -6.420476e-02 -4.218207e-02 -1.953492e-03 -3.815019e-03 -6.771961e-03 -1.694117e-02 -5.217429e-03 2.531485e-02
<VARIANCE> 39
 6.971031e+00 8.606980e+00 9.564729e+00 1.168471e+01 1.486930e+01 1.538777e+01 1.765923e+01 1.877628e+01 2.046483e+01 1.954499e+01 1.858365e+01 1.638724e+01 1.209535e+00 1.686650e-01 3.745951e-01 4.430655e-01 5.866130e-01 7.339703e-01 8.284947e-01 8.454956e-01 9.075950e-01 9.109192e-01 8.356441e-01 9.046693e-01 7.998137e-01 2.155256e-02 2.201132e-02 4.568544e-02 6.338219e-02 7.749998e-02 1.032734e-01 1.189163e-01 1.186154e-01 1.276605e-01 1.369553e-01 1.216483e-01 1.281466e-01 1.153788e-01 2.526377e-03
<GCONST> 5.922202e+01
<STATE> 3
<MEAN> 39
 -7.156938e+00 -7.236736e+00 -5.866396e+00 -1.018523e+01 -1.012349e+00 -4.339157e+00 -3.654405e-01 -8.603598e+00 -2.680013e+00 -5.571367e+00 1.005065e+00 -4.037416e+00 1.452098e+01 -3.583883e-03 4.973888e-03 -6.191694e-03 3.802107e-03 1.879702e-03 4.716103e-03 1.255155e-03 -9.876266e-03 -4.555671e-03 1.094678e-02 -2.632788e-04 2.492526e-03 -1.193063e-03 -2.368926e-04 4.887769e-03 2.877414e-03 5.286464e-03 1.315920e-03 2.870478e-03 5.487789e-04 5.853471e-03 2.717877e-03 -8.292226e-04 -4.062798e-03 -3.430536e-03 1.584948e-03
<VARIANCE> 39
 3.027164e+00 3.564779e+00 6.172700e+00 8.254439e+00 1.253747e+01 1.387374e+01 1.474215e+01 1.582845e+01 1.623779e+01 1.398251e+01 1.548319e+01 1.300188e+01 1.028431e+00 5.842894e-02 1.319093e-01 2.563351e-01 3.600300e-01 4.751974e-01 6.449599e-01 6.224142e-01 6.900983e-01 6.643435e-01 5.534226e-01 6.422848e-01 5.676934e-01 2.417416e-03 1.073367e-02 2.426561e-02 4.638893e-02 6.443685e-02 8.854952e-02 1.218526e-01 1.105601e-01 1.289114e-01 1.215520e-01 9.644391e-02 1.150023e-01 1.070998e-01 5.051105e-04
<GCONST> 4.276593e+01
<STATE> 4
<MEAN> 39
 -8.044093e+00 -6.369808e+00 -6.079091e+00 -1.016939e+01 -1.188535e+00 -4.700842e+00 -5.106719e-01 -8.720681e+00 -2.519548e+00 -5.941759e+00 9.985325e-01 -4.417075e+00 1.453678e+01 3.421711e-03 1.545883e-01 2.794104e-02 1.227974e-02 -7.638270e-02 -6.394044e-02 -6.565142e-02 4.920996e-02 -5.532482e-02 -8.987044e-02 -1.027065e-01 -6.833433e-02 4.891994e-02 4.561660e-02 5.645821e-02 2.690503e-02 -6.753352e-03 -2.037743e-03 -2.716500e-02 -1.659515e-02 -1.573686e-02 -1.398969e-02 -1.821201e-02 -3.889841e-02 -1.456853e-02 3.347774e-02
<VARIANCE> 39
 5.361465e+00 5.850706e+00 7.452256e+00 1.031438e+01 1.202344e+01 1.461869e+01 1.655217e+01 1.791411e+01 1.851075e+01 1.737200e+01 1.645254e+01 1.416315e+01 1.276581e+00 2.534420e-01 3.365515e-01 3.772639e-01 5.664127e-01 6.053311e-01 7.375304e-01 7.088119e-01 9.202789e-01 8.939182e-01 7.990523e-01 7.762711e-01 6.718934e-01 2.073157e-02 3.954320e-02 5.724545e-02 6.069205e-02 9.818368e-02 9.287835e-02 1.226493e-01 1.060883e-01 1.502721e-01 1.416596e-01 1.225171e-01 1.118093e-01 9.929958e-02 4.412937e-03
<GCONST> 5.788791e+01
<TRANSP> 5
 0.000000e+00 1.000000e+00 0.000000e+00 0.000000e+00 0.000000e+00
 0.000000e+00 7.692365e-01 2.307635e-01 0.000000e+00 0.000000e+00
 0.000000e+00 0.000000e+00 9.590834e-01 4.091664e-02 0.000000e+00
 0.000000e+00 0.000000e+00 0.000000e+00 7.109281e-01 2.890719e-01
 0.000000e+00 0.000000e+00 0.000000e+00 0.000000e+00 0.000000e+00
<ENDHMM>
~h "six"
<BEGINHMM>
<NUMSTATES> 5
<STATE> 2
<MEAN> 39
 -9.124295e+00 -4.836954e+00 -7.749950e+00 -8.266642e+00 -2.438860e+00 -2.834776e+00 -1.487293e+00 -7.798925e+00 -3.116513e+00 -4.969308e+00 3.618737e-01 -3.493932e+00 1.461232e+01 2.726817e-02 1.591604e-01 1.186005e-01 -3.531415e-01 -3.868248e-01 -2.528191e-01 -1.307357e-02 8.919915e-03 1.418950e-01 1.896524e-01 -1.204977e-01 9.511244e-03 1.277531e-01 1.224181e-01 8.574618e-02 1.920704e-01 -2.156925e-01 -1.443492e-01 -1.911085e-01 -1.348182e-02 -1.142833e-02 4.335968e-02 1.788247e-02 -7.846206e-02 -1.185639e-01 9.579267e-02
<VARIANCE> 39
 5.881862e+00 7.824512e+00 1.145772e+01 1.170149e+01 1.691562e+01 1.670046e+01 1.585943e+01 1.681437e+01 1.957148e+01 2.023768e+01 1.844875e+01 1.536606e+01 1.012900e+00 5.537640e-01 4.715961e-01 1.205765e+00 1.010497e+00 1.007774e+00 1.470703e+00 8.038273e-01 8.137791e-01 1.030870e+00 1.294179e+00 9.459660e-01 9.358549e-01 1.411681e-01 4.636098e-02 5.967520e-02 9.845410e-02 1.366896e-01 1.730452e-01 1.833201e-01 1.418883e-01 1.549592e-01 1.804593e-01 1.774092e-01 1.522814e-01 1.540165e-01 7.503503e-03
<GCONST> 7.075555e+01
<STATE> 3
<MEAN> 39
 -6.389795e+00 -1.255083e+00 -8.810619e-01 -1.937228e+01 -7.577195e+00 -8.493302e+00 -2.595069e+00 -6.569140e+00 3.325134e-02 -3.820271e+00 -2.226170e+00 -7.108535e+00 1.817332e+01 6.033787e-02 -1.004579e-01 1.973096e-01 -2.318165e-01 3.399070e-01 1.645809e-01 -1.732649e-01 1.224702e-01 4.917457e-02 -1.716382e-01 1.772010e-01 -6.580628e-03 -4.431780e-02 -7.081275e-02 -1.914884e-01 -2.624974e-01 4.212635e-01 2.477779e-01 2.067547e-01 8.841410e-02 -7.030385e-02 -1.214316e-01 -5.252290e-02 1.186421e-01 1.339913e-01 -1.487445e-01
<VARIANCE> 39
 7.367370e+00 9.635602e+00 1.569743e+01 2.776346e+01 5.692445e+01 3.167278e+01 3.629293e+01 2.495916e+01 3.438405e+01 5.661713e+01 3.469411e+01 3.674878e+01 1.645046e+00 3.757046e-01 7.674609e-01 1.271301e+00 3.640178e+00 2.695807e+00 1.950656e+00 1.896175e+00 1.366035e+00 1.928482e+00 2.033426e+00 1.879827e+00 2.011311e+00 3.396144e-01 6.646576e-02 6.525157e-02 1.520793e-01 2.585391e-01 3.130457e-01 3.120063e-01 3.695940e-01 2.303204e-01 2.922211e-01 3.375136e-01 2.687100e-01 2.614650e-01 1.433633e-02
<GCONST> 9.337854e+01
<STATE> 4
<MEAN> 39
 -8.222576e+00 -6.451437e+00 -6.277396e+00 -9.275585e+00 -2.415951e+00 -3.256265e+00 -9.182743e-01 -8.615623e+00 -2.795306e+00 -5.153826e+00 7.408628e-01 -4.248636e+00 1.464349e+01 -7.442105e-02 -1.118067e-01 -2.389871e-01 2.870736e-01 3.500345e-02 6.666896e-02 1.390730e-01 -4.188130e-02 -8.121248e-02 -2.482995e-03 7.366759e-03 3.130483e-02 -6.889613e-02 2.173764e-02 7.154388e-02 7.432592e-02 -1.248946e-01 -5.118591e-02 -6.603913e-02 -5.131252e-02 3.815506e-02 2.469881e-02 6.733398e-03 -2.995427e-02 -2.922713e-02 4.497605e-02
<VARIANCE> 39
 7.836411e+00 8.036995e+00 1.202001e+01 1.253897e+01 1.775488e+01 1.684576e+01 1.688480e+01 1.718214e+01 1.742179e+01 1.762552e+01 1.547863e+01 1.427368e+01 1.310076e+00 3.471873e-01 5.518970e-01 7.463481e-01 9.087906e-01 9.875033e-01 1.059264e+00 1.026785e+00 9.108869e-01 8.760951e-01 8.051555e-01 7.558450e-01 6.350750e-01 5.456984e-02 4.509160e-02 7.355041e-02 1.100383e-01 1.327707e-01 1.825923e-01 1.706939e-01 1.655958e-01 1.667243e-01 1.581870e-01 1.441437e-01 1.370198e-01 1.246723e-01 7.388060e-03
<GCONST> 6.779652e+01
<TRANSP> 5
 0.000000e+00 1.000000e+00 0.000000e+00 0.000000e+00 0.000000e+00
 0.000000e+00 9.049471e-01 9.505293e-02 0.000000e+00 0.000000e+00
 0.000000e+00 0.000000e+00 8.983329e-01 1.016671e-01 0.000000e+00
 0.000000e+00 0.000000e+00 0.000000e+00 9.437304e-01 5.626961e-02
 0.000000e+00 0.000000e+00 0.000000e+00 0.000000e+00 0.000000e+00
<ENDHMM>
~h "two"
<BEGINHMM>
<NUMSTATES> 5
<STATE> 2
<MEAN> 39
 -9.639432e+00 -4.513442e+00 -6.580784e+00 -9.863566e+00 -9.720408e-01 -4.070653e+00 -1.373332e+00 -8.179414e+00 -2.537169e+00 -5.722519e+00 1.014212e+00 -3.721750e+00 1.495429e+01 -3.757754e-02 2.631190e-01 2.263410e-01 -3.008495e-01 -8.029814e-02 -1.060164e-02 -1.952124e-01 2.047985e-02 1.192921e-01 3.787174e-02 -4.397209e-03 -2.839801e-02 9.347813e-02 1.950355e-01 9.726559e-02 2.115347e-01 -1.064885e-01 -1.587315e-01 -1.867050e-01 -1.174434e-01 -6.691044e-02 -2.515981e-02 -1.346631e-03 -7.481519e-02 -1.170510e-01 8.904203e-02
<VARIANCE> 39
 9.732004e+00 8.411815e+00 1.057108e+01 1.130264e+01 1.669839e+01 1.858904e+01 1.761614e+01 1.993475e+01 2.014996e+01 2.109541e+01 2.063012e+01 1.756306e+01 9.683502e-01 1.154738e+00 7.385800e-01 1.484538e+00 7.320573e-01 1.243838e+00 1.212123e+00 9.533173e-01 1.050649e+00 1.054671e+00 1.129711e+00 1.398383e+00 9.929753e-01 1.174476e-01 1.107611e-01 1.110919e-01 1.232432e-01 1.199818e-01 2.136406e-01 1.859786e-01 1.655738e-01 1.895574e-01 1.984013e-01 1.764044e-01 2.621562e-01 1.380713e-01 7.422635e-03
<GCONST> 7.620194e+01
<STATE> 3
<MEAN> 39
 -4.756933e+00 1.149315e+00 1.778223e+00 -1.527068e+01 -6.598801e+00 -9.672941e+00 -6.598321e+00 -1.044178e+01 -2.516044e+00 -5.320364e+00 -1.030022e+00 -7.239759e+00 1.830119e+01 7.193317e-01 5.999737e-01 8.360469e-01 -6.091844e-01 -1.201092e+00 -1.150000e+00 -6.212685e-01 -3.241043e-01 -7.638576e-02 1.074629e-01 -2.783287e-01 -6.924761e-01 4.804422e-01 -2.461654e-01 -2.219681e-01 -4.234538e-01 2.838055e-01 2.397677e-01 2.108264e-01 2.293679e-01 1.474366e-01 -1.436261e-02 5.922070e-03 1.442219e-01 1.762000e-01 -1.356782e-01
<VARIANCE> 39
 7.637064e+00 8.201185e+00 1.359602e+01 2.286915e+01 4.094160e+01 2.664878e+01 2.842990e+01 2.392865e+01 3.044522e+01 5.369544e+01 4.334025e+01 4.700744e+01 1.220939e+00 6.002339e-01 6.134166e-01 9.871272e-01 1.413979e+00 1.245545e+00 1.154156e+00 1.636979e+00 1.535896e+00 1.877871e+00 2.038626e+00 2.554878e+00 1.859356e+00 8.416709e-02 6.196151e-02 5.703240e-02 8.188546e-02 1.318224e-01 2.159623e-01 1.828539e-01 2.050731e-01 1.926453e-01 2.096130e-01 2.724443e-01 2.909150e-01 2.224140e-01 8.053160e-03
<GCONST> 8.427510e+01
<STATE> 4
<MEAN> 39
 -3.074161e+00 -2.498670e-01 -1.582229e-01 -1.281026e+01 -6.631934e+00 -1.135587e+01 -5.742216e+00 -1.003087e+01 -3.079259e+00 -5.508285e+00 -1.510017e-01 -7.402925e+00 1.806438e+01 2.855969e-02 -3.108922e-01 -3.225639e-01 4.777225e-01 4.160379e-01 2.897265e-01 2.823423e-01 6.164547e-02 -7.978684e-02 -2.571319e-03 1.468303e-01 2.523638e-01 -1.813464e-01 -7.879111e-02 -6.534892e-02 -4.715100e-02 -2.748476e-03 8.374464e-02 1.333983e-01 8.168682e-02 3.501740e-02 2.799253e-02 -2.889880e-03 -1.432062e-02 4.589089e-02 -4.147470e-02
<VARIANCE> 39
 6.126939e+00 7.980894e+00 1.202321e+01 3.019339e+01 3.252039e+01 2.281908e+01 3.197465e+01 3.246527e+01 4.006964e+01 4.282217e+01 5.143102e+01 4.045080e+01 1.492841e+00 2.866654e-01 2.399540e-01 4.425742e-01 6.655243e-01 9.312069e-01 1.150727e+00 1.105539e+00 1.194718e+00 1.057024e+00 1.124073e+00 1.145986e+00 1.082552e+00 3.967668e-02 3.091891e-02 3.306118e-02 5.466443e-02 9.506726e-02 1.114158e-01 1.450114e-01 1.389046e-01 1.749011e-01 1.699727e-01 1.672946e-01 1.672979e-01 1.557807e-01 3.008836e-03
<GCONST> 7.111194e+01
<TRANSP> 5
 0.000000e+00 1.000000e+00 0.000000e+00 0.000000e+00 0.000000e+00
 0.000000e+00 9.084738e-01 9.152619e-02 0.000000e+00 0.000000e+00
 0.000000e+00 0.000000e+00 7.698609e-01 2.301391e-01 0.000000e+00
 0.000000e+00 0.000000e+00 0.000000e+00 9.201578e-01 7.984215e-02
 0.000000e+00 0.000000e+00 0.000000e+00 0.000000e+00 0.000000e+00
<ENDHMM>
~h "nine"
<BEGINHMM>
<NUMSTATES> 5
<STATE> 2
<MEAN> 39
 -4.077355e+00 -3.898080e+00 -1.677283e+00 -8.971132e+00 -2.804526e+00 -6.378170e+00 -1.642702e+00 -1.116137e+01 -5.117412e+00 -8.042006e+00 -2.887748e+00 -7.734896e+00 1.762904e+01 -1.811352e-01 -6.858120e-01 -2.834682e-01 4.408303e-01 -4.285482e-01 2.355724e-01 4.030303e-01 -1.731182e-01 -1.880286e-02 -1.236233e-01 -8.592892e-02 -8.367135e-02 2.069341e-01 -5.922440e-02 -1.590378e-01 -1.030373e-01 1.132285e-01 -5.451170e-03 -1.170569e-03 5.204901e-02 4.893716e-02 3.952431e-02 9.370673e-03 7.326293e-02 3.877750e-02 -9.215635e-03
<VARIANCE> 39
 8.090957e+00 1.916351e+01 1.444466e+01 1.669302e+01 2.834811e+01 2.875763e+01 3.145680e+01 2.650788e+01 4.734479e+01 3.538869e+01 3.033117e+01 3.281597e+01 1.829780e+00 4.871457e-01 1.494070e+00 1.080500e+00 1.097179e+00 1.264094e+00 1.393847e+00 1.627399e+00 1.205144e+00 1.553549e+00 1.157376e+00 1.183346e+00 1.006631e+00 4.894962e-02 6.265669e-02 1.682056e-01 1.288508e-01 1.425373e-01 2.181620e-01 2.178727e-01 2.447270e-01 1.814137e-01 2.032972e-01 1.691321e-01 1.711290e-01 1.443610e-01 4.463030e-03
<GCONST> 8.221040e+01
<STATE> 3
<MEAN> 39
 -6.347528e+00 -1.160442e+01 -4.860507e+00 -2.734696e+00 -5.693745e+00 -5.250022e+00 1.736059e+00 -1.135922e+01 -5.539675e+00 -9.015327e+00 -1.699772e+00 -7.646741e+00 1.861514e+01 -1.102203e-01 9.686199e-02 2.307481e-01 -2.420494e-01 -2.305133e-02 2.140796e-01 -1.050674e-01 -8.696221e-02 1.959008e-01 5.474234e-02 -5.526827e-02 4.596780e-02 -2.113698e-02 2.517176e-03 1.935469e-01 6.929476e-02 -2.402582e-01 4.426313e-02 6.240251e-02 -1.060979e-01 1.121233e-02 7.537654e-02 -1.084910e-02 -6.778190e-02 2.441990e-02 -1.480030e-02
<VARIANCE> 39
 7.253245e+00 8.472349e+00 2.450037e+01 3.236942e+01 1.900659e+01 3.083621e+01 3.095138e+01 3.397374e+01 4.391693e+01 4.150167e+01 2.842898e+01 3.075456e+01 1.006126e+00 8.384619e-02 3.840294e-01 4.111279e-01 1.132714e+00 5.000379e-01 6.241731e-01 5.587716e-01 5.153655e-01 6.511047e-01 6.707074e-01 6.806698e-01 5.420510e-01 4.827255e-03 1.133341e-02 3.005361e-02 4.127565e-02 5.547946e-02 7.264984e-02 7.246999e-02 7.391037e-02 8.095082e-02 8.281090e-02 8.716507e-02 7.873297e-02 7.922971e-02 3.983414e-04
<GCONST> 5.405609e+01
<STATE> 4
<MEAN> 39
 -5.408905e+00 -2.488682e+00 -1.320183e+00 -1.141007e+01 -1.443051e+00 -5.341787e+00 -3.676814e+00 -1.048137e+01 -3.509048e+00 -8.117086e+00 -2.930911e+00 -6.527724e+00 1.769445e+01 2.317127e-01 5.105803e-01 -3.097200e-03 -1.016845e-01 4.411175e-01 -2.479202e-01 -2.011401e-01 2.756108e-01 -1.277925e-01 8.107346e-02 2.108423e-01 1.169418e-01 -1.723586e-01 -2.715265e-02 -1.583060e-01 -8.625437e-02 1.474530e-01 -3.839314e-02 -6.088086e-03 1.204317e-01 1.985651e-02 -5.447729e-02 4.231410e-02 7.832168e-02 -9.555080e-03 -2.022983e-02
<VARIANCE> 39
 1.166844e+01 1.632513e+01 1.132165e+01 2.321627e+01 3.171811e+01 3.320265e+01 3.064773e+01 2.993109e+01 4.733501e+01 3.817832e+01 3.626935e+01 3.985365e+01 1.211681e+00 5.065143e-01 1.171869e+00 6.359956e-01 1.643062e+00 1.303733e+00 1.550619e+00 1.528424e+00 1.269749e+00 1.658812e+00 1.184168e+00 1.105875e+00 1.068939e+00 2.538155e-02 7.071350e-02 8.681901e-02 9.031512e-02 1.779848e-01 1.819085e-01 2.449422e-01 1.820605e-01 2.039838e-01 2.436517e-01 1.943304e-01 1.735391e-01 1.451955e-01 2.221688e-03
<GCONST> 8.083670e+01
<TRANSP> 5
 0.000000e+00 1.000000e+00 0.000000e+00 0.000000e+00 0.000000e+00
 0.000000e+00 9.012496e-01 9.875035e-02 0.000000e+00 0.000000e+00
 0.000000e+00 0.000000e+00 9.153503e-01 8.464973e-02 0.000000e+00
 0.000000e+00 0.000000e+00 0.000000e+00 9.176037e-01 8.239631e-02
 0.000000e+00 0.000000e+00 0.000000e+00 0.000000e+00 0.000000e+00
<ENDHMM>
~h "five"
<BEGINHMM>
<NUMSTATES> 5
<STATE> 2
<MEAN> 39
 -6.145413e+00 -8.579074e+00 -7.592475e+00 -9.225070e+00 -4.230838e-01 -6.121406e+00 6.983976e-03 -6.825522e+00 -3.778286e+00 -6.490697e+00 -3.218733e-01 -4.546299e+00 1.643806e+01 1.118133e-01 -6.872410e-01 -4.786083e-01 3.255050e-01 2.195631e-01 -2.712338e-01 2.421186e-01 2.803066e-01 -3.435892e-01 -1.302788e-01 -1.266237e-01 1.665767e-02 2.472942e-01 -1.681651e-03 -5.658934e-03 5.737368e-02 4.688980e-02 -1.725036e-02 -3.236974e-02 -1.989743e-02 -4.940676e-02 -1.732634e-02 2.412122e-02 1.545517e-02 -1.459416e-02 2.062077e-02
<VARIANCE> 39
 1.125172e+01 1.815397e+01 1.972030e+01 1.332440e+01 1.797010e+01 2.025481e+01 1.944246e+01 3.697179e+01 2.612167e+01 2.326828e+01 2.203200e+01 1.616223e+01 4.948181e+00 7.423147e-01 6.843746e-01 8.868276e-01 8.866098e-01 8.226856e-01 1.096083e+00 9.428373e-01 1.701064e+00 1.496826e+00 1.271824e+00 1.231866e+00 8.357531e-01 2.129049e-01 1.004218e-01 1.065275e-01 1.570928e-01 1.148716e-01 1.338444e-01 1.695197e-01 1.473376e-01 2.760100e-01 2.348389e-01 1.802742e-01 1.906057e-01 1.286209e-01 2.516623e-02
<GCONST> 8.141029e+01
<STATE> 3
<MEAN> 39
 -5.829909e+00 -1.543208e+01 -8.489590e+00 -3.791512e+00 1.364193e+00 -9.061781e+00 2.480584e+00 -7.543465e+00 -7.266445e+00 -5.482924e+00 -5.596504e-01 -4.576601e+00 1.903887e+01 -1.610334e-01 9.881407e-02 4.891214e-01 -2.808357e-01 -2.718486e-01 4.465807e-01 6.804539e-02 -3.852470e-01 3.469825e-02 2.820528e-01 5.019195e-02 -7.338815e-02 -4.962930e-02 4.119493e-02 1.198995e-01 1.074254e-02 -1.944129e-01 -5.746705e-02 8.541041e-02 -2.819504e-02 2.903908e-02 6.260768e-02 -5.057401e-02 -7.345640e-02 -1.855377e-02 -1.597178e-02
<VARIANCE> 39
 9.235528e+00 9.516539e+00 2.487408e+01 2.134837e+01 1.890438e+01 2.361061e+01 1.802782e+01 4.020393e+01 4.783454e+01 4.513331e+01 2.691068e+01 2.542697e+01 1.368737e+00 9.077794e-02 1.726039e-01 2.727436e-01 6.954198e-01 5.202852e-01 5.777720e-01 5.082279e-01 5.121706e-01 6.401118e-01 6.122560e-01 5.999671e-01 4.835870e-01 5.997612e-03 1.192117e-02 2.521042e-02 3.123400e-02 4.833082e-02 5.224710e-02 5.349409e-02 5.804979e-02 6.689412e-02 9.045421e-02 8.805492e-02 6.807341e-02 7.103819e-02 9.688374e-04
<GCONST> 5.083694e+01
<STATE> 4
<MEAN> 39
 -5.452391e+00 -7.798133e+00 -3.664703e+00 -1.292930e+01 -3.057839e+00 -3.760885e+00 1.120397e+00 -8.346095e+00 -3.888022e+00 -5.631060e+00 -1.734007e+00 -5.652996e+00 1.761935e+01 6.895443e-02 9.293703e-01 2.307903e-01 -1.987819e-01 -1.315820e-01 -8.908918e-02 -2.932268e-01 7.891116e-02 3.928483e-01 -1.370579e-01 7.673198e-02 1.234087e-02 -2.762190e-01 -4.002795e-02 -7.254232e-02 -8.900478e-02 1.945868e-01 1.092595e-01 -8.829936e-02 -1.665268e-02 -4.513928e-03 -4.075377e-02 1.309590e-02 7.344855e-02 3.240450e-02 -1.782405e-02
<VARIANCE> 39
 7.533084e+00 2.308245e+01 1.185583e+01 2.986152e+01 3.748606e+01 2.150830e+01 2.415417e+01 3.057098e+01 4.223564e+01 2.629438e+01 2.688223e+01 2.787950e+01 2.629537e+00 3.400341e-01 7.374119e-01 6.409202e-01 2.733145e+00 1.682092e+00 1.393085e+00 9.393050e-01 1.417220e+00 1.594570e+00 1.266548e+00 1.316846e+00 1.013080e+00 6.819296e-02 5.715518e-02 1.022106e-01 9.524726e-02 3.009388e-01 2.342661e-01 2.509228e-01 1.675267e-01 2.084453e-01 2.011767e-01 1.717465e-01 2.163435e-01 1.726194e-01 9.082253e-03
<GCONST> 8.298357e+01
<TRANSP> 5
 0.000000e+00 1.000000e+00 0.000000e+00 0.000000e+00 0.000000e+00
 0.000000e+00 9.300377e-01 6.996227e-02 0.000000e+00 0.000000e+00
 0.000000e+00 0.000000e+00 9.152321e-01 8.476790e-02 0.000000e+00
 0.000000e+00 0.000000e+00 0.000000e+00 8.980065e-01 1.019935e-01
 0.000000e+00 0.000000e+00 0.000000e+00 0.000000e+00 0.000000e+00
<ENDHMM>
~h "four"
<BEGINHMM>
<NUMSTATES> 5
<STATE> 2
<MEAN> 39
 -7.667632e+00 -6.677813e+00 -5.470657e+00 -9.688787e+00 -1.112557e+00 -4.543468e+00 -5.189663e-01 -8.559961e+00 -2.271111e+00 -5.732471e+00 1.121446e+00 -4.080828e+00 1.494338e+01 3.138313e-01 1.474407e-02 -3.778495e-01 -2.939812e-01 -1.125266e-01 -9.206238e-02 -1.320329e-01 -8.572654e-03 1.231805e-01 1.055054e-01 -1.625507e-02 -4.077245e-02 1.258374e-01 2.438176e-01 9.813561e-02 -1.170309e-01 -1.288149e-01 -5.304027e-02 -1.112594e-01 -1.098003e-01 -1.808208e-02 -8.184183e-03 7.009815e-03 -7.390796e-02 -1.029501e-01 1.065351e-01
<VARIANCE> 39
 4.657616e+00 4.193462e+00 6.876467e+00 8.704009e+00 1.156782e+01 1.418995e+01 1.488087e+01 1.611066e+01 1.489996e+01 1.410065e+01 1.539701e+01 1.167682e+01 9.116793e-01 1.047064e+00 4.639141e-01 5.766311e-01 6.437193e-01 6.049658e-01 9.842650e-01 9.577647e-01 8.519951e-01 8.544621e-01 7.821163e-01 1.037502e+00 8.674458e-01 1.654560e-01 5.929453e-02 5.711770e-02 1.015155e-01 1.069118e-01 1.041823e-01 1.638902e-01 1.311688e-01 1.613805e-01 1.551098e-01 1.347690e-01 1.544514e-01 1.329649e-01 6.555372e-03
<GCONST> 6.410854e+01
<STATE> 3
<MEAN> 39
 1.545537e+00 -3.506089e+00 -1.204608e+01 -1.693925e+01 -4.004857e+00 -6.246482e+00 -3.255047e+00 -8.958971e+00 -1.451341e+00 -3.992062e+00 3.068236e-01 -6.856421e+00 1.889500e+01 3.433108e-01 -1.623344e-01 -3.558463e-01 -7.216814e-02 6.820386e-02 -2.290330e-02 -2.270723e-01 1.736742e-01 3.472260e-01 1.047987e-01 -2.364451e-01 -2.329482e-01 1.594964e-01 -1.728054e-01 -1.511366e-01 1.446062e-01 2.267966e-01 4.013186e-02 -2.949207e-02 4.305415e-02 1.087220e-01 4.690643e-02 -7.877248e-02 -5.253163e-02 5.703609e-02 -6.698064e-02
<VARIANCE> 39
 4.227977e+00 1.022241e+01 1.029045e+01 1.432919e+01 2.460277e+01 1.721145e+01 1.818637e+01 1.709349e+01 2.334690e+01 2.481168e+01 3.750475e+01 3.594285e+01 1.115811e+00 5.912069e-01 7.438651e-01 7.231900e-01 1.240831e+00 9.895772e-01 7.948642e-01 9.115139e-01 9.642997e-01 1.307602e+00 1.180657e+00 1.372137e+00 1.243437e+00 1.038318e-01 4.871615e-02 4.642845e-02 9.628282e-02 8.305278e-02 1.340592e-01 1.435018e-01 1.544318e-01 1.396359e-01 1.799936e-01 1.932644e-01 2.021901e-01 1.820075e-01 7.090540e-03
<GCONST> 7.298956e+01
<STATE> 4
<MEAN> 39
 -5.429831e-01 -1.072217e+01 -7.323051e+00 -8.565798e+00 -5.391732e+00 -8.704739e+00 -2.323936e+00 -4.895605e+00 1.831395e-01 -7.540135e+00 -3.910841e+00 -7.426201e+00 1.840885e+01 -6.129149e-01 7.466216e-02 1.055959e+00 4.896421e-01 -3.433419e-01 7.616889e-02 5.981603e-01 -1.811753e-01 -6.240142e-01 -3.440921e-01 1.658277e-01 3.014685e-01 -2.432781e-01 -9.001486e-02 2.380749e-01 -4.453582e-02 -1.996031e-01 1.165274e-01 1.960437e-01 3.099963e-02 -1.858897e-01 -1.287883e-01 1.032560e-01 1.745540e-01 4.439647e-02 -4.962646e-02
<VARIANCE> 39
 7.333450e+00 1.779965e+01 3.181582e+01 1.828333e+01 4.522178e+01 3.700927e+01 3.509673e+01 4.319460e+01 4.621225e+01 3.482872e+01 3.460005e+01 3.076926e+01 1.741649e+00 2.971746e-01 1.587485e+00 9.179335e-01 1.626269e+00 2.564562e+00 2.221734e+00 1.718488e+00 2.564757e+00 1.885273e+00 1.705944e+00 1.829042e+00 1.123809e+00 5.832982e-02 2.926783e-02 1.346427e-01 2.064869e-01 1.690585e-01 4.288312e-01 2.940584e-01 3.516535e-01 3.668488e-01 3.851876e-01 2.816693e-01 3.092496e-01 2.124632e-01 3.411679e-03
<GCONST> 9.085585e+01
<TRANSP> 5
 0.000000e+00 1.000000e+00 0.000000e+00 0.000000e+00 0.000000e+00
 0.000000e+00 9.011173e-01 9.888270e-02 0.000000e+00 0.000000e+00
 0.000000e+00 0.000000e+00 9.186854e-01 8.131456e-02 0.000000e+00
 0.000000e+00 0.000000e+00 0.000000e+00 8.810130e-01 1.189870e-01
 0.000000e+00 0.000000e+00 0.000000e+00 0.000000e+00 0.000000e+00
<ENDHMM>
~h "zero"
<BEGINHMM>
<NUMSTATES> 5
<STATE> 2
<MEAN> 39
 -6.758428e+00 -3.060464e+00 -4.886845e+00 -7.466973e+00 -1.265895e+00 -3.807460e+00 -1.414265e+00 -8.520127e+00 -3.457508e+00 -5.106252e+00 5.899608e-01 -4.556078e+00 1.523184e+01 -8.166610e-02 3.318265e-01 1.414413e-01 -3.042481e-01 -2.134246e-01 -2.738811e-01 -1.777486e-01 -1.205483e-01 1.233564e-01 2.201134e-01 -1.252475e-02 -2.053941e-04 1.060875e-01 6.807441e-02 1.068972e-01 1.512958e-01 -2.257075e-01 -1.459454e-01 -2.462665e-01 -6.497717e-02 -7.538846e-02 6.204237e-02 1.079972e-02 -2.261554e-02 -5.404634e-02 8.252518e-02
<VARIANCE> 39
 7.744872e+00 1.028944e+01 1.429270e+01 1.361039e+01 1.783445e+01 1.930259e+01 1.878044e+01 1.949880e+01 2.377172e+01 2.085690e+01 1.977691e+01 1.678358e+01 1.208777e+00 4.211893e-01 7.291123e-01 1.003797e+00 9.500877e-01 8.893955e-01 1.750886e+00 9.590028e-01 1.102180e+00 1.068054e+00 8.963197e-01 1.006117e+00 1.001711e+00 1.192625e-01 5.258021e-02 9.179173e-02 1.144118e-01 1.198319e-01 1.237970e-01 1.946346e-01 1.597977e-01 1.730654e-01 1.607272e-01 1.399889e-01 1.706459e-01 1.584632e-01 7.958848e-03
<GCONST> 7.320421e+01
<STATE> 3
<MEAN> 39
 -5.589855e+00 3.876087e-01 8.097332e-01 -1.662251e+01 -7.715256e+00 -9.219720e+00 -4.657034e+00 -8.629187e+00 -4.824884e-02 -3.802155e+00 1.259707e-01 -6.760056e+00 1.834456e+01 3.382353e-01 -6.257404e-01 4.876495e-01 -2.637237e-01 -1.101976e+00 1.287746e-01 1.562797e-01 1.536241e-01 3.343979e-01 -5.407881e-02 2.643268e-02 -1.549247e-01 1.947280e-01 4.506037e-02 -2.655971e-01 -1.693588e-01 3.429649e-01 9.992750e-03 1.397461e-01 1.906679e-01 7.251167e-02 -7.146478e-02 -4.762827e-02 -7.163612e-03 6.288774e-02 -6.159610e-02
<VARIANCE> 39
 7.284227e+00 1.921584e+01 1.718363e+01 2.744989e+01 5.853122e+01 3.941499e+01 3.188746e+01 4.335515e+01 3.245312e+01 3.001122e+01 3.378816e+01 4.993450e+01 1.156213e+00 4.295769e-01 1.775197e+00 8.562283e-01 2.667449e+00 1.664255e+00 2.653901e+00 1.728961e+00 1.475849e+00 1.339946e+00 1.175297e+00 1.141112e+00 1.379647e+00 7.311254e-02 5.099687e-02 1.108773e-01 1.223298e-01 1.858184e-01 2.378311e-01 3.920621e-01 2.243659e-01 2.433964e-01 2.199363e-01 1.773603e-01 1.723585e-01 2.130700e-01 4.551025e-03
<GCONST> 8.729680e+01
<STATE> 4
<MEAN> 39
 -1.648879e+00 -9.931000e+00 -4.554205e+00 -9.834581e+00 -9.198889e+00 -8.375865e+00 4.481238e-02 -4.370834e+00 -3.080978e-01 -6.664511e+00 -1.067334e+00 -5.913028e+00 1.846278e+01 -2.098292e-03 4.190496e-02 -4.247867e-01 2.114216e-01 6.912477e-01 -3.653995e-02 1.223630e-02 7.664513e-02 -1.452823e-01 -9.950292e-02 -4.250351e-02 5.551748e-02 -9.987439e-02 -8.145793e-02 1.026450e-01 5.174433e-02 -8.309612e-02 8.968049e-02 7.188158e-02 -5.902323e-02 -6.238297e-02 -2.358419e-02 2.521506e-02 2.535341e-02 8.697566e-03 -2.411516e-02
<VARIANCE> 39
 6.049117e+00 2.023104e+01 2.589781e+01 2.574606e+01 6.115267e+01 5.178580e+01 3.776975e+01 3.635340e+01 4.392651e+01 3.594089e+01 2.597978e+01 3.311771e+01 1.509818e+00 3.009315e-01 8.266983e-01 7.835881e-01 1.012327e+00 1.235316e+00 1.841005e+00 1.588871e+00 1.897703e+00 1.647836e+00 1.476575e+00 1.053446e+00 9.581101e-01 3.798401e-02 2.902717e-02 5.183366e-02 8.355866e-02 1.131023e-01 1.904359e-01 2.369752e-01 2.061123e-01 2.034430e-01 2.219880e-01 2.011984e-01 1.522731e-01 1.418964e-01 2.416156e-03
<GCONST> 8.033643e+01
<TRANSP> 5
 0.000000e+00 1.000000e+00 0.000000e+00 0.000000e+00 0.000000e+00
 0.000000e+00 8.903254e-01 1.096746e-01 0.000000e+00 0.000000e+00
 0.000000e+00 0.000000e+00 8.973634e-01 1.026365e-01 0.000000e+00
 0.000000e+00 0.000000e+00 0.000000e+00 9.447362e-01 5.526383e-02
 0.000000e+00 0.000000e+00 0.000000e+00 0.000000e+00 0.000000e+00
<ENDHMM>
