~o
<STREAMINFO> 1 39
<VECSIZE> 39<NULLD><MFCC_E_D_A><DIAGC>
~s "silst"
<MEAN> 39
 -5.073526e+00 -3.731126e+00 -3.209787e+00 -8.850673e+00 -1.262311e+00 -5.772722e+00 -1.837575e+00 -9.466355e+00 -3.499103e+00 -6.426618e+00 -3.749983e-01 -5.641725e+00 1.586255e+01 -6.620019e-01 -4.393581e-01 -4.499995e-01 1.677713e-01 3.066182e-01 7.032390e-01 3.728995e-01 1.060095e-01 1.429521e-01 1.496001e-01 3.341662e-01 3.718606e-01 -3.625697e-01 -2.708979e-02 -7.102524e-02 -1.091589e-01 -1.263914e-01 -9.502133e-02 -7.039538e-02 1.417495e-03 7.311344e-02 3.769326e-02 9.187236e-03 -1.473524e-02 4.254410e-03 2.628861e-02
<VARIANCE> 39
 1.122852e+01 1.078567e+01 1.339987e+01 1.344854e+01 2.084285e+01 2.473487e+01 2.386329e+01 2.482337e+01 2.796770e+01 2.738650e+01 2.586378e+01 2.367277e+01 2.030088e+00 3.762684e-01 7.430810e-01 8.214793e-01 8.127441e-01 1.146809e+00 1.289848e+00 1.257255e+00 1.301964e+00 1.409477e+00 1.274739e+00 1.247482e+00 1.115570e+00 5.127654e-02 6.990711e-02 9.973525e-02 1.068080e-01 1.141838e-01 1.569550e-01 2.203610e-01 1.943258e-01 1.872382e-01 2.097673e-01 1.847707e-01 1.822008e-01 1.530945e-01 9.208526e-03
<GCONST> 7.764780e+01
~h "eight"
<BEGINHMM>
<NUMSTATES> 5
<STATE> 2
<MEAN> 39
 -8.238289e+00 -2.957893e+00 -5.891333e+00 -1.824627e+01 2.008398e-01 -4.922451e+00 8.410792e-01 -6.793280e+00 -1.614774e+00 -7.443314e+00 -1.713036e+00 -5.733945e+00 1.741149e+01 -1.681939e-01 1.034696e+00 -9.391795e-02 -1.065448e+00 -5.375823e-02 -5.912541e-01 8.856333e-02 4.681094e-01 3.863108e-01 -5.167825e-03 -1.789065e-01 -2.410480e-01 3.321024e-01 2.902221e-02 8.868298e-02 5.847765e-03 1.408683e-01 -6.229131e-02 -1.924100e-01 -8.382023e-02 -1.975965e-02 2.535621e-02 9.302188e-02 1.131991e-01 4.251135e-05 -1.726381e-02
<VARIANCE> 39
 7.946057e+00 2.039305e+01 1.879134e+01 3.167261e+01 4.175573e+01 2.219083e+01 2.471230e+01 2.261686e+01 3.072571e+01 2.340107e+01 2.469780e+01 2.554066e+01 3.277058e+00 3.452164e-01 7.470392e-01 6.561350e-01 1.290262e+00 1.207432e+00 1.365193e+00 1.443125e+00 9.956809e-01 1.345356e+00 1.121267e+00 1.076031e+00 9.600321e-01 1.027472e-01 4.182205e-02 8.013862e-02 7.516775e-02 1.951016e-01 1.370694e-01 1.682818e-01 1.481003e-01 1.685508e-01 2.268667e-01 1.630770e-01 1.704885e-01 1.469154e-01 1.298264e-02
<GCONST> 7.932348e+01
<STATE> 3
<MEAN> 39
 -8.385721e+00 5.806817e+00 -5.498366e+00 -1.916402e+01 -2.898165e+00 -1.382059e+01 -1.693237e+00 -6.018616e+00 7.140895e-01 -4.009399e+00 7.756379e-01 -5.678622e+00 1.854040e+01 1.041048e-01 4.828995e-01 2.037682e-01 8.337281e-01 -4.280277e-03 -9.143823e-01 -6.075888e-01 -8.180785e-01 -3.727362e-01 3.120498e-01 4.554717e-01 2.257652e-01 -7.509282e-02 4.935160e-02 -2.854531e-01 2.200656e-02 1.864184e-01 8.718858e-02 2.792715e-01 2.361906e-02 -1.527172e-01 -1.930334e-01 -1.421315e-01 -7.314547e-02 3.599652e-02 -6.211436e-02
<VARIANCE> 39
 1.000395e+01 1.135348e+01 2.480293e+01 2.665882e+01 2.086879e+01 2.354171e+01 5.648455e+01 2.736126e+01 2.991469e+01 2.193382e+01 3.284138e+01 2.508653e+01 1.481461e+00 1.835124e-01 5.220840e-01 2.626584e-01 6.275119e-01 8.165779e-01 1.029174e+00 7.490181e-01 8.199950e-01 1.760653e+00 1.031613e+00 1.193015e+00 8.514773e-01 2.580150e-02 2.775963e-02 7.154965e-02 4.954380e-02 9.953637e-02 8.134255e-02 1.538341e-01 1.412803e-01 1.357724e-01 1.691020e-01 1.388584e-01 1.857772e-01 1.367214e-01 3.396667e-03
<GCONST> 6.920496e+01
<STATE> 4
<MEAN> 39
 -6.956194e+00 9.286820e-01 -4.081108e+00 -1.213817e+01 -1.164132e+00 -1.155188e+01 -4.025096e+00 -1.160552e+01 -4.477372e+00 -5.791032e+00 8.173426e-01 -4.536822e+00 1.648177e+01 2.088653e-01 -1.869405e+00 -1.102174e-02 8.780867e-01 2.162056e-01 1.623885e+00 3.367692e-01 -1.208903e-03 -3.080545e-01 -3.896718e-01 -1.369529e-01 9.761035e-02 -4.719393e-01 -7.308117e-02 -8.444834e-02 -9.961075e-02 -1.353296e-01 -4.886522e-02 1.417685e-01 1.889017e-01 2.698556e-01 2.085690e-01 6.922162e-02 2.470799e-02 -3.125190e-02 -3.366708e-03
<VARIANCE> 39
 5.982876e+00 3.364500e+01 1.473613e+01 1.910010e+01 1.602345e+01 3.842434e+01 3.250823e+01 2.441769e+01 3.876868e+01 2.718422e+01 2.549444e+01 2.390594e+01 2.795763e+00 3.558524e-01 7.292934e-01 6.229886e-01 1.036208e+00 6.528760e-01 1.225173e+00 1.762840e+00 1.479312e+00 2.033819e+00 1.218176e+00 1.377059e+00 1.140412e+00 3.531523e-02 4.197710e-02 2.611977e-01 7.001794e-02 1.184942e-01 9.694906e-02 3.308950e-01 1.821166e-01 1.972268e-01 2.963789e-01 1.781209e-01 1.974416e-01 1.936863e-01 1.072526e-02
<GCONST> 8.027482e+01
<TRANSP> 5
 0.000000e+00 1.000000e+00 0.000000e+00 0.000000e+00 0.000000e+00
 0.000000e+00 8.681347e-01 1.318652e-01 0.000000e+00 0.000000e+00
 0.000000e+00 0.000000e+00 8.564600e-01 1.435400e-01 0.000000e+00
 0.000000e+00 0.000000e+00 0.000000e+00 8.208506e-01 1.791494e-01
 0.000000e+00 0.000000e+00 0.000000e+00 0.000000e+00 0.000000e+00
<ENDHMM>
~h "oh"
<BEGINHMM>
<NUMSTATES> 5
<STATE> 2
<MEAN> 39
 -4.369309e+00 -1.037244e+01 -8.319330e+00 -8.591404e+00 -2.637911e+00 -7.656548e+00 3.568605e+00 -7.380332e+00 -5.230793e+00 -7.116560e+00 -2.437954e+00 -5.426005e+00 1.781751e+01 5.458868e-01 -2.069014e-01 -6.073699e-01 1.663307e-01 9.140934e-02 -6.961269e-01 1.445515e-01 7.346179e-01 -1.581232e-02 -4.297763e-01 -4.115862e-01 -1.519830e-01 3.523214e-01 1.025413e-02 1.036043e-01 1.987090e-03 -5.221310e-02 3.803750e-02 -1.097017e-02 -1.515693e-01 8.242190e-03 1.327733e-01 2.604449e-02 -9.919289e-03 -2.756136e-02 -2.137011e-02
<VARIANCE> 39
 8.672501e+00 1.234526e+01 1.666225e+01 1.820519e+01 2.295946e+01 2.452787e+01 3.068544e+01 6.477251e+01 3.833034e+01 3.398397e+01 2.705528e+01 3.144850e+01 3.009006e+00 2.973313e-01 5.786105e-01 6.309980e-01 6.411168e-01 6.857436e-01 9.315763e-01 1.330513e+00 1.791126e+00 1.558231e+00 1.263889e+00 1.249507e+00 1.053350e+00 9.560091e-02 3.988795e-02 6.297570e-02 7.496653e-02 7.996427e-02 9.176371e-02 1.302308e-01 1.558875e-01 2.155451e-01 1.874594e-01 1.966426e-01 1.842284e-01 1.403503e-01 1.336784e-02
<GCONST> 7.717941e+01
<STATE> 3
<MEAN> 39
 -5.721835e-01 -8.249165e+00 -1.317401e+01 -9.924564e+00 -7.036365e-01 -1.204470e+01 -7.937918e-01 -7.845969e-01 1.217240e-01 -8.236032e+00 -5.128222e+00 -6.597775e+00 1.903757e+01 2.234149e-01 4.044164e-01 -2.891076e-02 -3.467115e-01 -3.584005e-02 -5.035450e-03 -6.739249e-01 -2.431330e-01 6.660369e-01 6.023146e-01 -3.332430e-02 -3.510952e-01 -9.545906e-03 -4.124851e-02 2.447612e-02 1.010591e-01 -2.068924e-02 -5.709790e-02 9.292368e-02 1.129980e-02 -1.581797e-01 -8.088084e-02 9.194208e-02 1.210164e-01 1.106997e-02 -2.523988e-02
<VARIANCE> 39
 6.095462e+00 8.382001e+00 1.534781e+01 1.468856e+01 1.921950e+01 2.241434e+01 4.166907e+01 3.080306e+01 3.925404e+01 3.571219e+01 3.180386e+01 4.016750e+01 1.214679e+00 8.015580e-02 1.367695e-01 2.625557e-01 2.768446e-01 3.851520e-01 5.152343e-01 7.297215e-01 1.010657e+00 7.300366e-01 8.551100e-01 7.851279e-01 6.995334e-01 1.316680e-02 1.111155e-02 1.421408e-02 3.350551e-02 3.312284e-02 4.700970e-02 6.865238e-02 7.736696e-02 9.585183e-02 1.049724e-01 1.013295e-01 9.156203e-02 8.859833e-02 1.198449e-03
<GCONST> 5.210582e+01
<STATE> 4
<MEAN> 39
 1.806095e-01 -3.751686e+00 -9.943889e+00 -1.348915e+01 -3.315403e+00 -1.007718e+01 -4.952154e+00 -7.354933e+00 1.056903e+00 -2.358355e+00 -1.930164e-01 -7.011812e+00 1.844995e+01 -3.470140e-01 2.894062e-01 8.516975e-01 1.487055e-01 -2.206988e-01 3.707640e-01 2.089620e-01 -5.769591e-01 -5.863385e-01 -1.022048e-01 5.108353e-01 4.123279e-01 -2.302223e-01 -1.309782e-01 -1.052745e-01 5.254707e-02 1.422121e-01 1.058272e-01 8.414155e-02 1.856742e-01 8.545646e-02 -1.059426e-01 -1.826958e-01 -7.784495e-02 8.024680e-02 -4.424012e-02
<VARIANCE> 39
 6.300469e+00 7.056244e+00 1.855872e+01 1.556027e+01 1.888481e+01 2.849609e+01 3.124229e+01 2.746354e+01 3.053970e+01 3.707001e+01 3.964904e+01 3.643399e+01 1.763860e+00 2.380762e-01 3.534422e-01 4.245679e-01 5.875813e-01 6.839671e-01 8.667268e-01 1.173910e+00 1.223108e+00 1.192263e+00 1.308228e+00 1.200880e+00 1.025735e+00 3.034746e-02 2.290693e-02 3.288462e-02 6.523261e-02 6.515475e-02 9.773346e-02 1.567908e-01 1.651272e-01 1.869850e-01 2.023715e-01 1.902509e-01 1.710619e-01 1.627535e-01 2.727307e-03
<GCONST> 6.913753e+01
<TRANSP> 5
 0.000000e+00 1.000000e+00 0.000000e+00 0.000000e+00 0.000000e+00
 0.000000e+00 8.830600e-01 1.169400e-01 0.000000e+00 0.000000e+00
 0.000000e+00 0.000000e+00 8.921098e-01 1.078903e-01 0.000000e+00
 0.000000e+00 0.000000e+00 0.000000e+00 8.562222e-01 1.437778e-01
 0.000000e+00 0.000000e+00 0.000000e+00 0.000000e+00 0.000000e+00
<ENDHMM>
~h "sp"
<BEGINHMM>
<NUMSTATES> 5
<STATE> 2
~s "silst"
<STATE> 3
<MEAN> 39
 -7.708072e+00 -6.474618e+00 -6.099969e+00 -9.709277e+00 -1.334268e+00 -4.071696e+00 -6.345519e-01 -8.568495e+00 -2.837272e+00 -5.610204e+00 9.602965e-01 -4.089834e+00 1.480025e+01 -9.992189e-02 -1.828695e-02 -1.137091e-01 -5.607966e-03 -2.992358e-02 3.009905e-02 -6.595350e-03 3.525824e-02 2.959949e-03 2.057743e-02 3.529264e-02 4.040324e-02 -1.371717e-02 6.153030e-02 8.263329e-02 6.163107e-02 -1.138396e-02 -9.666261e-03 -5.719229e-02 -4.141861e-02 -1.856735e-02 -9.277009e-03 -1.624541e-02 -3.379305e-02 -3.258112e-02 4.437003e-02
<VARIANCE> 39
 5.196173e+00 5.804887e+00 8.369464e+00 1.000290e+01 1.421359e+01 1.533713e+01 1.546241e+01 1.657203e+01 1.760975e+01 1.635136e+01 1.593538e+01 1.371963e+01 1.090880e+00 1.561059e-01 2.338965e-01 3.574908e-01 4.283591e-01 5.671073e-01 6.773989e-01 6.516151e-01 7.187527e-01 7.409027e-01 6.608878e-01 6.507679e-01 5.695904e-01 7.413272e-03 3.306704e-02 5.308365e-02 7.089557e-02 9.034689e-02 1.138436e-01 1.432571e-01 1.321118e-01 1.439372e-01 1.467487e-01 1.252161e-01 1.241548e-01 1.145351e-01 4.109877e-03
<GCONST> 5.484776e+01
<STATE> 4
<MEAN> 39
 -8.552618e+00 -4.937050e+00 -6.267641e+00 -8.993805e+00 -2.033020e+00 -3.799577e+00 -1.072971e+00 -8.417384e+00 -2.905585e+00 -5.481735e+00 6.393887e-01 -4.050044e+00 1.505759e+01 2.773596e-01 1.777697e-01 9.762559e-02 -1.320775e-01 -1.900218e-01 -3.041425e-01 -8.206305e-02 7.414585e-02 -3.629349e-02 -5.241443e-02 -2.027098e-01 -8.214394e-02 2.191595e-01 2.163405e-01 4.287144e-03 6.074864e-02 -1.468119e-01 -1.301062e-01 -2.124153e-01 -6.723904e-03 1.882950e-02 6.927649e-03 -1.707943e-03 -1.014871e-01 -8.327690e-02 1.102116e-01
<VARIANCE> 39
 1.198106e+01 1.157528e+01 1.733100e+01 1.581416e+01 1.929972e+01 1.880157e+01 1.809363e+01 2.027223e+01 2.111913e+01 1.993824e+01 1.872871e+01 1.701869e+01 1.498410e+00 5.887184e-01 5.337034e-01 7.434539e-01 7.906494e-01 9.687290e-01 1.003053e+00 8.530418e-01 1.187192e+00 1.045575e+00 9.265639e-01 9.470659e-01 7.677403e-01 5.344227e-02 7.114417e-02 1.106911e-01 1.693872e-01 1.485074e-01 2.003202e-01 1.926998e-01 1.680376e-01 2.260597e-01 2.042880e-01 1.794501e-01 1.803292e-01 1.550590e-01 9.431290e-03
<GCONST> 7.465010e+01
<TRANSP> 5
 0.000000e+00 8.200439e-01 1.799560e-01 0.000000e+00 0.000000e+00
 0.000000e+00 7.946485e-01 2.053515e-01 0.000000e+00 0.000000e+00
 0.000000e+00 0.000000e+00 8.500562e-01 1.499438e-01 0.000000e+00
 0.000000e+00 0.000000e+00 0.000000e+00 5.804526e-01 4.195474e-01
 0.000000e+00 0.000000e+00 0.000000e+00 0.000000e+00 0.000000e+00
<ENDHMM>
~h "seven"
<BEGINHMM>
<NUMSTATES> 5
<STATE> 2
<MEAN> 39
 -7.502969e+00 -4.377658e+00 -5.937367e+00 -9.771878e+00 -3.676170e+00 -4.927668e+00 -5.372249e-01 -8.207128e+00 -2.372670e+00 -4.350099e+00 -4.182802e-01 -3.926646e+00 1.554288e+01 8.771684e-01 1.078518e-01 6.990551e-01 -1.397219e+00 -1.107777e+00 -8.449150e-01 9.541273e-01 -1.028489e-01 3.670491e-01 7.775185e-03 -7.827578e-01 -6.909739e-01 6.874688e-01 1.156807e-02 -1.146477e-01 -6.980842e-02 -2.465841e-01 -1.665386e-01 8.968630e-02 2.482842e-01 6.199851e-02 -1.381136e-02 -1.416609e-01 -1.654856e-01 -1.478858e-01 1.280763e-01
<VARIANCE> 39
 9.973591e+00 6.275355e+00 1.233051e+01 1.239327e+01 2.007007e+01 2.197823e+01 1.817585e+01 1.885992e+01 1.813053e+01 2.641208e+01 1.795325e+01 1.627444e+01 2.403349e+00 4.602758e-01 4.413882e-01 6.449115e-01 9.575174e-01 1.281708e+00 1.633427e+00 1.348266e+00 1.235637e+00 1.239842e+00 2.356291e+00 1.097528e+00 1.205543e+00 7.155534e-02 8.269698e-02 5.431883e-02 9.797775e-02 1.247388e-01 2.214128e-01 2.099472e-01 1.570068e-01 1.531832e-01 1.608415e-01 1.971795e-01 1.399223e-01 1.860952e-01 1.194850e-02
<GCONST> 7.525079e+01
<STATE> 3
<MEAN> 39
 -5.770544e+00 -7.503268e+00 -5.377144e+00 -1.621593e+01 -6.141633e+00 -4.355721e+00 5.054734e+00 -8.665753e+00 -2.716986e+00 -7.113139e+00 -4.211767e+00 -6.594547e+00 1.905030e+01 1.295965e-01 -3.019112e-01 6.914888e-02 1.570323e-01 4.245763e-02 -3.146655e-02 1.866445e-01 2.621845e-01 -3.501445e-01 -4.067221e-02 1.066114e-04 -4.528813e-02 7.756416e-02 -1.918050e-02 1.035834e-01 3.887583e-02 3.170173e-01 1.434272e-01 -7.628841e-02 -2.829217e-01 4.919565e-02 -1.686635e-02 3.756019e-02 2.030200e-01 6.435142e-02 -1.363186e-01
<VARIANCE> 39
 9.473536e+00 1.184115e+01 8.972601e+00 1.776955e+01 4.825703e+01 3.849836e+01 3.167884e+01 3.890681e+01 4.871785e+01 5.842851e+01 3.331780e+01 3.290079e+01 1.187936e+00 3.937557e-01 5.721616e-01 4.497136e-01 1.305731e+00 1.492670e+00 1.582059e+00 1.627255e+00 1.045356e+00 1.272685e+00 1.720397e+00 1.746601e+00 1.229848e+00 1.742110e-01 8.132672e-02 8.526666e-02 8.877379e-02 1.109693e-01 2.648717e-01 2.639586e-01 1.734366e-01 1.625938e-01 2.084873e-01 2.425164e-01 2.322460e-01 1.901384e-01 5.532761e-03
<GCONST> 8.328522e+01
<STATE> 4
<MEAN> 39
 -3.258079e+00 -4.146466e+00 -2.041716e+00 -9.795966e+00 -3.965184e+00 -7.898056e+00 -4.592832e-01 -7.894104e+00 -3.869707e+00 -6.627920e+00 -1.620808e+00 -6.940335e+00 1.713526e+01 1.049708e-01 3.678469e-01 2.307666e-01 2.342018e-01 3.761051e-01 -3.335759e-02 -4.254778e-01 -3.491289e-01 3.199621e-02 -6.876921e-02 7.984004e-02 -1.563532e-02 -8.791476e-02 -3.971144e-02 -5.777258e-02 -5.439068e-02 -7.391117e-02 1.583479e-03 1.086556e-01 9.037673e-02 -4.312471e-02 -1.139124e-03 -7.543238e-04 -4.327234e-02 3.123252e-02 1.965019e-02
<VARIANCE> 39
 4.897284e+00 1.044844e+01 1.000146e+01 1.377083e+01 2.821683e+01 3.248804e+01 2.626628e+01 4.099001e+01 3.228210e+01 3.544887e+01 3.234483e+01 2.883541e+01 1.691136e+00 1.922443e-01 4.145948e-01 4.778290e-01 9.058260e-01 1.392850e+00 1.173760e+00 1.648285e+00 1.272281e+00 1.389959e+00 1.389688e+00 1.265067e+00 9.329461e-01 8.938868e-02 3.490451e-02 7.891504e-02 8.611136e-02 1.530945e-01 2.484968e-01 2.056616e-01 2.861465e-01 2.267890e-01 2.302512e-01 2.389759e-01 2.142822e-01 1.482269e-01 1.490780e-02
<GCONST> 7.853316e+01
<TRANSP> 5
 0.000000e+00 1.000000e+00 0.000000e+00 0.000000e+00 0.000000e+00
 0.000000e+00 7.198334e-01 2.801666e-01 0.000000e+00 0.000000e+00
 0.000000e+00 0.000000e+00 8.916439e-01 1.083561e-01 0.000000e+00
 0.000000e+00 0.000000e+00 0.000000e+00 9.307766e-01 6.922338e-02
 0.000000e+00 0.000000e+00 0.000000e+00 0.000000e+00 0.000000e+00
<ENDHMM>
~h "three"
<BEGINHMM>
<NUMSTATES> 5
<STATE> 2
<MEAN> 39
 -3.118592e+00 -6.913362e+00 -4.535547e-01 -8.967010e+00 -1.014532e+01 -1.091852e+01 -1.276506e+00 -8.700792e+00 -1.879665e+00 -5.154568e+00 -2.983306e-01 -5.327936e+00 1.734745e+01 5.102997e-01 -1.662351e-01 9.459695e-01 -2.174533e-01 -1.621350e+00 -1.582543e-01 -2.157489e-01 -2.362809e-01 3.923617e-01 1.012240e-01 -4.349291e-02 -2.407168e-01 3.754299e-01 -1.734013e-01 1.077610e-01 1.426207e-02 -2.888408e-01 1.884638e-01 3.134474e-01 -1.532659e-01 5.774971e-03 8.996953e-02 -1.351305e-02 4.985702e-02 8.573085e-03 -2.949020e-02
<VARIANCE> 39
 1.187210e+01 1.265873e+01 1.656381e+01 2.976090e+01 5.172525e+01 4.906736e+01 2.339018e+01 2.592806e+01 2.812622e+01 2.586862e+01 3.358198e+01 3.187611e+01 2.759926e+00 7.621014e-01 6.628193e-01 8.055974e-01 1.999020e+00 1.895097e+00 3.390186e+00 1.380177e+00 1.541888e+00 1.261478e+00 1.080222e+00 1.379258e+00 1.291165e+00 5.976645e-02 1.151668e-01 1.450000e-01 1.317901e-01 3.044776e-01 4.565197e-01 4.291050e-01 2.889671e-01 2.381225e-01 1.922123e-01 1.827255e-01 1.982896e-01 1.949418e-01 1.010895e-02
<GCONST> 8.938485e+01
<STATE> 3
<MEAN> 39
 -4.893480e+00 -3.958874e+00 5.699154e+00 -1.860659e+01 -1.300070e+01 -4.156020e+00 -8.368047e+00 -9.031812e+00 2.073695e+00 -5.691624e+00 1.205310e+00 -5.889605e+00 1.867311e+01 -8.581266e-01 1.771769e+00 -1.758544e-01 -1.823076e+00 2.294791e+00 2.430024e-02 -1.555402e+00 9.042648e-01 -3.506341e-01 -2.394946e-01 1.360699e-01 1.423613e-02 -1.503527e-02 2.743828e-02 1.524803e-01 -4.740330e-01 4.801654e-01 4.588152e-01 -6.778470e-01 3.888129e-01 9.376021e-02 -3.870445e-01 6.394469e-02 -5.912502e-02 4.231516e-02 -5.642126e-02
<VARIANCE> 39
 7.816080e+00 2.323569e+01 1.109446e+01 3.389841e+01 5.889633e+01 2.865402e+01 4.399465e+01 6.253553e+01 2.487422e+01 2.785901e+01 3.831017e+01 2.942703e+01 1.296592e+00 2.555196e-01 6.228350e-01 1.040349e+00 1.685468e+00 1.523563e+00 3.668113e+00 1.874779e+00 1.442781e+00 1.450694e+00 1.045699e+00 7.397283e-01 8.136452e-01 2.161073e-02 5.374009e-02 1.552119e-01 8.964621e-02 2.658203e-01 4.909773e-01 2.353068e-01 4.239718e-01 3.664200e-01 1.575891e-01 1.512315e-01 1.339042e-01 1.103531e-01 2.306439e-03
<GCONST> 8.293491e+01
<STATE> 4
<MEAN> 39
 -6.772109e+00 4.041018e+00 -1.624573e+00 -1.653174e+01 -1.362990e+00 -1.245519e+01 -5.584755e+00 -8.038708e+00 -3.410942e+00 -4.980011e+00 -2.420561e-01 -6.257338e+00 1.788607e+01 1.323078e-01 -4.298285e-02 -5.856013e-01 9.551616e-01 4.637934e-01 -1.782888e-01 7.100039e-01 -3.588241e-01 -3.276476e-01 -1.341526e-02 -1.981704e-01 7.872178e-04 -1.770268e-01 6.940362e-02 -3.151000e-01 9.031662e-02 9.873777e-02 -2.393120e-01 3.015421e-01 5.075051e-02 -4.548715e-02 1.380691e-01 -3.040351e-02 2.023200e-02 1.146166e-02 -2.594421e-02
<VARIANCE> 39
 7.358707e+00 1.546981e+01 1.642292e+01 3.070288e+01 2.271889e+01 2.617097e+01 4.776742e+01 4.580483e+01 3.210057e+01 4.060167e+01 4.084167e+01 3.676244e+01 1.614791e+00 2.258637e-01 1.401671e+00 6.462475e-01 8.507240e-01 1.275394e+00 2.112399e+00 1.277902e+00 1.477706e+00 1.226796e+00 1.184991e+00 8.425155e-01 8.557819e-01 2.439759e-02 3.714722e-02 9.062400e-02 7.250033e-02 1.689387e-01 1.826121e-01 1.756409e-01 2.185041e-01 2.265734e-01 1.718361e-01 1.640115e-01 1.337038e-01 1.298890e-01 2.624575e-03
<GCONST> 7.778511e+01
<TRANSP> 5
 0.000000e+00 1.000000e+00 0.000000e+00 0.000000e+00 0.000000e+00
 0.000000e+00 8.764870e-01 1.235130e-01 0.000000e+00 0.000000e+00
 0.000000e+00 0.000000e+00 7.847595e-01 2.152405e-01 0.000000e+00
 0.000000e+00 0.000000e+00 0.000000e+00 8.921435e-01 1.078565e-01
 0.000000e+00 0.000000e+00 0.000000e+00 0.000000e+00 0.000000e+00
<ENDHMM>
~h "one"
<BEGINHMM>
<NUMSTATES> 5
<STATE> 2
<MEAN> 39
 -5.737656e-01 -3.779693e+00 -9.273067e+00 -1.281433e+01 -1.655947e+00 -5.564368e+00 -2.021280e+00 -8.864555e+00 -2.705776e+00 -6.730574e+00 -1.544893e+00 -7.287476e+00 1.774321e+01 2.783038e-01 -4.042177e-01 -8.709701e-01 4.566837e-01 4.865917e-01 3.871334e-02 -2.919707e-01 2.270089e-01 2.029356e-01 -3.069004e-01 -3.899230e-01 -2.717064e-01 2.375639e-01 -1.186027e-01 -1.458753e-01 5.396682e-02 2.642860e-01 7.593658e-03 -1.161168e-01 -1.476923e-02 9.365899e-02 -1.109083e-02 -9.037150e-02 1.107189e-02 8.274814e-02 -2.088873e-02
<VARIANCE> 39
 7.610075e+00 9.258204e+00 2.886753e+01 2.285243e+01 2.887774e+01 2.532088e+01 2.281419e+01 2.063750e+01 2.827932e+01 2.393367e+01 2.966927e+01 2.875073e+01 2.276565e+00 4.574630e-01 8.001515e-01 8.734269e-01 2.244588e+00 1.372141e+00 1.442881e+00 1.267148e+00 1.066028e+00 1.134552e+00 1.022279e+00 1.095297e+00 1.044716e+00 4.810438e-02 4.495381e-02 6.147001e-02 1.907735e-01 2.175047e-01 2.626255e-01 2.522572e-01 2.367443e-01 1.810050e-01 2.006864e-01 1.693460e-01 1.888759e-01 1.838882e-01 5.019342e-03
<GCONST> 8.018835e+01
<STATE> 3
<MEAN> 39
 -2.369688e+00 -1.071619e+01 -1.089352e+01 -1.687229e+00 -4.540957e-01 -9.493337e+00 -2.436649e+00 -4.213352e+00 -3.544259e+00 -1.172350e+01 -2.374361e+00 -6.059050e+00 1.853609e+01 -6.082366e-01 -3.722233e-01 1.340110e+00 5.691423e-01 -1.353266e+00 -3.251647e-01 1.194792e+00 -9.200951e-02 -9.232321e-01 -9.004846e-02 5.852895e-01 1.184630e-01 -4.929524e-02 2.386493e-02 3.140962e-01 2.511250e-01 -5.823092e-01 -1.329845e-01 3.764324e-01 9.058519e-02 -4.371747e-01 8.434306e-04 3.798346e-01 4.335295e-02 -1.763436e-01 -2.978240e-02
<VARIANCE> 39
 6.145943e+00 9.613258e+00 1.867395e+01 2.374180e+01 2.704951e+01 1.740460e+01 3.771114e+01 3.143567e+01 4.646289e+01 3.756626e+01 3.384919e+01 3.324654e+01 1.544392e+00 1.545200e-01 5.167465e-01 6.044414e-01 1.835627e+00 7.387452e-01 1.715383e+00 1.007098e+00 2.249613e+00 1.167391e+00 1.865823e+00 1.029142e+00 1.293620e+00 8.482854e-03 2.368566e-02 5.255114e-02 1.009029e-01 1.224287e-01 2.858734e-01 1.528520e-01 3.767768e-01 1.783580e-01 3.361408e-01 2.006982e-01 2.674577e-01 1.683023e-01 8.561046e-04
<GCONST> 7.516068e+01
<STATE> 4
<MEAN> 39
 -4.106051e+00 -5.415800e+00 -1.634353e+00 -8.757463e+00 -4.067643e+00 -5.847230e+00 -1.674176e+00 -1.195041e+01 -4.639353e+00 -8.689385e+00 -2.579849e+00 -8.292884e+00 1.778363e+01 1.521051e-01 9.714947e-01 6.242595e-01 -7.285185e-01 4.289187e-01 -6.770749e-02 -6.317970e-01 -4.433287e-01 8.188689e-02 2.286842e-01 -1.767961e-01 5.114101e-02 -1.278603e-01 4.437924e-02 -6.889634e-02 -2.144095e-01 1.680613e-01 1.608744e-01 -6.935623e-02 -6.764824e-02 1.656341e-01 1.292141e-02 -1.165837e-01 1.040765e-02 7.483494e-02 -5.452022e-03
<VARIANCE> 39
 6.950916e+00 2.326529e+01 1.102832e+01 2.139259e+01 1.959534e+01 4.669204e+01 3.615471e+01 3.531615e+01 4.120831e+01 4.573679e+01 3.325048e+01 3.777686e+01 1.324901e+00 2.761102e-01 6.140429e-01 8.065780e-01 1.205876e+00 9.122936e-01 1.966788e+00 1.137225e+00 1.443849e+00 1.608171e+00 1.541084e+00 9.441751e-01 9.592283e-01 1.268046e-02 4.881162e-02 1.198777e-01 8.188488e-02 1.335633e-01 2.005992e-01 3.082320e-01 2.738256e-01 1.858305e-01 2.299527e-01 2.259039e-01 1.683789e-01 1.674699e-01 1.600324e-03
<GCONST> 7.849334e+01
<TRANSP> 5
 0.000000e+00 1.000000e+00 0.000000e+00 0.000000e+00 0.000000e+00
 0.000000e+00 8.984028e-01 1.015972e-01 0.000000e+00 0.000000e+00
 0.000000e+00 0.000000e+00 8.251064e-01 1.748935e-01 0.000000e+00
 0.000000e+00 0.000000e+00 0.000000e+00 8.840569e-01 1.159431e-01
 0.000000e+00 0.000000e+00 0.000000e+00 0.000000e+00 0.000000e+00
<ENDHMM>
~h "sil"
<BEGINHMM>
<NUMSTATES> 5
<STATE> 2
<MEAN> 39
 -6.789125e+00 -6.746456e+00 -5.117350e+00 -9.096704e+00 2.012371e-02 -3.343470e+00 1.909269e-01 -8.525258e+00 -2.596539e+00 -5.758187e+00 5.577382e-01 -4.315549e+00 1.461737e+01 -3.812924e-02 -2.783146e-03 -5.386719e-03 3.052661e-02 3.857676e-02 2.486805e-02 4.979401e-02 5.594432e-03 -1.781982e-02 5.884004e-03 1.372718e-02 1.050077e-02 -1.234332e-02 -2.551753e-02 -3.288737e-02 -7.293916e-02 -1.099882e-01 -1.230531e-01 -1.211891e-01 -6.339962e-02 -1.072029e-02 -2.425196e-02 1.032209e-02 3.826963e-02 3.162021e-02 1.971513e-03
<VARIANCE> 39
 3.648778e+00 4.369268e+00 6.062844e+00 7.598619e+00 1.186680e+01 1.362772e+01 1.467066e+01 1.636377e+01 1.581865e+01 1.373519e+01 1.580418e+01 1.314178e+01 1.164963e+00 7.923570e-02 1.597114e-01 2.720204e-01 3.730250e-01 4.942864e-01 6.572657e-01 6.829638e-01 7.162140e-01 6.949405e-01 5.765132e-01 6.366171e-01 5.645657e-01 5.064796e-03 1.105708e-02 2.422686e-02 4.067824e-02 5.006738e-02 6.983917e-02 1.007326e-01 1.065785e-01 1.308911e-01 1.119671e-01 9.213182e-02 1.050159e-01 9.902542e-02 6.399205e-04
<GCONST> 4.384769e+01
<STATE> 3
~s "silst"
<STATE> 4
<MEAN> 39
 -7.583571e+00 -7.336373e+00 -6.585572e+00 -1.116556e+01 -2.185224e+00 -5.412540e+00 -1.001248e+00 -8.655515e+00 -2.720545e+00 -5.412059e+00 1.447617e+00 -3.836689e+00 1.448425e+01 -3.373473e-03 7.416677e-03 -2.471168e-02 -2.491103e-02 -5.016811e-02 -1.815453e-02 -6.024520e-02 -8.286804e-03 -3.401183e-03 -6.019132e-03 -1.749913e-02 -1.714880e-02 -2.496915e-04 3.709749e-02 5.633877e-02 9.283285e-02 1.250279e-01 1.336125e-01 1.280708e-01 6.216359e-02 1.762969e-02 2.788714e-02 -1.696016e-02 -5.613798e-02 -4.116698e-02 8.381132e-03
<VARIANCE> 39
 3.514753e+00 4.135267e+00 6.413991e+00 7.824831e+00 1.125300e+01 1.250943e+01 1.495286e+01 1.590024e+01 1.760418e+01 1.531714e+01 1.513194e+01 1.335852e+01 1.000536e+00 7.620245e-02 1.672982e-01 2.867760e-01 4.161046e-01 5.051287e-01 6.750514e-01 5.936841e-01 7.391688e-01 7.088442e-01 6.057614e-01 6.985251e-01 6.108466e-01 3.215963e-03 1.420777e-02 2.883243e-02 4.237007e-02 5.689226e-02 7.238806e-02 1.076635e-01 1.039525e-01 1.274375e-01 1.325365e-01 1.058804e-01 1.174668e-01 1.097353e-01 1.069580e-03
<GCONST> 4.530533e+01
<TRANSP> 5
 0.000000e+00 1.000000e+00 0.000000e+00 0.000000e+00 0.000000e+00
 0.000000e+00 7.663319e-01 2.419459e-02 2.094736e-01 0.000000e+00
 0.000000e+00 0.000000e+00 8.289064e-01 1.710937e-01 0.000000e+00
 0.000000e+00 1.862846e-01 0.000000e+00 7.446643e-01 6.905115e-02
 0.000000e+00 0.000000e+00 0.000000e+00 0.000000e+00 0.000000e+00
<ENDHMM>
~h "six"
<BEGINHMM>
<NUMSTATES> 5
<STATE> 2
<MEAN> 39
 -8.687991e+00 -4.261317e+00 -6.997551e+00 -8.728020e+00 -3.091998e+00 -4.225499e+00 -1.958098e+00 -8.230821e+00 -3.553942e+00 -4.011528e+00 1.250344e-01 -3.142965e+00 1.494995e+01 6.786976e-01 6.778802e-01 1.199903e+00 -1.378201e+00 -1.154463e+00 -1.209740e+00 4.078271e-02 -1.339823e-01 4.193733e-01 3.493848e-01 -5.161361e-01 -4.709465e-01 6.287532e-01 6.749778e-02 1.151404e-01 2.274222e-01 -4.788036e-01 -2.796315e-01 -1.703432e-01 4.321178e-02 7.554476e-02 2.037007e-01 9.941474e-04 -1.366668e-01 -2.373726e-01 1.451775e-01
<VARIANCE> 39
 7.465905e+00 7.793631e+00 1.269071e+01 1.147589e+01 1.898365e+01 1.997730e+01 1.516661e+01 1.808797e+01 2.003167e+01 2.957830e+01 1.917018e+01 1.708012e+01 1.863628e+00 3.585448e-01 4.709111e-01 8.833951e-01 1.149978e+00 1.075257e+00 1.323988e+00 1.002280e+00 8.096682e-01 1.417727e+00 2.234871e+00 1.074582e+00 1.321628e+00 7.711448e-02 6.200979e-02 5.632598e-02 1.157000e-01 9.786632e-02 2.031636e-01 2.088381e-01 1.477417e-01 1.766078e-01 1.851002e-01 2.377988e-01 1.708116e-01 1.683645e-01 8.821865e-03
<GCONST> 7.404899e+01
<STATE> 3
<MEAN> 39
 -6.470475e+00 -1.099868e+00 -8.571452e-01 -2.011938e+01 -7.861330e+00 -8.736316e+00 -2.436563e+00 -6.380965e+00 2.457867e-01 -3.794792e+00 -2.524176e+00 -7.321429e+00 1.832874e+01 2.421924e-02 -8.661741e-02 2.211775e-01 -2.822398e-01 3.748867e-01 2.126343e-01 -2.749385e-01 1.720245e-01 3.763472e-02 -1.960735e-01 1.701245e-01 6.890636e-03 -4.756650e-02 -5.678280e-02 -2.052139e-01 -2.669334e-01 4.874754e-01 2.881859e-01 2.212910e-01 6.794529e-02 -9.103386e-02 -1.466249e-01 -5.878734e-02 1.515629e-01 1.658856e-01 -1.670345e-01
<VARIANCE> 39
 7.691932e+00 9.746655e+00 1.662713e+01 2.307209e+01 5.849852e+01 3.110586e+01 3.719187e+01 2.460332e+01 3.462825e+01 5.834064e+01 3.542651e+01 3.742635e+01 1.432544e+00 3.496333e-01 6.527423e-01 1.075739e+00 3.229822e+00 2.398185e+00 1.761571e+00 1.734422e+00 1.341279e+00 1.887832e+00 2.010766e+00 1.867514e+00 1.897504e+00 2.939169e-01 6.819405e-02 6.606738e-02 1.609003e-01 2.259768e-01 3.061374e-01 3.193392e-01 3.835375e-01 2.241392e-01 2.868419e-01 3.401676e-01 2.635915e-01 2.553058e-01 1.166372e-02
<GCONST> 9.188456e+01
<STATE> 4
<MEAN> 39
 -6.563105e+00 -6.248097e+00 -4.680137e+00 -1.081124e+01 -1.001776e+00 -3.979677e+00 -1.437000e+00 -8.755317e+00 -2.166408e+00 -5.868394e+00 1.164299e+00 -4.220983e+00 1.475309e+01 -2.339134e-01 -9.115298e-01 -1.005163e+00 1.462044e+00 4.137020e-01 4.092273e-01 9.077250e-01 -4.569377e-01 -2.818412e-01 -4.014114e-02 2.005752e-01 2.989386e-01 -4.646299e-01 -1.053146e-01 1.689265e-01 2.069717e-01 -4.381191e-01 -3.787316e-01 -1.608913e-01 -8.495615e-02 1.722389e-01 1.161813e-01 1.034616e-01 -1.796962e-01 -1.429794e-01 1.499797e-01
<VARIANCE> 39
 3.293928e+00 5.439916e+00 9.452003e+00 1.107147e+01 1.464689e+01 1.565697e+01 1.950644e+01 1.858667e+01 1.688730e+01 1.707038e+01 1.861817e+01 1.491298e+01 1.491660e+00 2.675569e-01 4.862762e-01 8.969890e-01 1.308885e+00 2.110329e+00 1.651560e+00 1.603127e+00 1.249692e+00 1.214503e+00 1.205506e+00 1.178165e+00 1.023098e+00 7.930058e-02 3.889862e-02 6.516451e-02 1.378251e-01 1.468390e-01 2.331418e-01 1.805319e-01 2.655071e-01 1.922567e-01 1.854163e-01 1.736134e-01 1.976832e-01 1.824480e-01 5.797615e-03
<GCONST> 7.240057e+01
<TRANSP> 5
 0.000000e+00 1.000000e+00 0.000000e+00 0.000000e+00 0.000000e+00
 0.000000e+00 7.190660e-01 2.809340e-01 0.000000e+00 0.000000e+00
 0.000000e+00 0.000000e+00 8.891693e-01 1.108307e-01 0.000000e+00
 0.000000e+00 0.000000e+00 0.000000e+00 7.504440e-01 2.495560e-01
 0.000000e+00 0.000000e+00 0.000000e+00 0.000000e+00 0.000000e+00
<ENDHMM>
~h "two"
<BEGINHMM>
<NUMSTATES> 5
<STATE> 2
<MEAN> 39
 -1.094790e+01 -3.278326e+00 -6.714346e+00 -1.062930e+01 -9.772918e-01 -3.870184e+00 -1.958391e+00 -7.506134e+00 -2.326339e+00 -5.678429e+00 1.128663e+00 -3.370366e+00 1.506319e+01 5.077087e-01 6.194434e-01 1.014902e+00 -5.889332e-01 -2.686434e-01 -3.664353e-01 -4.637534e-01 -2.131842e-01 7.263906e-02 -5.451092e-02 -2.278913e-01 -3.630190e-01 3.249605e-01 2.961764e-01 6.528731e-02 2.872653e-01 -1.309092e-01 -2.126926e-01 -2.432770e-01 -1.188640e-01 -1.274357e-01 -2.626645e-02 2.604631e-03 -7.951757e-02 -1.705354e-01 9.414650e-02
<VARIANCE> 39
 8.854288e+00 8.106894e+00 1.268393e+01 1.229749e+01 1.844240e+01 2.274084e+01 1.921313e+01 2.110167e+01 2.144956e+01 2.400716e+01 2.472297e+01 1.985057e+01 9.056156e-01 1.367935e+00 5.599808e-01 1.278156e+00 8.314602e-01 1.348501e+00 1.287580e+00 9.895874e-01 1.189212e+00 1.173510e+00 1.294927e+00 1.877169e+00 1.105597e+00 7.281117e-02 1.266792e-01 1.092035e-01 1.343912e-01 1.309193e-01 2.275364e-01 1.982075e-01 1.761549e-01 2.232181e-01 2.276698e-01 2.033691e-01 3.597911e-01 1.595728e-01 7.820725e-03
<GCONST> 7.898604e+01
<STATE> 3
<MEAN> 39
 -4.601600e+00 1.271163e+00 1.861563e+00 -1.552375e+01 -6.954370e+00 -9.945831e+00 -6.702598e+00 -1.043920e+01 -2.407674e+00 -5.177406e+00 -1.125677e+00 -7.309695e+00 1.840750e+01 6.631600e-01 5.431427e-01 7.417520e-01 -5.407957e-01 -1.162347e+00 -1.105221e+00 -5.665221e-01 -2.810124e-01 -6.591642e-02 1.260294e-01 -2.153781e-01 -6.233833e-01 4.511606e-01 -2.500658e-01 -2.352113e-01 -4.262234e-01 2.991371e-01 2.732101e-01 2.327480e-01 2.359945e-01 1.460495e-01 -1.901034e-02 -9.930776e-03 1.533539e-01 1.829697e-01 -1.451748e-01
<VARIANCE> 39
 7.462729e+00 8.105168e+00 1.363436e+01 2.232413e+01 3.963714e+01 2.560599e+01 2.822281e+01 2.453927e+01 3.158384e+01 5.528104e+01 4.394516e+01 4.853493e+01 1.035812e+00 5.674717e-01 6.279482e-01 9.853308e-01 1.463850e+00 1.293497e+00 1.206721e+00 1.681577e+00 1.515784e+00 1.844407e+00 1.989117e+00 2.389278e+00 1.875913e+00 8.957218e-02 6.151573e-02 5.341848e-02 8.132698e-02 1.249701e-01 2.042924e-01 1.803956e-01 2.040774e-01 1.909671e-01 2.120593e-01 2.734727e-01 2.892394e-01 2.222345e-01 6.507340e-03
<GCONST> 8.374944e+01
<STATE> 4
<MEAN> 39
 -3.235434e+00 -5.859165e-02 -4.422028e-02 -1.366183e+01 -7.121939e+00 -1.157224e+01 -5.643954e+00 -9.636910e+00 -2.712443e+00 -5.305919e+00 -1.522333e-01 -7.592069e+00 1.823932e+01 1.668733e-01 -2.231117e-01 -2.385035e-01 5.389535e-01 3.381833e-01 8.635974e-02 9.885503e-02 -5.468816e-02 -1.917000e-01 -8.710647e-02 7.685951e-02 1.589825e-01 -1.200878e-01 -4.341552e-02 -3.772965e-02 -2.658366e-02 2.442012e-02 9.538452e-02 1.090643e-01 5.149560e-02 5.237012e-03 2.043981e-02 1.307428e-03 -5.964238e-03 4.413547e-02 -3.511252e-02
<VARIANCE> 39
 5.896489e+00 7.956606e+00 1.253536e+01 2.981869e+01 3.401713e+01 2.156207e+01 3.313716e+01 3.370683e+01 3.983078e+01 4.291344e+01 5.469356e+01 4.153173e+01 1.360584e+00 1.336970e-01 1.528675e-01 3.768853e-01 6.203658e-01 9.154710e-01 8.561544e-01 8.803433e-01 1.028494e+00 9.065598e-01 9.865394e-01 1.044382e+00 9.298521e-01 1.451323e-02 2.158967e-02 2.511005e-02 5.068694e-02 8.847749e-02 1.057278e-01 1.240376e-01 1.288666e-01 1.604210e-01 1.486515e-01 1.525977e-01 1.591018e-01 1.457780e-01 2.341087e-03
<GCONST> 6.573788e+01
<TRANSP> 5
 0.000000e+00 1.000000e+00 0.000000e+00 0.000000e+00 0.000000e+00
 0.000000e+00 8.205414e-01 1.794586e-01 0.000000e+00 0.000000e+00
 0.000000e+00 0.000000e+00 7.671085e-01 2.328915e-01 0.000000e+00
 0.000000e+00 0.000000e+00 0.000000e+00 9.013569e-01 9.864305e-02
 0.000000e+00 0.000000e+00 0.000000e+00 0.000000e+00 0.000000e+00
<ENDHMM>
~h "nine"
<BEGINHMM>
<NUMSTATES> 5
<STATE> 2
<MEAN> 39
 -4.471889e+00 -4.322860e+00 -2.082685e+00 -8.924239e+00 -3.032244e+00 -6.193397e+00 -1.516608e+00 -1.117489e+01 -5.005274e+00 -8.075258e+00 -2.941745e+00 -7.807431e+00 1.756588e+01 -1.368112e-01 -6.721727e-01 -2.205915e-01 4.956172e-01 -4.924127e-01 1.725126e-01 3.877337e-01 -1.974151e-01 -3.947261e-02 -1.526631e-01 -1.783234e-01 -1.450480e-01 2.491107e-01 -3.828688e-02 -1.259846e-01 -7.468815e-02 1.144282e-01 1.818763e-02 -6.549923e-03 3.840838e-02 3.132823e-02 9.542434e-03 6.220866e-03 7.958151e-02 3.473298e-02 -1.045812e-02
<VARIANCE> 39
 8.945143e+00 2.037579e+01 1.533091e+01 1.682663e+01 2.862075e+01 2.885311e+01 3.200176e+01 2.750644e+01 4.716448e+01 3.539465e+01 3.016343e+01 3.277859e+01 2.310371e+00 5.318286e-01 1.578615e+00 1.144380e+00 1.117214e+00 1.137662e+00 1.423777e+00 1.645013e+00 1.277334e+00 1.528506e+00 1.153879e+00 1.245745e+00 1.038163e+00 3.756525e-02 6.495575e-02 1.814427e-01 1.346259e-01 1.401186e-01 2.019377e-01 2.217995e-01 2.430663e-01 1.863614e-01 1.997408e-01 1.612346e-01 1.739745e-01 1.449762e-01 4.951688e-03
<GCONST> 8.288931e+01
<STATE> 3
<MEAN> 39
 -6.290484e+00 -1.167337e+01 -4.987626e+00 -2.492382e+00 -5.655461e+00 -5.432368e+00 1.785388e+00 -1.126494e+01 -5.679128e+00 -9.068700e+00 -1.604434e+00 -7.685321e+00 1.862182e+01 -1.082576e-01 6.574633e-02 2.330428e-01 -2.052611e-01 -4.698477e-02 2.054224e-01 -7.327805e-02 -1.009640e-01 1.715897e-01 6.979840e-02 -3.996238e-02 3.034673e-02 -1.979324e-02 -3.008044e-03 1.878612e-01 7.743493e-02 -2.486548e-01 3.300396e-02 8.104730e-02 -1.011940e-01 -1.974789e-03 8.309174e-02 -5.361282e-03 -7.945034e-02 2.508122e-02 -1.439822e-02
<VARIANCE> 39
 7.197745e+00 8.450833e+00 2.463103e+01 3.136637e+01 1.880455e+01 3.042533e+01 3.088308e+01 3.410198e+01 4.310107e+01 4.184228e+01 2.805823e+01 3.031910e+01 1.011772e+00 8.113819e-02 3.211042e-01 4.020615e-01 1.031711e+00 4.633203e-01 6.109789e-01 5.231357e-01 4.995996e-01 6.119689e-01 6.482002e-01 6.582042e-01 5.174434e-01 4.580487e-03 1.054457e-02 2.931960e-02 3.924954e-02 5.255701e-02 6.928004e-02 6.525216e-02 7.263340e-02 7.666583e-02 7.949632e-02 8.554387e-02 7.633570e-02 7.775965e-02 3.925009e-04
<GCONST> 5.266455e+01
<STATE> 4
<MEAN> 39
 -6.225799e+00 -3.179562e+00 -1.626828e+00 -1.203988e+01 -1.905095e+00 -4.481514e+00 -3.311928e+00 -1.019571e+01 -2.788529e+00 -8.224302e+00 -3.088997e+00 -6.512551e+00 1.789989e+01 3.934070e-01 8.513194e-01 1.536772e-01 -3.115102e-01 5.448961e-01 -4.763744e-01 -4.751369e-01 3.288747e-01 -1.989758e-01 5.518991e-02 9.714116e-02 5.319964e-02 -1.226076e-01 4.418526e-02 -1.234065e-01 -3.687688e-02 2.360974e-01 -1.472655e-02 -7.381552e-02 1.046985e-01 -3.527998e-02 -1.094175e-01 2.585527e-02 7.949690e-02 -2.958686e-02 -1.022240e-02
<VARIANCE> 39
 1.143896e+01 2.012366e+01 1.220283e+01 2.403805e+01 3.585107e+01 3.412790e+01 3.369276e+01 2.992710e+01 4.906042e+01 3.961974e+01 3.857638e+01 4.244183e+01 1.076771e+00 4.065330e-01 9.265003e-01 5.744954e-01 1.873966e+00 1.354189e+00 1.383578e+00 1.360380e+00 1.284457e+00 1.676172e+00 1.185539e+00 1.059122e+00 1.024537e+00 9.881906e-03 5.690634e-02 9.919798e-02 8.649217e-02 1.492717e-01 1.942537e-01 2.402783e-01 1.805115e-01 1.979244e-01 2.315042e-01 1.955943e-01 1.707209e-01 1.414890e-01 1.003113e-03
<GCONST> 7.865895e+01
<TRANSP> 5
 0.000000e+00 1.000000e+00 0.000000e+00 0.000000e+00 0.000000e+00
 0.000000e+00 8.955668e-01 1.044333e-01 0.000000e+00 0.000000e+00
 0.000000e+00 0.000000e+00 9.109018e-01 8.909824e-02 0.000000e+00
 0.000000e+00 0.000000e+00 0.000000e+00 8.979368e-01 1.020632e-01
 0.000000e+00 0.000000e+00 0.000000e+00 0.000000e+00 0.000000e+00
<ENDHMM>
~h "five"
<BEGINHMM>
<NUMSTATES> 5
<STATE> 2
<MEAN> 39
 -4.186787e+00 -1.133264e+01 -1.005939e+01 -8.267680e+00 4.841270e-01 -8.125785e+00 3.470582e-01 -4.682389e+00 -5.242458e+00 -7.943349e+00 -1.811501e+00 -4.902182e+00 1.796952e+01 3.634638e-01 -1.174599e+00 -7.178872e-01 7.810871e-01 5.134771e-01 -6.414095e-01 3.315073e-01 4.011847e-01 -7.475418e-01 -2.220528e-01 -3.015262e-01 -5.592660e-03 5.645712e-01 -1.901803e-01 2.416898e-02 1.741239e-01 9.202614e-02 -1.310146e-02 1.038429e-01 3.011133e-02 -2.028996e-01 2.511595e-02 1.380675e-01 1.585708e-01 4.947963e-02 -7.359681e-02
<VARIANCE> 39
 1.087797e+01 1.966557e+01 2.370007e+01 1.673507e+01 1.899306e+01 2.061925e+01 2.525313e+01 5.149665e+01 3.219620e+01 2.801542e+01 2.497083e+01 1.990065e+01 4.380993e+00 7.731989e-01 5.615497e-01 1.171224e+00 9.075757e-01 7.891102e-01 9.865480e-01 9.743567e-01 2.248888e+00 1.724666e+00 1.723545e+00 1.362699e+00 1.026702e+00 1.227300e-01 9.484793e-02 1.336769e-01 1.782775e-01 1.234496e-01 1.361660e-01 1.447565e-01 1.544401e-01 3.010094e-01 2.736942e-01 1.934242e-01 1.762021e-01 1.403690e-01 2.827355e-02
<GCONST> 8.436189e+01
<STATE> 3
<MEAN> 39
 -5.809105e+00 -1.545265e+01 -8.556932e+00 -3.643486e+00 1.426390e+00 -9.176002e+00 2.534466e+00 -7.496174e+00 -7.217818e+00 -5.456429e+00 -4.668982e-01 -4.503386e+00 1.904700e+01 -1.661924e-01 8.358198e-02 4.907051e-01 -2.572127e-01 -2.712984e-01 4.342255e-01 6.887390e-02 -3.989323e-01 2.704646e-02 3.039697e-01 6.126507e-02 -8.455016e-02 -4.851688e-02 4.019947e-02 1.144529e-01 1.147184e-02 -1.967406e-01 -5.498320e-02 9.331674e-02 -2.902870e-02 2.466870e-02 5.655858e-02 -4.895198e-02 -7.770152e-02 -1.876723e-02 -1.499974e-02
<VARIANCE> 39
 9.174615e+00 9.378964e+00 2.484923e+01 2.081231e+01 1.875041e+01 2.311311e+01 1.752151e+01 3.905861e+01 4.700205e+01 4.450611e+01 2.689518e+01 2.552146e+01 1.356928e+00 8.790024e-02 1.530697e-01 2.696579e-01 6.340587e-01 4.960449e-01 5.514259e-01 4.976550e-01 4.933467e-01 6.134174e-01 5.707063e-01 5.685750e-01 4.732315e-01 5.858766e-03 1.174413e-02 2.421815e-02 3.031861e-02 4.810401e-02 5.122212e-02 5.160252e-02 5.704475e-02 6.415444e-02 8.529125e-02 8.424488e-02 6.652972e-02 7.043720e-02 9.089055e-04
<GCONST> 4.964184e+01
<STATE> 4
<MEAN> 39
 -5.756145e+00 -9.419536e+00 -3.946239e+00 -1.391326e+01 -3.273576e+00 -2.805621e+00 1.874016e+00 -8.426928e+00 -4.208799e+00 -5.238740e+00 -2.270299e+00 -5.517946e+00 1.830531e+01 2.176616e-01 1.207852e+00 3.704946e-01 -6.447765e-01 -3.937934e-01 -1.016564e-01 -3.090574e-01 2.579046e-01 5.543390e-01 -2.127938e-01 -7.326200e-02 -8.968589e-02 -2.456666e-01 -1.713847e-02 -2.111099e-02 -5.226452e-02 3.440573e-01 1.397928e-01 -1.812932e-01 -6.321660e-02 -9.759756e-03 -4.266520e-02 1.696130e-02 1.221317e-01 3.967809e-02 -4.839051e-02
<VARIANCE> 39
 7.867612e+00 2.307043e+01 1.219730e+01 3.193267e+01 4.213432e+01 1.952135e+01 2.461951e+01 3.667433e+01 5.317673e+01 2.793535e+01 2.708635e+01 3.009720e+01 1.832800e+00 2.144354e-01 4.973498e-01 5.732926e-01 2.635117e+00 1.469185e+00 1.621821e+00 9.742020e-01 1.329541e+00 1.638963e+00 1.337423e+00 1.268822e+00 9.156754e-01 4.124195e-02 4.295982e-02 9.677616e-02 7.568278e-02 2.405849e-01 2.362709e-01 2.294346e-01 1.662344e-01 2.295327e-01 2.226621e-01 1.789614e-01 2.066907e-01 1.646942e-01 4.440817e-03
<GCONST> 8.033244e+01
<TRANSP> 5
 0.000000e+00 1.000000e+00 0.000000e+00 0.000000e+00 0.000000e+00
 0.000000e+00 8.483772e-01 1.516228e-01 0.000000e+00 0.000000e+00
 0.000000e+00 0.000000e+00 9.124728e-01 8.752723e-02 0.000000e+00
 0.000000e+00 0.000000e+00 0.000000e+00 8.639820e-01 1.360179e-01
 0.000000e+00 0.000000e+00 0.000000e+00 0.000000e+00 0.000000e+00
<ENDHMM>
~h "four"
<BEGINHMM>
<NUMSTATES> 5
<STATE> 2
<MEAN> 39
 -6.760033e+00 -6.554335e+00 -5.530060e+00 -9.753868e+00 -1.575385e+00 -5.550678e+00 -1.211183e+00 -8.394862e+00 -2.003581e+00 -5.574657e+00 9.767768e-01 -4.270342e+00 1.535714e+01 1.567369e+00 5.358008e-01 -9.009305e-01 -8.558554e-01 -3.057904e-01 -5.338349e-01 -6.934366e-01 -1.915006e-01 1.946295e-01 2.014710e-01 -3.428983e-01 -4.863051e-01 6.428002e-01 3.509260e-01 1.259214e-01 -3.368849e-01 -3.174501e-01 -5.868692e-02 -7.537653e-03 -8.098178e-02 -1.812827e-02 2.391564e-03 5.416315e-02 -7.913763e-02 -1.322007e-01 1.433704e-01
<VARIANCE> 39
 7.552074e+00 5.399876e+00 5.418617e+00 7.817374e+00 1.002920e+01 1.243888e+01 1.451172e+01 1.364327e+01 1.606368e+01 1.349871e+01 1.607677e+01 1.221636e+01 1.722952e+00 5.153580e-01 4.332115e-01 6.035051e-01 7.386202e-01 7.121957e-01 9.066097e-01 7.519951e-01 8.218441e-01 1.014442e+00 1.085008e+00 1.522467e+00 1.225352e+00 5.818992e-02 6.750783e-02 5.344797e-02 6.069067e-02 8.254027e-02 1.013009e-01 1.527053e-01 1.211510e-01 1.518966e-01 1.399275e-01 1.609253e-01 1.994076e-01 1.871342e-01 7.119909e-03
<GCONST> 6.398705e+01
<STATE> 3
<MEAN> 39
 1.596048e+00 -3.480189e+00 -1.216542e+01 -1.704864e+01 -4.000370e+00 -6.177991e+00 -3.167136e+00 -8.953389e+00 -1.398751e+00 -3.856462e+00 4.289348e-01 -6.775645e+00 1.891386e+01 3.042283e-01 -1.864808e-01 -3.249854e-01 -3.738005e-02 7.399905e-02 -1.840645e-02 -2.193812e-01 1.748690e-01 3.530819e-01 9.303878e-02 -2.297442e-01 -2.203219e-01 1.430355e-01 -1.735089e-01 -1.541859e-01 1.498616e-01 2.360405e-01 3.830227e-02 -3.647003e-02 3.803408e-02 1.109059e-01 4.727326e-02 -8.561406e-02 -5.576702e-02 5.674830e-02 -6.753908e-02
<VARIANCE> 39
 4.139382e+00 1.026324e+01 9.604691e+00 1.373153e+01 2.438999e+01 1.715128e+01 1.857275e+01 1.714434e+01 2.362167e+01 2.481984e+01 3.809336e+01 3.756626e+01 1.087939e+00 5.229620e-01 7.273890e-01 6.854181e-01 1.214501e+00 9.699346e-01 7.721059e-01 9.087140e-01 9.569185e-01 1.309730e+00 1.175362e+00 1.338426e+00 1.242257e+00 9.297787e-02 4.948104e-02 4.572833e-02 9.588207e-02 8.016252e-02 1.358028e-01 1.434386e-01 1.560580e-01 1.411819e-01 1.814838e-01 1.920392e-01 1.991398e-01 1.869789e-01 7.206329e-03
<GCONST> 7.252458e+01
<STATE> 4
<MEAN> 39
 -2.630825e-01 -1.131555e+01 -7.988488e+00 -8.555894e+00 -5.374959e+00 -8.951515e+00 -2.203568e+00 -4.217420e+00 6.554995e-01 -7.566567e+00 -3.908014e+00 -7.357915e+00 1.855043e+01 -5.525764e-01 -3.434934e-02 1.190030e+00 5.193191e-01 -5.947590e-01 2.872975e-02 6.854393e-01 -1.582532e-01 -6.815840e-01 -3.922026e-01 1.344424e-01 2.569430e-01 -2.036401e-01 -8.733027e-02 3.027293e-01 1.299170e-03 -2.186329e-01 1.356322e-01 2.162083e-01 1.414098e-02 -2.469869e-01 -1.512253e-01 1.218126e-01 1.773099e-01 3.029164e-02 -5.097947e-02
<VARIANCE> 39
 6.990558e+00 1.429517e+01 2.845461e+01 1.838127e+01 4.719297e+01 3.734878e+01 3.527926e+01 3.879150e+01 4.498028e+01 3.448183e+01 3.470618e+01 3.194980e+01 1.578733e+00 2.190420e-01 1.521885e+00 6.613761e-01 1.662524e+00 2.084175e+00 2.164014e+00 1.563799e+00 2.598396e+00 1.819992e+00 1.727061e+00 1.796942e+00 1.075995e+00 4.084197e-02 2.918541e-02 9.447829e-02 1.876644e-01 1.657383e-01 4.428486e-01 3.012322e-01 3.552257e-01 3.377624e-01 3.792584e-01 2.795895e-01 3.074541e-01 2.166996e-01 3.208120e-03
<GCONST> 8.836955e+01
<TRANSP> 5
 0.000000e+00 1.000000e+00 0.000000e+00 0.000000e+00 0.000000e+00
 0.000000e+00 7.030574e-01 2.969426e-01 0.000000e+00 0.000000e+00
 0.000000e+00 0.000000e+00 9.182783e-01 8.172173e-02 0.000000e+00
 0.000000e+00 0.000000e+00 0.000000e+00 8.711779e-01 1.288221e-01
 0.000000e+00 0.000000e+00 0.000000e+00 0.000000e+00 0.000000e+00
<ENDHMM>
~h "zero"
<BEGINHMM>
<NUMSTATES> 5
<STATE> 2
<MEAN> 39
 -6.856327e+00 -1.902901e+00 -4.590893e+00 -7.679231e+00 -2.510528e+00 -4.666910e+00 -2.825951e+00 -8.903584e+00 -3.634453e+00 -4.172983e+00 1.361904e-01 -4.374224e+00 1.565008e+01 2.802744e-01 1.044567e+00 9.695957e-01 -1.153548e+00 -8.264962e-01 -1.402558e+00 -6.261591e-01 -5.999234e-01 3.207801e-01 3.344744e-01 -1.326239e-01 -2.389923e-01 4.899828e-01 3.825745e-02 9.738442e-02 1.847591e-01 -3.602319e-01 -1.737048e-01 -2.337313e-01 2.800597e-03 -2.436642e-02 1.688901e-01 1.609838e-03 3.094608e-02 -8.991377e-02 9.294450e-02
<VARIANCE> 39
 6.901924e+00 1.046212e+01 1.552860e+01 1.460690e+01 2.097544e+01 2.209378e+01 1.924281e+01 1.977195e+01 2.955125e+01 2.442803e+01 2.236479e+01 1.990233e+01 1.481161e+00 3.157383e-01 4.251185e-01 7.572500e-01 9.353486e-01 8.448914e-01 1.289678e+00 9.695944e-01 1.180359e+00 1.340153e+00 9.784006e-01 1.203258e+00 1.526304e+00 4.260064e-02 4.660084e-02 1.027099e-01 1.271506e-01 1.079808e-01 1.311467e-01 2.169567e-01 1.590245e-01 1.928073e-01 1.623257e-01 1.501262e-01 1.803280e-01 1.680711e-01 6.422389e-03
<GCONST> 7.319145e+01
<STATE> 3
<MEAN> 39
 -5.556814e+00 3.045631e-01 9.458256e-01 -1.692883e+01 -7.865653e+00 -9.183588e+00 -4.567659e+00 -8.445037e+00 1.740377e-01 -3.745880e+00 1.713393e-01 -6.827251e+00 1.840695e+01 3.377219e-01 -7.430722e-01 4.407286e-01 -1.692524e-01 -1.079817e+00 2.617358e-01 2.069212e-01 1.943351e-01 3.203406e-01 -7.715329e-02 4.288999e-02 -1.242504e-01 1.662338e-01 5.122352e-02 -2.683701e-01 -1.737857e-01 3.709030e-01 1.727784e-02 1.348918e-01 1.946857e-01 5.578732e-02 -8.671901e-02 -4.426546e-02 -1.256442e-02 7.149792e-02 -6.431894e-02
<VARIANCE> 39
 7.438159e+00 2.068112e+01 1.738451e+01 2.631949e+01 5.934281e+01 4.054669e+01 3.220914e+01 4.419032e+01 3.110103e+01 3.033403e+01 3.451915e+01 5.110486e+01 1.093809e+00 4.425623e-01 1.626392e+00 8.051347e-01 2.619700e+00 1.741415e+00 2.530232e+00 1.686975e+00 1.421907e+00 1.340755e+00 1.178015e+00 1.107453e+00 1.320548e+00 6.305019e-02 5.152097e-02 1.130982e-01 1.259961e-01 1.804962e-01 2.457739e-01 4.093210e-01 2.256088e-01 2.477926e-01 2.119631e-01 1.747501e-01 1.723769e-01 2.173815e-01 4.561050e-03
<GCONST> 8.706921e+01
<STATE> 4
<MEAN> 39
 -1.603039e+00 -1.052444e+01 -4.391431e+00 -9.808391e+00 -9.695518e+00 -8.042027e+00 5.669689e-01 -4.095215e+00 -1.770496e-01 -6.701781e+00 -1.005558e+00 -5.665236e+00 1.854408e+01 8.292791e-02 1.079893e-02 -5.514224e-01 1.621486e-01 6.689013e-01 -1.772329e-01 -1.786259e-02 2.086367e-01 -6.334363e-02 -1.490200e-01 -9.296183e-02 -7.874117e-03 -5.345062e-02 -5.973527e-02 1.435178e-01 6.327140e-02 -8.657824e-02 8.662976e-02 4.132494e-02 -9.803861e-02 -8.240575e-02 -2.022325e-02 3.441666e-02 2.069199e-02 -8.955396e-03 -1.773966e-02
<VARIANCE> 39
 6.467570e+00 1.770304e+01 2.652159e+01 2.677847e+01 6.264234e+01 5.438546e+01 3.558411e+01 3.638708e+01 4.421967e+01 3.493422e+01 2.490264e+01 3.292126e+01 1.493912e+00 2.243035e-01 8.364460e-01 6.287646e-01 1.036373e+00 1.224868e+00 1.670380e+00 1.528179e+00 1.766228e+00 1.574305e+00 1.378121e+00 1.023165e+00 9.267748e-01 1.571372e-02 2.389888e-02 3.491070e-02 7.635401e-02 1.109434e-01 1.910696e-01 2.324818e-01 1.870951e-01 1.959599e-01 2.166307e-01 1.822314e-01 1.466001e-01 1.334030e-01 1.761286e-03
<GCONST> 7.712321e+01
<TRANSP> 5
 0.000000e+00 1.000000e+00 0.000000e+00 0.000000e+00 0.000000e+00
 0.000000e+00 7.343661e-01 2.656339e-01 0.000000e+00 0.000000e+00
 0.000000e+00 0.000000e+00 8.924148e-01 1.075852e-01 0.000000e+00
 0.000000e+00 0.000000e+00 0.000000e+00 9.396429e-01 6.035709e-02
 0.000000e+00 0.000000e+00 0.000000e+00 0.000000e+00 0.000000e+00
<ENDHMM>
