~o
<STREAMINFO> 1 39
<VECSIZE> 39<NULLD><MFCC_E_D_A><DIAGC>
~s "silst"
<MEAN> 39
 -5.777013e+00 -4.148955e+00 -3.555820e+00 -8.669087e+00 -9.501861e-01 -5.050579e+00 -1.375771e+00 -9.307687e+00 -3.325312e+00 -6.238305e+00 -1.075767e-02 -5.251431e+00 1.553268e+01 -7.234607e-01 -5.260620e-01 -5.577099e-01 8.007781e-02 2.549109e-01 6.757756e-01 3.954719e-01 1.785215e-01 1.889987e-01 1.583426e-01 3.266881e-01 3.844666e-01 -3.671571e-01 2.354827e-02 -3.145913e-02 -8.159530e-02 -1.405276e-01 -1.243046e-01 -1.344489e-01 -4.967083e-02 5.293614e-02 2.303371e-02 9.174870e-04 -3.600274e-02 -2.135808e-02 4.895009e-02
<VARIANCE> 39
 1.088014e+01 1.023065e+01 1.252510e+01 1.211727e+01 1.853409e+01 2.110575e+01 2.177789e+01 2.261423e+01 2.470711e+01 2.435054e+01 2.304476e+01 2.075422e+01 1.640588e+00 3.510520e-01 6.369790e-01 7.495145e-01 7.858554e-01 1.126460e+00 1.262123e+00 1.198314e+00 1.215609e+00 1.357283e+00 1.251790e+00 1.251244e+00 1.073493e+00 4.785523e-02 7.065158e-02 1.031488e-01 1.115537e-01 1.095802e-01 1.539448e-01 1.995129e-01 1.884904e-01 1.885821e-01 2.028774e-01 1.749252e-01 1.772207e-01 1.458323e-01 8.275733e-03
<GCONST> 7.519728e+01
~h "eight"
<BEGINHMM>
<NUMSTATES> 5
<STATE> 2
<MEAN> 39
 -8.224354e+00 -2.126730e+00 -5.938659e+00 -1.871566e+01 -8.073803e-02 -5.533176e+00 8.686014e-01 -6.378007e+00 -1.227310e+00 -7.287388e+00 -1.718647e+00 -5.889039e+00 1.755294e+01 -1.376152e-01 1.017192e+00 -6.660887e-02 -8.624650e-01 -9.052000e-02 -7.194020e-01 6.462955e-03 3.728427e-01 3.820333e-01 1.092355e-01 -7.389376e-02 -2.037319e-01 2.889321e-01 2.872412e-02 5.923227e-02 1.519719e-02 1.692880e-01 -4.941775e-02 -1.727190e-01 -8.706727e-02 -5.756440e-02 3.996363e-03 8.951001e-02 1.176634e-01 2.022352e-02 -2.312272e-02
<VARIANCE> 39
 7.994225e+00 2.222108e+01 2.043641e+01 3.126454e+01 4.043921e+01 2.357221e+01 2.770333e+01 2.328554e+01 3.074211e+01 2.198283e+01 2.433014e+01 2.521377e+01 3.119770e+00 3.222814e-01 6.919169e-01 6.093639e-01 1.369098e+00 1.162251e+00 1.360440e+00 1.409414e+00 9.757993e-01 1.287536e+00 1.165924e+00 1.187796e+00 9.336098e-01 1.030335e-01 3.901106e-02 7.898096e-02 7.459623e-02 1.816747e-01 1.307285e-01 1.574635e-01 1.419721e-01 1.654013e-01 2.213111e-01 1.526015e-01 1.630753e-01 1.432975e-01 1.175401e-02
<GCONST> 7.874437e+01
<STATE> 3
<MEAN> 39
 -8.295567e+00 6.436923e+00 -5.172277e+00 -1.750923e+01 -2.807279e+00 -1.508449e+01 -2.771055e+00 -7.657689e+00 -3.034202e-01 -3.708868e+00 1.507838e+00 -5.198550e+00 1.837722e+01 1.953014e-01 -5.001507e-02 2.364538e-01 1.027625e+00 1.454918e-01 -3.431581e-01 -5.352049e-01 -9.169875e-01 -6.428896e-01 -4.253091e-03 2.626749e-01 2.190985e-01 -1.740178e-01 4.709045e-02 -3.871852e-01 -2.025879e-03 1.077974e-01 8.382378e-02 4.166218e-01 1.018909e-01 -1.450106e-02 -1.223492e-01 -1.658327e-01 -1.170613e-01 -4.277940e-03 -7.213900e-02
<VARIANCE> 39
 9.674918e+00 1.063719e+01 2.226663e+01 2.993263e+01 1.900011e+01 2.220822e+01 5.496290e+01 3.092984e+01 3.856594e+01 2.507471e+01 3.266494e+01 2.820905e+01 1.617930e+00 2.186141e-01 1.157479e+00 3.165729e-01 6.420563e-01 7.701141e-01 1.643278e+00 8.811926e-01 8.073136e-01 1.647694e+00 1.133546e+00 1.289486e+00 9.282753e-01 4.334913e-02 3.079209e-02 8.097861e-02 4.933626e-02 1.132363e-01 8.566214e-02 1.665409e-01 1.613632e-01 1.811580e-01 2.322867e-01 1.531199e-01 1.916899e-01 1.664811e-01 3.540776e-03
<GCONST> 7.368306e+01
<STATE> 4
<MEAN> 39
 -6.398723e+00 -2.171454e+00 -3.991389e+00 -1.105405e+01 -6.812341e-01 -8.688618e+00 -3.483253e+00 -1.154502e+01 -4.878834e+00 -6.482543e+00 3.586925e-01 -4.521795e+00 1.573828e+01 6.124477e-02 -1.973081e+00 -2.038226e-01 6.613646e-01 8.340896e-02 1.776528e+00 6.053544e-01 4.292097e-01 7.222118e-02 -1.805495e-01 -7.160855e-03 1.242404e-01 -4.825126e-01 -1.245695e-01 1.941233e-01 -1.127501e-01 -1.861108e-01 -9.204157e-02 -1.504694e-01 1.198553e-01 2.055541e-01 2.236693e-01 1.489471e-01 7.425056e-02 -1.778972e-02 5.025405e-02
<VARIANCE> 39
 4.432880e+00 2.257712e+01 1.299757e+01 1.387121e+01 1.431741e+01 2.998071e+01 2.527739e+01 2.200459e+01 3.076652e+01 2.256507e+01 2.136078e+01 1.750149e+01 2.152101e+00 3.513280e-01 7.179092e-01 6.563945e-01 1.035994e+00 6.440699e-01 1.222611e+00 1.759822e+00 1.258426e+00 2.096933e+00 1.275123e+00 1.329959e+00 1.147364e+00 3.843443e-02 3.359498e-02 1.778414e-01 7.246985e-02 1.120558e-01 8.973213e-02 2.464123e-01 1.939367e-01 2.077709e-01 2.602238e-01 1.520932e-01 1.804642e-01 1.646631e-01 8.360795e-03
<GCONST> 7.554789e+01
<TRANSP> 5
 0.000000e+00 1.000000e+00 0.000000e+00 0.000000e+00 0.000000e+00
 0.000000e+00 8.854941e-01 1.145059e-01 0.000000e+00 0.000000e+00
 0.000000e+00 0.000000e+00 8.669386e-01 1.330614e-01 0.000000e+00
 0.000000e+00 0.000000e+00 0.000000e+00 7.715633e-01 2.284367e-01
 0.000000e+00 0.000000e+00 0.000000e+00 0.000000e+00 0.000000e+00
<ENDHMM>
~h "oh"
<BEGINHMM>
<NUMSTATES> 5
<STATE> 2
<MEAN> 39
 -4.352732e+00 -1.037407e+01 -8.443736e+00 -8.564008e+00 -2.582708e+00 -7.731463e+00 3.601104e+00 -7.325683e+00 -5.229812e+00 -7.168022e+00 -2.422980e+00 -5.327119e+00 1.780646e+01 5.439242e-01 -1.903439e-01 -5.960674e-01 1.486364e-01 7.704358e-02 -7.017319e-01 1.212184e-01 7.190424e-01 7.035354e-03 -4.187178e-01 -4.218180e-01 -1.473713e-01 3.534785e-01 1.009331e-02 9.992988e-02 2.815615e-03 -4.914911e-02 3.243343e-02 -1.074779e-02 -1.491649e-01 6.270832e-03 1.314078e-01 2.915951e-02 -1.381702e-02 -3.324280e-02 -2.075634e-02
<VARIANCE> 39
 8.964395e+00 1.219520e+01 1.614220e+01 1.725566e+01 2.242240e+01 2.460408e+01 3.044085e+01 6.395867e+01 3.789974e+01 3.400018e+01 2.713703e+01 3.111648e+01 3.087801e+00 3.010578e-01 5.738603e-01 6.356427e-01 6.384709e-01 6.852826e-01 9.234228e-01 1.330622e+00 1.761929e+00 1.552647e+00 1.261395e+00 1.240657e+00 1.041057e+00 9.516304e-02 4.033501e-02 6.339545e-02 7.496279e-02 7.884522e-02 9.086596e-02 1.289725e-01 1.537656e-01 2.131207e-01 1.839223e-01 1.972022e-01 1.837038e-01 1.384095e-01 1.349645e-02
<GCONST> 7.696947e+01
<STATE> 3
<MEAN> 39
 -4.772021e-01 -8.028003e+00 -1.333567e+01 -1.020585e+01 -6.490735e-01 -1.221181e+01 -1.168550e+00 -7.502930e-01 4.306955e-01 -8.010025e+00 -5.169492e+00 -6.669549e+00 1.904784e+01 2.158668e-01 4.054957e-01 1.935914e-03 -3.546954e-01 -5.153110e-02 2.685281e-02 -6.763951e-01 -3.184556e-01 6.428688e-01 6.390851e-01 1.351003e-02 -3.543510e-01 -1.308330e-02 -4.397960e-02 2.089766e-02 1.039041e-01 -1.562457e-02 -5.841789e-02 9.165765e-02 2.395149e-02 -1.517265e-01 -9.408324e-02 8.185371e-02 1.259174e-01 1.599492e-02 -2.552323e-02
<VARIANCE> 39
 6.119853e+00 9.040008e+00 1.450646e+01 1.562682e+01 1.870079e+01 2.221763e+01 4.206746e+01 2.833421e+01 3.905365e+01 3.647662e+01 3.199465e+01 3.951367e+01 1.204949e+00 8.367590e-02 1.428201e-01 2.759663e-01 2.883958e-01 3.922294e-01 5.115688e-01 7.095324e-01 1.001040e+00 7.426721e-01 8.375735e-01 8.447582e-01 6.934289e-01 1.320654e-02 1.149666e-02 1.474948e-02 3.395612e-02 3.512755e-02 4.660744e-02 6.936026e-02 8.026662e-02 9.642532e-02 1.063611e-01 1.014830e-01 9.322689e-02 8.884037e-02 1.180826e-03
<GCONST> 5.250082e+01
<STATE> 4
<MEAN> 39
 4.517209e-02 -3.576355e+00 -9.263475e+00 -1.326359e+01 -3.792013e+00 -1.002998e+01 -4.842577e+00 -7.643126e+00 4.088438e-01 -2.702767e+00 4.903764e-03 -6.912679e+00 1.839761e+01 -4.269748e-01 2.458647e-01 8.671455e-01 2.289060e-01 -1.294796e-01 4.400522e-01 2.838055e-01 -5.273025e-01 -6.111794e-01 -1.838542e-01 4.734790e-01 4.545655e-01 -2.608110e-01 -1.388537e-01 -1.206480e-01 2.354495e-02 1.325673e-01 1.278676e-01 1.102489e-01 1.830739e-01 8.740360e-02 -7.871871e-02 -1.554168e-01 -7.578673e-02 7.635944e-02 -4.796659e-02
<VARIANCE> 39
 6.456564e+00 7.074358e+00 1.975706e+01 1.585579e+01 1.924806e+01 2.693561e+01 3.129903e+01 2.797005e+01 3.203015e+01 3.984635e+01 4.002876e+01 3.781488e+01 1.697669e+00 2.630940e-01 3.860186e-01 4.226013e-01 5.995985e-01 8.099492e-01 1.037653e+00 1.216654e+00 1.283547e+00 1.235780e+00 1.253455e+00 1.220622e+00 1.072850e+00 3.608846e-02 2.451637e-02 3.751902e-02 7.332102e-02 7.025295e-02 1.003269e-01 1.648678e-01 1.705624e-01 1.947976e-01 2.125873e-01 2.086641e-01 1.772750e-01 1.676359e-01 2.891073e-03
<GCONST> 7.102832e+01
<TRANSP> 5
 0.000000e+00 1.000000e+00 0.000000e+00 0.000000e+00 0.000000e+00
 0.000000e+00 8.835427e-01 1.164573e-01 0.000000e+00 0.000000e+00
 0.000000e+00 0.000000e+00 8.943813e-01 1.056187e-01 0.000000e+00
 0.000000e+00 0.000000e+00 0.000000e+00 8.585595e-01 1.414405e-01
 0.000000e+00 0.000000e+00 0.000000e+00 0.000000e+00 0.000000e+00
<ENDHMM>
~h "sp"
<BEGINHMM>
<NUMSTATES> 5
<STATE> 2
~s "silst"
<STATE> 3
<MEAN> 39
 -7.721188e+00 -6.428099e+00 -6.129706e+00 -9.699435e+00 -1.384037e+00 -4.094303e+00 -7.009711e-01 -8.592935e+00 -2.855621e+00 -5.606033e+00 9.284909e-01 -4.065699e+00 1.480644e+01 -8.099188e-02 1.575328e-03 -9.190948e-02 6.682775e-03 -2.253228e-02 2.115023e-02 -1.823569e-02 2.409183e-02 -9.348707e-03 1.370261e-02 3.119574e-02 3.256878e-02 -8.109200e-03 5.559019e-02 7.258104e-02 5.711088e-02 -9.308890e-03 -4.105242e-03 -4.639393e-02 -3.040796e-02 -1.390122e-02 -5.387066e-03 -1.500496e-02 -2.980942e-02 -2.958817e-02 4.008590e-02
<VARIANCE> 39
 5.408475e+00 5.966999e+00 8.592408e+00 1.024555e+01 1.438791e+01 1.555986e+01 1.541189e+01 1.665677e+01 1.752887e+01 1.639644e+01 1.596082e+01 1.386778e+01 1.102175e+00 1.483822e-01 2.282337e-01 3.457283e-01 4.328623e-01 5.679586e-01 6.775616e-01 6.509671e-01 7.115300e-01 7.337473e-01 6.522802e-01 6.446452e-01 5.666969e-01 5.907027e-03 3.156238e-02 5.135801e-02 7.027735e-02 9.066535e-02 1.141575e-01 1.409135e-01 1.285906e-01 1.425100e-01 1.456518e-01 1.234125e-01 1.233468e-01 1.132086e-01 3.824802e-03
<GCONST> 5.439508e+01
<STATE> 4
<MEAN> 39
 -8.393774e+00 -5.077796e+00 -6.288577e+00 -9.006313e+00 -1.960477e+00 -3.756998e+00 -9.749629e-01 -8.362222e+00 -2.908645e+00 -5.522869e+00 6.310446e-01 -4.172987e+00 1.506580e+01 2.252869e-01 1.972686e-01 2.051552e-02 -1.689871e-01 -7.553425e-02 -2.455295e-01 -4.468277e-02 8.714707e-02 -3.596124e-02 -6.183904e-02 -1.973813e-01 -5.654094e-02 2.093376e-01 2.134265e-01 3.008731e-02 3.678104e-02 -1.714425e-01 -1.038811e-01 -2.116269e-01 -1.607498e-02 1.760989e-02 5.008132e-03 -6.793845e-03 -1.126857e-01 -8.823449e-02 1.178279e-01
<VARIANCE> 39
 1.216836e+01 1.135706e+01 1.674728e+01 1.560505e+01 1.925555e+01 1.890182e+01 1.818426e+01 2.050770e+01 2.104439e+01 1.981190e+01 1.895909e+01 1.730677e+01 1.560069e+00 5.392737e-01 5.140997e-01 6.400673e-01 7.765607e-01 8.275493e-01 9.065571e-01 8.267159e-01 1.146202e+00 1.027484e+00 8.994355e-01 8.934677e-01 7.443925e-01 4.836443e-02 6.852143e-02 1.129671e-01 1.689889e-01 1.369287e-01 1.786173e-01 1.834717e-01 1.732763e-01 2.275534e-01 2.036650e-01 1.809805e-01 1.786027e-01 1.523572e-01 9.184356e-03
<GCONST> 7.354835e+01
<TRANSP> 5
 0.000000e+00 7.843876e-01 2.156124e-01 0.000000e+00 0.000000e+00
 0.000000e+00 7.744451e-01 2.255550e-01 0.000000e+00 0.000000e+00
 0.000000e+00 0.000000e+00 8.453317e-01 1.546683e-01 0.000000e+00
 0.000000e+00 0.000000e+00 0.000000e+00 5.047749e-01 4.952252e-01
 0.000000e+00 0.000000e+00 0.000000e+00 0.000000e+00 0.000000e+00
<ENDHMM>
~h "seven"
<BEGINHMM>
<NUMSTATES> 5
<STATE> 2
<MEAN> 39
 -8.237206e+00 -4.392238e+00 -6.610745e+00 -9.069334e+00 -3.285403e+00 -4.221272e+00 -6.941042e-01 -8.084910e+00 -2.572354e+00 -4.419257e+00 -3.709749e-01 -3.705147e+00 1.521635e+01 8.255548e-01 1.346412e-01 7.118085e-01 -1.245963e+00 -1.027240e+00 -8.897843e-01 8.604951e-01 -1.121866e-01 3.334429e-01 7.973512e-02 -7.168724e-01 -6.156315e-01 6.209152e-01 6.612086e-02 -8.691750e-02 -8.975660e-03 -2.930825e-01 -2.282790e-01 1.311175e-02 2.692612e-01 6.319851e-02 8.744050e-03 -1.162168e-01 -1.723822e-01 -1.790840e-01 1.468370e-01
<VARIANCE> 39
 9.029450e+00 7.360459e+00 1.320858e+01 1.169218e+01 1.881921e+01 1.917993e+01 1.748030e+01 1.774189e+01 1.805917e+01 2.288649e+01 1.751904e+01 1.603167e+01 1.845468e+00 5.251014e-01 4.600456e-01 6.793427e-01 1.053548e+00 1.260089e+00 1.533515e+00 1.300273e+00 1.086940e+00 1.152125e+00 2.191840e+00 1.081753e+00 1.166268e+00 8.981490e-02 7.863038e-02 5.903861e-02 1.027353e-01 1.160832e-01 1.977962e-01 2.112658e-01 1.541445e-01 1.585211e-01 1.704641e-01 2.044623e-01 1.387591e-01 1.811504e-01 9.284866e-03
<GCONST> 7.440459e+01
<STATE> 3
<MEAN> 39
 -5.654303e+00 -7.333289e+00 -5.291373e+00 -1.609908e+01 -6.233398e+00 -4.581513e+00 4.899367e+00 -8.606728e+00 -2.690135e+00 -7.003514e+00 -4.095570e+00 -6.581545e+00 1.900627e+01 1.557224e-01 -2.833939e-01 8.090834e-02 9.684172e-02 4.758085e-03 -4.569065e-02 2.083827e-01 2.581368e-01 -3.144913e-01 -5.751882e-02 -2.146766e-02 -6.978311e-02 1.002614e-01 -3.029394e-02 8.968581e-02 2.624563e-02 3.088712e-01 1.521750e-01 -5.290191e-02 -2.712409e-01 4.335576e-02 -2.078601e-02 2.975366e-02 1.920473e-01 6.815501e-02 -1.327648e-01
<VARIANCE> 39
 9.553550e+00 1.236230e+01 9.093612e+00 1.775289e+01 4.715137e+01 3.890296e+01 3.182018e+01 3.908722e+01 4.767779e+01 5.827288e+01 3.294387e+01 3.232922e+01 1.216392e+00 4.104701e-01 5.820611e-01 4.519066e-01 1.427739e+00 1.536200e+00 1.595757e+00 1.687289e+00 1.080832e+00 1.321774e+00 1.755126e+00 1.751709e+00 1.255792e+00 1.918211e-01 8.170497e-02 8.839794e-02 9.193558e-02 1.097876e-01 2.606875e-01 2.697321e-01 1.743319e-01 1.626396e-01 2.043868e-01 2.420959e-01 2.297865e-01 1.873239e-01 5.708613e-03
<GCONST> 8.381422e+01
<STATE> 4
<MEAN> 39
 -3.205940e+00 -3.989596e+00 -1.934613e+00 -9.727711e+00 -3.809766e+00 -7.976724e+00 -6.527841e-01 -8.125240e+00 -4.037100e+00 -6.771514e+00 -1.672506e+00 -6.921022e+00 1.712592e+01 8.411703e-02 3.283192e-01 1.979164e-01 2.304186e-01 3.694237e-01 2.132610e-02 -3.881874e-01 -3.274332e-01 3.608438e-02 -6.072181e-02 1.007804e-01 5.485959e-03 -9.518127e-02 -4.573687e-02 -6.449090e-02 -5.896048e-02 -7.356014e-02 -1.886539e-03 1.105746e-01 9.757283e-02 -2.835368e-02 1.129888e-02 8.689393e-03 -3.787148e-02 2.865255e-02 1.583882e-02
<VARIANCE> 39
 4.934615e+00 1.055394e+01 1.001892e+01 1.373557e+01 2.817227e+01 3.183498e+01 2.627117e+01 4.114692e+01 3.341862e+01 3.626664e+01 3.273593e+01 2.928485e+01 1.659763e+00 1.963245e-01 4.372143e-01 4.915012e-01 8.860293e-01 1.362217e+00 1.208099e+00 1.645086e+00 1.290999e+00 1.388340e+00 1.408086e+00 1.262111e+00 9.437068e-01 8.856678e-02 3.547407e-02 7.910218e-02 8.593411e-02 1.514252e-01 2.434973e-01 2.049894e-01 2.849942e-01 2.278534e-01 2.339573e-01 2.445367e-01 2.150916e-01 1.491666e-01 1.490364e-02
<GCONST> 7.874103e+01
<TRANSP> 5
 0.000000e+00 1.000000e+00 0.000000e+00 0.000000e+00 0.000000e+00
 0.000000e+00 7.239389e-01 2.760611e-01 0.000000e+00 0.000000e+00
 0.000000e+00 0.000000e+00 8.965361e-01 1.034639e-01 0.000000e+00
 0.000000e+00 0.000000e+00 0.000000e+00 9.333964e-01 6.660354e-02
 0.000000e+00 0.000000e+00 0.000000e+00 0.000000e+00 0.000000e+00
<ENDHMM>
~h "three"
<BEGINHMM>
<NUMSTATES> 5
<STATE> 2
<MEAN> 39
 -6.623231e+00 -5.411017e+00 -3.299031e+00 -1.041195e+01 -2.765791e+00 -6.740689e+00 -1.398952e+00 -8.339895e+00 -2.790040e+00 -5.735168e+00 2.576022e-01 -4.432513e+00 1.559949e+01 9.738864e-01 -5.295210e-02 9.819178e-01 1.926790e-01 -1.600064e+00 -1.057233e+00 -3.531499e-01 -6.723846e-02 9.940758e-02 -2.763237e-02 -1.617170e-01 -3.306568e-01 4.591972e-01 1.678400e-01 -1.189362e-01 1.156479e-01 4.767973e-02 -3.964453e-01 -1.403673e-01 -6.756089e-04 -3.142804e-02 9.586702e-02 5.505888e-02 1.099272e-02 -3.671708e-02 6.784765e-02
<VARIANCE> 39
 1.074275e+01 9.046868e+00 1.199364e+01 1.357223e+01 2.322505e+01 2.366678e+01 1.929064e+01 2.145172e+01 2.296292e+01 2.156160e+01 2.633255e+01 1.959913e+01 1.977048e+00 5.218572e-01 6.403516e-01 6.207767e-01 1.190854e+00 1.620347e+00 1.861963e+00 9.090390e-01 1.237702e+00 1.332235e+00 1.081123e+00 1.496967e+00 1.352482e+00 4.872059e-02 9.711294e-02 1.018802e-01 1.129351e-01 2.101451e-01 2.192747e-01 2.939044e-01 1.744566e-01 2.239883e-01 1.959858e-01 1.799786e-01 2.227485e-01 2.005832e-01 8.092305e-03
<GCONST> 7.907558e+01
<STATE> 3
<MEAN> 39
 -2.438629e+00 -7.136690e+00 2.991729e+00 -1.157839e+01 -1.465843e+01 -9.191461e+00 -3.145352e+00 -9.473241e+00 5.001487e-01 -4.951722e+00 4.054122e-01 -5.692792e+00 1.840976e+01 -2.577024e-01 5.370293e-01 6.527318e-01 -1.268773e+00 -1.331303e-01 5.507191e-01 -9.137620e-01 1.321916e-01 3.514231e-01 -3.640218e-02 1.019607e-01 -1.276797e-01 1.925715e-01 -2.270472e-01 2.775312e-01 -2.214177e-01 -1.659677e-01 6.094485e-01 2.275060e-02 -8.532894e-02 1.321390e-01 -1.464382e-01 -3.378409e-02 6.678450e-03 3.969229e-02 -7.308014e-02
<VARIANCE> 39
 6.716530e+00 1.404410e+01 1.955738e+01 5.427562e+01 3.964462e+01 6.631683e+01 3.756549e+01 3.992962e+01 2.893718e+01 2.733270e+01 3.600598e+01 3.385469e+01 1.318109e+00 7.735481e-01 1.509662e+00 9.421403e-01 2.572321e+00 4.882630e+00 3.107131e+00 2.345036e+00 2.040942e+00 1.220052e+00 1.040123e+00 1.052606e+00 1.030627e+00 5.819951e-02 7.030176e-02 1.050100e-01 1.858745e-01 4.128129e-01 3.561529e-01 7.447718e-01 4.013790e-01 2.795469e-01 2.428333e-01 1.679871e-01 1.617577e-01 1.550045e-01 3.634425e-03
<GCONST> 9.174227e+01
<STATE> 4
<MEAN> 39
 -6.701868e+00 3.523582e+00 -7.866519e-01 -1.725771e+01 -2.253278e+00 -1.164899e+01 -6.529704e+00 -7.818937e+00 -3.010326e+00 -5.249574e+00 -1.891866e-01 -6.396497e+00 1.800753e+01 1.691700e-02 1.988700e-01 -6.374643e-01 7.326115e-01 7.546253e-01 -3.111750e-01 5.399440e-01 -1.366858e-01 -4.171300e-01 -1.883253e-02 -1.412399e-01 8.241571e-03 -1.635741e-01 7.990018e-02 -2.995361e-01 2.739569e-02 1.950050e-01 -2.242420e-01 2.040634e-01 1.633389e-01 -7.728130e-02 8.878008e-02 1.908108e-03 1.206223e-02 1.609739e-02 -2.982849e-02
<VARIANCE> 39
 7.679001e+00 1.684385e+01 2.019433e+01 3.254435e+01 2.714594e+01 2.927663e+01 5.034606e+01 4.853507e+01 3.399088e+01 3.953587e+01 4.193557e+01 3.657529e+01 1.524372e+00 3.005259e-01 1.699698e+00 6.622599e-01 1.101307e+00 1.860140e+00 2.330473e+00 1.439611e+00 1.685765e+00 1.304516e+00 1.228921e+00 8.609730e-01 8.889691e-01 2.557318e-02 4.115427e-02 9.120772e-02 9.171703e-02 2.200028e-01 1.816874e-01 2.306497e-01 2.780066e-01 2.447192e-01 1.838979e-01 1.653551e-01 1.361567e-01 1.332461e-01 2.367761e-03
<GCONST> 8.147499e+01
<TRANSP> 5
 0.000000e+00 1.000000e+00 0.000000e+00 0.000000e+00 0.000000e+00
 0.000000e+00 7.817865e-01 2.182135e-01 0.000000e+00 0.000000e+00
 0.000000e+00 0.000000e+00 8.777108e-01 1.222892e-01 0.000000e+00
 0.000000e+00 0.000000e+00 0.000000e+00 9.097128e-01 9.028716e-02
 0.000000e+00 0.000000e+00 0.000000e+00 0.000000e+00 0.000000e+00
<ENDHMM>
~h "one"
<BEGINHMM>
<NUMSTATES> 5
<STATE> 2
<MEAN> 39
 -6.432776e-01 -3.831446e+00 -9.262944e+00 -1.276389e+01 -1.594665e+00 -5.546872e+00 -2.019800e+00 -8.869021e+00 -2.710081e+00 -6.732468e+00 -1.541950e+00 -7.288272e+00 1.771303e+01 2.850650e-01 -4.002651e-01 -8.652939e-01 4.581226e-01 4.868522e-01 3.259727e-02 -2.960151e-01 2.290447e-01 2.032993e-01 -3.082799e-01 -3.881563e-01 -2.646101e-01 2.405088e-01 -1.156705e-01 -1.426570e-01 5.764268e-02 2.620712e-01 3.495461e-03 -1.192988e-01 -1.117933e-02 9.190772e-02 -1.362635e-02 -9.309208e-02 1.029086e-02 8.124734e-02 -2.037620e-02
<VARIANCE> 39
 7.990011e+00 9.349075e+00 2.897939e+01 2.296568e+01 2.852210e+01 2.531003e+01 2.292922e+01 2.066567e+01 2.832494e+01 2.403986e+01 2.964003e+01 2.868892e+01 2.339226e+00 4.587002e-01 8.077813e-01 8.795644e-01 2.255088e+00 1.370845e+00 1.452315e+00 1.267583e+00 1.072589e+00 1.133718e+00 1.033014e+00 1.099192e+00 1.043787e+00 4.733595e-02 4.649959e-02 6.276774e-02 1.897224e-01 2.181106e-01 2.634207e-01 2.498713e-01 2.387899e-01 1.816495e-01 2.011238e-01 1.708039e-01 1.894846e-01 1.838240e-01 5.126775e-03
<GCONST> 8.040388e+01
<STATE> 3
<MEAN> 39
 -2.450672e+00 -1.071961e+01 -1.071439e+01 -1.683182e+00 -6.689634e-01 -9.463482e+00 -2.220486e+00 -4.330713e+00 -3.712126e+00 -1.168405e+01 -2.311305e+00 -6.127239e+00 1.853643e+01 -6.026756e-01 -3.349283e-01 1.358885e+00 5.032932e-01 -1.346730e+00 -2.735684e-01 1.172794e+00 -1.462407e-01 -8.987963e-01 -4.347793e-02 5.713248e-01 9.257937e-02 -5.212029e-02 2.982037e-02 3.170997e-01 2.379551e-01 -5.798872e-01 -1.053001e-01 3.709464e-01 6.280693e-02 -4.296108e-01 2.019016e-02 3.695934e-01 3.078798e-02 -1.678870e-01 -2.950959e-02
<VARIANCE> 39
 6.272453e+00 9.742628e+00 1.922905e+01 2.358965e+01 2.785051e+01 1.742025e+01 3.844335e+01 3.225830e+01 4.639737e+01 3.759349e+01 3.401543e+01 3.363526e+01 1.537513e+00 1.577575e-01 5.476023e-01 6.119153e-01 1.895229e+00 7.389626e-01 1.778611e+00 1.005977e+00 2.281550e+00 1.206573e+00 1.899472e+00 1.036773e+00 1.295130e+00 8.630968e-03 2.469623e-02 5.262539e-02 1.033639e-01 1.215522e-01 3.011527e-01 1.547104e-01 3.904085e-01 1.806925e-01 3.389355e-01 2.050835e-01 2.672114e-01 1.712676e-01 8.597502e-04
<GCONST> 7.577647e+01
<STATE> 4
<MEAN> 39
 -3.961785e+00 -4.901077e+00 -1.501913e+00 -8.945662e+00 -3.619268e+00 -6.181532e+00 -2.085406e+00 -1.212039e+01 -4.770121e+00 -8.556015e+00 -2.761613e+00 -8.317899e+00 1.774556e+01 1.193871e-01 8.048769e-01 4.599086e-01 -5.763307e-01 4.138562e-01 8.729206e-03 -5.284489e-01 -3.642118e-01 8.427171e-02 1.953574e-01 -1.220702e-01 9.945119e-02 -1.322564e-01 1.630670e-02 -9.468668e-02 -2.079955e-01 1.541418e-01 1.230175e-01 -2.951457e-02 -1.789570e-02 1.745446e-01 1.948803e-02 -1.024471e-01 3.398698e-02 8.135883e-02 -1.140903e-02
<VARIANCE> 39
 6.800110e+00 2.261665e+01 1.054717e+01 1.923342e+01 2.008371e+01 4.519369e+01 3.550648e+01 3.444783e+01 4.201429e+01 4.571915e+01 3.283120e+01 3.677271e+01 1.280717e+00 2.641052e-01 7.612849e-01 8.445287e-01 1.229842e+00 8.681750e-01 1.868286e+00 1.183397e+00 1.371442e+00 1.562954e+00 1.460458e+00 9.568865e-01 9.429615e-01 1.381279e-02 5.077280e-02 1.146227e-01 8.351251e-02 1.250231e-01 1.895542e-01 3.115410e-01 2.579233e-01 1.821636e-01 2.268781e-01 2.200454e-01 1.664736e-01 1.645057e-01 2.362001e-03
<GCONST> 7.845249e+01
<TRANSP> 5
 0.000000e+00 1.000000e+00 0.000000e+00 0.000000e+00 0.000000e+00
 0.000000e+00 8.987139e-01 1.012861e-01 0.000000e+00 0.000000e+00
 0.000000e+00 0.000000e+00 8.297462e-01 1.702537e-01 0.000000e+00
 0.000000e+00 0.000000e+00 0.000000e+00 8.983549e-01 1.016451e-01
 0.000000e+00 0.000000e+00 0.000000e+00 0.000000e+00 0.000000e+00
<ENDHMM>
~h "sil"
<BEGINHMM>
<NUMSTATES> 5
<STATE> 2
<MEAN> 39
 -6.704014e+00 -6.427349e+00 -4.782785e+00 -8.759374e+00 1.290366e-01 -3.339587e+00 5.367577e-02 -8.779888e+00 -2.726005e+00 -5.737480e+00 5.788141e-01 -4.309038e+00 1.467695e+01 -6.189265e-02 -1.536554e-02 -3.706542e-03 5.133809e-02 7.676557e-02 5.788065e-02 6.984396e-02 1.245257e-02 -1.446920e-02 1.937599e-02 1.071772e-02 8.212814e-03 -2.061578e-02 -3.956126e-02 -5.653528e-02 -1.058957e-01 -1.419529e-01 -1.374673e-01 -1.262085e-01 -5.305852e-02 1.473729e-02 -7.974889e-03 7.402986e-03 3.473043e-02 2.981807e-02 3.113330e-04
<VARIANCE> 39
 4.260796e+00 4.722205e+00 6.134173e+00 7.683899e+00 1.200613e+01 1.380794e+01 1.547158e+01 1.668664e+01 1.577588e+01 1.419297e+01 1.616901e+01 1.340440e+01 1.191228e+00 9.364408e-02 1.802886e-01 2.955581e-01 4.062926e-01 5.234515e-01 6.635624e-01 6.853985e-01 7.475320e-01 7.408419e-01 6.140760e-01 6.571311e-01 5.603137e-01 7.458273e-03 1.166761e-02 2.386692e-02 4.003022e-02 5.030440e-02 7.233272e-02 1.001294e-01 1.059204e-01 1.330456e-01 1.118976e-01 9.485462e-02 1.084322e-01 9.678822e-02 6.926541e-04
<GCONST> 4.558746e+01
<STATE> 3
~s "silst"
<STATE> 4
<MEAN> 39
 -7.433072e+00 -7.399053e+00 -6.462318e+00 -1.093559e+01 -1.772925e+00 -4.974699e+00 -6.575685e-01 -8.467505e+00 -2.612268e+00 -5.497777e+00 1.242161e+00 -3.952748e+00 1.448300e+01 2.805610e-03 1.272487e-02 -1.924030e-02 -2.179949e-02 -4.985074e-02 -2.542392e-02 -4.606863e-02 -1.216663e-02 -1.181975e-02 -1.241578e-02 -8.899678e-03 -9.871630e-03 4.499937e-04 2.959516e-02 4.964641e-02 7.670327e-02 9.517319e-02 8.882377e-02 8.052751e-02 3.074340e-02 -3.891615e-03 7.555927e-03 -1.012605e-02 -3.350244e-02 -2.341725e-02 6.847926e-03
<VARIANCE> 39
 3.256467e+00 3.807599e+00 6.094871e+00 7.678622e+00 1.181797e+01 1.321218e+01 1.479043e+01 1.577327e+01 1.723303e+01 1.474066e+01 1.522094e+01 1.318881e+01 1.009975e+00 6.744344e-02 1.530151e-01 2.674534e-01 3.876887e-01 4.875968e-01 6.717426e-01 6.144882e-01 7.150297e-01 6.753294e-01 5.761106e-01 6.740271e-01 6.064615e-01 2.758750e-03 1.225783e-02 2.623816e-02 3.974879e-02 5.613146e-02 7.713634e-02 1.143331e-01 1.079196e-01 1.263194e-01 1.287571e-01 1.005590e-01 1.140605e-01 1.100595e-01 8.203204e-04
<GCONST> 4.387909e+01
<TRANSP> 5
 0.000000e+00 1.000000e+00 0.000000e+00 0.000000e+00 0.000000e+00
 0.000000e+00 7.128818e-01 3.165883e-02 2.554594e-01 0.000000e+00
 0.000000e+00 0.000000e+00 7.996064e-01 2.003935e-01 0.000000e+00
 0.000000e+00 1.344732e-01 0.000000e+00 8.106200e-01 5.490690e-02
 0.000000e+00 0.000000e+00 0.000000e+00 0.000000e+00 0.000000e+00
<ENDHMM>
~h "six"
<BEGINHMM>
<NUMSTATES> 5
<STATE> 2
<MEAN> 39
 -8.761651e+00 -4.302690e+00 -7.107104e+00 -8.669298e+00 -3.014747e+00 -4.098850e+00 -1.954225e+00 -8.208175e+00 -3.550339e+00 -4.057323e+00 1.404976e-01 -3.125173e+00 1.491102e+01 6.707698e-01 6.629995e-01 1.182199e+00 -1.335637e+00 -1.122210e+00 -1.184815e+00 3.726899e-02 -1.376346e-01 4.029560e-01 3.496924e-01 -5.050580e-01 -4.487242e-01 6.148304e-01 7.527823e-02 1.167583e-01 2.375263e-01 -4.792550e-01 -2.861865e-01 -1.845764e-01 4.274691e-02 7.083707e-02 1.993570e-01 4.758350e-03 -1.359032e-01 -2.314039e-01 1.479920e-01
<VARIANCE> 39
 7.251973e+00 7.724487e+00 1.258793e+01 1.140215e+01 1.852257e+01 1.922298e+01 1.506361e+01 1.830862e+01 1.993131e+01 2.894856e+01 1.910261e+01 1.702376e+01 1.797688e+00 3.587560e-01 4.700933e-01 8.870645e-01 1.166619e+00 1.078009e+00 1.321765e+00 9.821506e-01 8.014386e-01 1.404256e+00 2.218034e+00 1.070362e+00 1.298186e+00 8.030286e-02 6.166605e-02 5.633031e-02 1.173141e-01 9.717282e-02 2.010047e-01 2.029516e-01 1.471975e-01 1.752535e-01 1.865012e-01 2.357186e-01 1.712791e-01 1.700659e-01 8.308632e-03
<GCONST> 7.376078e+01
<STATE> 3
<MEAN> 39
 -6.472589e+00 -1.093642e+00 -8.824223e-01 -2.009099e+01 -7.919037e+00 -8.772843e+00 -2.383997e+00 -6.365632e+00 2.041124e-01 -3.730264e+00 -2.556287e+00 -7.354570e+00 1.833331e+01 2.448518e-02 -7.893962e-02 2.387287e-01 -3.079023e-01 3.525096e-01 2.077422e-01 -2.790271e-01 1.802333e-01 4.977499e-02 -1.938090e-01 1.683822e-01 -6.493317e-03 -3.796036e-02 -5.591002e-02 -2.037222e-01 -2.639484e-01 4.849181e-01 2.904514e-01 2.247247e-01 6.241544e-02 -9.111133e-02 -1.434565e-01 -6.075276e-02 1.539553e-01 1.670043e-01 -1.673831e-01
<VARIANCE> 39
 7.669131e+00 9.670567e+00 1.653426e+01 2.328448e+01 5.828759e+01 3.084549e+01 3.696123e+01 2.457091e+01 3.458894e+01 5.871769e+01 3.524839e+01 3.735661e+01 1.408976e+00 3.506383e-01 6.503882e-01 1.070023e+00 3.207534e+00 2.388524e+00 1.783710e+00 1.728634e+00 1.332334e+00 1.886679e+00 2.001182e+00 1.868309e+00 1.893271e+00 2.935045e-01 6.785872e-02 6.641651e-02 1.608433e-01 2.277853e-01 3.045105e-01 3.169096e-01 3.802346e-01 2.240440e-01 2.856181e-01 3.401661e-01 2.612004e-01 2.536072e-01 1.154235e-02
<GCONST> 9.177181e+01
<STATE> 4
<MEAN> 39
 -6.660001e+00 -6.247584e+00 -4.610320e+00 -1.090775e+01 -1.261019e+00 -3.915796e+00 -1.532385e+00 -8.731323e+00 -1.994592e+00 -5.807252e+00 1.144530e+00 -4.231678e+00 1.469983e+01 -2.220940e-01 -8.466483e-01 -9.486741e-01 1.392182e+00 4.049509e-01 3.809466e-01 8.384420e-01 -4.483604e-01 -2.499450e-01 -5.629322e-02 1.818646e-01 2.774158e-01 -4.394017e-01 -1.016920e-01 1.619243e-01 1.868617e-01 -3.989739e-01 -3.480181e-01 -1.492288e-01 -7.285207e-02 1.624125e-01 1.001861e-01 1.079496e-01 -1.666017e-01 -1.375964e-01 1.402467e-01
<VARIANCE> 39
 3.860815e+00 5.724594e+00 1.051722e+01 1.160303e+01 1.607588e+01 1.584658e+01 1.963579e+01 1.867198e+01 1.734050e+01 1.688948e+01 1.797993e+01 1.484929e+01 1.530753e+00 2.756294e-01 5.312486e-01 9.476511e-01 1.322238e+00 2.115574e+00 1.595074e+00 1.612625e+00 1.216011e+00 1.184673e+00 1.183615e+00 1.134596e+00 1.020048e+00 8.822802e-02 4.060661e-02 6.806123e-02 1.511729e-01 1.596176e-01 2.331851e-01 1.862072e-01 2.698098e-01 1.927874e-01 1.877953e-01 1.708464e-01 1.929408e-01 1.781748e-01 6.669648e-03
<GCONST> 7.343642e+01
<TRANSP> 5
 0.000000e+00 1.000000e+00 0.000000e+00 0.000000e+00 0.000000e+00
 0.000000e+00 7.232646e-01 2.767354e-01 0.000000e+00 0.000000e+00
 0.000000e+00 0.000000e+00 8.892249e-01 1.107751e-01 0.000000e+00
 0.000000e+00 0.000000e+00 0.000000e+00 7.719902e-01 2.280098e-01
 0.000000e+00 0.000000e+00 0.000000e+00 0.000000e+00 0.000000e+00
<ENDHMM>
~h "two"
<BEGINHMM>
<NUMSTATES> 5
<STATE> 2
<MEAN> 39
 -1.096883e+01 -3.355761e+00 -6.953307e+00 -1.051861e+01 -1.152485e+00 -3.911938e+00 -1.906975e+00 -7.541790e+00 -2.369531e+00 -5.643928e+00 1.197747e+00 -3.323833e+00 1.503356e+01 3.998963e-01 6.188632e-01 8.965993e-01 -5.397388e-01 -2.563966e-01 -3.296798e-01 -4.560786e-01 -1.738547e-01 7.355246e-02 -2.443395e-02 -2.176107e-01 -3.109423e-01 3.037736e-01 2.890649e-01 5.325637e-02 2.944033e-01 -1.334915e-01 -1.795487e-01 -2.198590e-01 -1.069512e-01 -1.176588e-01 -2.003622e-02 4.233664e-03 -7.963397e-02 -1.621604e-01 8.725997e-02
<VARIANCE> 39
 8.603525e+00 8.491914e+00 1.239529e+01 1.233658e+01 1.838391e+01 2.244893e+01 1.891413e+01 2.112793e+01 2.074855e+01 2.312947e+01 2.424847e+01 1.930721e+01 9.089774e-01 1.400842e+00 5.511439e-01 1.358029e+00 8.219510e-01 1.321639e+00 1.278034e+00 9.692171e-01 1.184983e+00 1.141603e+00 1.273595e+00 1.773906e+00 1.073750e+00 7.022013e-02 1.252330e-01 1.122342e-01 1.284479e-01 1.279175e-01 2.353500e-01 2.027079e-01 1.732274e-01 2.183137e-01 2.197956e-01 1.958899e-01 3.471578e-01 1.558203e-01 8.018591e-03
<GCONST> 7.853575e+01
<STATE> 3
<MEAN> 39
 -4.638639e+00 1.230194e+00 1.850007e+00 -1.542909e+01 -6.819459e+00 -9.859335e+00 -6.673044e+00 -1.047988e+01 -2.463838e+00 -5.206306e+00 -1.104281e+00 -7.257032e+00 1.837261e+01 6.901466e-01 5.753143e-01 7.914420e-01 -5.822107e-01 -1.197613e+00 -1.139006e+00 -5.993227e-01 -3.019837e-01 -6.798019e-02 1.200894e-01 -2.446503e-01 -6.597443e-01 4.688930e-01 -2.538083e-01 -2.302738e-01 -4.306150e-01 2.933506e-01 2.594409e-01 2.246853e-01 2.353315e-01 1.511860e-01 -1.478837e-02 -3.868747e-03 1.514756e-01 1.806323e-01 -1.423641e-01
<VARIANCE> 39
 7.446846e+00 8.083786e+00 1.366952e+01 2.249520e+01 3.996282e+01 2.584839e+01 2.809124e+01 2.427721e+01 3.122934e+01 5.457671e+01 4.338588e+01 4.777990e+01 1.087766e+00 5.776101e-01 6.237131e-01 9.790081e-01 1.440472e+00 1.267631e+00 1.166998e+00 1.662286e+00 1.526207e+00 1.878058e+00 2.019202e+00 2.457886e+00 1.855706e+00 8.561598e-02 6.086835e-02 5.558772e-02 8.104414e-02 1.282873e-01 2.104321e-01 1.821001e-01 2.038085e-01 1.911945e-01 2.133469e-01 2.718002e-01 2.889745e-01 2.214598e-01 7.011474e-03
<GCONST> 8.384981e+01
<STATE> 4
<MEAN> 39
 -3.158585e+00 -1.445769e-01 -1.033739e-01 -1.334882e+01 -7.014540e+00 -1.163040e+01 -5.752092e+00 -9.755631e+00 -2.866618e+00 -5.462384e+00 -1.929505e-01 -7.559634e+00 1.819911e+01 1.385347e-01 -2.474571e-01 -2.657564e-01 5.273453e-01 3.642756e-01 1.416051e-01 1.548424e-01 -1.027975e-02 -1.428132e-01 -5.190565e-02 1.054347e-01 1.912820e-01 -1.368331e-01 -6.033444e-02 -4.979124e-02 -3.341343e-02 1.475586e-02 9.990712e-02 1.342805e-01 7.540105e-02 1.603005e-02 2.332601e-02 8.264666e-03 -4.063719e-03 4.987890e-02 -4.106776e-02
<VARIANCE> 39
 6.050740e+00 8.088178e+00 1.255134e+01 2.982759e+01 3.291364e+01 2.214359e+01 3.300227e+01 3.337540e+01 4.046948e+01 4.333934e+01 5.358224e+01 4.173030e+01 1.382871e+00 1.636663e-01 1.732473e-01 3.902524e-01 6.471531e-01 9.223888e-01 9.342415e-01 9.539945e-01 1.103581e+00 9.622768e-01 1.041765e+00 1.069921e+00 1.001747e+00 2.013787e-02 2.603845e-02 2.902622e-02 5.403244e-02 9.123544e-02 1.078079e-01 1.360118e-01 1.393770e-01 1.698217e-01 1.621256e-01 1.631235e-01 1.633293e-01 1.537227e-01 2.842458e-03
<GCONST> 6.807878e+01
<TRANSP> 5
 0.000000e+00 1.000000e+00 0.000000e+00 0.000000e+00 0.000000e+00
 0.000000e+00 8.330755e-01 1.669245e-01 0.000000e+00 0.000000e+00
 0.000000e+00 0.000000e+00 7.629783e-01 2.370218e-01 0.000000e+00
 0.000000e+00 0.000000e+00 0.000000e+00 9.103411e-01 8.965888e-02
 0.000000e+00 0.000000e+00 0.000000e+00 0.000000e+00 0.000000e+00
<ENDHMM>
~h "nine"
<BEGINHMM>
<NUMSTATES> 5
<STATE> 2
<MEAN> 39
 -4.477742e+00 -4.290672e+00 -2.068780e+00 -8.931058e+00 -2.968801e+00 -6.161439e+00 -1.508158e+00 -1.111522e+01 -5.005886e+00 -8.053111e+00 -2.893644e+00 -7.764243e+00 1.752527e+01 -1.367897e-01 -6.651468e-01 -2.230251e-01 4.880522e-01 -4.955554e-01 1.847555e-01 3.863312e-01 -2.015250e-01 -4.164448e-02 -1.577505e-01 -1.845321e-01 -1.389041e-01 2.487053e-01 -3.708458e-02 -1.260770e-01 -7.339769e-02 1.164585e-01 1.579868e-02 -8.154172e-03 3.836320e-02 2.808242e-02 8.958611e-03 4.041895e-03 7.497829e-02 3.423185e-02 -8.816807e-03
<VARIANCE> 39
 8.952611e+00 1.996740e+01 1.531957e+01 1.670896e+01 2.858580e+01 2.888562e+01 3.188066e+01 2.752526e+01 4.724021e+01 3.535218e+01 3.015059e+01 3.256063e+01 2.361402e+00 5.346372e-01 1.573728e+00 1.156371e+00 1.105063e+00 1.134028e+00 1.439672e+00 1.635109e+00 1.275571e+00 1.520777e+00 1.146812e+00 1.233767e+00 1.035851e+00 3.738960e-02 6.549158e-02 1.795544e-01 1.348729e-01 1.395971e-01 2.017986e-01 2.213280e-01 2.416780e-01 1.849083e-01 1.993286e-01 1.626798e-01 1.746212e-01 1.455920e-01 5.052059e-03
<GCONST> 8.286278e+01
<STATE> 3
<MEAN> 39
 -6.311845e+00 -1.162624e+01 -4.912646e+00 -2.612582e+00 -5.678519e+00 -5.334466e+00 1.776375e+00 -1.130940e+01 -5.614131e+00 -9.020952e+00 -1.654080e+00 -7.673162e+00 1.861471e+01 -1.098697e-01 8.398376e-02 2.333494e-01 -2.281455e-01 -3.420657e-02 2.131428e-01 -8.967049e-02 -9.510884e-02 1.874658e-01 6.117018e-02 -5.009622e-02 4.028432e-02 -2.088727e-02 -4.288520e-04 1.906566e-01 7.298463e-02 -2.441812e-01 3.943732e-02 7.111838e-02 -1.047931e-01 5.245794e-03 7.969848e-02 -9.506744e-03 -7.366099e-02 2.474324e-02 -1.451746e-02
<VARIANCE> 39
 7.238366e+00 8.541948e+00 2.455845e+01 3.180068e+01 1.888325e+01 3.054602e+01 3.083458e+01 3.411782e+01 4.341811e+01 4.176786e+01 2.822177e+01 3.043019e+01 1.015846e+00 8.241791e-02 3.542413e-01 4.054136e-01 1.085598e+00 4.792993e-01 6.187736e-01 5.386232e-01 5.054200e-01 6.331403e-01 6.595761e-01 6.697119e-01 5.351332e-01 4.722089e-03 1.085796e-02 2.977734e-02 4.027505e-02 5.403246e-02 7.111102e-02 6.889373e-02 7.348067e-02 7.911389e-02 8.109409e-02 8.649965e-02 7.757598e-02 7.860055e-02 3.957007e-04
<GCONST> 5.339864e+01
<STATE> 4
<MEAN> 39
 -5.833271e+00 -2.804367e+00 -1.480536e+00 -1.191484e+01 -1.703018e+00 -4.998602e+00 -3.443373e+00 -1.018442e+01 -2.982487e+00 -8.090299e+00 -3.046979e+00 -6.477369e+00 1.785195e+01 3.786893e-01 7.377397e-01 1.306480e-01 -1.890519e-01 5.023815e-01 -4.263722e-01 -3.976655e-01 2.723838e-01 -2.105199e-01 5.106904e-02 1.243522e-01 5.298109e-02 -1.291514e-01 1.377599e-02 -1.383603e-01 -5.469615e-02 2.076796e-01 -2.178671e-02 -2.877161e-02 1.140337e-01 -2.184391e-02 -8.815112e-02 2.820826e-02 8.475173e-02 -1.896322e-02 -1.375127e-02
<VARIANCE> 39
 1.202688e+01 1.838606e+01 1.190540e+01 2.292597e+01 3.421540e+01 3.441845e+01 3.213965e+01 2.981642e+01 4.863919e+01 3.937447e+01 3.856421e+01 4.260052e+01 1.057599e+00 3.929047e-01 9.837101e-01 5.661491e-01 1.819568e+00 1.348359e+00 1.380995e+00 1.388357e+00 1.291889e+00 1.616885e+00 1.141305e+00 1.085852e+00 1.019938e+00 1.100690e-02 6.491470e-02 9.379149e-02 8.918348e-02 1.578618e-01 1.880835e-01 2.497266e-01 1.806796e-01 2.015561e-01 2.403211e-01 1.956369e-01 1.781986e-01 1.429960e-01 1.511188e-03
<GCONST> 7.917256e+01
<TRANSP> 5
 0.000000e+00 1.000000e+00 0.000000e+00 0.000000e+00 0.000000e+00
 0.000000e+00 8.968276e-01 1.031724e-01 0.000000e+00 0.000000e+00
 0.000000e+00 0.000000e+00 9.133475e-01 8.665253e-02 0.000000e+00
 0.000000e+00 0.000000e+00 0.000000e+00 9.054143e-01 9.458568e-02
 0.000000e+00 0.000000e+00 0.000000e+00 0.000000e+00 0.000000e+00
<ENDHMM>
~h "five"
<BEGINHMM>
<NUMSTATES> 5
<STATE> 2
<MEAN> 39
 -4.299765e+00 -1.117990e+01 -9.928012e+00 -8.350234e+00 4.209750e-01 -7.999396e+00 3.471945e-01 -4.785008e+00 -5.141474e+00 -7.884794e+00 -1.699370e+00 -4.849928e+00 1.787048e+01 3.832107e-01 -1.164046e+00 -7.268071e-01 7.600821e-01 5.025766e-01 -6.478568e-01 3.189928e-01 4.140182e-01 -7.423327e-01 -2.320881e-01 -3.127619e-01 -9.985962e-03 5.673009e-01 -1.800359e-01 1.208739e-02 1.598503e-01 9.512915e-02 -7.543752e-03 9.478355e-02 3.145606e-02 -1.914672e-01 1.702176e-02 1.324866e-01 1.467938e-01 4.732318e-02 -6.652572e-02
<VARIANCE> 39
 1.114080e+01 1.970764e+01 2.371032e+01 1.650503e+01 1.880490e+01 2.081111e+01 2.493757e+01 5.088735e+01 3.216785e+01 2.773469e+01 2.483089e+01 1.982960e+01 4.563910e+00 7.742778e-01 5.660837e-01 1.150669e+00 9.132327e-01 7.869830e-01 9.822690e-01 9.762821e-01 2.282821e+00 1.712915e+00 1.708808e+00 1.352712e+00 1.023648e+00 1.218843e-01 9.788986e-02 1.350803e-01 1.839923e-01 1.222815e-01 1.351495e-01 1.469655e-01 1.544892e-01 3.044991e-01 2.735030e-01 1.951721e-01 1.804752e-01 1.399911e-01 2.937345e-02
<GCONST> 8.449653e+01
<STATE> 3
<MEAN> 39
 -5.816629e+00 -1.543505e+01 -8.515420e+00 -3.693012e+00 1.405786e+00 -9.104486e+00 2.524221e+00 -7.539929e+00 -7.216689e+00 -5.436265e+00 -4.899520e-01 -4.524287e+00 1.904283e+01 -1.648066e-01 9.241188e-02 4.910145e-01 -2.726620e-01 -2.724795e-01 4.449247e-01 6.595935e-02 -3.954358e-01 3.374296e-02 2.945466e-01 5.618619e-02 -8.084314e-02 -4.888971e-02 4.072619e-02 1.171568e-01 1.052892e-02 -1.973903e-01 -5.571193e-02 9.013439e-02 -2.950416e-02 2.782854e-02 5.812357e-02 -5.199521e-02 -7.610288e-02 -1.835128e-02 -1.535796e-02
<VARIANCE> 39
 9.160843e+00 9.433438e+00 2.492575e+01 2.090541e+01 1.880397e+01 2.333228e+01 1.755221e+01 3.935901e+01 4.752002e+01 4.448976e+01 2.690518e+01 2.550453e+01 1.370597e+00 8.945511e-02 1.609986e-01 2.721261e-01 6.652444e-01 5.090033e-01 5.652694e-01 5.051609e-01 5.022618e-01 6.205288e-01 5.889528e-01 5.810140e-01 4.774457e-01 5.916541e-03 1.181403e-02 2.464270e-02 3.063880e-02 4.871700e-02 5.148910e-02 5.224746e-02 5.765742e-02 6.525405e-02 8.811381e-02 8.544952e-02 6.773549e-02 7.078934e-02 9.369487e-04
<GCONST> 5.017949e+01
<STATE> 4
<MEAN> 39
 -5.575338e+00 -9.057940e+00 -3.813599e+00 -1.411658e+01 -3.472428e+00 -3.084670e+00 1.729096e+00 -8.227705e+00 -4.091750e+00 -5.326794e+00 -2.298098e+00 -5.637450e+00 1.826073e+01 2.090673e-01 1.209322e+00 3.785678e-01 -5.499060e-01 -3.853652e-01 -1.548880e-01 -3.379938e-01 2.439484e-01 5.387787e-01 -1.783092e-01 -2.821983e-02 -8.515330e-02 -2.588926e-01 -3.323888e-02 -4.264849e-02 -6.594718e-02 3.600489e-01 1.640920e-01 -1.528036e-01 -5.163629e-02 -2.997375e-02 -4.844355e-02 2.195766e-02 1.276648e-01 5.102813e-02 -5.196545e-02
<VARIANCE> 39
 8.082094e+00 2.366417e+01 1.233915e+01 3.013708e+01 4.218458e+01 2.165503e+01 2.509758e+01 3.622560e+01 5.113462e+01 2.807229e+01 2.687666e+01 3.052412e+01 1.785181e+00 2.229904e-01 5.086375e-01 5.688620e-01 2.754930e+00 1.438033e+00 1.570922e+00 9.703197e-01 1.349108e+00 1.687123e+00 1.336758e+00 1.277893e+00 9.536745e-01 4.584044e-02 4.737843e-02 9.972014e-02 8.052354e-02 2.249248e-01 2.300727e-01 2.519850e-01 1.709262e-01 2.235712e-01 2.191271e-01 1.830937e-01 2.040846e-01 1.695273e-01 4.101465e-03
<GCONST> 8.076839e+01
<TRANSP> 5
 0.000000e+00 1.000000e+00 0.000000e+00 0.000000e+00 0.000000e+00
 0.000000e+00 8.516924e-01 1.483077e-01 0.000000e+00 0.000000e+00
 0.000000e+00 0.000000e+00 9.140523e-01 8.594771e-02 0.000000e+00
 0.000000e+00 0.000000e+00 0.000000e+00 8.664721e-01 1.335279e-01
 0.000000e+00 0.000000e+00 0.000000e+00 0.000000e+00 0.000000e+00
<ENDHMM>
~h "four"
<BEGINHMM>
<NUMSTATES> 5
<STATE> 2
<MEAN> 39
 -6.844746e+00 -6.598641e+00 -5.513857e+00 -9.741130e+00 -1.565219e+00 -5.496917e+00 -1.159877e+00 -8.343968e+00 -2.000870e+00 -5.552391e+00 1.002907e+00 -4.259332e+00 1.532113e+01 1.533051e+00 5.234132e-01 -8.721917e-01 -8.221381e-01 -3.000774e-01 -5.262148e-01 -6.841707e-01 -1.844069e-01 2.009177e-01 2.013489e-01 -3.294271e-01 -4.779776e-01 6.294644e-01 3.573459e-01 1.280881e-01 -3.370829e-01 -3.169278e-01 -5.938092e-02 -1.258826e-02 -8.677059e-02 -2.362277e-02 3.180109e-03 5.536719e-02 -7.835892e-02 -1.295144e-01 1.455532e-01
<VARIANCE> 39
 7.130014e+00 5.325447e+00 5.483881e+00 7.721330e+00 1.002067e+01 1.239170e+01 1.454224e+01 1.373510e+01 1.607819e+01 1.347223e+01 1.600015e+01 1.213710e+01 1.679143e+00 5.460623e-01 4.286104e-01 6.195076e-01 7.519537e-01 7.016573e-01 9.066138e-01 7.521178e-01 8.164577e-01 9.898959e-01 1.063109e+00 1.509048e+00 1.198914e+00 6.302223e-02 6.471315e-02 5.358849e-02 6.044465e-02 8.264609e-02 1.007796e-01 1.527250e-01 1.207972e-01 1.531219e-01 1.405247e-01 1.603817e-01 1.984605e-01 1.876421e-01 6.743156e-03
<GCONST> 6.385758e+01
<STATE> 3
<MEAN> 39
 1.584457e+00 -3.470867e+00 -1.213212e+01 -1.704072e+01 -4.011625e+00 -6.202468e+00 -3.175210e+00 -8.959568e+00 -1.420745e+00 -3.873367e+00 4.358386e-01 -6.760520e+00 1.890487e+01 3.058655e-01 -1.831957e-01 -3.255778e-01 -4.012592e-02 7.614323e-02 -1.464762e-02 -2.199169e-01 1.731467e-01 3.528081e-01 9.518923e-02 -2.252825e-01 -2.222664e-01 1.430968e-01 -1.733595e-01 -1.533597e-01 1.488008e-01 2.344642e-01 3.941670e-02 -3.482342e-02 3.879654e-02 1.099192e-01 4.783802e-02 -8.441881e-02 -5.632621e-02 5.546748e-02 -6.746008e-02
<VARIANCE> 39
 4.153090e+00 1.026017e+01 9.721687e+00 1.372455e+01 2.450390e+01 1.712974e+01 1.849103e+01 1.713130e+01 2.358672e+01 2.473241e+01 3.804789e+01 3.742060e+01 1.095447e+00 5.311443e-01 7.268083e-01 6.887261e-01 1.215845e+00 9.762050e-01 7.747764e-01 9.076912e-01 9.527590e-01 1.312050e+00 1.176806e+00 1.348530e+00 1.241373e+00 9.448034e-02 4.931092e-02 4.570767e-02 9.555598e-02 8.023363e-02 1.354674e-01 1.428429e-01 1.554851e-01 1.403024e-01 1.811056e-01 1.918322e-01 2.008504e-01 1.862176e-01 7.167258e-03
<GCONST> 7.255800e+01
<STATE> 4
<MEAN> 39
 -4.027737e-01 -1.105801e+01 -7.623516e+00 -8.687401e+00 -5.508565e+00 -8.741211e+00 -2.168430e+00 -4.603055e+00 4.028393e-01 -7.567152e+00 -3.875666e+00 -7.386817e+00 1.849207e+01 -5.672172e-01 4.549372e-02 1.129867e+00 4.958127e-01 -4.669836e-01 5.249422e-02 6.178141e-01 -2.000853e-01 -6.553209e-01 -3.661257e-01 1.285978e-01 2.629177e-01 -2.189715e-01 -8.508769e-02 2.750976e-01 -2.049781e-02 -1.946685e-01 1.401997e-01 1.916771e-01 1.204128e-02 -2.136545e-01 -1.407659e-01 1.094071e-01 1.743249e-01 3.927346e-02 -5.085399e-02
<VARIANCE> 39
 7.248491e+00 1.544849e+01 3.004450e+01 1.961016e+01 4.612486e+01 3.934311e+01 3.493155e+01 4.063760e+01 4.602417e+01 3.537169e+01 3.462954e+01 3.193533e+01 1.590878e+00 2.346710e-01 1.589989e+00 7.529633e-01 1.636903e+00 2.322163e+00 2.179399e+00 1.658422e+00 2.550750e+00 1.825294e+00 1.698567e+00 1.791548e+00 1.101313e+00 4.649801e-02 2.954366e-02 1.073277e-01 1.955478e-01 1.788537e-01 4.288014e-01 3.093213e-01 3.507809e-01 3.481285e-01 3.755902e-01 2.820222e-01 3.045688e-01 2.164102e-01 3.208944e-03
<GCONST> 8.949750e+01
<TRANSP> 5
 0.000000e+00 1.000000e+00 0.000000e+00 0.000000e+00 0.000000e+00
 0.000000e+00 7.076076e-01 2.923924e-01 0.000000e+00 0.000000e+00
 0.000000e+00 0.000000e+00 9.187535e-01 8.124650e-02 0.000000e+00
 0.000000e+00 0.000000e+00 0.000000e+00 8.785103e-01 1.214897e-01
 0.000000e+00 0.000000e+00 0.000000e+00 0.000000e+00 0.000000e+00
<ENDHMM>
~h "zero"
<BEGINHMM>
<NUMSTATES> 5
<STATE> 2
<MEAN> 39
 -6.687140e+00 -2.001335e+00 -4.471971e+00 -7.652690e+00 -2.337197e+00 -4.778395e+00 -2.468630e+00 -8.898123e+00 -3.553994e+00 -4.429703e+00 2.577270e-01 -4.565358e+00 1.555513e+01 2.314930e-01 9.547823e-01 8.385593e-01 -9.446466e-01 -7.071096e-01 -1.183240e+00 -5.322422e-01 -4.971617e-01 2.739218e-01 2.747793e-01 -1.047787e-01 -2.099390e-01 4.241240e-01 2.344349e-02 7.777581e-02 1.511955e-01 -3.040947e-01 -1.442244e-01 -1.925937e-01 -7.117088e-03 -1.708330e-02 1.412045e-01 5.835571e-03 1.494505e-02 -7.537186e-02 7.651555e-02
<VARIANCE> 39
 7.321165e+00 1.150659e+01 1.610592e+01 1.429005e+01 2.098866e+01 2.194388e+01 1.918538e+01 2.031107e+01 2.892342e+01 2.441392e+01 2.226194e+01 2.000127e+01 1.498055e+00 3.893951e-01 5.092133e-01 8.926764e-01 1.143419e+00 8.778476e-01 1.517788e+00 9.608088e-01 1.216608e+00 1.344228e+00 9.673087e-01 1.174361e+00 1.471403e+00 7.077808e-02 5.643300e-02 1.048436e-01 1.389127e-01 1.149601e-01 1.307152e-01 2.129440e-01 1.494540e-01 1.935119e-01 1.708016e-01 1.511663e-01 1.786430e-01 1.713530e-01 8.405100e-03
<GCONST> 7.540324e+01
<STATE> 3
<MEAN> 39
 -5.532072e+00 1.116471e-01 1.008608e+00 -1.691990e+01 -8.104222e+00 -9.029718e+00 -4.524821e+00 -8.474286e+00 2.094952e-01 -3.762810e+00 1.649765e-01 -6.831082e+00 1.842911e+01 3.455940e-01 -7.712640e-01 4.137891e-01 -1.099457e-01 -1.085436e+00 2.581537e-01 2.439165e-01 1.870613e-01 3.068277e-01 -8.306217e-02 3.936754e-02 -1.147717e-01 1.598768e-01 5.075081e-02 -2.580034e-01 -1.774718e-01 3.649112e-01 2.761261e-02 1.189579e-01 1.929860e-01 6.085748e-02 -9.106069e-02 -4.203523e-02 -1.358507e-02 7.166971e-02 -6.304614e-02
<VARIANCE> 39
 7.457320e+00 2.209821e+01 1.731389e+01 2.668405e+01 6.096806e+01 4.206027e+01 3.217590e+01 4.425872e+01 3.093947e+01 2.998281e+01 3.413925e+01 5.066698e+01 1.078500e+00 4.408702e-01 1.594753e+00 8.188762e-01 2.666760e+00 1.725757e+00 2.508805e+00 1.731736e+00 1.445790e+00 1.336654e+00 1.161417e+00 1.094454e+00 1.307998e+00 6.134509e-02 5.063507e-02 1.169602e-01 1.247773e-01 1.814173e-01 2.514215e-01 4.153426e-01 2.239090e-01 2.464949e-01 2.107220e-01 1.729797e-01 1.709523e-01 2.154119e-01 4.578576e-03
<GCONST> 8.713834e+01
<STATE> 4
<MEAN> 39
 -1.535944e+00 -1.018231e+01 -4.692822e+00 -9.874799e+00 -9.259631e+00 -8.249412e+00 2.619791e-01 -4.162800e+00 -1.618892e-01 -6.703946e+00 -1.048643e+00 -5.775814e+00 1.849605e+01 4.293742e-02 7.146494e-02 -4.577706e-01 1.598046e-01 6.718327e-01 -1.273728e-01 -3.048165e-02 1.312211e-01 -1.091430e-01 -1.203705e-01 -7.621426e-02 3.709459e-03 -7.399846e-02 -6.918509e-02 1.213175e-01 6.979488e-02 -7.401890e-02 8.383067e-02 6.528517e-02 -7.626810e-02 -7.898595e-02 -2.649299e-02 2.865316e-02 2.364715e-02 -9.482175e-04 -2.144474e-02
<VARIANCE> 39
 6.347094e+00 1.922920e+01 2.604744e+01 2.596902e+01 6.146794e+01 5.225920e+01 3.727396e+01 3.586306e+01 4.413683e+01 3.544329e+01 2.544784e+01 3.283336e+01 1.516971e+00 2.327169e-01 8.140067e-01 7.392235e-01 9.798784e-01 1.198302e+00 1.670051e+00 1.495497e+00 1.842279e+00 1.601018e+00 1.432167e+00 1.034603e+00 9.256634e-01 2.269764e-02 2.580429e-02 4.141860e-02 7.736477e-02 1.142377e-01 1.860599e-01 2.290489e-01 1.981564e-01 1.959432e-01 2.214701e-01 1.933573e-01 1.513641e-01 1.394419e-01 2.199872e-03
<GCONST> 7.839105e+01
<TRANSP> 5
 0.000000e+00 1.000000e+00 0.000000e+00 0.000000e+00 0.000000e+00
 0.000000e+00 7.786466e-01 2.213534e-01 0.000000e+00 0.000000e+00
 0.000000e+00 0.000000e+00 8.938577e-01 1.061424e-01 0.000000e+00
 0.000000e+00 0.000000e+00 0.000000e+00 9.430339e-01 5.696617e-02
 0.000000e+00 0.000000e+00 0.000000e+00 0.000000e+00 0.000000e+00
<ENDHMM>
