~o
<STREAMINFO> 1 39
<VECSIZE> 39<NULLD><MFCC_E_D_A><DIAGC>
~s "silst"
<MEAN> 39
 -6.686224e+00 -4.864967e+00 -4.134470e+00 -8.622877e+00 -4.088823e-01 -4.159477e+00 -5.788113e-01 -8.816674e+00 -2.864201e+00 -5.942514e+00 4.237570e-01 -4.753994e+00 1.510586e+01 -6.597747e-01 -5.560101e-01 -5.884394e-01 -7.382274e-02 8.409168e-02 4.762013e-01 3.139508e-01 1.944492e-01 1.805038e-01 1.250752e-01 2.683712e-01 3.185031e-01 -3.013486e-01 9.727848e-02 3.674515e-02 -1.492034e-02 -1.258805e-01 -1.481280e-01 -1.941731e-01 -1.115211e-01 -8.522552e-03 -1.207373e-02 -1.699483e-02 -5.892028e-02 -4.984711e-02 7.269862e-02
<VARIANCE> 39
 9.276849e+00 8.335925e+00 1.160481e+01 1.131513e+01 1.615092e+01 1.671684e+01 1.849000e+01 1.949265e+01 2.130176e+01 2.002365e+01 1.929037e+01 1.678293e+01 1.164459e+00 3.431459e-01 4.544361e-01 6.396143e-01 6.735226e-01 9.514018e-01 1.143274e+00 1.052719e+00 1.069393e+00 1.194885e+00 1.134257e+00 1.129522e+00 9.439584e-01 4.613745e-02 5.594560e-02 8.664737e-02 1.037184e-01 1.063170e-01 1.418386e-01 1.700684e-01 1.661465e-01 1.770478e-01 1.883898e-01 1.669739e-01 1.617474e-01 1.364242e-01 5.856099e-03
<GCONST> 6.966992e+01
~h "eight"
<BEGINHMM>
<NUMSTATES> 5
<STATE> 2
<MEAN> 39
 -8.237463e+00 -2.259073e+00 -5.963148e+00 -1.855932e+01 -7.750994e-02 -5.503653e+00 8.609982e-01 -6.426119e+00 -1.253909e+00 -7.183721e+00 -1.553066e+00 -5.725344e+00 1.749335e+01 -1.460175e-01 1.011961e+00 -5.608043e-02 -8.871176e-01 -9.297768e-02 -7.109205e-01 8.872158e-03 3.727404e-01 3.781610e-01 9.709659e-02 -9.269373e-02 -2.050860e-01 2.985562e-01 2.842163e-02 6.302630e-02 1.413700e-02 1.550797e-01 -5.157376e-02 -1.697492e-01 -8.472972e-02 -5.217884e-02 6.659788e-03 8.365593e-02 1.065775e-01 1.252149e-02 -1.904343e-02
<VARIANCE> 39
 7.955662e+00 2.274178e+01 2.031853e+01 3.213681e+01 4.023849e+01 2.304583e+01 2.765940e+01 2.336619e+01 3.121945e+01 2.215840e+01 2.300488e+01 2.429637e+01 3.208766e+00 3.222739e-01 6.992763e-01 6.327829e-01 1.376639e+00 1.180470e+00 1.369261e+00 1.400175e+00 9.898848e-01 1.307154e+00 1.173866e+00 1.161290e+00 9.382219e-01 1.036105e-01 3.911582e-02 8.143989e-02 7.641640e-02 1.891487e-01 1.360054e-01 1.579763e-01 1.436680e-01 1.687161e-01 2.255518e-01 1.538259e-01 1.628005e-01 1.448651e-01 1.239687e-02
<GCONST> 7.907224e+01
<STATE> 3
<MEAN> 39
 -8.014859e+00 5.909094e+00 -4.936918e+00 -1.673443e+01 -2.444298e+00 -1.481610e+01 -3.060424e+00 -8.475848e+00 -1.161171e+00 -4.120400e+00 1.283899e+00 -5.221546e+00 1.815817e+01 2.125981e-01 -3.728392e-01 1.984201e-01 1.016325e+00 1.661352e-01 -3.947116e-03 -4.025941e-01 -7.628723e-01 -6.060930e-01 -5.782369e-02 2.020906e-01 2.011095e-01 -2.289819e-01 2.076533e-02 -3.679118e-01 -2.569829e-02 6.926610e-02 5.117303e-02 3.967600e-01 1.273754e-01 5.193046e-02 -4.272687e-02 -1.194812e-01 -8.754963e-02 1.089872e-03 -6.792286e-02
<VARIANCE> 39
 9.331435e+00 1.200953e+01 2.180643e+01 3.148177e+01 1.939421e+01 2.294074e+01 5.240383e+01 3.379243e+01 4.350373e+01 2.694951e+01 3.204467e+01 2.770601e+01 1.844837e+00 2.541113e-01 1.693199e+00 3.752530e-01 7.165229e-01 7.776245e-01 2.225761e+00 1.153967e+00 1.023082e+00 1.685589e+00 1.167943e+00 1.381721e+00 9.892399e-01 5.982633e-02 3.459886e-02 7.963783e-02 5.495217e-02 1.182559e-01 9.097256e-02 1.618287e-01 1.621403e-01 2.051578e-01 2.740223e-01 1.662018e-01 1.957442e-01 1.701986e-01 3.590902e-03
<GCONST> 7.703205e+01
<STATE> 4
<MEAN> 39
 -6.657290e+00 -4.953526e+00 -4.552152e+00 -1.027498e+01 -6.877023e-01 -6.101179e+00 -2.171216e+00 -1.029553e+01 -3.920324e+00 -6.370238e+00 6.016287e-01 -4.226660e+00 1.504187e+01 -1.132144e-01 -1.564778e+00 -3.311998e-01 4.268423e-01 -1.631450e-02 1.409041e+00 7.059726e-01 5.550700e-01 3.294284e-01 -7.263958e-03 8.905298e-02 1.246758e-01 -3.924795e-01 -8.605204e-02 4.165714e-01 -3.740539e-02 -1.947995e-01 -7.587554e-02 -3.600382e-01 -2.992457e-02 3.789344e-02 8.326733e-02 1.179515e-01 4.684251e-02 -3.078404e-02 9.848570e-02
<VARIANCE> 39
 4.954842e+00 1.076851e+01 1.103108e+01 1.063923e+01 1.213987e+01 1.923579e+01 2.156696e+01 1.963934e+01 2.192740e+01 1.875210e+01 1.853812e+01 1.413562e+01 1.431531e+00 2.772024e-01 8.774126e-01 6.235316e-01 8.545352e-01 5.447435e-01 1.409460e+00 1.476000e+00 1.055016e+00 1.754947e+00 1.206215e+00 1.031073e+00 9.497616e-01 4.757230e-02 4.015015e-02 9.201197e-02 8.712231e-02 1.220135e-01 9.168094e-02 1.917959e-01 2.395920e-01 1.959583e-01 2.327187e-01 1.705710e-01 1.794524e-01 1.482279e-01 4.594699e-03
<GCONST> 7.020586e+01
<TRANSP> 5
 0.000000e+00 1.000000e+00 0.000000e+00 0.000000e+00 0.000000e+00
 0.000000e+00 8.870155e-01 1.129846e-01 0.000000e+00 0.000000e+00
 0.000000e+00 0.000000e+00 8.873475e-01 1.126525e-01 0.000000e+00
 0.000000e+00 0.000000e+00 0.000000e+00 7.579997e-01 2.420003e-01
 0.000000e+00 0.000000e+00 0.000000e+00 0.000000e+00 0.000000e+00
<ENDHMM>
~h "oh"
<BEGINHMM>
<NUMSTATES> 5
<STATE> 2
<MEAN> 39
 -4.548912e+00 -1.029495e+01 -8.349432e+00 -8.579882e+00 -2.455068e+00 -7.562763e+00 3.438590e+00 -7.408754e+00 -5.167134e+00 -7.061682e+00 -2.308656e+00 -5.188393e+00 1.768678e+01 5.553007e-01 -2.254255e-01 -6.035960e-01 1.563934e-01 6.397122e-02 -7.056605e-01 1.662381e-01 7.028689e-01 -2.255676e-02 -4.249910e-01 -4.308659e-01 -1.464094e-01 3.724456e-01 1.889149e-02 9.381899e-02 -6.638095e-03 -4.991942e-02 3.166796e-02 -1.955673e-02 -1.384548e-01 1.811907e-02 1.296794e-01 2.040516e-02 -1.728591e-02 -3.486508e-02 -1.458230e-02
<VARIANCE> 39
 8.796573e+00 1.245943e+01 1.629543e+01 1.709895e+01 2.204224e+01 2.437669e+01 3.004886e+01 6.322504e+01 3.758520e+01 3.331832e+01 2.697678e+01 2.998327e+01 3.266146e+00 3.081391e-01 5.776604e-01 6.542320e-01 6.563430e-01 7.263310e-01 9.390947e-01 1.323726e+00 1.825018e+00 1.553285e+00 1.305448e+00 1.248023e+00 1.067957e+00 9.436841e-02 4.215400e-02 6.690931e-02 7.941609e-02 8.232065e-02 9.404074e-02 1.317281e-01 1.594185e-01 2.174794e-01 1.895231e-01 2.017066e-01 1.857196e-01 1.428253e-01 1.460840e-02
<GCONST> 7.763985e+01
<STATE> 3
<MEAN> 39
 -4.571381e-01 -8.004939e+00 -1.321586e+01 -1.025994e+01 -7.856349e-01 -1.216710e+01 -1.098281e+00 -9.679098e-01 3.505157e-01 -7.881365e+00 -5.059278e+00 -6.778756e+00 1.905240e+01 2.149040e-01 4.083132e-01 8.712343e-03 -3.449262e-01 -6.155292e-02 1.070217e-02 -6.708787e-01 -3.049905e-01 6.227806e-01 6.174026e-01 3.498956e-02 -3.371944e-01 -1.374472e-02 -4.606788e-02 2.070572e-02 1.036078e-01 -1.136723e-02 -5.442419e-02 9.169284e-02 2.319019e-02 -1.487928e-01 -9.426165e-02 7.655726e-02 1.199918e-01 2.378659e-02 -2.634407e-02
<VARIANCE> 39
 6.102251e+00 9.299457e+00 1.490754e+01 1.587008e+01 1.935582e+01 2.253833e+01 4.351683e+01 2.947867e+01 3.994318e+01 3.758649e+01 3.194127e+01 3.953813e+01 1.196990e+00 8.449302e-02 1.440337e-01 2.902475e-01 2.958190e-01 3.941766e-01 5.329830e-01 7.107115e-01 1.054254e+00 7.653912e-01 8.638757e-01 8.686362e-01 6.949752e-01 1.334294e-02 1.166604e-02 1.510805e-02 3.420872e-02 3.559168e-02 4.746575e-02 7.015786e-02 8.236922e-02 9.872349e-02 1.083510e-01 1.047563e-01 9.540717e-02 9.161956e-02 1.211120e-03
<GCONST> 5.329870e+01
<STATE> 4
<MEAN> 39
 -1.835701e-01 -3.445881e+00 -8.633587e+00 -1.291510e+01 -3.856199e+00 -9.857913e+00 -4.611329e+00 -7.962879e+00 -6.902479e-02 -3.128219e+00 4.673143e-02 -6.800917e+00 1.826390e+01 -5.046050e-01 1.842947e-01 8.338019e-01 2.707554e-01 -2.838872e-02 5.443062e-01 3.404694e-01 -5.026223e-01 -5.965093e-01 -2.045543e-01 4.432459e-01 4.747074e-01 -2.895038e-01 -1.375585e-01 -1.336408e-01 -1.654041e-02 1.098952e-01 1.288937e-01 1.066189e-01 1.682197e-01 1.063427e-01 -5.143923e-02 -1.327954e-01 -7.995603e-02 6.486871e-02 -4.559653e-02
<VARIANCE> 39
 6.848373e+00 7.165060e+00 2.176480e+01 1.695021e+01 1.894793e+01 2.598897e+01 3.083037e+01 2.810919e+01 3.299483e+01 4.214088e+01 4.044752e+01 3.739391e+01 1.747095e+00 3.168520e-01 4.304450e-01 4.807232e-01 6.191947e-01 8.936006e-01 1.204867e+00 1.274563e+00 1.303901e+00 1.272630e+00 1.241057e+00 1.269780e+00 1.143281e+00 4.310564e-02 2.607359e-02 4.210942e-02 8.767001e-02 8.059733e-02 1.025098e-01 1.669446e-01 1.780021e-01 2.057495e-01 2.202734e-01 2.119824e-01 1.785033e-01 1.653712e-01 3.094065e-03
<GCONST> 7.311847e+01
<TRANSP> 5
 0.000000e+00 1.000000e+00 0.000000e+00 0.000000e+00 0.000000e+00
 0.000000e+00 8.830472e-01 1.169529e-01 0.000000e+00 0.000000e+00
 0.000000e+00 0.000000e+00 8.996543e-01 1.003457e-01 0.000000e+00
 0.000000e+00 0.000000e+00 0.000000e+00 8.655177e-01 1.344823e-01
 0.000000e+00 0.000000e+00 0.000000e+00 0.000000e+00 0.000000e+00
<ENDHMM>
~h "sp"
<BEGINHMM>
<NUMSTATES> 5
<STATE> 2
~s "silst"
<STATE> 3
<MEAN> 39
 -7.555647e+00 -6.507551e+00 -6.146188e+00 -9.792843e+00 -1.322903e+00 -4.156720e+00 -6.966041e-01 -8.623463e+00 -2.902231e+00 -5.642132e+00 9.329672e-01 -4.072438e+00 1.482599e+01 -5.256277e-02 1.196928e-02 -7.049748e-02 1.121423e-02 -1.250667e-02 6.097458e-03 -2.983405e-02 6.683193e-03 -1.938122e-02 9.378952e-03 3.398056e-02 2.538887e-02 -6.087755e-03 3.744845e-02 6.019279e-02 4.745679e-02 1.180000e-03 1.041651e-03 -2.925739e-02 -2.139334e-02 -8.268601e-03 -2.648822e-03 -1.367391e-02 -2.353232e-02 -2.466668e-02 3.324908e-02
<VARIANCE> 39
 5.189406e+00 5.770786e+00 8.027758e+00 9.966781e+00 1.364737e+01 1.526587e+01 1.511472e+01 1.674722e+01 1.765682e+01 1.601401e+01 1.615508e+01 1.394000e+01 1.147134e+00 1.247774e-01 1.988043e-01 3.148518e-01 4.110118e-01 5.386063e-01 6.733235e-01 6.339715e-01 6.993198e-01 7.209172e-01 6.321883e-01 6.414312e-01 5.643519e-01 4.334914e-03 2.583036e-02 4.511439e-02 6.389946e-02 8.720003e-02 1.080190e-01 1.354150e-01 1.223837e-01 1.402552e-01 1.423039e-01 1.147315e-01 1.199387e-01 1.124485e-01 3.288601e-03
<GCONST> 5.234581e+01
<STATE> 4
<MEAN> 39
 -7.815926e+00 -5.491519e+00 -5.822788e+00 -9.412252e+00 -1.591281e+00 -4.443721e+00 -1.020625e+00 -8.495561e+00 -2.946681e+00 -5.684899e+00 7.435806e-01 -4.197987e+00 1.509871e+01 7.010764e-02 2.073079e-01 1.438346e-02 -1.076782e-01 -3.715255e-02 -1.138907e-01 -1.796105e-02 5.497539e-02 -1.636424e-02 -5.633207e-02 -1.178763e-01 -2.425683e-02 1.470711e-01 1.821831e-01 6.578707e-02 3.170038e-02 -1.439598e-01 -9.273216e-02 -1.527885e-01 -2.408306e-02 3.733914e-03 1.756212e-02 -1.669439e-02 -1.088389e-01 -7.742615e-02 1.081268e-01
<VARIANCE> 39
 9.905560e+00 8.543414e+00 1.338604e+01 1.258523e+01 1.651817e+01 1.728352e+01 1.747106e+01 1.963199e+01 1.946069e+01 1.930153e+01 1.863498e+01 1.775824e+01 1.579081e+00 4.069224e-01 3.981640e-01 4.885041e-01 6.593347e-01 7.046441e-01 7.409574e-01 7.551252e-01 9.470386e-01 9.349818e-01 7.504190e-01 8.230695e-01 6.876124e-01 2.749051e-02 6.244526e-02 9.256680e-02 1.277793e-01 1.256281e-01 1.557074e-01 1.667541e-01 1.531671e-01 2.034400e-01 1.828263e-01 1.633802e-01 1.686009e-01 1.435744e-01 7.804179e-03
<GCONST> 6.797588e+01
<TRANSP> 5
 0.000000e+00 7.506965e-01 2.493035e-01 0.000000e+00 0.000000e+00
 0.000000e+00 7.471273e-01 2.528727e-01 0.000000e+00 0.000000e+00
 0.000000e+00 0.000000e+00 8.146867e-01 1.853133e-01 0.000000e+00
 0.000000e+00 0.000000e+00 0.000000e+00 4.691219e-01 5.308781e-01
 0.000000e+00 0.000000e+00 0.000000e+00 0.000000e+00 0.000000e+00
<ENDHMM>
~h "seven"
<BEGINHMM>
<NUMSTATES> 5
<STATE> 2
<MEAN> 39
 -9.288117e+00 -3.951658e+00 -7.830534e+00 -8.175265e+00 -2.991355e+00 -3.251365e+00 -1.260451e+00 -7.898732e+00 -2.707051e+00 -4.876577e+00 -8.749662e-02 -3.563704e+00 1.503720e+01 7.222545e-01 1.366606e-01 6.119663e-01 -1.020606e+00 -7.678604e-01 -7.418810e-01 6.421429e-01 -1.402973e-01 2.843076e-01 7.901291e-02 -5.843563e-01 -4.495828e-01 5.051758e-01 1.287111e-01 -7.595204e-02 7.633494e-02 -3.227239e-01 -2.301462e-01 -7.981477e-02 2.707206e-01 4.339084e-02 2.876877e-02 -4.694252e-02 -1.627400e-01 -1.752948e-01 1.478991e-01
<VARIANCE> 39
 9.580787e+00 1.052557e+01 1.585748e+01 1.402429e+01 1.680657e+01 1.653377e+01 1.780234e+01 1.773653e+01 1.886326e+01 1.912373e+01 1.801702e+01 1.562490e+01 1.340564e+00 5.056912e-01 4.115605e-01 6.249795e-01 1.090392e+00 1.200093e+00 1.454940e+00 1.212878e+00 9.908313e-01 1.061216e+00 1.914292e+00 1.011092e+00 1.063592e+00 1.155880e-01 6.878512e-02 6.053336e-02 1.103504e-01 1.145169e-01 1.922330e-01 2.078161e-01 1.546567e-01 1.596749e-01 1.824716e-01 2.047444e-01 1.491128e-01 1.689901e-01 8.540655e-03
<GCONST> 7.380569e+01
<STATE> 3
<MEAN> 39
 -5.587429e+00 -7.193428e+00 -5.195879e+00 -1.599979e+01 -6.291630e+00 -4.733608e+00 4.842657e+00 -8.625648e+00 -2.671428e+00 -6.791394e+00 -4.016994e+00 -6.517703e+00 1.897090e+01 1.772521e-01 -2.841074e-01 1.021801e-01 4.505075e-02 -5.157076e-02 -7.949401e-02 2.581902e-01 2.600096e-01 -3.097175e-01 -3.846947e-02 -6.020010e-02 -1.013599e-01 1.222764e-01 -3.808409e-02 8.126294e-02 1.420395e-02 3.008808e-01 1.516065e-01 -3.786976e-02 -2.610199e-01 4.796655e-02 -2.468655e-02 1.814919e-02 1.845375e-01 6.578387e-02 -1.297071e-01
<VARIANCE> 39
 9.572641e+00 1.277383e+01 9.277634e+00 1.782859e+01 4.638921e+01 3.926178e+01 3.158206e+01 3.825658e+01 4.665419e+01 5.908913e+01 3.259255e+01 3.186651e+01 1.247834e+00 4.315636e-01 5.793760e-01 4.886821e-01 1.510955e+00 1.644986e+00 1.647404e+00 1.735400e+00 1.084737e+00 1.333611e+00 1.768440e+00 1.787572e+00 1.303874e+00 2.031178e-01 8.248837e-02 8.909460e-02 9.539923e-02 1.099344e-01 2.561962e-01 2.731488e-01 1.762988e-01 1.598297e-01 2.006130e-01 2.423932e-01 2.277669e-01 1.860234e-01 5.903099e-03
<GCONST> 8.431866e+01
<STATE> 4
<MEAN> 39
 -3.169766e+00 -3.893668e+00 -1.906578e+00 -9.670755e+00 -3.822356e+00 -8.169721e+00 -8.698236e-01 -8.311359e+00 -4.295243e+00 -6.927561e+00 -1.804891e+00 -7.102297e+00 1.720287e+01 6.664088e-02 3.068183e-01 1.825049e-01 2.420909e-01 3.698179e-01 4.181339e-02 -3.771976e-01 -3.108386e-01 4.908828e-02 -5.169825e-02 1.151082e-01 2.584515e-02 -1.078604e-01 -5.437416e-02 -7.376096e-02 -6.543766e-02 -8.105745e-02 -5.786010e-03 1.112898e-01 1.102286e-01 -1.721208e-02 2.724909e-02 2.278643e-02 -3.714940e-02 2.983600e-02 1.258945e-02
<VARIANCE> 39
 4.924675e+00 1.082797e+01 1.007717e+01 1.390785e+01 2.813780e+01 3.112214e+01 2.652644e+01 4.271800e+01 3.324000e+01 3.750459e+01 3.390784e+01 2.966432e+01 1.524967e+00 2.219415e-01 4.759439e-01 5.160133e-01 8.855779e-01 1.369323e+00 1.284172e+00 1.658821e+00 1.341247e+00 1.414683e+00 1.415066e+00 1.299767e+00 9.713579e-01 9.250221e-02 3.734479e-02 8.035690e-02 8.918315e-02 1.511360e-01 2.437359e-01 2.104159e-01 2.847385e-01 2.380016e-01 2.371247e-01 2.433717e-01 2.227392e-01 1.486126e-01 1.509403e-02
<GCONST> 7.951637e+01
<TRANSP> 5
 0.000000e+00 1.000000e+00 0.000000e+00 0.000000e+00 0.000000e+00
 0.000000e+00 7.596496e-01 2.403504e-01 0.000000e+00 0.000000e+00
 0.000000e+00 0.000000e+00 8.993207e-01 1.006792e-01 0.000000e+00
 0.000000e+00 0.000000e+00 0.000000e+00 9.331088e-01 6.689124e-02
 0.000000e+00 0.000000e+00 0.000000e+00 0.000000e+00 0.000000e+00
<ENDHMM>
~h "three"
<BEGINHMM>
<NUMSTATES> 5
<STATE> 2
<MEAN> 39
 -7.696264e+00 -5.651316e+00 -3.988004e+00 -1.041267e+01 -1.287370e+00 -5.642518e+00 -8.892117e-01 -8.265486e+00 -2.629451e+00 -5.526390e+00 8.780289e-01 -3.790951e+00 1.517375e+01 8.750900e-01 4.798363e-02 9.578458e-01 1.152194e-01 -1.371518e+00 -9.639283e-01 -3.930646e-01 -8.642892e-02 1.002650e-01 -4.464722e-02 -1.746747e-01 -2.858150e-01 4.258526e-01 2.640234e-01 -9.492026e-02 1.720657e-01 5.771407e-02 -5.080155e-01 -2.448482e-01 -4.402637e-02 -3.522276e-02 7.615673e-02 3.857660e-02 -3.014329e-02 -7.621639e-02 9.668028e-02
<VARIANCE> 39
 7.374695e+00 7.985464e+00 1.153540e+01 1.344094e+01 1.796199e+01 1.968475e+01 1.820333e+01 2.012786e+01 2.109094e+01 1.819039e+01 2.120096e+01 1.455960e+01 1.426047e+00 5.797357e-01 6.249880e-01 5.777375e-01 1.163125e+00 1.599189e+00 1.814248e+00 8.898102e-01 1.204345e+00 1.243007e+00 9.712443e-01 1.423703e+00 1.143182e+00 5.094355e-02 7.333079e-02 1.047149e-01 1.087731e-01 2.033832e-01 1.740666e-01 2.647176e-01 1.688979e-01 2.236527e-01 2.021255e-01 1.684094e-01 2.259343e-01 1.907333e-01 5.133662e-03
<GCONST> 7.519488e+01
<STATE> 3
<MEAN> 39
 -2.459420e+00 -6.877665e+00 2.604847e+00 -1.146705e+01 -1.402268e+01 -9.321076e+00 -3.133569e+00 -9.420218e+00 1.198644e-01 -5.085104e+00 1.462978e-01 -5.800794e+00 1.829914e+01 -1.299672e-01 4.533053e-01 6.770073e-01 -1.114921e+00 -3.166615e-01 3.878459e-01 -8.396935e-01 1.278031e-01 3.178072e-01 -2.923362e-02 7.991816e-02 -1.644266e-01 2.220844e-01 -2.224267e-01 2.314127e-01 -2.068320e-01 -1.511704e-01 5.543399e-01 4.405911e-02 -6.537273e-02 1.199193e-01 -1.188928e-01 -2.317013e-02 2.154281e-02 4.283632e-02 -7.049862e-02
<VARIANCE> 39
 6.423485e+00 1.447126e+01 1.990780e+01 5.065844e+01 4.087503e+01 6.213837e+01 3.589580e+01 3.861441e+01 3.036626e+01 2.843705e+01 3.708614e+01 3.393423e+01 1.376820e+00 8.901962e-01 1.481640e+00 9.326885e-01 2.657970e+00 4.893120e+00 3.241766e+00 2.250402e+00 1.976190e+00 1.263510e+00 1.085825e+00 1.111482e+00 1.131354e+00 6.555779e-02 6.737865e-02 1.231979e-01 1.789323e-01 3.950247e-01 3.642245e-01 6.967909e-01 3.832203e-01 2.767727e-01 2.434265e-01 1.750304e-01 1.675702e-01 1.630087e-01 3.748248e-03
<GCONST> 9.228119e+01
<STATE> 4
<MEAN> 39
 -6.515330e+00 3.279688e+00 -8.874733e-01 -1.672883e+01 -2.213075e+00 -1.145775e+01 -6.315201e+00 -8.018401e+00 -3.118957e+00 -5.410205e+00 -3.799049e-01 -6.493426e+00 1.791321e+01 1.113673e-03 7.337514e-02 -6.158301e-01 7.333571e-01 7.180149e-01 -1.760314e-01 5.461038e-01 -1.007661e-01 -3.521166e-01 -1.100865e-02 -8.847692e-02 3.497724e-02 -1.837594e-01 5.688209e-02 -2.817389e-01 1.275555e-02 1.659176e-01 -2.053348e-01 1.903922e-01 1.611407e-01 -5.948506e-02 9.206820e-02 8.384851e-03 2.668526e-02 2.533578e-02 -3.074132e-02
<VARIANCE> 39
 8.040947e+00 1.690816e+01 1.952572e+01 3.445261e+01 2.663457e+01 2.906140e+01 4.882615e+01 4.758736e+01 3.353524e+01 3.981268e+01 4.200679e+01 3.717833e+01 1.575557e+00 3.104866e-01 1.813808e+00 6.784370e-01 1.064228e+00 1.814611e+00 2.479269e+00 1.464602e+00 1.680672e+00 1.368502e+00 1.285372e+00 9.709867e-01 9.491737e-01 3.244782e-02 4.669058e-02 9.415130e-02 9.309401e-02 2.206443e-01 1.856644e-01 2.279134e-01 2.679648e-01 2.454066e-01 1.844765e-01 1.721998e-01 1.448597e-01 1.372361e-01 2.412817e-03
<GCONST> 8.247691e+01
<TRANSP> 5
 0.000000e+00 1.000000e+00 0.000000e+00 0.000000e+00 0.000000e+00
 0.000000e+00 7.594227e-01 2.405774e-01 0.000000e+00 0.000000e+00
 0.000000e+00 0.000000e+00 8.894938e-01 1.105062e-01 0.000000e+00
 0.000000e+00 0.000000e+00 0.000000e+00 9.164400e-01 8.356008e-02
 0.000000e+00 0.000000e+00 0.000000e+00 0.000000e+00 0.000000e+00
<ENDHMM>
~h "one"
<BEGINHMM>
<NUMSTATES> 5
<STATE> 2
<MEAN> 39
 -6.033848e-01 -3.801537e+00 -9.245214e+00 -1.278362e+01 -1.612939e+00 -5.529529e+00 -2.017085e+00 -8.857785e+00 -2.714770e+00 -6.736453e+00 -1.539989e+00 -7.267321e+00 1.772132e+01 2.964864e-01 -3.997416e-01 -8.766717e-01 4.516327e-01 4.869213e-01 3.105892e-02 -3.070022e-01 2.194382e-01 1.978945e-01 -3.116063e-01 -3.937361e-01 -2.683066e-01 2.457619e-01 -1.178024e-01 -1.456475e-01 5.471468e-02 2.645420e-01 6.294124e-03 -1.195109e-01 -1.159426e-02 9.337597e-02 -9.978766e-03 -9.183985e-02 7.839583e-03 8.175958e-02 -2.095132e-02
<VARIANCE> 39
 7.627666e+00 9.299497e+00 2.929138e+01 2.304062e+01 2.859556e+01 2.542059e+01 2.287272e+01 2.063399e+01 2.842381e+01 2.384805e+01 2.958402e+01 2.877086e+01 2.301810e+00 4.777280e-01 8.206133e-01 8.774542e-01 2.275328e+00 1.389627e+00 1.467679e+00 1.275501e+00 1.077316e+00 1.147273e+00 1.036953e+00 1.111698e+00 1.054556e+00 4.906259e-02 4.574076e-02 6.234635e-02 1.924161e-01 2.187252e-01 2.654546e-01 2.507481e-01 2.393459e-01 1.819398e-01 2.010619e-01 1.686310e-01 1.909920e-01 1.845623e-01 5.062304e-03
<GCONST> 8.051515e+01
<STATE> 3
<MEAN> 39
 -2.463389e+00 -1.071373e+01 -1.066258e+01 -1.720797e+00 -7.339988e-01 -9.441016e+00 -2.149619e+00 -4.356734e+00 -3.731562e+00 -1.163791e+01 -2.283494e+00 -6.153653e+00 1.853217e+01 -5.977171e-01 -3.237849e-01 1.360472e+00 4.857700e-01 -1.334090e+00 -2.643696e-01 1.156296e+00 -1.604253e-01 -8.859544e-01 -3.016338e-02 5.609310e-01 8.615310e-02 -5.285086e-02 3.073193e-02 3.172175e-01 2.338799e-01 -5.754772e-01 -9.805191e-02 3.659291e-01 5.524413e-02 -4.245796e-01 2.435614e-02 3.631828e-01 2.746311e-02 -1.624652e-01 -2.939598e-02
<VARIANCE> 39
 6.294331e+00 9.750671e+00 1.947100e+01 2.360263e+01 2.824591e+01 1.749951e+01 3.886574e+01 3.221677e+01 4.627164e+01 3.789357e+01 3.399938e+01 3.365984e+01 1.534726e+00 1.591104e-01 5.600404e-01 6.159562e-01 1.919169e+00 7.488382e-01 1.794529e+00 1.018637e+00 2.296144e+00 1.219536e+00 1.912772e+00 1.038561e+00 1.290157e+00 8.659440e-03 2.486871e-02 5.242480e-02 1.044434e-01 1.220881e-01 3.058904e-01 1.562643e-01 3.943559e-01 1.820119e-01 3.391950e-01 2.081157e-01 2.663044e-01 1.727507e-01 8.567647e-04
<GCONST> 7.601385e+01
<STATE> 4
<MEAN> 39
 -3.848129e+00 -4.563196e+00 -1.399900e+00 -8.987650e+00 -3.450307e+00 -6.379812e+00 -2.436953e+00 -1.229321e+01 -5.012966e+00 -8.632829e+00 -2.854010e+00 -8.353764e+00 1.770479e+01 5.744557e-02 6.786129e-01 3.480366e-01 -5.024990e-01 4.219407e-01 1.052138e-01 -4.361698e-01 -2.771371e-01 1.393062e-01 2.089566e-01 -6.258830e-02 1.541697e-01 -1.578294e-01 -8.314603e-03 -1.140202e-01 -2.143598e-01 1.335942e-01 1.079127e-01 -1.765255e-02 1.007952e-02 1.857608e-01 3.431941e-02 -8.313439e-02 4.366962e-02 8.255639e-02 -1.748674e-02
<VARIANCE> 39
 6.828331e+00 2.206144e+01 1.029895e+01 1.865028e+01 2.025482e+01 4.371574e+01 3.444262e+01 3.388794e+01 4.215087e+01 4.551945e+01 3.353173e+01 3.656535e+01 1.267892e+00 3.055389e-01 9.135224e-01 9.210809e-01 1.242590e+00 8.700749e-01 1.903238e+00 1.280314e+00 1.415297e+00 1.581773e+00 1.474185e+00 1.080230e+00 1.026403e+00 2.310561e-02 5.699210e-02 1.121214e-01 8.468872e-02 1.283877e-01 1.902559e-01 2.992018e-01 2.529446e-01 1.824169e-01 2.333926e-01 2.220976e-01 1.696649e-01 1.621328e-01 2.873720e-03
<GCONST> 7.992507e+01
<TRANSP> 5
 0.000000e+00 1.000000e+00 0.000000e+00 0.000000e+00 0.000000e+00
 0.000000e+00 8.979931e-01 1.020069e-01 0.000000e+00 0.000000e+00
 0.000000e+00 0.000000e+00 8.322541e-01 1.677459e-01 0.000000e+00
 0.000000e+00 0.000000e+00 0.000000e+00 9.056224e-01 9.437762e-02
 0.000000e+00 0.000000e+00 0.000000e+00 0.000000e+00 0.000000e+00
<ENDHMM>
~h "sil"
<BEGINHMM>
<NUMSTATES> 5
<STATE> 2
<MEAN> 39
 -6.367227e+00 -6.288852e+00 -4.369747e+00 -8.818439e+00 -1.064797e-01 -3.485901e+00 7.399478e-02 -8.786110e+00 -2.715945e+00 -5.862260e+00 4.908236e-01 -4.232846e+00 1.482855e+01 -1.229668e-01 -6.196717e-02 -2.804472e-02 5.291053e-02 1.174899e-01 9.701152e-02 1.237922e-01 7.909776e-02 1.547021e-02 1.687045e-02 1.585270e-02 3.938357e-02 -3.799421e-02 -4.523262e-02 -6.476088e-02 -1.328372e-01 -1.415650e-01 -1.278082e-01 -1.111882e-01 -5.034429e-02 2.427752e-02 -8.064408e-03 1.008996e-02 3.883972e-02 2.753637e-02 1.140441e-03
<VARIANCE> 39
 4.100939e+00 5.042200e+00 6.133197e+00 8.013116e+00 1.226549e+01 1.409033e+01 1.562725e+01 1.627020e+01 1.603580e+01 1.466158e+01 1.615009e+01 1.413496e+01 1.225645e+00 9.198844e-02 1.933942e-01 3.097755e-01 4.078292e-01 5.377264e-01 7.029027e-01 7.143509e-01 7.486413e-01 7.443652e-01 6.573899e-01 6.765113e-01 6.509982e-01 9.950626e-03 1.123050e-02 2.376010e-02 4.023135e-02 5.170909e-02 7.580486e-02 1.069183e-01 1.085506e-01 1.181472e-01 1.128712e-01 1.006470e-01 1.074183e-01 1.069798e-01 7.124345e-04
<GCONST> 4.677784e+01
<STATE> 3
~s "silst"
<STATE> 4
<MEAN> 39
 -7.414028e+00 -7.319942e+00 -6.364289e+00 -1.061364e+01 -1.387293e+00 -4.687809e+00 -5.633753e-01 -8.522574e+00 -2.634428e+00 -5.493896e+00 1.183204e+00 -4.029218e+00 1.445341e+01 1.944718e-02 3.080014e-02 -3.472047e-03 -5.743675e-03 -3.868940e-02 -2.533661e-02 -4.692739e-02 -3.366863e-02 -2.386494e-02 -6.068492e-03 -1.067371e-02 -2.143470e-02 3.675985e-03 1.959189e-02 3.542926e-02 5.876207e-02 6.009856e-02 5.175004e-02 4.535832e-02 1.860724e-02 -3.035347e-03 6.154739e-03 -7.536469e-03 -2.467698e-02 -1.470868e-02 5.182033e-03
<VARIANCE> 39
 3.237300e+00 3.762638e+00 5.798824e+00 8.103194e+00 1.236974e+01 1.354278e+01 1.471306e+01 1.604586e+01 1.681858e+01 1.443757e+01 1.536853e+01 1.296481e+01 9.875528e-01 6.619021e-02 1.469727e-01 2.609573e-01 3.849541e-01 4.824360e-01 6.478608e-01 6.037732e-01 7.119582e-01 6.802984e-01 5.624971e-01 6.624642e-01 5.648007e-01 2.682492e-03 1.212964e-02 2.613364e-02 3.971941e-02 6.125036e-02 8.267455e-02 1.156946e-01 1.067524e-01 1.321324e-01 1.251527e-01 9.697578e-02 1.138880e-01 1.044685e-01 7.579221e-04
<GCONST> 4.356987e+01
<TRANSP> 5
 0.000000e+00 1.000000e+00 0.000000e+00 0.000000e+00 0.000000e+00
 0.000000e+00 6.706837e-01 4.845506e-02 2.808613e-01 0.000000e+00
 0.000000e+00 0.000000e+00 7.752618e-01 2.247383e-01 0.000000e+00
 0.000000e+00 8.906855e-02 0.000000e+00 8.635798e-01 4.735167e-02
 0.000000e+00 0.000000e+00 0.000000e+00 0.000000e+00 0.000000e+00
<ENDHMM>
~h "six"
<BEGINHMM>
<NUMSTATES> 5
<STATE> 2
<MEAN> 39
 -9.330956e+00 -4.246901e+00 -7.825992e+00 -8.181061e+00 -3.012043e+00 -3.368942e+00 -1.902360e+00 -7.949559e+00 -3.368698e+00 -4.257612e+00 -3.231881e-02 -3.127662e+00 1.469914e+01 5.911719e-01 5.939476e-01 1.016363e+00 -1.134679e+00 -9.485519e-01 -1.064467e+00 4.090756e-03 -1.562556e-01 3.109743e-01 3.598355e-01 -4.433994e-01 -3.286607e-01 5.276471e-01 1.206295e-01 1.164581e-01 2.879319e-01 -4.737174e-01 -2.910110e-01 -2.390235e-01 4.171635e-02 4.602314e-02 1.686146e-01 5.035245e-02 -1.197883e-01 -2.042154e-01 1.552686e-01
<VARIANCE> 39
 6.203730e+00 8.553692e+00 1.186868e+01 1.113736e+01 1.903112e+01 1.765388e+01 1.488547e+01 1.817720e+01 1.951993e+01 2.560281e+01 1.985926e+01 1.619789e+01 1.400095e+00 3.776355e-01 4.340064e-01 9.486100e-01 1.096643e+00 1.106628e+00 1.275354e+00 9.034644e-01 7.856705e-01 1.340551e+00 2.076258e+00 1.019870e+00 1.149808e+00 9.700561e-02 5.585847e-02 6.196278e-02 1.105793e-01 9.700086e-02 2.007975e-01 1.938511e-01 1.535815e-01 1.598014e-01 1.926926e-01 2.263182e-01 1.793363e-01 1.758297e-01 6.986052e-03
<GCONST> 7.264973e+01
<STATE> 3
<MEAN> 39
 -6.397842e+00 -1.165940e+00 -8.871200e-01 -1.974319e+01 -7.782629e+00 -8.707551e+00 -2.519767e+00 -6.500586e+00 2.680057e-02 -3.788526e+00 -2.401881e+00 -7.256168e+00 1.826759e+01 4.815175e-02 -7.647149e-02 2.340699e-01 -2.898112e-01 3.225219e-01 1.778667e-01 -2.308629e-01 1.489223e-01 5.691603e-02 -1.833782e-01 1.664845e-01 -1.630759e-02 -3.260189e-02 -6.508706e-02 -1.974182e-01 -2.630726e-01 4.525677e-01 2.719944e-01 2.196078e-01 7.458087e-02 -7.894379e-02 -1.288833e-01 -5.973615e-02 1.384042e-01 1.510906e-01 -1.586625e-01
<VARIANCE> 39
 7.538820e+00 9.646574e+00 1.627144e+01 2.521231e+01 5.724392e+01 3.082321e+01 3.669957e+01 2.520922e+01 3.530382e+01 5.845190e+01 3.489423e+01 3.701787e+01 1.473147e+00 3.660219e-01 7.016082e-01 1.161940e+00 3.436556e+00 2.551765e+00 1.897426e+00 1.786167e+00 1.348914e+00 1.898782e+00 2.021046e+00 1.879022e+00 1.976228e+00 3.188448e-01 6.736556e-02 6.572044e-02 1.567958e-01 2.422504e-01 3.027363e-01 3.124618e-01 3.750835e-01 2.295975e-01 2.896527e-01 3.401472e-01 2.610298e-01 2.557115e-01 1.266082e-02
<GCONST> 9.257069e+01
<STATE> 4
<MEAN> 39
 -8.364553e+00 -5.823349e+00 -5.776799e+00 -9.625144e+00 -2.923556e+00 -3.007274e+00 -1.101054e+00 -8.687474e+00 -2.323651e+00 -5.156320e+00 6.514205e-01 -4.311599e+00 1.459359e+01 -2.244126e-01 -3.367786e-01 -5.843191e-01 7.932020e-01 1.420555e-01 2.870384e-01 3.947021e-01 -1.893228e-01 -1.644899e-01 7.242747e-04 3.420373e-02 1.221105e-01 -2.149857e-01 -8.536364e-03 9.716822e-02 1.230386e-01 -2.410872e-01 -1.336497e-01 -1.055448e-01 -6.312176e-02 1.054229e-01 5.296999e-02 4.576724e-02 -7.328694e-02 -6.652476e-02 7.593210e-02
<VARIANCE> 39
 1.005305e+01 1.068885e+01 1.456381e+01 1.628130e+01 2.198211e+01 1.858928e+01 1.998619e+01 1.777192e+01 1.867423e+01 1.943751e+01 1.688981e+01 1.472655e+01 1.246867e+00 4.516084e-01 9.008371e-01 1.047614e+00 1.334658e+00 1.655294e+00 1.327327e+00 1.495325e+00 1.104545e+00 1.061182e+00 1.078316e+00 9.302120e-01 7.727447e-01 1.008861e-01 6.839368e-02 1.009976e-01 1.555552e-01 1.749963e-01 2.636577e-01 1.940540e-01 2.206625e-01 1.838093e-01 1.777081e-01 1.802975e-01 1.726837e-01 1.473838e-01 1.115757e-02
<GCONST> 7.721128e+01
<TRANSP> 5
 0.000000e+00 1.000000e+00 0.000000e+00 0.000000e+00 0.000000e+00
 0.000000e+00 7.455390e-01 2.544610e-01 0.000000e+00 0.000000e+00
 0.000000e+00 0.000000e+00 8.943949e-01 1.056051e-01 0.000000e+00
 0.000000e+00 0.000000e+00 0.000000e+00 8.708383e-01 1.291616e-01
 0.000000e+00 0.000000e+00 0.000000e+00 0.000000e+00 0.000000e+00
<ENDHMM>
~h "two"
<BEGINHMM>
<NUMSTATES> 5
<STATE> 2
<MEAN> 39
 -1.105494e+01 -3.299204e+00 -7.064981e+00 -1.041308e+01 -1.184095e+00 -3.825084e+00 -1.916253e+00 -7.447968e+00 -2.313191e+00 -5.581912e+00 1.170880e+00 -3.323686e+00 1.503795e+01 4.101622e-01 6.030129e-01 8.980068e-01 -5.405420e-01 -2.311726e-01 -3.163228e-01 -4.363710e-01 -1.722086e-01 6.502768e-02 -1.822813e-02 -2.021704e-01 -2.966350e-01 2.984699e-01 3.011149e-01 4.677993e-02 3.062469e-01 -1.475509e-01 -1.774212e-01 -2.325187e-01 -1.102562e-01 -1.269225e-01 -2.547244e-02 2.277606e-03 -7.769255e-02 -1.660530e-01 8.956978e-02
<VARIANCE> 39
 8.200525e+00 8.322334e+00 1.219599e+01 1.277257e+01 1.863600e+01 2.261111e+01 1.913162e+01 2.116989e+01 2.084846e+01 2.343578e+01 2.400216e+01 1.954405e+01 9.020635e-01 1.359886e+00 5.495127e-01 1.330297e+00 8.024078e-01 1.305382e+00 1.284156e+00 9.575464e-01 1.173054e+00 1.125550e+00 1.272198e+00 1.729710e+00 1.069846e+00 6.930597e-02 1.206003e-01 1.142655e-01 1.257518e-01 1.300620e-01 2.412943e-01 2.004023e-01 1.736653e-01 2.204641e-01 2.204066e-01 1.951930e-01 3.465585e-01 1.553738e-01 8.110180e-03
<GCONST> 7.837569e+01
<STATE> 3
<MEAN> 39
 -4.671700e+00 1.198011e+00 1.824096e+00 -1.537694e+01 -6.751216e+00 -9.796324e+00 -6.657918e+00 -1.047652e+01 -2.500309e+00 -5.244125e+00 -1.094557e+00 -7.258743e+00 1.834902e+01 6.975551e-01 5.891369e-01 8.098245e-01 -6.008576e-01 -1.203817e+00 -1.139597e+00 -6.103500e-01 -3.067492e-01 -7.435827e-02 1.128433e-01 -2.566869e-01 -6.784661e-01 4.742264e-01 -2.517861e-01 -2.263008e-01 -4.285533e-01 2.906370e-01 2.508195e-01 2.208511e-01 2.353243e-01 1.504215e-01 -1.286738e-02 1.021358e-03 1.491996e-01 1.806381e-01 -1.401199e-01
<VARIANCE> 39
 7.419606e+00 8.199320e+00 1.365298e+01 2.260995e+01 4.027766e+01 2.606507e+01 2.824971e+01 2.404732e+01 3.083016e+01 5.421051e+01 4.325206e+01 4.750117e+01 1.136961e+00 5.822304e-01 6.138368e-01 9.692184e-01 1.411695e+00 1.255459e+00 1.149366e+00 1.643554e+00 1.519607e+00 1.880854e+00 2.024256e+00 2.490191e+00 1.846033e+00 8.453044e-02 6.048390e-02 5.661935e-02 8.142371e-02 1.290510e-01 2.127701e-01 1.804174e-01 2.036611e-01 1.906954e-01 2.115701e-01 2.706029e-01 2.883461e-01 2.209137e-01 7.343734e-03
<GCONST> 8.386246e+01
<STATE> 4
<MEAN> 39
 -3.084672e+00 -2.309283e-01 -1.817722e-01 -1.295960e+01 -6.794650e+00 -1.154048e+01 -5.805630e+00 -9.920019e+00 -3.003682e+00 -5.495426e+00 -1.531796e-01 -7.446832e+00 1.810839e+01 6.338061e-02 -2.927911e-01 -3.185129e-01 5.038793e-01 4.027247e-01 2.557337e-01 2.549825e-01 3.331117e-02 -8.746753e-02 -2.321187e-02 1.330203e-01 2.201773e-01 -1.724117e-01 -7.772350e-02 -6.153876e-02 -4.274678e-02 3.477070e-03 9.318949e-02 1.423585e-01 8.691234e-02 3.167662e-02 2.799176e-02 4.485301e-03 -8.687634e-03 4.959979e-02 -4.350459e-02
<VARIANCE> 39
 6.147312e+00 8.061340e+00 1.233393e+01 2.996131e+01 3.224780e+01 2.242192e+01 3.217402e+01 3.336470e+01 4.008327e+01 4.288446e+01 5.215118e+01 4.097703e+01 1.432139e+00 2.433465e-01 2.268351e-01 4.290850e-01 6.629789e-01 9.357731e-01 1.117006e+00 1.068517e+00 1.163994e+00 1.036743e+00 1.124194e+00 1.155397e+00 1.071507e+00 3.499621e-02 3.014645e-02 3.228485e-02 5.544639e-02 9.295613e-02 1.102625e-01 1.409109e-01 1.406052e-01 1.749514e-01 1.666000e-01 1.674141e-01 1.657393e-01 1.566611e-01 2.887717e-03
<GCONST> 7.050302e+01
<TRANSP> 5
 0.000000e+00 1.000000e+00 0.000000e+00 0.000000e+00 0.000000e+00
 0.000000e+00 8.336227e-01 1.663774e-01 0.000000e+00 0.000000e+00
 0.000000e+00 0.000000e+00 7.650278e-01 2.349723e-01 0.000000e+00
 0.000000e+00 0.000000e+00 0.000000e+00 9.176300e-01 8.237005e-02
 0.000000e+00 0.000000e+00 0.000000e+00 0.000000e+00 0.000000e+00
<ENDHMM>
~h "nine"
<BEGINHMM>
<NUMSTATES> 5
<STATE> 2
<MEAN> 39
 -4.463655e+00 -4.256650e+00 -2.008590e+00 -8.948480e+00 -2.967342e+00 -6.154935e+00 -1.538842e+00 -1.109447e+01 -4.996421e+00 -7.943169e+00 -2.818692e+00 -7.710712e+00 1.752180e+01 -1.346494e-01 -6.616216e-01 -2.121652e-01 4.741054e-01 -4.933981e-01 1.920924e-01 3.772860e-01 -2.075732e-01 -5.498234e-02 -1.669546e-01 -1.746005e-01 -1.258124e-01 2.532503e-01 -3.777650e-02 -1.315895e-01 -7.793952e-02 1.167132e-01 1.504473e-02 -1.211075e-02 4.553920e-02 3.236514e-02 9.621003e-03 5.815161e-03 7.259306e-02 3.306681e-02 -8.385383e-03
<VARIANCE> 39
 8.983552e+00 1.970325e+01 1.557049e+01 1.656445e+01 2.861037e+01 2.892810e+01 3.190714e+01 2.731604e+01 4.796825e+01 3.492002e+01 2.956690e+01 3.231630e+01 2.346993e+00 5.442625e-01 1.597692e+00 1.184695e+00 1.115625e+00 1.158315e+00 1.419341e+00 1.670190e+00 1.277823e+00 1.560078e+00 1.142642e+00 1.213392e+00 1.051719e+00 3.861564e-02 6.503216e-02 1.773839e-01 1.369515e-01 1.401185e-01 2.039573e-01 2.182516e-01 2.459189e-01 1.843534e-01 2.051285e-01 1.624252e-01 1.759876e-01 1.461979e-01 5.036363e-03
<GCONST> 8.302190e+01
<STATE> 3
<MEAN> 39
 -6.330198e+00 -1.158570e+01 -4.847213e+00 -2.733774e+00 -5.692578e+00 -5.248882e+00 1.752116e+00 -1.133311e+01 -5.555374e+00 -8.990238e+00 -1.694228e+00 -7.658254e+00 1.860828e+01 -1.099235e-01 9.751000e-02 2.315666e-01 -2.430791e-01 -2.364489e-02 2.153513e-01 -1.044100e-01 -8.726388e-02 1.966120e-01 5.480403e-02 -5.643557e-02 4.455928e-02 -2.166758e-02 1.975573e-03 1.926112e-01 6.948860e-02 -2.392275e-01 4.381615e-02 6.227178e-02 -1.064972e-01 1.045484e-02 7.577438e-02 -1.095508e-02 -6.851005e-02 2.394781e-02 -1.464059e-02
<VARIANCE> 39
 7.263485e+00 8.593838e+00 2.448997e+01 3.228492e+01 1.897248e+01 3.075269e+01 3.085523e+01 3.400914e+01 4.372157e+01 4.166349e+01 2.840424e+01 3.065748e+01 1.016387e+00 8.351103e-02 3.804602e-01 4.074172e-01 1.121042e+00 4.957974e-01 6.218622e-01 5.567738e-01 5.133247e-01 6.484972e-01 6.676453e-01 6.786718e-01 5.409217e-01 4.830147e-03 1.118953e-02 3.008761e-02 4.105544e-02 5.562788e-02 7.230672e-02 7.227328e-02 7.387357e-02 8.065654e-02 8.235312e-02 8.687766e-02 7.877550e-02 7.933764e-02 3.992569e-04
<GCONST> 5.397154e+01
<STATE> 4
<MEAN> 39
 -5.504022e+00 -2.492284e+00 -1.375239e+00 -1.162938e+01 -1.524183e+00 -5.365654e+00 -3.702895e+00 -1.039008e+01 -3.336915e+00 -8.179017e+00 -3.001785e+00 -6.556769e+00 1.780326e+01 3.064390e-01 6.056892e-01 6.511746e-02 -1.069223e-01 4.719000e-01 -3.228008e-01 -2.827116e-01 2.670797e-01 -1.675381e-01 7.513145e-02 1.949231e-01 9.536804e-02 -1.551744e-01 -1.847370e-02 -1.589937e-01 -7.670793e-02 1.708539e-01 -2.764228e-02 2.249879e-03 1.280092e-01 7.362439e-03 -5.803243e-02 3.779212e-02 8.346827e-02 -1.025538e-02 -2.075068e-02
<VARIANCE> 39
 1.219863e+01 1.697940e+01 1.161121e+01 2.326583e+01 3.244935e+01 3.397065e+01 3.101351e+01 3.058780e+01 4.864009e+01 3.920593e+01 3.783379e+01 4.179012e+01 1.052198e+00 4.478639e-01 1.087779e+00 5.965368e-01 1.746775e+00 1.327577e+00 1.495937e+00 1.481937e+00 1.293265e+00 1.664596e+00 1.157700e+00 1.105027e+00 1.057066e+00 1.954809e-02 7.217522e-02 8.966175e-02 9.231528e-02 1.716163e-01 1.847152e-01 2.516896e-01 1.821177e-01 2.086621e-01 2.477223e-01 1.969660e-01 1.794209e-01 1.455987e-01 2.157227e-03
<GCONST> 8.064680e+01
<TRANSP> 5
 0.000000e+00 1.000000e+00 0.000000e+00 0.000000e+00 0.000000e+00
 0.000000e+00 8.958722e-01 1.041278e-01 0.000000e+00 0.000000e+00
 0.000000e+00 0.000000e+00 9.153376e-01 8.466240e-02 0.000000e+00
 0.000000e+00 0.000000e+00 0.000000e+00 9.122487e-01 8.775137e-02
 0.000000e+00 0.000000e+00 0.000000e+00 0.000000e+00 0.000000e+00
<ENDHMM>
~h "five"
<BEGINHMM>
<NUMSTATES> 5
<STATE> 2
<MEAN> 39
 -4.647063e+00 -1.075226e+01 -9.494847e+00 -8.538888e+00 2.457500e-01 -7.586746e+00 3.116936e-01 -5.148040e+00 -4.865011e+00 -7.657352e+00 -1.429901e+00 -4.805828e+00 1.757654e+01 4.658717e-01 -1.129480e+00 -7.575593e-01 7.012933e-01 4.789396e-01 -6.744181e-01 2.829502e-01 4.941374e-01 -6.838466e-01 -2.711386e-01 -3.659144e-01 -4.324932e-02 5.847321e-01 -1.444844e-01 -2.407556e-02 1.053888e-01 9.872133e-02 6.530568e-03 5.900605e-02 2.786816e-02 -1.468691e-01 -7.202066e-03 1.011189e-01 1.107746e-01 3.743493e-02 -4.278118e-02
<VARIANCE> 39
 1.192727e+01 1.970748e+01 2.358774e+01 1.581062e+01 1.800240e+01 2.174969e+01 2.413969e+01 4.954290e+01 3.169117e+01 2.663860e+01 2.431055e+01 1.914309e+01 4.992865e+00 7.739731e-01 5.632086e-01 1.066713e+00 9.149967e-01 7.820368e-01 9.544780e-01 9.896915e-01 2.315501e+00 1.714544e+00 1.659730e+00 1.321929e+00 1.001295e+00 1.110506e-01 1.095134e-01 1.399819e-01 2.098499e-01 1.200305e-01 1.322446e-01 1.597697e-01 1.553606e-01 3.281399e-01 2.709627e-01 2.093366e-01 1.921828e-01 1.438928e-01 3.340388e-02
<GCONST> 8.486572e+01
<STATE> 3
<MEAN> 39
 -5.817711e+00 -1.541117e+01 -8.512070e+00 -3.792149e+00 1.387826e+00 -9.029212e+00 2.514028e+00 -7.553210e+00 -7.235408e+00 -5.446179e+00 -5.230125e-01 -4.534822e+00 1.904520e+01 -1.642202e-01 1.005882e-01 4.910999e-01 -2.808301e-01 -2.770200e-01 4.522453e-01 6.911439e-02 -3.900305e-01 3.600467e-02 2.851868e-01 5.281549e-02 -7.644643e-02 -4.935982e-02 4.110391e-02 1.204548e-01 1.186274e-02 -1.954820e-01 -5.835235e-02 8.587329e-02 -2.987354e-02 3.065558e-02 6.221723e-02 -5.240906e-02 -7.362580e-02 -1.933710e-02 -1.618323e-02
<VARIANCE> 39
 9.173927e+00 9.481682e+00 2.501714e+01 2.120670e+01 1.896529e+01 2.355436e+01 1.778976e+01 3.983561e+01 4.771121e+01 4.471769e+01 2.684973e+01 2.540873e+01 1.377940e+00 9.210030e-02 1.733092e-01 2.736241e-01 6.990552e-01 5.233545e-01 5.785306e-01 5.082374e-01 5.130036e-01 6.399326e-01 6.125900e-01 5.977439e-01 4.818272e-01 6.108785e-03 1.193040e-02 2.533899e-02 3.132083e-02 4.864803e-02 5.223170e-02 5.365515e-02 5.878275e-02 6.665570e-02 9.088543e-02 8.723170e-02 6.863759e-02 7.141649e-02 9.974815e-04
<GCONST> 5.090789e+01
<STATE> 4
<MEAN> 39
 -5.361164e+00 -8.267236e+00 -3.598938e+00 -1.373424e+01 -3.544216e+00 -3.538218e+00 1.309976e+00 -8.132104e+00 -3.954977e+00 -5.458576e+00 -2.079957e+00 -5.785509e+00 1.805540e+01 1.223438e-01 1.111879e+00 3.296357e-01 -3.021803e-01 -2.082594e-01 -1.397481e-01 -3.381856e-01 1.403135e-01 4.725123e-01 -1.519077e-01 3.134705e-02 -1.293543e-02 -2.966730e-01 -6.316736e-02 -8.242122e-02 -9.350225e-02 3.027999e-01 1.665035e-01 -9.451852e-02 -2.252118e-02 -2.746846e-02 -5.308315e-02 1.879309e-02 1.092090e-01 5.690956e-02 -4.410805e-02
<VARIANCE> 39
 7.942335e+00 2.483280e+01 1.204448e+01 2.986283e+01 3.992662e+01 2.325856e+01 2.543725e+01 3.350742e+01 4.698446e+01 2.720498e+01 2.734847e+01 2.984118e+01 1.961067e+00 3.015149e-01 6.060275e-01 6.006157e-01 2.980518e+00 1.734060e+00 1.508843e+00 9.995047e-01 1.470781e+00 1.702499e+00 1.341565e+00 1.307822e+00 1.027884e+00 5.592665e-02 5.227190e-02 1.030283e-01 8.877233e-02 2.511649e-01 2.288649e-01 2.729896e-01 1.721528e-01 2.169153e-01 2.114911e-01 1.779082e-01 2.091517e-01 1.706815e-01 5.195473e-03
<GCONST> 8.246687e+01
<TRANSP> 5
 0.000000e+00 1.000000e+00 0.000000e+00 0.000000e+00 0.000000e+00
 0.000000e+00 8.621550e-01 1.378450e-01 0.000000e+00 0.000000e+00
 0.000000e+00 0.000000e+00 9.161215e-01 8.387852e-02 0.000000e+00
 0.000000e+00 0.000000e+00 0.000000e+00 8.793600e-01 1.206400e-01
 0.000000e+00 0.000000e+00 0.000000e+00 0.000000e+00 0.000000e+00
<ENDHMM>
~h "four"
<BEGINHMM>
<NUMSTATES> 5
<STATE> 2
<MEAN> 39
 -7.194384e+00 -6.778325e+00 -5.470511e+00 -9.663090e+00 -1.525641e+00 -5.338136e+00 -9.684929e-01 -8.283823e+00 -2.021109e+00 -5.489657e+00 1.121391e+00 -4.149625e+00 1.519268e+01 1.450619e+00 4.981498e-01 -7.820258e-01 -7.529537e-01 -2.864539e-01 -5.181440e-01 -6.503394e-01 -1.761891e-01 2.009137e-01 1.803735e-01 -3.123749e-01 -4.459788e-01 5.964137e-01 3.901578e-01 1.439021e-01 -3.420716e-01 -3.248152e-01 -7.001861e-02 -3.651293e-02 -1.077340e-01 -3.069034e-02 3.424553e-03 5.787174e-02 -9.044660e-02 -1.392928e-01 1.562858e-01
<VARIANCE> 39
 5.716195e+00 4.988897e+00 5.608619e+00 7.969980e+00 1.002290e+01 1.263771e+01 1.502970e+01 1.385471e+01 1.613735e+01 1.310525e+01 1.546621e+01 1.199435e+01 1.467844e+00 5.579903e-01 4.099689e-01 6.427957e-01 7.321353e-01 6.814823e-01 8.669178e-01 7.396966e-01 8.207622e-01 9.340061e-01 1.012818e+00 1.425591e+00 1.098084e+00 6.692139e-02 5.636622e-02 5.623503e-02 5.882388e-02 8.286771e-02 1.004338e-01 1.550804e-01 1.250105e-01 1.589332e-01 1.473353e-01 1.599991e-01 1.924294e-01 1.867872e-01 5.603372e-03
<GCONST> 6.298684e+01
<STATE> 3
<MEAN> 39
 1.567241e+00 -3.489217e+00 -1.207746e+01 -1.697460e+01 -3.978439e+00 -6.217465e+00 -3.171768e+00 -8.949180e+00 -1.420614e+00 -3.904789e+00 4.069769e-01 -6.760154e+00 1.889127e+01 3.239503e-01 -1.740884e-01 -3.330046e-01 -5.073249e-02 6.864498e-02 -2.040579e-02 -2.257845e-01 1.766106e-01 3.493582e-01 9.458945e-02 -2.286361e-01 -2.246721e-01 1.500127e-01 -1.730132e-01 -1.512580e-01 1.465109e-01 2.301408e-01 3.703207e-02 -3.132882e-02 4.007629e-02 1.088528e-01 4.687984e-02 -8.286201e-02 -5.327541e-02 5.638257e-02 -6.686588e-02
<VARIANCE> 39
 4.125113e+00 1.028352e+01 9.945741e+00 1.395362e+01 2.432966e+01 1.709417e+01 1.835072e+01 1.706659e+01 2.349169e+01 2.478157e+01 3.808197e+01 3.717108e+01 1.109711e+00 5.637792e-01 7.364640e-01 7.020727e-01 1.237536e+00 9.710641e-01 7.851263e-01 9.100603e-01 9.580254e-01 1.314836e+00 1.185303e+00 1.360618e+00 1.254394e+00 9.883904e-02 4.871070e-02 4.581786e-02 9.499592e-02 8.121113e-02 1.351693e-01 1.433403e-01 1.544475e-01 1.389822e-01 1.803896e-01 1.912352e-01 2.015597e-01 1.854879e-01 7.102555e-03
<GCONST> 7.274185e+01
<STATE> 4
<MEAN> 39
 -7.372340e-01 -1.042134e+01 -7.026038e+00 -8.772850e+00 -5.475951e+00 -8.518676e+00 -2.276695e+00 -5.193559e+00 -1.168455e-02 -7.550145e+00 -3.748605e+00 -7.359331e+00 1.834515e+01 -6.199511e-01 1.388231e-01 9.785188e-01 4.571098e-01 -2.792879e-01 9.864652e-02 5.387086e-01 -1.996506e-01 -6.078914e-01 -3.233096e-01 1.511463e-01 2.957983e-01 -2.452165e-01 -8.016904e-02 2.175705e-01 -5.568141e-02 -1.701311e-01 1.165256e-01 1.702086e-01 2.772523e-02 -1.670164e-01 -1.197516e-01 9.921334e-02 1.658834e-01 4.371479e-02 -4.592389e-02
<VARIANCE> 39
 8.348824e+00 1.985715e+01 3.184086e+01 2.013572e+01 4.416346e+01 3.932774e+01 3.454921e+01 4.361496e+01 4.729303e+01 3.510379e+01 3.411575e+01 3.087282e+01 1.734728e+00 3.041333e-01 1.584991e+00 1.050434e+00 1.621512e+00 2.649446e+00 2.240664e+00 1.739086e+00 2.445019e+00 1.843480e+00 1.652254e+00 1.757969e+00 1.115744e+00 5.514781e-02 3.031182e-02 1.396651e-01 2.037426e-01 1.836701e-01 4.182310e-01 3.077384e-01 3.405536e-01 3.583767e-01 3.763793e-01 2.761478e-01 2.990849e-01 2.082494e-01 3.617963e-03
<GCONST> 9.130936e+01
<TRANSP> 5
 0.000000e+00 1.000000e+00 0.000000e+00 0.000000e+00 0.000000e+00
 0.000000e+00 7.184740e-01 2.815260e-01 0.000000e+00 0.000000e+00
 0.000000e+00 0.000000e+00 9.197826e-01 8.021736e-02 0.000000e+00
 0.000000e+00 0.000000e+00 0.000000e+00 8.893015e-01 1.106985e-01
 0.000000e+00 0.000000e+00 0.000000e+00 0.000000e+00 0.000000e+00
<ENDHMM>
~h "zero"
<BEGINHMM>
<NUMSTATES> 5
<STATE> 2
<MEAN> 39
 -6.929079e+00 -2.425360e+00 -4.896388e+00 -7.315520e+00 -1.995370e+00 -3.999542e+00 -2.140237e+00 -8.517169e+00 -3.575599e+00 -4.670297e+00 4.775885e-01 -4.344965e+00 1.533358e+01 2.249752e-01 8.901565e-01 7.539439e-01 -7.641926e-01 -6.030460e-01 -1.035668e+00 -5.028619e-01 -4.365103e-01 2.291790e-01 2.519708e-01 -8.848172e-02 -1.661101e-01 3.774936e-01 5.064948e-02 1.068547e-01 1.888304e-01 -3.138371e-01 -1.611599e-01 -2.549125e-01 -2.746081e-02 -6.188736e-02 1.206348e-01 1.835058e-02 5.937005e-03 -7.727375e-02 8.688986e-02
<VARIANCE> 39
 8.007994e+00 1.173817e+01 1.697806e+01 1.339539e+01 1.992285e+01 2.014242e+01 1.951062e+01 1.982475e+01 2.766624e+01 2.260944e+01 2.186833e+01 1.802247e+01 1.307032e+00 3.780167e-01 4.935844e-01 8.649005e-01 1.145128e+00 8.554142e-01 1.553926e+00 1.050125e+00 1.209574e+00 1.287645e+00 9.152672e-01 1.157656e+00 1.317669e+00 7.345607e-02 5.739766e-02 1.014667e-01 1.422822e-01 1.140586e-01 1.260936e-01 2.142306e-01 1.714037e-01 1.920961e-01 1.703316e-01 1.373573e-01 1.801143e-01 1.741682e-01 8.368088e-03
<GCONST> 7.480158e+01
<STATE> 3
<MEAN> 39
 -5.566334e+00 3.558816e-01 8.927445e-01 -1.675429e+01 -7.840025e+00 -9.199814e+00 -4.613542e+00 -8.573715e+00 7.421355e-02 -3.758970e+00 1.691299e-01 -6.803201e+00 1.838062e+01 3.408853e-01 -6.813349e-01 4.662250e-01 -2.135258e-01 -1.102848e+00 1.815716e-01 1.909203e-01 1.755156e-01 3.307877e-01 -6.070903e-02 3.420206e-02 -1.486467e-01 1.816837e-01 4.767355e-02 -2.669050e-01 -1.736191e-01 3.575438e-01 1.501224e-02 1.371115e-01 1.921049e-01 6.926413e-02 -7.957850e-02 -4.528455e-02 -9.505013e-03 6.657545e-02 -6.324302e-02
<VARIANCE> 39
 7.276078e+00 1.980647e+01 1.726179e+01 2.694122e+01 5.947603e+01 4.015310e+01 3.180828e+01 4.377613e+01 3.184484e+01 3.032946e+01 3.374522e+01 5.041126e+01 1.121568e+00 4.309894e-01 1.714164e+00 8.294557e-01 2.647736e+00 1.678483e+00 2.594250e+00 1.705291e+00 1.433614e+00 1.341546e+00 1.179123e+00 1.115971e+00 1.352345e+00 6.856009e-02 5.060024e-02 1.116069e-01 1.242207e-01 1.810982e-01 2.401915e-01 4.013005e-01 2.250114e-01 2.451117e-01 2.164574e-01 1.754437e-01 1.721189e-01 2.141230e-01 4.511570e-03
<GCONST> 8.709235e+01
<STATE> 4
<MEAN> 39
 -1.549873e+00 -9.813087e+00 -4.652562e+00 -9.948673e+00 -9.018416e+00 -8.300764e+00 2.051251e-02 -4.414990e+00 -2.212312e-01 -6.629237e+00 -1.021476e+00 -5.845667e+00 1.844525e+01 1.996987e-03 7.147511e-02 -3.983064e-01 1.971289e-01 6.606569e-01 -4.559371e-02 8.948309e-03 6.550683e-02 -1.511097e-01 -9.921546e-02 -5.354471e-02 3.997850e-02 -9.759282e-02 -8.009873e-02 9.883171e-02 5.561614e-02 -7.014228e-02 8.618874e-02 6.803280e-02 -5.852444e-02 -5.857268e-02 -2.395196e-02 2.222980e-02 2.169334e-02 4.527810e-03 -2.348697e-02
<VARIANCE> 39
 6.276545e+00 2.078934e+01 2.602696e+01 2.606483e+01 6.118579e+01 5.104699e+01 3.751183e+01 3.644124e+01 4.345273e+01 3.572430e+01 2.602588e+01 3.287450e+01 1.519741e+00 2.817763e-01 8.253396e-01 8.017400e-01 1.010044e+00 1.242923e+00 1.782784e+00 1.546883e+00 1.893059e+00 1.634294e+00 1.446610e+00 1.042945e+00 9.501305e-01 3.491537e-02 2.824408e-02 5.149216e-02 8.170605e-02 1.148695e-01 1.868368e-01 2.312151e-01 2.012347e-01 2.015640e-01 2.219465e-01 1.953321e-01 1.537631e-01 1.422313e-01 2.364568e-03
<GCONST> 7.999323e+01
<TRANSP> 5
 0.000000e+00 1.000000e+00 0.000000e+00 0.000000e+00 0.000000e+00
 0.000000e+00 7.877260e-01 2.122740e-01 0.000000e+00 0.000000e+00
 0.000000e+00 0.000000e+00 8.952445e-01 1.047555e-01 0.000000e+00
 0.000000e+00 0.000000e+00 0.000000e+00 9.466890e-01 5.331097e-02
 0.000000e+00 0.000000e+00 0.000000e+00 0.000000e+00 0.000000e+00
<ENDHMM>
