~o
<STREAMINFO> 1 39
<VECSIZE> 39<NULLD><MFCC_E_D_A><DIAGC>
~s "silst"
<MEAN> 39
 -5.362130e+00 -3.863413e+00 -3.371553e+00 -8.780298e+00 -1.191978e+00 -5.543946e+00 -1.696948e+00 -9.415673e+00 -3.427883e+00 -6.341747e+00 -2.186379e-01 -5.473648e+00 1.573534e+01 -6.910502e-01 -4.778982e-01 -4.969965e-01 1.354878e-01 2.906607e-01 7.040880e-01 3.911127e-01 1.361149e-01 1.617977e-01 1.496444e-01 3.325091e-01 3.819494e-01 -3.674003e-01 -7.740738e-03 -5.676750e-02 -9.784959e-02 -1.327777e-01 -1.036779e-01 -9.261912e-02 -1.663538e-02 6.826258e-02 3.248320e-02 8.238103e-03 -2.531849e-02 -7.594348e-03 3.463574e-02
<VARIANCE> 39
 1.127347e+01 1.077848e+01 1.316951e+01 1.292450e+01 1.990162e+01 2.359789e+01 2.314557e+01 2.416351e+01 2.666803e+01 2.619412e+01 2.476745e+01 2.248880e+01 1.896069e+00 3.626398e-01 6.978665e-01 7.967209e-01 8.038790e-01 1.142687e+00 1.281930e+00 1.231918e+00 1.273150e+00 1.390742e+00 1.275208e+00 1.252541e+00 1.093111e+00 4.904828e-02 7.134338e-02 1.009805e-01 1.099430e-01 1.118185e-01 1.556835e-01 2.124348e-01 1.919211e-01 1.896448e-01 2.082052e-01 1.813203e-01 1.794916e-01 1.501334e-01 9.033174e-03
<GCONST> 7.683704e+01
~h "eight"
<BEGINHMM>
<NUMSTATES> 5
<STATE> 2
<MEAN> 39
 -8.226604e+00 -2.474852e+00 -5.896339e+00 -1.854886e+01 2.408839e-02 -5.229561e+00 8.499663e-01 -6.550073e+00 -1.404607e+00 -7.371735e+00 -1.729802e+00 -5.840108e+00 1.749313e+01 -1.483383e-01 1.022599e+00 -7.557603e-02 -9.427677e-01 -7.473674e-02 -6.693912e-01 3.457539e-02 4.112191e-01 3.809531e-01 6.491811e-02 -1.174608e-01 -2.184564e-01 3.046212e-01 2.830523e-02 7.216730e-02 9.744875e-03 1.578928e-01 -5.453390e-02 -1.846488e-01 -8.565360e-02 -4.201935e-02 1.378647e-02 9.561393e-02 1.166602e-01 1.231946e-02 -2.053454e-02
<VARIANCE> 39
 7.981042e+00 2.138346e+01 1.988980e+01 3.161117e+01 4.119904e+01 2.250222e+01 2.666486e+01 2.291709e+01 3.068948e+01 2.249411e+01 2.471836e+01 2.520650e+01 3.170556e+00 3.322885e-01 7.112617e-01 6.304559e-01 1.338329e+00 1.184547e+00 1.370782e+00 1.434329e+00 9.803562e-01 1.300903e+00 1.147239e+00 1.141613e+00 9.438252e-01 1.034148e-01 3.995663e-02 7.894085e-02 7.511418e-02 1.872305e-01 1.336856e-01 1.604481e-01 1.449199e-01 1.666452e-01 2.243861e-01 1.560636e-01 1.666742e-01 1.441934e-01 1.216732e-02
<GCONST> 7.897500e+01
<STATE> 3
<MEAN> 39
 -8.357125e+00 6.272257e+00 -5.408128e+00 -1.824376e+01 -2.891191e+00 -1.472774e+01 -2.250425e+00 -6.927292e+00 2.992212e-01 -3.710176e+00 1.259329e+00 -5.327610e+00 1.847409e+01 1.523298e-01 2.238879e-01 2.284041e-01 9.551522e-01 6.657775e-02 -6.389253e-01 -5.983514e-01 -9.097735e-01 -5.335873e-01 1.361953e-01 3.645161e-01 2.394135e-01 -1.243610e-01 5.272773e-02 -3.503324e-01 1.514452e-02 1.453146e-01 9.307703e-02 3.712248e-01 6.226060e-02 -7.978664e-02 -1.684286e-01 -1.753531e-01 -1.087691e-01 7.523325e-03 -6.823450e-02
<VARIANCE> 39
 9.874571e+00 1.082440e+01 2.323487e+01 2.837037e+01 1.930948e+01 2.216906e+01 5.612191e+01 2.950002e+01 3.411246e+01 2.347879e+01 3.256326e+01 2.734728e+01 1.539022e+00 1.995017e-01 7.999209e-01 2.721567e-01 6.178036e-01 7.806408e-01 1.269049e+00 7.542760e-01 7.778981e-01 1.720072e+00 1.095895e+00 1.231659e+00 8.961449e-01 3.377558e-02 2.875279e-02 8.024992e-02 4.810785e-02 1.057006e-01 8.246670e-02 1.630032e-01 1.512489e-01 1.600620e-01 1.958546e-01 1.437755e-01 1.866158e-01 1.539482e-01 3.587332e-03
<GCONST> 7.127032e+01
<STATE> 4
<MEAN> 39
 -6.644263e+00 -5.898159e-01 -3.908276e+00 -1.153864e+01 -8.698216e-01 -1.013201e+01 -3.813490e+00 -1.167577e+01 -4.862334e+00 -6.203809e+00 5.682444e-01 -4.614915e+00 1.611152e+01 1.427573e-01 -1.986264e+00 -1.086263e-01 7.806325e-01 1.764164e-01 1.768845e+00 5.053800e-01 2.365852e-01 -1.272546e-01 -2.976235e-01 -8.435179e-02 1.016300e-01 -4.896326e-01 -1.059726e-01 5.183645e-02 -1.158017e-01 -1.675696e-01 -7.928145e-02 -4.168224e-03 1.648953e-01 2.523783e-01 2.376786e-01 1.237488e-01 5.996357e-02 -1.801767e-02 2.212160e-02
<VARIANCE> 39
 5.128717e+00 2.963813e+01 1.372911e+01 1.654089e+01 1.524164e+01 3.537357e+01 2.892262e+01 2.335375e+01 3.483274e+01 2.477067e+01 2.352224e+01 2.057535e+01 2.540463e+00 3.677927e-01 6.798880e-01 6.701691e-01 1.067820e+00 6.680362e-01 1.182912e+00 1.787066e+00 1.387769e+00 2.113652e+00 1.277009e+00 1.392021e+00 1.155359e+00 3.529672e-02 3.804409e-02 2.341764e-01 7.079650e-02 1.160254e-01 9.198120e-02 3.027737e-01 1.920953e-01 2.042160e-01 2.750852e-01 1.587865e-01 1.895027e-01 1.820982e-01 1.025752e-02
<GCONST> 7.846373e+01
<TRANSP> 5
 0.000000e+00 1.000000e+00 0.000000e+00 0.000000e+00 0.000000e+00
 0.000000e+00 8.792406e-01 1.207594e-01 0.000000e+00 0.000000e+00
 0.000000e+00 0.000000e+00 8.603964e-01 1.396036e-01 0.000000e+00
 0.000000e+00 0.000000e+00 0.000000e+00 7.980601e-01 2.019399e-01
 0.000000e+00 0.000000e+00 0.000000e+00 0.000000e+00 0.000000e+00
<ENDHMM>
~h "oh"
<BEGINHMM>
<NUMSTATES> 5
<STATE> 2
<MEAN> 39
 -4.367810e+00 -1.039355e+01 -8.433725e+00 -8.552900e+00 -2.570694e+00 -7.721218e+00 3.591104e+00 -7.350578e+00 -5.225675e+00 -7.155004e+00 -2.442008e+00 -5.325288e+00 1.780763e+01 5.482379e-01 -1.964107e-01 -6.013092e-01 1.534590e-01 8.123687e-02 -7.021594e-01 1.263399e-01 7.164440e-01 9.088050e-04 -4.216301e-01 -4.243418e-01 -1.478340e-01 3.567114e-01 1.043916e-02 1.011054e-01 1.778483e-03 -5.077477e-02 3.296738e-02 -1.119240e-02 -1.497705e-01 8.406071e-03 1.318960e-01 2.809861e-02 -1.252679e-02 -3.307132e-02 -2.096243e-02
<VARIANCE> 39
 8.878730e+00 1.220317e+01 1.620632e+01 1.726554e+01 2.245327e+01 2.464851e+01 3.043168e+01 6.422916e+01 3.806766e+01 3.398933e+01 2.716563e+01 3.095576e+01 3.070088e+00 3.010250e-01 5.749929e-01 6.368742e-01 6.416357e-01 6.892311e-01 9.294108e-01 1.329330e+00 1.774045e+00 1.557691e+00 1.267375e+00 1.246573e+00 1.048031e+00 9.506220e-02 4.044731e-02 6.367556e-02 7.537276e-02 7.903099e-02 9.137535e-02 1.293254e-01 1.542910e-01 2.144107e-01 1.852212e-01 1.981999e-01 1.849683e-01 1.390103e-01 1.357238e-02
<GCONST> 7.707323e+01
<STATE> 3
<MEAN> 39
 -5.299491e-01 -8.166993e+00 -1.327033e+01 -1.002328e+01 -6.940054e-01 -1.211202e+01 -9.737917e-01 -6.946218e-01 2.203830e-01 -8.137062e+00 -5.128944e+00 -6.589166e+00 1.904274e+01 2.202026e-01 4.068757e-01 -1.337321e-02 -3.525661e-01 -4.355736e-02 7.895087e-03 -6.804171e-01 -2.741835e-01 6.551568e-01 6.143788e-01 -1.427158e-02 -3.571257e-01 -1.091166e-02 -4.179101e-02 2.354436e-02 1.034156e-01 -1.987929e-02 -5.843282e-02 9.371901e-02 1.733872e-02 -1.561294e-01 -8.565859e-02 8.883031e-02 1.237234e-01 1.253444e-02 -2.533071e-02
<VARIANCE> 39
 6.124574e+00 8.466961e+00 1.487861e+01 1.477577e+01 1.901780e+01 2.204397e+01 4.218718e+01 2.884683e+01 3.906332e+01 3.616501e+01 3.201661e+01 3.988494e+01 1.216584e+00 8.114520e-02 1.379733e-01 2.684115e-01 2.776755e-01 3.891429e-01 5.138680e-01 7.169906e-01 1.020411e+00 7.372676e-01 8.483536e-01 8.147709e-01 6.960348e-01 1.321576e-02 1.116049e-02 1.428191e-02 3.340801e-02 3.318312e-02 4.650562e-02 6.845406e-02 7.880227e-02 9.614453e-02 1.061853e-01 1.011780e-01 9.193176e-02 8.865812e-02 1.192633e-03
<GCONST> 5.213304e+01
<STATE> 4
<MEAN> 39
 1.621377e-01 -3.641198e+00 -9.670143e+00 -1.345867e+01 -3.538981e+00 -1.011256e+01 -4.902488e+00 -7.519086e+00 8.017252e-01 -2.526640e+00 -1.868767e-01 -6.981734e+00 1.844282e+01 -3.794059e-01 2.657849e-01 8.538059e-01 1.917916e-01 -1.759512e-01 3.902459e-01 2.365936e-01 -5.439855e-01 -5.823764e-01 -1.277962e-01 4.892195e-01 4.283964e-01 -2.429335e-01 -1.364195e-01 -1.128321e-01 4.174030e-02 1.396743e-01 1.166654e-01 9.637371e-02 1.853609e-01 8.521929e-02 -9.667578e-02 -1.702959e-01 -7.058398e-02 7.907499e-02 -4.677871e-02
<VARIANCE> 39
 6.216207e+00 7.093739e+00 1.899863e+01 1.574953e+01 1.937750e+01 2.799527e+01 3.087792e+01 2.756270e+01 3.136811e+01 3.818947e+01 4.055204e+01 3.752493e+01 1.706981e+00 2.476283e-01 3.716846e-01 4.252143e-01 6.017842e-01 7.454391e-01 9.175351e-01 1.183548e+00 1.243668e+00 1.222895e+00 1.281106e+00 1.208914e+00 1.041829e+00 3.292673e-02 2.340046e-02 3.418632e-02 6.664526e-02 6.667115e-02 9.919046e-02 1.612939e-01 1.649146e-01 1.872544e-01 2.046222e-01 1.972761e-01 1.765875e-01 1.655512e-01 2.768546e-03
<GCONST> 6.989069e+01
<TRANSP> 5
 0.000000e+00 1.000000e+00 0.000000e+00 0.000000e+00 0.000000e+00
 0.000000e+00 8.823543e-01 1.176457e-01 0.000000e+00 0.000000e+00
 0.000000e+00 0.000000e+00 8.923665e-01 1.076335e-01 0.000000e+00
 0.000000e+00 0.000000e+00 0.000000e+00 8.584384e-01 1.415616e-01
 0.000000e+00 0.000000e+00 0.000000e+00 0.000000e+00 0.000000e+00
<ENDHMM>
~h "sp"
<BEGINHMM>
<NUMSTATES> 5
<STATE> 2
~s "silst"
<STATE> 3
<MEAN> 39
 -7.690156e+00 -6.479147e+00 -6.082177e+00 -9.731854e+00 -1.341516e+00 -4.091858e+00 -6.375853e-01 -8.584897e+00 -2.848640e+00 -5.628708e+00 9.425813e-01 -4.088983e+00 1.480189e+01 -9.095204e-02 -1.062460e-02 -1.031866e-01 -1.519517e-03 -2.713982e-02 2.656969e-02 -1.257852e-02 2.951225e-02 -2.753084e-03 1.875186e-02 3.393463e-02 3.649412e-02 -1.114105e-02 5.804511e-02 7.909173e-02 5.895609e-02 -9.156952e-03 -7.875318e-03 -5.146175e-02 -3.814157e-02 -1.627378e-02 -7.451636e-03 -1.489575e-02 -3.109095e-02 -3.051257e-02 4.244089e-02
<VARIANCE> 39
 5.218524e+00 5.796794e+00 8.410022e+00 1.001871e+01 1.424889e+01 1.535084e+01 1.536830e+01 1.664153e+01 1.759122e+01 1.629272e+01 1.597500e+01 1.379733e+01 1.094885e+00 1.523252e-01 2.284876e-01 3.508096e-01 4.280348e-01 5.677015e-01 6.763569e-01 6.506560e-01 7.129554e-01 7.347305e-01 6.580988e-01 6.510561e-01 5.683517e-01 6.680370e-03 3.235427e-02 5.224393e-02 7.070545e-02 9.039216e-02 1.140020e-01 1.419837e-01 1.308220e-01 1.430295e-01 1.464038e-01 1.241641e-01 1.242446e-01 1.140069e-01 3.982826e-03
<GCONST> 5.455998e+01
<STATE> 4
<MEAN> 39
 -8.608261e+00 -4.915448e+00 -6.439927e+00 -8.910752e+00 -2.034339e+00 -3.703073e+00 -1.068053e+00 -8.359879e+00 -2.900027e+00 -5.434879e+00 6.209446e-01 -4.068240e+00 1.505364e+01 2.209194e-01 2.034537e-01 5.306192e-02 -1.486873e-01 -1.130570e-01 -2.472181e-01 -6.307861e-02 7.795598e-02 -3.651281e-02 -4.928248e-02 -2.022974e-01 -5.746245e-02 2.045863e-01 2.177894e-01 1.530650e-02 6.094585e-02 -1.634984e-01 -1.095472e-01 -2.096534e-01 -1.106270e-02 1.585806e-02 8.243609e-03 -6.506778e-03 -1.054680e-01 -8.562457e-02 1.115547e-01
<VARIANCE> 39
 1.210854e+01 1.149899e+01 1.715849e+01 1.561682e+01 1.937633e+01 1.872493e+01 1.824291e+01 2.040534e+01 2.094118e+01 1.996199e+01 1.886031e+01 1.724203e+01 1.530700e+00 5.555851e-01 5.211433e-01 6.865003e-01 7.760612e-01 8.623798e-01 9.314779e-01 8.415269e-01 1.145491e+00 1.027422e+00 9.141654e-01 9.030685e-01 7.395284e-01 4.923350e-02 6.904829e-02 1.120362e-01 1.693262e-01 1.384149e-01 1.897761e-01 1.873301e-01 1.690233e-01 2.246505e-01 2.017322e-01 1.800197e-01 1.792193e-01 1.534747e-01 9.404207e-03
<GCONST> 7.386242e+01
<TRANSP> 5
 0.000000e+00 8.019489e-01 1.980511e-01 0.000000e+00 0.000000e+00
 0.000000e+00 7.891393e-01 2.108608e-01 0.000000e+00 0.000000e+00
 0.000000e+00 0.000000e+00 8.472632e-01 1.527368e-01 0.000000e+00
 0.000000e+00 0.000000e+00 0.000000e+00 5.534555e-01 4.465445e-01
 0.000000e+00 0.000000e+00 0.000000e+00 0.000000e+00 0.000000e+00
<ENDHMM>
~h "seven"
<BEGINHMM>
<NUMSTATES> 5
<STATE> 2
<MEAN> 39
 -7.848127e+00 -4.469182e+00 -6.248098e+00 -9.387991e+00 -3.351686e+00 -4.588770e+00 -6.152676e-01 -8.143368e+00 -2.486038e+00 -4.337310e+00 -3.840522e-01 -3.759831e+00 1.536612e+01 8.747022e-01 1.176092e-01 7.275355e-01 -1.340765e+00 -1.085252e+00 -8.973063e-01 9.238517e-01 -1.090330e-01 3.444973e-01 5.349733e-02 -7.667634e-01 -6.717113e-01 6.591213e-01 4.268886e-02 -9.715177e-02 -3.980878e-02 -2.781221e-01 -2.090175e-01 5.211883e-02 2.641167e-01 6.310020e-02 -2.549477e-03 -1.321427e-01 -1.744038e-01 -1.689744e-01 1.416319e-01
<VARIANCE> 39
 9.045374e+00 6.290714e+00 1.255206e+01 1.155190e+01 1.870214e+01 2.082852e+01 1.791504e+01 1.817303e+01 1.813508e+01 2.478745e+01 1.755175e+01 1.587957e+01 2.112360e+00 4.543751e-01 4.273565e-01 6.381074e-01 9.580148e-01 1.279367e+00 1.550511e+00 1.332494e+00 1.138741e+00 1.190804e+00 2.273271e+00 1.083653e+00 1.168501e+00 7.799541e-02 8.037248e-02 5.389904e-02 9.961120e-02 1.154952e-01 2.072452e-01 2.132720e-01 1.550839e-01 1.584627e-01 1.654672e-01 1.966626e-01 1.389276e-01 1.837398e-01 1.000917e-02
<GCONST> 7.415427e+01
<STATE> 3
<MEAN> 39
 -5.704035e+00 -7.398939e+00 -5.325162e+00 -1.616239e+01 -6.193137e+00 -4.469704e+00 4.953750e+00 -8.652374e+00 -2.683523e+00 -7.074811e+00 -4.137918e+00 -6.584279e+00 1.902518e+01 1.433448e-01 -2.931249e-01 7.330428e-02 1.209366e-01 2.270871e-02 -3.546686e-02 1.991816e-01 2.590980e-01 -3.272769e-01 -5.359258e-02 -1.032269e-02 -5.656686e-02 9.144352e-02 -2.563481e-02 9.499922e-02 3.143182e-02 3.133124e-01 1.493055e-01 -6.414093e-02 -2.764927e-01 4.587021e-02 -1.983600e-02 3.377658e-02 1.975071e-01 6.681970e-02 -1.344069e-01
<VARIANCE> 39
 9.532947e+00 1.219696e+01 9.032990e+00 1.767728e+01 4.770523e+01 3.857403e+01 3.183452e+01 3.889923e+01 4.815158e+01 5.815247e+01 3.321832e+01 3.260215e+01 1.205655e+00 4.036612e-01 5.782647e-01 4.484334e-01 1.374773e+00 1.505096e+00 1.590260e+00 1.645978e+00 1.075871e+00 1.302046e+00 1.740649e+00 1.745300e+00 1.242726e+00 1.841911e-01 8.168487e-02 8.746726e-02 9.072504e-02 1.102643e-01 2.628809e-01 2.662542e-01 1.740761e-01 1.623709e-01 2.062377e-01 2.429493e-01 2.304946e-01 1.885612e-01 5.630624e-03
<GCONST> 8.358296e+01
<STATE> 4
<MEAN> 39
 -3.228426e+00 -4.085567e+00 -1.990571e+00 -9.769217e+00 -3.909383e+00 -7.951875e+00 -5.418332e-01 -7.983575e+00 -3.952136e+00 -6.685102e+00 -1.651000e+00 -6.919988e+00 1.712752e+01 9.629726e-02 3.504180e-01 2.143651e-01 2.313639e-01 3.718372e-01 -1.124822e-02 -4.054501e-01 -3.363622e-01 3.691618e-02 -6.591041e-02 9.283073e-02 -4.227241e-03 -9.094382e-02 -4.219362e-02 -5.951561e-02 -5.553089e-02 -7.330194e-02 1.365944e-03 1.109712e-01 9.168368e-02 -3.917545e-02 3.353932e-03 1.002134e-03 -4.072244e-02 2.946062e-02 1.814627e-02
<VARIANCE> 39
 4.934655e+00 1.049335e+01 1.008650e+01 1.371378e+01 2.816535e+01 3.218594e+01 2.642337e+01 4.116086e+01 3.261805e+01 3.582689e+01 3.232374e+01 2.895898e+01 1.687016e+00 1.940315e-01 4.247454e-01 4.855595e-01 8.981836e-01 1.381512e+00 1.185541e+00 1.662711e+00 1.285173e+00 1.388862e+00 1.409718e+00 1.261369e+00 9.390686e-01 8.913165e-02 3.510243e-02 7.911027e-02 8.582515e-02 1.524288e-01 2.466008e-01 2.058640e-01 2.875385e-01 2.259791e-01 2.308432e-01 2.426513e-01 2.137884e-01 1.488538e-01 1.491886e-02
<GCONST> 7.866187e+01
<TRANSP> 5
 0.000000e+00 1.000000e+00 0.000000e+00 0.000000e+00 0.000000e+00
 0.000000e+00 7.182329e-01 2.817671e-01 0.000000e+00 0.000000e+00
 0.000000e+00 0.000000e+00 8.943824e-01 1.056176e-01 0.000000e+00
 0.000000e+00 0.000000e+00 0.000000e+00 9.319769e-01 6.802315e-02
 0.000000e+00 0.000000e+00 0.000000e+00 0.000000e+00 0.000000e+00
<ENDHMM>
~h "three"
<BEGINHMM>
<NUMSTATES> 5
<STATE> 2
<MEAN> 39
 -4.226709e+00 -6.145784e+00 -1.916586e+00 -9.270855e+00 -6.663594e+00 -1.007551e+01 -1.705281e+00 -8.238488e+00 -2.370066e+00 -5.626904e+00 -9.382021e-02 -5.038212e+00 1.664853e+01 8.562018e-01 -2.945098e-01 8.502877e-01 3.000736e-01 -1.755478e+00 -8.967201e-01 -9.135351e-02 -1.071925e-01 1.829889e-01 8.621275e-02 -9.378976e-02 -2.509957e-01 4.317962e-01 -5.875279e-02 -4.094984e-02 6.628964e-02 -1.243765e-01 -1.345705e-01 1.973667e-01 1.437584e-02 -6.207084e-02 1.050368e-01 4.872220e-02 3.523523e-02 -1.308869e-03 4.855230e-03
<VARIANCE> 39
 1.439953e+01 1.092430e+01 1.322061e+01 2.397318e+01 3.733002e+01 4.558132e+01 2.089116e+01 2.183034e+01 2.609894e+01 2.336474e+01 2.899386e+01 2.702906e+01 2.834583e+00 5.063744e-01 5.910162e-01 7.597238e-01 1.234797e+00 1.867826e+00 2.114120e+00 1.168226e+00 1.306335e+00 1.221920e+00 1.135160e+00 1.437648e+00 1.410063e+00 5.342272e-02 1.320629e-01 1.059330e-01 1.317606e-01 2.804974e-01 3.009439e-01 4.636096e-01 2.040205e-01 2.257869e-01 1.962181e-01 1.794098e-01 2.062023e-01 1.891336e-01 1.131589e-02
<GCONST> 8.511823e+01
<STATE> 3
<MEAN> 39
 -3.021605e+00 -7.023149e+00 4.771042e+00 -1.364468e+01 -1.630447e+01 -6.623846e+00 -3.956241e+00 -1.024810e+01 1.641685e+00 -4.826627e+00 7.775027e-01 -5.727980e+00 1.865883e+01 -7.022655e-01 1.116258e+00 6.335949e-01 -2.088584e+00 7.611223e-01 1.101906e+00 -1.504130e+00 2.968313e-01 3.806709e-01 -1.752778e-01 1.641218e-01 -1.234623e-01 1.034380e-01 -1.712229e-01 3.781947e-01 -3.572375e-01 -5.344690e-02 8.215198e-01 -2.931854e-01 -1.217652e-01 2.525652e-01 -2.770787e-01 -5.793971e-02 -1.180041e-02 4.225115e-02 -7.329704e-02
<VARIANCE> 39
 6.648927e+00 1.590807e+01 1.443631e+01 5.353346e+01 4.134033e+01 5.672519e+01 4.465216e+01 4.773195e+01 2.503426e+01 2.823795e+01 3.803384e+01 3.314108e+01 1.216027e+00 4.010093e-01 1.160883e+00 1.007380e+00 1.238983e+00 4.125606e+00 2.670029e+00 1.812014e+00 2.295505e+00 1.327585e+00 9.126181e-01 9.222714e-01 8.639139e-01 3.754033e-02 6.956171e-02 8.227404e-02 1.462200e-01 4.661498e-01 2.818384e-01 6.475354e-01 4.829912e-01 2.628762e-01 2.141980e-01 1.626994e-01 1.498631e-01 1.441844e-01 2.827531e-03
<GCONST> 8.759927e+01
<STATE> 4
<MEAN> 39
 -6.802264e+00 3.563763e+00 -7.613074e-01 -1.744062e+01 -2.199157e+00 -1.163227e+01 -6.556015e+00 -7.676149e+00 -3.013641e+00 -5.217294e+00 -1.233166e-01 -6.365983e+00 1.802191e+01 2.403902e-02 2.236992e-01 -6.506259e-01 7.451866e-01 7.668000e-01 -3.609988e-01 5.563942e-01 -1.568632e-01 -4.443625e-01 -1.281563e-02 -1.790246e-01 -3.662894e-03 -1.598032e-01 8.830494e-02 -3.048050e-01 3.369547e-02 1.995660e-01 -2.378595e-01 2.084732e-01 1.593066e-01 -8.789707e-02 9.363815e-02 -4.507606e-03 9.422797e-03 1.455440e-02 -2.864297e-02
<VARIANCE> 39
 7.460845e+00 1.749084e+01 1.980617e+01 3.187471e+01 2.716707e+01 3.013179e+01 5.060806e+01 4.852846e+01 3.373752e+01 3.945003e+01 4.200562e+01 3.628360e+01 1.556394e+00 2.971456e-01 1.692432e+00 6.527770e-01 1.089229e+00 1.853217e+00 2.290241e+00 1.422749e+00 1.688028e+00 1.288800e+00 1.208866e+00 8.199937e-01 8.667470e-01 2.437891e-02 3.891113e-02 9.316409e-02 9.077231e-02 2.192983e-01 1.797339e-01 2.294457e-01 2.841141e-01 2.457072e-01 1.813103e-01 1.612694e-01 1.346458e-01 1.307878e-01 2.435036e-03
<GCONST> 8.118036e+01
<TRANSP> 5
 0.000000e+00 1.000000e+00 0.000000e+00 0.000000e+00 0.000000e+00
 0.000000e+00 8.501208e-01 1.498792e-01 0.000000e+00 0.000000e+00
 0.000000e+00 0.000000e+00 8.166586e-01 1.833414e-01 0.000000e+00
 0.000000e+00 0.000000e+00 0.000000e+00 9.060922e-01 9.390785e-02
 0.000000e+00 0.000000e+00 0.000000e+00 0.000000e+00 0.000000e+00
<ENDHMM>
~h "one"
<BEGINHMM>
<NUMSTATES> 5
<STATE> 2
<MEAN> 39
 -6.237202e-01 -3.815552e+00 -9.267972e+00 -1.277802e+01 -1.611282e+00 -5.554557e+00 -2.023100e+00 -8.868055e+00 -2.709995e+00 -6.737617e+00 -1.540060e+00 -7.291612e+00 1.772049e+01 2.838489e-01 -4.004564e-01 -8.665639e-01 4.564675e-01 4.863246e-01 3.429170e-02 -2.952182e-01 2.286515e-01 2.027133e-01 -3.074772e-01 -3.883554e-01 -2.667726e-01 2.398087e-01 -1.163713e-01 -1.438088e-01 5.620782e-02 2.621291e-01 4.702155e-03 -1.176894e-01 -1.198633e-02 9.258881e-02 -1.198395e-02 -9.158257e-02 1.024013e-02 8.149321e-02 -2.045685e-02
<VARIANCE> 39
 7.883204e+00 9.335978e+00 2.893223e+01 2.292226e+01 2.859475e+01 2.531815e+01 2.291739e+01 2.064756e+01 2.829630e+01 2.398123e+01 2.967700e+01 2.863054e+01 2.326927e+00 4.585308e-01 8.060129e-01 8.765916e-01 2.252452e+00 1.370658e+00 1.449713e+00 1.267116e+00 1.070324e+00 1.134087e+00 1.029705e+00 1.098255e+00 1.043047e+00 4.757750e-02 4.608034e-02 6.246452e-02 1.899808e-01 2.180700e-01 2.631235e-01 2.509767e-01 2.382378e-01 1.814554e-01 2.010334e-01 1.704996e-01 1.892373e-01 1.835120e-01 5.101185e-03
<GCONST> 8.034352e+01
<STATE> 3
<MEAN> 39
 -2.419445e+00 -1.072135e+01 -1.078733e+01 -1.675670e+00 -5.830800e-01 -9.475219e+00 -2.306938e+00 -4.290984e+00 -3.647758e+00 -1.169040e+01 -2.333434e+00 -6.103888e+00 1.853791e+01 -6.060811e-01 -3.506772e-01 1.350798e+00 5.283487e-01 -1.351287e+00 -2.905519e-01 1.181969e+00 -1.254153e-01 -9.072537e-01 -6.199991e-02 5.752748e-01 1.025338e-01 -5.096763e-02 2.746735e-02 3.159117e-01 2.432984e-01 -5.813637e-01 -1.163405e-01 3.735372e-01 7.372034e-02 -4.318624e-01 1.307476e-02 3.728206e-01 3.544166e-02 -1.708099e-01 -2.965175e-02
<VARIANCE> 39
 6.229877e+00 9.701156e+00 1.896923e+01 2.364561e+01 2.751298e+01 1.740218e+01 3.816953e+01 3.204144e+01 4.644968e+01 3.758085e+01 3.399068e+01 3.354805e+01 1.541728e+00 1.558264e-01 5.314314e-01 6.058956e-01 1.872791e+00 7.350932e-01 1.758902e+00 1.005254e+00 2.268711e+00 1.191805e+00 1.885028e+00 1.034892e+00 1.294780e+00 8.567926e-03 2.421051e-02 5.265644e-02 1.020980e-01 1.218632e-01 2.944021e-01 1.535659e-01 3.848590e-01 1.801152e-01 3.384880e-01 2.037249e-01 2.674133e-01 1.705619e-01 8.597843e-04
<GCONST> 7.552306e+01
<STATE> 4
<MEAN> 39
 -4.039767e+00 -5.156582e+00 -1.557886e+00 -8.876774e+00 -3.787925e+00 -6.006476e+00 -1.902427e+00 -1.200300e+01 -4.611080e+00 -8.574920e+00 -2.649692e+00 -8.320368e+00 1.776250e+01 1.431122e-01 8.850537e-01 5.387906e-01 -6.455121e-01 4.190691e-01 -4.336209e-02 -5.782867e-01 -4.080472e-01 8.110470e-02 2.048580e-01 -1.556672e-01 6.718584e-02 -1.269659e-01 3.186978e-02 -8.099151e-02 -2.100173e-01 1.640813e-01 1.357770e-01 -5.021053e-02 -4.068219e-02 1.661904e-01 8.549711e-03 -1.112510e-01 2.395501e-02 7.763180e-02 -7.244644e-03
<VARIANCE> 39
 6.807695e+00 2.290098e+01 1.077187e+01 2.020351e+01 2.016113e+01 4.604977e+01 3.540699e+01 3.480493e+01 4.146852e+01 4.608658e+01 3.292274e+01 3.730064e+01 1.286253e+00 2.652170e-01 6.995514e-01 8.234511e-01 1.221359e+00 8.845786e-01 1.904675e+00 1.160733e+00 1.391142e+00 1.586810e+00 1.493279e+00 9.354050e-01 9.413700e-01 1.263459e-02 4.892877e-02 1.159028e-01 8.256722e-02 1.274974e-01 1.972253e-01 3.121628e-01 2.646999e-01 1.820470e-01 2.260142e-01 2.212741e-01 1.675689e-01 1.660043e-01 1.853888e-03
<GCONST> 7.825140e+01
<TRANSP> 5
 0.000000e+00 1.000000e+00 0.000000e+00 0.000000e+00 0.000000e+00
 0.000000e+00 8.987069e-01 1.012930e-01 0.000000e+00 0.000000e+00
 0.000000e+00 0.000000e+00 8.278672e-01 1.721328e-01 0.000000e+00
 0.000000e+00 0.000000e+00 0.000000e+00 8.915070e-01 1.084930e-01
 0.000000e+00 0.000000e+00 0.000000e+00 0.000000e+00 0.000000e+00
<ENDHMM>
~h "sil"
<BEGINHMM>
<NUMSTATES> 5
<STATE> 2
<MEAN> 39
 -6.746122e+00 -6.598532e+00 -4.950109e+00 -8.870287e+00 1.155597e-01 -3.328655e+00 1.116544e-01 -8.679979e+00 -2.693776e+00 -5.713997e+00 6.008808e-01 -4.307670e+00 1.464714e+01 -4.993634e-02 -8.669381e-03 -6.740194e-03 3.900318e-02 5.886757e-02 4.398288e-02 5.497101e-02 2.935832e-03 -1.729941e-02 1.663389e-02 1.315621e-02 4.088510e-03 -1.635897e-02 -3.263639e-02 -4.449229e-02 -9.003313e-02 -1.308649e-01 -1.342285e-01 -1.255141e-01 -5.657621e-02 3.912963e-03 -1.464301e-02 5.360659e-03 3.370106e-02 3.054207e-02 1.081497e-03
<VARIANCE> 39
 3.957230e+00 4.560151e+00 6.089590e+00 7.568727e+00 1.193510e+01 1.377627e+01 1.518328e+01 1.655072e+01 1.572262e+01 1.395114e+01 1.605971e+01 1.324966e+01 1.183375e+00 8.696233e-02 1.695032e-01 2.848102e-01 3.903298e-01 5.083805e-01 6.646290e-01 6.883072e-01 7.314088e-01 7.193464e-01 5.971651e-01 6.474167e-01 5.580018e-01 6.144674e-03 1.139076e-02 2.411037e-02 4.052334e-02 4.926466e-02 7.060198e-02 1.009093e-01 1.068927e-01 1.327759e-01 1.122122e-01 9.395152e-02 1.072265e-01 9.716459e-02 6.705959e-04
<GCONST> 4.476897e+01
<STATE> 3
~s "silst"
<STATE> 4
<MEAN> 39
 -7.496452e+00 -7.371168e+00 -6.521072e+00 -1.108152e+01 -1.973316e+00 -5.159361e+00 -7.768241e-01 -8.513227e+00 -2.626573e+00 -5.488272e+00 1.295721e+00 -3.911510e+00 1.448225e+01 7.421885e-04 1.075420e-02 -1.959645e-02 -2.147906e-02 -5.236808e-02 -2.531692e-02 -4.917077e-02 -6.117498e-03 -7.318663e-03 -1.245634e-02 -1.243469e-02 -8.381608e-03 2.419371e-04 3.283457e-02 5.262575e-02 8.467626e-02 1.117979e-01 1.101020e-01 1.012117e-01 4.154109e-02 2.600877e-03 1.403796e-02 -9.817995e-03 -3.976518e-02 -3.014402e-02 7.528747e-03
<VARIANCE> 39
 3.353176e+00 3.953263e+00 6.226914e+00 7.591766e+00 1.149952e+01 1.290542e+01 1.482794e+01 1.578352e+01 1.747912e+01 1.497355e+01 1.515293e+01 1.328507e+01 1.002953e+00 7.045760e-02 1.585902e-01 2.739342e-01 3.984279e-01 4.950218e-01 6.694934e-01 6.042066e-01 7.252014e-01 6.863431e-01 5.855359e-01 6.828272e-01 6.130307e-01 2.921889e-03 1.295642e-02 2.735328e-02 4.052966e-02 5.530151e-02 7.437699e-02 1.111466e-01 1.066701e-01 1.263895e-01 1.303507e-01 1.023588e-01 1.153925e-01 1.106637e-01 9.073602e-04
<GCONST> 4.436119e+01
<TRANSP> 5
 0.000000e+00 1.000000e+00 0.000000e+00 0.000000e+00 0.000000e+00
 0.000000e+00 7.355245e-01 2.768647e-02 2.367890e-01 0.000000e+00
 0.000000e+00 0.000000e+00 8.167932e-01 1.832069e-01 0.000000e+00
 0.000000e+00 1.598931e-01 0.000000e+00 7.795482e-01 6.055876e-02
 0.000000e+00 0.000000e+00 0.000000e+00 0.000000e+00 0.000000e+00
<ENDHMM>
~h "six"
<BEGINHMM>
<NUMSTATES> 5
<STATE> 2
<MEAN> 39
 -8.718176e+00 -4.285958e+00 -7.044971e+00 -8.697989e+00 -3.055720e+00 -4.168853e+00 -1.948924e+00 -8.221527e+00 -3.558414e+00 -4.045197e+00 1.326568e-01 -3.133405e+00 1.493170e+01 6.729861e-01 6.697063e-01 1.188242e+00 -1.353513e+00 -1.136253e+00 -1.193925e+00 3.789428e-02 -1.362925e-01 4.107178e-01 3.473141e-01 -5.092303e-01 -4.586669e-01 6.207736e-01 7.138037e-02 1.165267e-01 2.317193e-01 -4.783878e-01 -2.821841e-01 -1.765509e-01 4.226596e-02 7.287386e-02 2.017384e-01 3.275635e-03 -1.365044e-01 -2.336660e-01 1.463321e-01
<VARIANCE> 39
 7.362644e+00 7.744128e+00 1.262700e+01 1.144693e+01 1.876933e+01 1.964288e+01 1.509855e+01 1.825535e+01 1.997111e+01 2.922039e+01 1.912132e+01 1.703443e+01 1.836439e+00 3.597435e-01 4.701864e-01 8.861415e-01 1.167791e+00 1.077878e+00 1.327659e+00 9.913408e-01 8.066927e-01 1.409086e+00 2.221647e+00 1.071560e+00 1.310176e+00 7.922790e-02 6.177112e-02 5.635934e-02 1.163095e-01 9.734911e-02 2.023967e-01 2.061495e-01 1.475102e-01 1.761161e-01 1.853213e-01 2.370598e-01 1.705495e-01 1.688955e-01 8.590973e-03
<GCONST> 7.392555e+01
<STATE> 3
<MEAN> 39
 -6.467318e+00 -1.100492e+00 -8.589732e-01 -2.010484e+01 -7.865246e+00 -8.741172e+00 -2.435433e+00 -6.385459e+00 2.390225e-01 -3.791902e+00 -2.521205e+00 -7.318606e+00 1.832667e+01 2.521202e-02 -8.517015e-02 2.231991e-01 -2.857827e-01 3.712384e-01 2.093792e-01 -2.742791e-01 1.719876e-01 3.897725e-02 -1.952498e-01 1.691088e-01 4.758354e-03 -4.604270e-02 -5.703593e-02 -2.049510e-01 -2.667769e-01 4.863259e-01 2.879697e-01 2.218311e-01 6.779786e-02 -9.068959e-02 -1.460886e-01 -5.886749e-02 1.512615e-01 1.652840e-01 -1.668386e-01
<VARIANCE> 39
 7.689984e+00 9.736601e+00 1.660815e+01 2.317339e+01 5.842921e+01 3.109643e+01 3.716482e+01 2.459777e+01 3.462237e+01 5.835762e+01 3.540253e+01 3.739388e+01 1.434014e+00 3.501149e-01 6.537929e-01 1.077115e+00 3.232666e+00 2.404894e+00 1.767576e+00 1.734225e+00 1.340860e+00 1.888359e+00 2.010021e+00 1.867605e+00 1.899970e+00 2.948557e-01 6.814951e-02 6.604911e-02 1.607088e-01 2.264782e-01 3.057987e-01 3.192457e-01 3.830951e-01 2.242119e-01 2.867380e-01 3.401669e-01 2.633263e-01 2.552302e-01 1.166916e-02
<GCONST> 9.189572e+01
<STATE> 4
<MEAN> 39
 -6.558367e+00 -6.250087e+00 -4.685562e+00 -1.081676e+01 -9.999744e-01 -3.986372e+00 -1.437444e+00 -8.744798e+00 -2.155684e+00 -5.863643e+00 1.166358e+00 -4.219406e+00 1.475391e+01 -2.312413e-01 -9.112546e-01 -1.006743e+00 1.463344e+00 4.159624e-01 4.065438e-01 9.074405e-01 -4.597161e-01 -2.805148e-01 -4.326743e-02 2.015190e-01 2.973935e-01 -4.647458e-01 -1.055774e-01 1.688808e-01 2.080931e-01 -4.380137e-01 -3.791484e-01 -1.598671e-01 -8.436268e-02 1.721672e-01 1.160562e-01 1.041886e-01 -1.791509e-01 -1.437001e-01 1.500419e-01
<VARIANCE> 39
 3.279526e+00 5.451690e+00 9.435961e+00 1.109110e+01 1.464264e+01 1.559485e+01 1.946714e+01 1.859099e+01 1.683236e+01 1.702874e+01 1.861584e+01 1.490957e+01 1.492484e+00 2.653331e-01 4.857104e-01 8.957033e-01 1.310291e+00 2.112672e+00 1.652609e+00 1.602278e+00 1.247676e+00 1.214216e+00 1.200648e+00 1.175962e+00 1.023477e+00 7.928815e-02 3.867811e-02 6.529019e-02 1.381777e-01 1.471461e-01 2.332332e-01 1.807979e-01 2.657653e-01 1.918314e-01 1.854954e-01 1.733585e-01 1.976912e-01 1.826226e-01 5.794432e-03
<GCONST> 7.237158e+01
<TRANSP> 5
 0.000000e+00 1.000000e+00 0.000000e+00 0.000000e+00 0.000000e+00
 0.000000e+00 7.225334e-01 2.774666e-01 0.000000e+00 0.000000e+00
 0.000000e+00 0.000000e+00 8.893577e-01 1.106423e-01 0.000000e+00
 0.000000e+00 0.000000e+00 0.000000e+00 7.499130e-01 2.500870e-01
 0.000000e+00 0.000000e+00 0.000000e+00 0.000000e+00 0.000000e+00
<ENDHMM>
~h "two"
<BEGINHMM>
<NUMSTATES> 5
<STATE> 2
<MEAN> 39
 -1.091413e+01 -3.356991e+00 -6.735773e+00 -1.064606e+01 -1.001746e+00 -3.907142e+00 -1.921166e+00 -7.506215e+00 -2.326064e+00 -5.669868e+00 1.150386e+00 -3.358147e+00 1.504112e+01 4.856899e-01 6.203234e-01 9.891672e-01 -5.809345e-01 -2.754578e-01 -3.679017e-01 -4.652463e-01 -2.038585e-01 7.718800e-02 -4.785967e-02 -2.182867e-01 -3.543448e-01 3.213810e-01 2.903470e-01 6.914622e-02 2.860233e-01 -1.290883e-01 -2.093083e-01 -2.381520e-01 -1.183963e-01 -1.256637e-01 -2.502335e-02 2.483884e-03 -8.120444e-02 -1.709225e-01 9.359775e-02
<VARIANCE> 39
 8.846307e+00 8.278970e+00 1.248572e+01 1.218293e+01 1.842102e+01 2.266021e+01 1.907863e+01 2.099597e+01 2.129457e+01 2.375151e+01 2.461639e+01 1.963492e+01 9.028209e-01 1.378483e+00 5.558075e-01 1.298539e+00 8.279961e-01 1.339774e+00 1.281438e+00 9.894852e-01 1.190289e+00 1.167884e+00 1.288443e+00 1.855784e+00 1.100877e+00 7.204194e-02 1.277821e-01 1.088179e-01 1.325091e-01 1.305979e-01 2.284700e-01 1.993965e-01 1.753793e-01 2.217057e-01 2.270758e-01 2.008895e-01 3.575621e-01 1.582249e-01 7.820300e-03
<GCONST> 7.885100e+01
<STATE> 3
<MEAN> 39
 -4.612475e+00 1.257590e+00 1.859443e+00 -1.548288e+01 -6.907359e+00 -9.911702e+00 -6.694007e+00 -1.045586e+01 -2.430367e+00 -5.179830e+00 -1.107816e+00 -7.274473e+00 1.839577e+01 6.748276e-01 5.562841e-01 7.621655e-01 -5.570787e-01 -1.177795e+00 -1.121259e+00 -5.811883e-01 -2.924097e-01 -6.668718e-02 1.236281e-01 -2.278952e-01 -6.377054e-01 4.586046e-01 -2.522991e-01 -2.336781e-01 -4.284882e-01 2.968878e-01 2.682669e-01 2.297809e-01 2.359578e-01 1.481917e-01 -1.740660e-02 -7.837230e-03 1.523514e-01 1.815468e-01 -1.443078e-01
<VARIANCE> 39
 7.474790e+00 8.080568e+00 1.364094e+01 2.236088e+01 3.971995e+01 2.565866e+01 2.813284e+01 2.445300e+01 3.152514e+01 5.506107e+01 4.371540e+01 4.819628e+01 1.051138e+00 5.715410e-01 6.274651e-01 9.858136e-01 1.457202e+00 1.283924e+00 1.188603e+00 1.676307e+00 1.519730e+00 1.860453e+00 2.002475e+00 2.413274e+00 1.864967e+00 8.799464e-02 6.131489e-02 5.422005e-02 8.101109e-02 1.260216e-01 2.068678e-01 1.817995e-01 2.037946e-01 1.913278e-01 2.131712e-01 2.732757e-01 2.894436e-01 2.218995e-01 6.684854e-03
<GCONST> 8.379261e+01
<STATE> 4
<MEAN> 39
 -3.216424e+00 -8.386067e-02 -6.016834e-02 -1.356756e+01 -7.099535e+00 -1.161538e+01 -5.687437e+00 -9.674228e+00 -2.780100e+00 -5.380247e+00 -2.104171e-01 -7.620017e+00 1.823009e+01 1.646769e-01 -2.281529e-01 -2.466354e-01 5.370637e-01 3.444884e-01 9.488677e-02 1.077469e-01 -4.445065e-02 -1.743752e-01 -7.547452e-02 8.929519e-02 1.715522e-01 -1.233057e-01 -4.790125e-02 -4.177264e-02 -2.841613e-02 2.147480e-02 9.701460e-02 1.188810e-01 6.037253e-02 8.454517e-03 2.254424e-02 5.265919e-03 -3.422643e-03 4.814296e-02 -3.728085e-02
<VARIANCE> 39
 5.944718e+00 8.061493e+00 1.253239e+01 2.993475e+01 3.357677e+01 2.195588e+01 3.320491e+01 3.341299e+01 4.018982e+01 4.325719e+01 5.459726e+01 4.171507e+01 1.362891e+00 1.399619e-01 1.583305e-01 3.808399e-01 6.325738e-01 9.102310e-01 8.761390e-01 8.911722e-01 1.051249e+00 9.235653e-01 9.991292e-01 1.049834e+00 9.543802e-01 1.556240e-02 2.285138e-02 2.649956e-02 5.205673e-02 9.022496e-02 1.062888e-01 1.293339e-01 1.338101e-01 1.625974e-01 1.528367e-01 1.578146e-01 1.616452e-01 1.476503e-01 2.530972e-03
<GCONST> 6.650010e+01
<TRANSP> 5
 0.000000e+00 1.000000e+00 0.000000e+00 0.000000e+00 0.000000e+00
 0.000000e+00 8.225873e-01 1.774128e-01 0.000000e+00 0.000000e+00
 0.000000e+00 0.000000e+00 7.648984e-01 2.351017e-01 0.000000e+00
 0.000000e+00 0.000000e+00 0.000000e+00 9.044331e-01 9.556689e-02
 0.000000e+00 0.000000e+00 0.000000e+00 0.000000e+00 0.000000e+00
<ENDHMM>
~h "nine"
<BEGINHMM>
<NUMSTATES> 5
<STATE> 2
<MEAN> 39
 -4.472988e+00 -4.302553e+00 -2.068215e+00 -8.916312e+00 -2.989623e+00 -6.178671e+00 -1.503374e+00 -1.113030e+01 -5.017993e+00 -8.051617e+00 -2.913276e+00 -7.777012e+00 1.754108e+01 -1.368597e-01 -6.677997e-01 -2.232078e-01 4.923733e-01 -4.948522e-01 1.808618e-01 3.869728e-01 -1.996250e-01 -4.336854e-02 -1.559826e-01 -1.807091e-01 -1.412051e-01 2.484067e-01 -3.751394e-02 -1.262194e-01 -7.441384e-02 1.152467e-01 1.615254e-02 -7.269765e-03 3.810335e-02 2.973531e-02 8.910391e-03 3.775073e-03 7.666332e-02 3.468496e-02 -9.397852e-03
<VARIANCE> 39
 8.943975e+00 2.012739e+01 1.533690e+01 1.681044e+01 2.862106e+01 2.883121e+01 3.199485e+01 2.757308e+01 4.718305e+01 3.537310e+01 3.012214e+01 3.263460e+01 2.336969e+00 5.332381e-01 1.573840e+00 1.154189e+00 1.109233e+00 1.137099e+00 1.436606e+00 1.637502e+00 1.274946e+00 1.523138e+00 1.149410e+00 1.236599e+00 1.036751e+00 3.754311e-02 6.525464e-02 1.802114e-01 1.347249e-01 1.395540e-01 2.021759e-01 2.214952e-01 2.424003e-01 1.855914e-01 1.992773e-01 1.624440e-01 1.740442e-01 1.451363e-01 5.010457e-03
<GCONST> 8.287538e+01
<STATE> 3
<MEAN> 39
 -6.300468e+00 -1.165428e+01 -4.957821e+00 -2.542240e+00 -5.665630e+00 -5.391611e+00 1.783090e+00 -1.128907e+01 -5.653405e+00 -9.049564e+00 -1.627811e+00 -7.679952e+00 1.861952e+01 -1.090621e-01 7.326157e-02 2.332609e-01 -2.149823e-01 -4.164139e-02 2.093517e-01 -8.001952e-02 -9.872025e-02 1.788241e-01 6.611273e-02 -4.436127e-02 3.552865e-02 -2.021242e-02 -1.845560e-03 1.892451e-01 7.557022e-02 -2.469388e-01 3.596808e-02 7.691363e-02 -1.029134e-01 1.258148e-03 8.185916e-02 -7.518478e-03 -7.682121e-02 2.507525e-02 -1.447138e-02
<VARIANCE> 39
 7.212727e+00 8.486430e+00 2.459005e+01 3.153147e+01 1.883919e+01 3.047043e+01 3.086680e+01 3.413152e+01 4.324467e+01 4.179583e+01 2.810723e+01 3.035463e+01 1.013514e+00 8.177439e-02 3.361830e-01 4.043782e-01 1.057688e+00 4.693714e-01 6.158627e-01 5.292017e-01 5.021219e-01 6.216611e-01 6.537129e-01 6.637815e-01 5.270315e-01 4.643673e-03 1.068242e-02 2.954658e-02 3.971385e-02 5.313987e-02 7.016512e-02 6.674968e-02 7.305747e-02 7.783028e-02 8.021726e-02 8.610139e-02 7.693616e-02 7.808200e-02 3.940887e-04
<GCONST> 5.300267e+01
<STATE> 4
<MEAN> 39
 -6.038960e+00 -3.009663e+00 -1.564933e+00 -1.200344e+01 -1.847871e+00 -4.701043e+00 -3.376819e+00 -1.018193e+01 -2.867174e+00 -8.150778e+00 -3.062684e+00 -6.470550e+00 1.788035e+01 3.908984e-01 8.004640e-01 1.437831e-01 -2.546970e-01 5.240038e-01 -4.631222e-01 -4.377468e-01 2.997935e-01 -2.108552e-01 5.168650e-02 1.121107e-01 5.365366e-02 -1.247126e-01 2.990948e-02 -1.291606e-01 -4.388893e-02 2.230670e-01 -1.766597e-02 -5.531878e-02 1.076661e-01 -3.158241e-02 -1.007198e-01 2.604859e-02 8.143101e-02 -2.458673e-02 -1.126244e-02
<VARIANCE> 39
 1.182002e+01 1.932341e+01 1.207060e+01 2.336299e+01 3.498988e+01 3.419108e+01 3.275419e+01 2.983111e+01 4.876121e+01 3.959777e+01 3.865971e+01 4.291209e+01 1.066596e+00 3.981089e-01 9.561248e-01 5.676602e-01 1.861513e+00 1.351663e+00 1.364791e+00 1.376512e+00 1.292202e+00 1.647567e+00 1.163336e+00 1.072945e+00 1.013705e+00 1.014597e-02 6.103340e-02 9.684636e-02 8.763520e-02 1.546418e-01 1.913295e-01 2.437499e-01 1.799598e-01 1.985773e-01 2.346136e-01 1.960081e-01 1.749223e-01 1.431628e-01 1.160208e-03
<GCONST> 7.883252e+01
<TRANSP> 5
 0.000000e+00 1.000000e+00 0.000000e+00 0.000000e+00 0.000000e+00
 0.000000e+00 8.966083e-01 1.033917e-01 0.000000e+00 0.000000e+00
 0.000000e+00 0.000000e+00 9.119973e-01 8.800267e-02 0.000000e+00
 0.000000e+00 0.000000e+00 0.000000e+00 9.013577e-01 9.864228e-02
 0.000000e+00 0.000000e+00 0.000000e+00 0.000000e+00 0.000000e+00
<ENDHMM>
~h "five"
<BEGINHMM>
<NUMSTATES> 5
<STATE> 2
<MEAN> 39
 -4.270028e+00 -1.123234e+01 -9.968360e+00 -8.318893e+00 4.470760e-01 -8.042759e+00 3.518993e-01 -4.761724e+00 -5.185107e+00 -7.898921e+00 -1.732329e+00 -4.866686e+00 1.790211e+01 3.780488e-01 -1.167199e+00 -7.233713e-01 7.670593e-01 5.052103e-01 -6.465036e-01 3.228722e-01 4.128349e-01 -7.422322e-01 -2.295751e-01 -3.104265e-01 -9.800181e-03 5.668591e-01 -1.826930e-01 1.585945e-02 1.641028e-01 9.414563e-02 -9.737084e-03 9.815840e-02 3.088772e-02 -1.943689e-01 2.010078e-02 1.339344e-01 1.498975e-01 4.761579e-02 -6.854022e-02
<VARIANCE> 39
 1.107033e+01 1.970256e+01 2.368994e+01 1.661356e+01 1.885943e+01 2.070263e+01 2.504774e+01 5.109501e+01 3.210027e+01 2.786436e+01 2.492006e+01 1.984415e+01 4.506794e+00 7.750986e-01 5.635374e-01 1.159231e+00 9.105132e-01 7.888930e-01 9.843240e-01 9.760098e-01 2.277168e+00 1.718829e+00 1.713799e+00 1.355737e+00 1.023948e+00 1.220792e-01 9.697520e-02 1.349195e-01 1.819130e-01 1.229216e-01 1.354372e-01 1.455428e-01 1.546458e-01 3.032768e-01 2.732117e-01 1.950061e-01 1.794643e-01 1.403839e-01 2.904624e-02
<GCONST> 8.446602e+01
<STATE> 3
<MEAN> 39
 -5.812450e+00 -1.544656e+01 -8.539569e+00 -3.663863e+00 1.417884e+00 -9.145510e+00 2.527526e+00 -7.515866e+00 -7.219448e+00 -5.450910e+00 -4.791661e-01 -4.512914e+00 1.904600e+01 -1.659655e-01 8.728888e-02 4.910206e-01 -2.643194e-01 -2.719872e-01 4.395348e-01 6.740531e-02 -3.981874e-01 2.989017e-02 3.004481e-01 5.898206e-02 -8.294802e-02 -4.867698e-02 4.043071e-02 1.156371e-01 1.104255e-02 -1.972875e-01 -5.528521e-02 9.213928e-02 -2.918804e-02 2.611162e-02 5.739526e-02 -5.032851e-02 -7.708275e-02 -1.860740e-02 -1.513946e-02
<VARIANCE> 39
 9.175750e+00 9.401979e+00 2.489537e+01 2.085066e+01 1.877382e+01 2.320649e+01 1.754086e+01 3.920356e+01 4.724996e+01 4.452137e+01 2.691818e+01 2.550180e+01 1.361736e+00 8.847224e-02 1.564438e-01 2.709373e-01 6.485985e-01 5.027964e-01 5.580553e-01 5.013574e-01 4.972441e-01 6.166860e-01 5.783277e-01 5.741946e-01 4.756874e-01 5.887734e-03 1.178451e-02 2.440541e-02 3.049598e-02 4.847919e-02 5.136164e-02 5.181075e-02 5.725196e-02 6.465387e-02 8.670096e-02 8.483692e-02 6.719574e-02 7.055433e-02 9.197943e-04
<GCONST> 4.989219e+01
<STATE> 4
<MEAN> 39
 -5.683225e+00 -9.232798e+00 -3.862944e+00 -1.403186e+01 -3.351408e+00 -2.881073e+00 1.793722e+00 -8.356169e+00 -4.117297e+00 -5.274370e+00 -2.304675e+00 -5.556327e+00 1.827557e+01 2.185912e-01 1.202676e+00 3.719456e-01 -5.989361e-01 -3.919278e-01 -1.334960e-01 -3.206950e-01 2.608033e-01 5.411785e-01 -2.033034e-01 -5.062245e-02 -9.598185e-02 -2.497922e-01 -2.353726e-02 -3.062566e-02 -5.791038e-02 3.537059e-01 1.482380e-01 -1.720314e-01 -5.806385e-02 -2.214147e-02 -4.524476e-02 1.926231e-02 1.253207e-01 4.550479e-02 -4.993760e-02
<VARIANCE> 39
 7.897737e+00 2.330962e+01 1.233418e+01 3.101096e+01 4.242344e+01 2.018000e+01 2.475755e+01 3.621535e+01 5.215828e+01 2.807615e+01 2.673200e+01 3.030701e+01 1.822110e+00 2.111329e-01 5.087212e-01 5.739388e-01 2.686658e+00 1.439663e+00 1.594717e+00 9.757809e-01 1.316598e+00 1.659839e+00 1.339155e+00 1.278693e+00 9.342614e-01 4.281076e-02 4.432909e-02 9.822785e-02 7.745091e-02 2.334092e-01 2.347413e-01 2.382501e-01 1.683525e-01 2.245319e-01 2.202685e-01 1.818229e-01 2.044719e-01 1.668493e-01 4.278104e-03
<GCONST> 8.042738e+01
<TRANSP> 5
 0.000000e+00 1.000000e+00 0.000000e+00 0.000000e+00 0.000000e+00
 0.000000e+00 8.510132e-01 1.489867e-01 0.000000e+00 0.000000e+00
 0.000000e+00 0.000000e+00 9.131733e-01 8.682672e-02 0.000000e+00
 0.000000e+00 0.000000e+00 0.000000e+00 8.657268e-01 1.342732e-01
 0.000000e+00 0.000000e+00 0.000000e+00 0.000000e+00 0.000000e+00
<ENDHMM>
~h "four"
<BEGINHMM>
<NUMSTATES> 5
<STATE> 2
<MEAN> 39
 -6.821450e+00 -6.584115e+00 -5.518478e+00 -9.739985e+00 -1.564217e+00 -5.512674e+00 -1.170583e+00 -8.360311e+00 -2.007035e+00 -5.560832e+00 9.962794e-01 -4.261087e+00 1.533274e+01 1.543524e+00 5.272433e-01 -8.794446e-01 -8.320412e-01 -3.013148e-01 -5.285350e-01 -6.870617e-01 -1.857073e-01 1.980478e-01 2.007337e-01 -3.333625e-01 -4.796192e-01 6.333521e-01 3.557837e-01 1.278676e-01 -3.367109e-01 -3.176554e-01 -5.990288e-02 -1.144978e-02 -8.537323e-02 -2.169459e-02 3.301186e-03 5.499199e-02 -7.834667e-02 -1.309224e-01 1.449902e-01
<VARIANCE> 39
 7.271875e+00 5.357852e+00 5.465755e+00 7.746624e+00 1.000404e+01 1.240993e+01 1.456911e+01 1.371432e+01 1.608106e+01 1.351005e+01 1.598810e+01 1.215850e+01 1.693774e+00 5.353135e-01 4.295111e-01 6.164252e-01 7.476131e-01 7.047906e-01 9.054254e-01 7.528841e-01 8.193684e-01 9.968473e-01 1.069199e+00 1.511762e+00 1.206758e+00 6.147771e-02 6.564819e-02 5.369888e-02 6.064229e-02 8.252212e-02 1.009509e-01 1.529763e-01 1.209808e-01 1.530816e-01 1.403487e-01 1.608181e-01 1.989096e-01 1.872749e-01 6.868633e-03
<GCONST> 6.391446e+01
<STATE> 3
<MEAN> 39
 1.594301e+00 -3.477699e+00 -1.215370e+01 -1.704293e+01 -3.998509e+00 -6.187110e+00 -3.166005e+00 -8.953911e+00 -1.405237e+00 -3.864716e+00 4.263371e-01 -6.768472e+00 1.891115e+01 3.068610e-01 -1.834684e-01 -3.262422e-01 -4.097690e-02 7.261272e-02 -1.852650e-02 -2.200431e-01 1.730856e-01 3.510593e-01 9.333104e-02 -2.289973e-01 -2.208360e-01 1.439740e-01 -1.734367e-01 -1.540060e-01 1.491937e-01 2.353356e-01 3.845160e-02 -3.563233e-02 3.790515e-02 1.104260e-01 4.758636e-02 -8.477774e-02 -5.545660e-02 5.626073e-02 -6.749499e-02
<VARIANCE> 39
 4.138503e+00 1.026018e+01 9.647152e+00 1.374268e+01 2.441084e+01 1.713775e+01 1.852700e+01 1.712988e+01 2.358685e+01 2.477024e+01 3.803267e+01 3.752112e+01 1.089343e+00 5.278742e-01 7.279051e-01 6.877007e-01 1.215908e+00 9.698202e-01 7.723578e-01 9.087113e-01 9.558891e-01 1.310762e+00 1.175563e+00 1.338337e+00 1.243343e+00 9.367889e-02 4.943021e-02 4.568530e-02 9.580429e-02 8.028042e-02 1.354284e-01 1.432380e-01 1.556341e-01 1.408676e-01 1.812315e-01 1.916648e-01 1.991673e-01 1.866453e-01 7.193052e-03
<GCONST> 7.252674e+01
<STATE> 4
<MEAN> 39
 -3.119192e-01 -1.122260e+01 -7.822106e+00 -8.602984e+00 -5.450528e+00 -8.844569e+00 -2.153410e+00 -4.401947e+00 5.364746e-01 -7.578710e+00 -3.902765e+00 -7.394585e+00 1.852389e+01 -5.551365e-01 2.790116e-03 1.166675e+00 5.073510e-01 -5.406316e-01 4.304885e-02 6.493150e-01 -1.814637e-01 -6.658576e-01 -3.777770e-01 1.274946e-01 2.575530e-01 -2.091851e-01 -8.720872e-02 2.912193e-01 -8.948789e-03 -2.076051e-01 1.407863e-01 2.038910e-01 1.134459e-02 -2.303015e-01 -1.471791e-01 1.150264e-01 1.765379e-01 3.677090e-02 -5.125081e-02
<VARIANCE> 39
 6.983959e+00 1.460475e+01 2.914716e+01 1.886107e+01 4.672462e+01 3.832601e+01 3.530804e+01 3.978790e+01 4.543770e+01 3.476109e+01 3.470949e+01 3.192738e+01 1.588846e+00 2.219514e-01 1.556243e+00 6.919458e-01 1.649386e+00 2.180613e+00 2.156799e+00 1.608420e+00 2.581829e+00 1.830137e+00 1.714928e+00 1.797135e+00 1.097373e+00 4.285097e-02 2.919829e-02 9.966242e-02 1.909197e-01 1.716663e-01 4.373500e-01 3.069895e-01 3.553340e-01 3.443545e-01 3.793702e-01 2.814564e-01 3.061821e-01 2.176848e-01 3.179279e-03
<GCONST> 8.883914e+01
<TRANSP> 5
 0.000000e+00 1.000000e+00 0.000000e+00 0.000000e+00 0.000000e+00
 0.000000e+00 7.068710e-01 2.931290e-01 0.000000e+00 0.000000e+00
 0.000000e+00 0.000000e+00 9.184323e-01 8.156770e-02 0.000000e+00
 0.000000e+00 0.000000e+00 0.000000e+00 8.744888e-01 1.255112e-01
 0.000000e+00 0.000000e+00 0.000000e+00 0.000000e+00 0.000000e+00
<ENDHMM>
~h "zero"
<BEGINHMM>
<NUMSTATES> 5
<STATE> 2
<MEAN> 39
 -6.721039e+00 -1.939075e+00 -4.370295e+00 -7.760904e+00 -2.396860e+00 -4.864010e+00 -2.715344e+00 -8.919802e+00 -3.595046e+00 -4.281249e+00 2.400105e-01 -4.573837e+00 1.562164e+01 2.565522e-01 9.784102e-01 9.072846e-01 -1.054252e+00 -7.554697e-01 -1.284521e+00 -5.665277e-01 -5.398272e-01 3.113439e-01 2.933074e-01 -1.049962e-01 -2.328072e-01 4.543489e-01 2.665458e-02 7.911975e-02 1.552227e-01 -3.201357e-01 -1.529808e-01 -1.976953e-01 1.622620e-03 -1.303238e-02 1.518771e-01 -4.358556e-03 2.058734e-02 -8.161572e-02 8.047114e-02
<VARIANCE> 39
 7.233637e+00 1.124881e+01 1.572035e+01 1.471696e+01 2.186331e+01 2.273787e+01 1.922120e+01 2.059568e+01 3.007950e+01 2.525195e+01 2.274374e+01 2.068833e+01 1.589863e+00 3.703551e-01 5.072058e-01 8.403203e-01 1.055283e+00 9.008175e-01 1.429181e+00 9.749408e-01 1.218008e+00 1.376242e+00 9.883749e-01 1.195477e+00 1.504906e+00 6.272358e-02 5.588554e-02 1.069226e-01 1.352235e-01 1.127714e-01 1.318290e-01 2.228535e-01 1.527268e-01 1.962735e-01 1.709609e-01 1.537081e-01 1.821032e-01 1.730689e-01 8.335018e-03
<GCONST> 7.549676e+01
<STATE> 3
<MEAN> 39
 -5.531472e+00 1.513820e-01 1.009370e+00 -1.695788e+01 -8.052240e+00 -9.060685e+00 -4.525280e+00 -8.437033e+00 2.194484e-01 -3.775338e+00 1.722429e-01 -6.843335e+00 1.842837e+01 3.439136e-01 -7.772766e-01 4.129021e-01 -1.101468e-01 -1.079829e+00 2.749010e-01 2.386128e-01 1.936541e-01 3.045807e-01 -8.501487e-02 3.946595e-02 -1.153730e-01 1.575125e-01 5.176303e-02 -2.603590e-01 -1.768425e-01 3.691029e-01 2.582646e-02 1.211315e-01 1.938394e-01 5.686749e-02 -9.132829e-02 -4.097278e-02 -1.448021e-02 7.313162e-02 -6.349296e-02
<VARIANCE> 39
 7.479118e+00 2.185603e+01 1.735345e+01 2.642425e+01 6.072716e+01 4.174722e+01 3.228579e+01 4.430312e+01 3.081711e+01 3.001324e+01 3.434558e+01 5.082561e+01 1.079941e+00 4.416517e-01 1.586268e+00 8.087282e-01 2.644941e+00 1.735083e+00 2.492199e+00 1.721102e+00 1.437443e+00 1.333517e+00 1.163781e+00 1.095273e+00 1.309283e+00 6.029522e-02 5.079968e-02 1.164183e-01 1.254236e-01 1.808625e-01 2.513129e-01 4.151209e-01 2.247802e-01 2.468499e-01 2.104261e-01 1.725842e-01 1.710361e-01 2.160237e-01 4.588772e-03
<GCONST> 8.707687e+01
<STATE> 4
<MEAN> 39
 -1.572307e+00 -1.038919e+01 -4.555420e+00 -9.831117e+00 -9.482435e+00 -8.133787e+00 4.536080e-01 -4.098833e+00 -1.674665e-01 -6.721348e+00 -1.020125e+00 -5.704267e+00 1.852580e+01 6.642649e-02 4.500515e-02 -5.126290e-01 1.525138e-01 6.730790e-01 -1.652852e-01 -3.337429e-02 1.817406e-01 -7.928836e-02 -1.351333e-01 -8.765986e-02 -8.341491e-03 -6.059631e-02 -6.220948e-02 1.348380e-01 6.804156e-02 -8.039550e-02 8.347862e-02 5.197028e-02 -9.124987e-02 -8.408568e-02 -2.183023e-02 3.179250e-02 2.082424e-02 -6.980280e-03 -1.917168e-02
<VARIANCE> 39
 6.418890e+00 1.840093e+01 2.611606e+01 2.641031e+01 6.218216e+01 5.338069e+01 3.632840e+01 3.612157e+01 4.435229e+01 3.536790e+01 2.514741e+01 3.276410e+01 1.501864e+00 2.222283e-01 8.160095e-01 6.742710e-01 9.968243e-01 1.203824e+00 1.649418e+00 1.499808e+00 1.788473e+00 1.582912e+00 1.392793e+00 1.029025e+00 9.230350e-01 1.762814e-02 2.420139e-02 3.713469e-02 7.575504e-02 1.124130e-01 1.872224e-01 2.294679e-01 1.899544e-01 1.949909e-01 2.180853e-01 1.864508e-01 1.489379e-01 1.348754e-01 1.897089e-03
<GCONST> 7.741857e+01
<TRANSP> 5
 0.000000e+00 1.000000e+00 0.000000e+00 0.000000e+00 0.000000e+00
 0.000000e+00 7.657310e-01 2.342689e-01 0.000000e+00 0.000000e+00
 0.000000e+00 0.000000e+00 8.928481e-01 1.071519e-01 0.000000e+00
 0.000000e+00 0.000000e+00 0.000000e+00 9.408088e-01 5.919118e-02
 0.000000e+00 0.000000e+00 0.000000e+00 0.000000e+00 0.000000e+00
<ENDHMM>
