~o
<STREAMINFO> 1 39
<VECSIZE> 39<NULLD><MFCC_E_D_A><DIAGC>
~s "silst"
<MEAN> 39
 -5.089918e+00 -3.746637e+00 -3.213378e+00 -8.841726e+00 -1.244716e+00 -5.746525e+00 -1.823762e+00 -9.463243e+00 -3.498776e+00 -6.420360e+00 -3.616172e-01 -5.631773e+00 1.585385e+01 -6.631088e-01 -4.430372e-01 -4.523434e-01 1.671012e-01 3.060497e-01 7.052811e-01 3.753421e-01 1.104606e-01 1.450752e-01 1.511952e-01 3.338126e-01 3.710875e-01 -3.627536e-01 -2.655570e-02 -6.916019e-02 -1.090682e-01 -1.273844e-01 -9.649010e-02 -7.311356e-02 2.047374e-04 7.247377e-02 3.782051e-02 9.326488e-03 -1.500067e-02 3.986468e-03 2.679340e-02
<VARIANCE> 39
 1.122863e+01 1.072910e+01 1.343093e+01 1.340311e+01 2.076639e+01 2.465847e+01 2.381850e+01 2.472554e+01 2.788528e+01 2.726974e+01 2.578672e+01 2.355688e+01 2.022041e+00 3.749954e-01 7.430776e-01 8.192923e-01 8.113739e-01 1.144772e+00 1.289625e+00 1.255275e+00 1.300297e+00 1.408965e+00 1.271773e+00 1.245596e+00 1.114224e+00 5.123439e-02 6.989378e-02 1.004633e-01 1.068405e-01 1.139698e-01 1.562248e-01 2.204684e-01 1.943103e-01 1.871207e-01 2.096460e-01 1.843281e-01 1.820955e-01 1.530514e-01 9.221767e-03
<GCONST> 7.758926e+01
~h "eight"
<BEGINHMM>
<NUMSTATES> 5
<STATE> 2
<MEAN> 39
 -8.238712e+00 -2.993693e+00 -5.885226e+00 -1.822799e+01 2.110089e-01 -4.906166e+00 8.325937e-01 -6.813310e+00 -1.624863e+00 -7.443790e+00 -1.714146e+00 -5.721615e+00 1.740622e+01 -1.694605e-01 1.034828e+00 -9.569415e-02 -1.073578e+00 -5.089367e-02 -5.834985e-01 9.183067e-02 4.703562e-01 3.856131e-01 -1.050243e-02 -1.829899e-01 -2.425418e-01 3.343019e-01 2.897350e-02 8.973483e-02 5.164430e-03 1.402153e-01 -6.263012e-02 -1.923729e-01 -8.336207e-02 -1.756882e-02 2.598948e-02 9.253129e-02 1.133922e-01 -7.088027e-04 -1.716653e-02
<VARIANCE> 39
 7.939954e+00 2.034439e+01 1.878596e+01 3.167026e+01 4.184196e+01 2.220531e+01 2.469671e+01 2.264056e+01 3.069309e+01 2.349289e+01 2.465695e+01 2.550356e+01 3.279478e+00 3.465794e-01 7.509155e-01 6.574439e-01 1.286176e+00 1.207970e+00 1.362924e+00 1.443842e+00 9.981656e-01 1.350393e+00 1.119217e+00 1.070631e+00 9.609939e-01 1.025610e-01 4.200330e-02 8.031611e-02 7.528210e-02 1.954015e-01 1.375069e-01 1.691801e-01 1.485451e-01 1.685701e-01 2.269057e-01 1.638403e-01 1.703951e-01 1.470814e-01 1.303828e-02
<GCONST> 7.936024e+01
<STATE> 3
<MEAN> 39
 -8.394520e+00 5.771301e+00 -5.519224e+00 -1.924351e+01 -2.893334e+00 -1.374189e+01 -1.638338e+00 -5.947151e+00 7.448541e-01 -4.029690e+00 7.564617e-01 -5.693936e+00 1.854693e+01 1.001672e-01 5.036867e-01 2.027382e-01 8.253390e-01 -1.157526e-02 -9.375098e-01 -6.096350e-01 -8.100412e-01 -3.583156e-01 3.271873e-01 4.647292e-01 2.249719e-01 -7.165460e-02 4.940479e-02 -2.805568e-01 2.302342e-02 1.896345e-01 8.654043e-02 2.711761e-01 2.055797e-02 -1.588453e-01 -1.940122e-01 -1.393000e-01 -7.098799e-02 3.691695e-02 -6.157773e-02
<VARIANCE> 39
 1.001514e+01 1.133320e+01 2.487392e+01 2.641865e+01 2.101114e+01 2.371700e+01 5.644247e+01 2.709967e+01 2.949893e+01 2.181895e+01 3.273227e+01 2.502914e+01 1.477163e+00 1.826981e-01 5.046327e-01 2.620932e-01 6.264988e-01 8.219727e-01 1.014476e+00 7.515478e-01 8.256540e-01 1.768126e+00 1.022394e+00 1.190434e+00 8.480917e-01 2.538328e-02 2.770361e-02 7.067179e-02 4.949117e-02 9.902745e-02 8.105519e-02 1.527878e-01 1.404306e-01 1.337669e-01 1.674949e-01 1.386337e-01 1.858765e-01 1.361183e-01 3.380074e-03
<GCONST> 6.903541e+01
<STATE> 4
<MEAN> 39
 -6.984271e+00 1.127384e+00 -4.081494e+00 -1.221611e+01 -1.205380e+00 -1.173294e+01 -4.083780e+00 -1.160492e+01 -4.449601e+00 -5.780787e+00 8.147202e-01 -4.551624e+00 1.652463e+01 2.185484e-01 -1.854378e+00 6.601551e-04 8.879303e-01 2.211902e-01 1.602248e+00 3.188679e-01 -3.148444e-02 -3.293109e-01 -3.993078e-01 -1.453266e-01 9.685069e-02 -4.691759e-01 -7.001280e-02 -1.013440e-01 -9.851225e-02 -1.302951e-01 -4.588103e-02 1.612365e-01 1.929400e-01 2.729064e-01 2.061894e-01 6.422793e-02 2.204953e-02 -3.139582e-02 -6.718756e-03
<VARIANCE> 39
 6.055361e+00 3.354055e+01 1.485135e+01 1.934428e+01 1.615668e+01 3.814489e+01 3.284114e+01 2.463364e+01 3.948157e+01 2.741715e+01 2.595865e+01 2.419381e+01 2.806517e+00 3.507121e-01 7.456176e-01 6.176225e-01 1.035523e+00 6.513274e-01 1.246713e+00 1.757737e+00 1.481080e+00 2.021186e+00 1.219071e+00 1.376254e+00 1.140645e+00 3.566805e-02 4.192682e-02 2.584824e-01 6.970463e-02 1.185380e-01 9.772731e-02 3.261569e-01 1.808345e-01 1.961334e-01 2.998307e-01 1.796862e-01 1.979095e-01 1.935002e-01 1.053416e-02
<GCONST> 8.036947e+01
<TRANSP> 5
 0.000000e+00 1.000000e+00 0.000000e+00 0.000000e+00 0.000000e+00
 0.000000e+00 8.671842e-01 1.328158e-01 0.000000e+00 0.000000e+00
 0.000000e+00 0.000000e+00 8.556005e-01 1.443995e-01 0.000000e+00
 0.000000e+00 0.000000e+00 0.000000e+00 8.207175e-01 1.792826e-01
 0.000000e+00 0.000000e+00 0.000000e+00 0.000000e+00 0.000000e+00
<ENDHMM>
~h "oh"
<BEGINHMM>
<NUMSTATES> 5
<STATE> 2
<MEAN> 39
 -4.362282e+00 -1.037541e+01 -8.315031e+00 -8.583372e+00 -2.637901e+00 -7.656042e+00 3.581576e+00 -7.387139e+00 -5.242574e+00 -7.111501e+00 -2.442259e+00 -5.427505e+00 1.782038e+01 5.457780e-01 -2.057778e-01 -6.071232e-01 1.667581e-01 9.220687e-02 -6.957330e-01 1.441450e-01 7.355360e-01 -1.577524e-02 -4.301141e-01 -4.103889e-01 -1.512378e-01 3.514936e-01 9.980875e-03 1.038135e-01 2.194781e-03 -5.240574e-02 3.839132e-02 -1.050518e-02 -1.520194e-01 8.200575e-03 1.329626e-01 2.596335e-02 -9.828655e-03 -2.758088e-02 -2.159183e-02
<VARIANCE> 39
 8.672479e+00 1.233159e+01 1.668280e+01 1.819891e+01 2.297102e+01 2.454549e+01 3.069891e+01 6.479076e+01 3.832814e+01 3.402568e+01 2.704148e+01 3.145704e+01 3.000309e+00 2.968811e-01 5.784739e-01 6.302830e-01 6.400767e-01 6.848143e-01 9.311435e-01 1.330325e+00 1.788781e+00 1.556882e+00 1.261474e+00 1.250617e+00 1.052119e+00 9.579057e-02 3.983301e-02 6.283864e-02 7.489549e-02 7.975358e-02 9.165631e-02 1.299939e-01 1.557847e-01 2.153521e-01 1.871536e-01 1.964765e-01 1.842120e-01 1.402744e-01 1.332547e-02
<GCONST> 7.715232e+01
<STATE> 3
<MEAN> 39
 -5.710770e-01 -8.245584e+00 -1.317670e+01 -9.927610e+00 -7.010775e-01 -1.204487e+01 -8.012946e-01 -7.820190e-01 1.279292e-01 -8.232901e+00 -5.127892e+00 -6.598880e+00 1.903699e+01 2.232157e-01 4.045634e-01 -2.840140e-02 -3.470739e-01 -3.601793e-02 -4.318126e-03 -6.740972e-01 -2.444386e-01 6.657751e-01 6.030952e-01 -3.284763e-02 -3.512614e-01 -9.607323e-03 -4.124897e-02 2.441312e-02 1.011277e-01 -2.061966e-02 -5.720391e-02 9.291524e-02 1.146121e-02 -1.582130e-01 -8.106878e-02 9.178773e-02 1.210744e-01 1.122276e-02 -2.522017e-02
<VARIANCE> 39
 6.095709e+00 8.381557e+00 1.533125e+01 1.468930e+01 1.920507e+01 2.241372e+01 4.166436e+01 3.074001e+01 3.924589e+01 3.570789e+01 3.180193e+01 4.015322e+01 1.216608e+00 8.017292e-02 1.367631e-01 2.628130e-01 2.767643e-01 3.852960e-01 5.149134e-01 7.295412e-01 1.010447e+00 7.302235e-01 8.549646e-01 7.855912e-01 6.994835e-01 1.317020e-02 1.110928e-02 1.421631e-02 3.351616e-02 3.312476e-02 4.700135e-02 6.866352e-02 7.738918e-02 9.578785e-02 1.050017e-01 1.013335e-01 9.152234e-02 8.860300e-02 1.198640e-03
<GCONST> 5.210374e+01
<STATE> 4
<MEAN> 39
 1.785065e-01 -3.748630e+00 -9.931270e+00 -1.348461e+01 -3.320561e+00 -1.008036e+01 -4.949438e+00 -7.354296e+00 1.045487e+00 -2.363797e+00 -1.866066e-01 -7.007405e+00 1.844903e+01 -3.486117e-01 2.884268e-01 8.522310e-01 1.503799e-01 -2.189758e-01 3.724475e-01 2.095887e-01 -5.764439e-01 -5.864866e-01 -1.033233e-01 5.094616e-01 4.128281e-01 -2.308929e-01 -1.311161e-01 -1.055884e-01 5.185166e-02 1.419232e-01 1.060838e-01 8.457948e-02 1.855484e-01 8.506753e-02 -1.053139e-01 -1.823461e-01 -7.791455e-02 8.006390e-02 -4.430271e-02
<VARIANCE> 39
 6.297035e+00 7.045892e+00 1.859880e+01 1.557378e+01 1.892059e+01 2.848259e+01 3.126016e+01 2.745528e+01 3.058545e+01 3.710579e+01 3.966102e+01 3.647488e+01 1.764325e+00 2.388034e-01 3.547188e-01 4.247226e-01 5.884728e-01 6.861570e-01 8.703101e-01 1.175677e+00 1.224876e+00 1.194356e+00 1.307973e+00 1.201081e+00 1.026524e+00 3.051806e-02 2.295813e-02 3.296438e-02 6.557929e-02 6.526721e-02 9.790331e-02 1.570150e-01 1.653495e-01 1.871534e-01 2.026880e-01 1.904863e-01 1.711885e-01 1.630493e-01 2.734659e-03
<GCONST> 6.919643e+01
<TRANSP> 5
 0.000000e+00 1.000000e+00 0.000000e+00 0.000000e+00 0.000000e+00
 0.000000e+00 8.831064e-01 1.168936e-01 0.000000e+00 0.000000e+00
 0.000000e+00 0.000000e+00 8.921240e-01 1.078760e-01 0.000000e+00
 0.000000e+00 0.000000e+00 0.000000e+00 8.563598e-01 1.436402e-01
 0.000000e+00 0.000000e+00 0.000000e+00 0.000000e+00 0.000000e+00
<ENDHMM>
~h "sp"
<BEGINHMM>
<NUMSTATES> 5
<STATE> 2
~s "silst"
<STATE> 3
<MEAN> 39
 -7.708350e+00 -6.469113e+00 -6.099511e+00 -9.708375e+00 -1.336148e+00 -4.073194e+00 -6.403717e-01 -8.568818e+00 -2.839093e+00 -5.608951e+00 9.592912e-01 -4.088045e+00 1.480025e+01 -9.937893e-02 -1.706001e-02 -1.127021e-01 -4.791872e-03 -2.989997e-02 2.980543e-02 -7.023521e-03 3.468519e-02 2.667769e-03 2.034735e-02 3.497652e-02 4.004373e-02 -1.335643e-02 6.158315e-02 8.226655e-02 6.155726e-02 -1.160828e-02 -9.675383e-03 -5.698200e-02 -4.092212e-02 -1.853101e-02 -9.081922e-03 -1.633939e-02 -3.391948e-02 -3.263697e-02 4.433498e-02
<VARIANCE> 39
 5.210403e+00 5.822040e+00 8.396598e+00 1.001565e+01 1.421991e+01 1.534288e+01 1.548950e+01 1.658308e+01 1.761092e+01 1.637688e+01 1.594717e+01 1.373334e+01 1.090203e+00 1.563246e-01 2.342043e-01 3.576468e-01 4.287949e-01 5.677477e-01 6.773241e-01 6.520183e-01 7.196249e-01 7.408333e-01 6.605935e-01 6.516665e-01 5.698144e-01 7.404023e-03 3.310706e-02 5.308739e-02 7.098473e-02 9.043836e-02 1.140492e-01 1.431165e-01 1.321433e-01 1.439459e-01 1.466513e-01 1.252188e-01 1.243668e-01 1.146212e-01 4.112503e-03
<GCONST> 5.487807e+01
<STATE> 4
<MEAN> 39
 -8.560192e+00 -4.944865e+00 -6.283575e+00 -8.984304e+00 -2.037205e+00 -3.793069e+00 -1.059583e+00 -8.402089e+00 -2.900444e+00 -5.487092e+00 6.344682e-01 -4.038397e+00 1.505444e+01 2.954230e-01 1.769180e-01 1.098566e-01 -1.485357e-01 -2.032504e-01 -3.222335e-01 -7.146941e-02 7.129426e-02 -3.095437e-02 -5.126802e-02 -2.072195e-01 -8.661330e-02 2.261270e-01 2.175841e-01 4.149974e-03 6.136049e-02 -1.510145e-01 -1.358848e-01 -2.140403e-01 -1.929719e-03 1.870982e-02 7.730700e-03 -9.302997e-04 -1.030623e-01 -8.503394e-02 1.123270e-01
<VARIANCE> 39
 1.187777e+01 1.150465e+01 1.731035e+01 1.576061e+01 1.919739e+01 1.871441e+01 1.795119e+01 2.021933e+01 2.122939e+01 1.987045e+01 1.867661e+01 1.697852e+01 1.494245e+00 5.934131e-01 5.346530e-01 7.524762e-01 8.005366e-01 9.767898e-01 1.018109e+00 8.598725e-01 1.190613e+00 1.047096e+00 9.392167e-01 9.455842e-01 7.718044e-01 5.459989e-02 7.068778e-02 1.101676e-01 1.691468e-01 1.499619e-01 2.009193e-01 1.930697e-01 1.700560e-01 2.262591e-01 2.051954e-01 1.804036e-01 1.801742e-01 1.561034e-01 9.425702e-03
<GCONST> 7.474239e+01
<TRANSP> 5
 0.000000e+00 8.230705e-01 1.769295e-01 0.000000e+00 0.000000e+00
 0.000000e+00 7.937779e-01 2.062221e-01 0.000000e+00 0.000000e+00
 0.000000e+00 0.000000e+00 8.504128e-01 1.495871e-01 0.000000e+00
 0.000000e+00 0.000000e+00 0.000000e+00 5.838422e-01 4.161579e-01
 0.000000e+00 0.000000e+00 0.000000e+00 0.000000e+00 0.000000e+00
<ENDHMM>
~h "seven"
<BEGINHMM>
<NUMSTATES> 5
<STATE> 2
<MEAN> 39
 -6.690422e+00 -4.176900e+00 -5.293496e+00 -1.088986e+01 -5.067712e+00 -6.229851e+00 2.374626e-01 -8.091598e+00 -2.404617e+00 -3.749108e+00 -1.174562e+00 -4.548025e+00 1.610798e+01 8.284574e-01 7.751395e-03 6.211612e-01 -1.457420e+00 -1.199332e+00 -7.752710e-01 1.096370e+00 -5.383957e-03 2.697070e-01 -4.266892e-02 -8.762599e-01 -7.775008e-01 7.289460e-01 -7.716876e-02 -1.461651e-01 -1.473620e-01 -1.407530e-01 -3.790375e-02 2.080914e-01 1.792341e-01 5.848194e-02 -5.464682e-02 -1.907191e-01 -1.113633e-01 -8.477762e-02 7.639886e-02
<VARIANCE> 39
 1.147075e+01 6.158667e+00 1.233527e+01 1.711431e+01 2.873557e+01 2.915015e+01 2.231955e+01 2.110253e+01 1.885380e+01 3.425567e+01 2.056993e+01 1.971292e+01 3.322515e+00 4.722658e-01 4.883229e-01 6.788034e-01 9.548091e-01 1.331092e+00 1.667448e+00 1.448183e+00 1.298438e+00 1.384049e+00 2.313052e+00 1.133590e+00 1.345542e+00 5.928782e-02 9.389023e-02 5.409749e-02 1.048826e-01 1.493278e-01 2.677009e-01 2.349454e-01 1.634311e-01 1.460206e-01 1.541626e-01 2.068463e-01 1.416325e-01 1.914873e-01 2.079781e-02
<GCONST> 7.927094e+01
<STATE> 3
<MEAN> 39
 -5.936783e+00 -7.822425e+00 -5.565400e+00 -1.626372e+01 -5.705936e+00 -3.739309e+00 5.154603e+00 -8.793338e+00 -2.719532e+00 -7.568602e+00 -4.161054e+00 -6.533153e+00 1.909399e+01 9.554439e-02 -2.937915e-01 5.366439e-02 2.880083e-01 1.503280e-01 1.905114e-03 7.632390e-02 2.517114e-01 -3.608095e-01 -2.536484e-02 8.769070e-02 2.760279e-02 2.134872e-02 1.131397e-02 1.307080e-01 7.516756e-02 3.185124e-01 1.135097e-01 -1.357799e-01 -2.959002e-01 5.386518e-02 -2.238974e-04 6.906478e-02 2.083628e-01 5.303878e-02 -1.355575e-01
<VARIANCE> 39
 9.274965e+00 1.089860e+01 8.484673e+00 1.789763e+01 4.830243e+01 3.473658e+01 3.201070e+01 3.929793e+01 5.057251e+01 5.517240e+01 3.460583e+01 3.337790e+01 1.183465e+00 3.742842e-01 5.724933e-01 4.327123e-01 1.083651e+00 1.322143e+00 1.572582e+00 1.458967e+00 1.024217e+00 1.245780e+00 1.724409e+00 1.680950e+00 1.101772e+00 1.397821e-01 7.278652e-02 7.813878e-02 7.180982e-02 1.155825e-01 2.643137e-01 2.273559e-01 1.769936e-01 1.645650e-01 2.126628e-01 2.294382e-01 2.429484e-01 1.939536e-01 5.651688e-03
<GCONST> 8.172190e+01
<STATE> 4
<MEAN> 39
 -3.257665e+00 -4.145080e+00 -2.031836e+00 -9.791721e+00 -3.979353e+00 -7.917945e+00 -4.653160e-01 -7.890657e+00 -3.874447e+00 -6.629364e+00 -1.632254e+00 -6.952183e+00 1.713531e+01 1.043707e-01 3.689371e-01 2.317221e-01 2.363564e-01 3.783720e-01 -3.273422e-02 -4.282454e-01 -3.495347e-01 3.277401e-02 -6.856553e-02 8.103099e-02 -1.509054e-02 -8.884750e-02 -4.033258e-02 -5.814534e-02 -5.473547e-02 -7.411899e-02 2.498809e-03 1.100350e-01 9.050771e-02 -4.369212e-02 -1.476159e-03 -1.120097e-03 -4.316419e-02 3.176832e-02 1.965107e-02
<VARIANCE> 39
 4.911226e+00 1.048465e+01 9.981804e+00 1.377184e+01 2.814132e+01 3.250677e+01 2.625588e+01 4.101316e+01 3.219788e+01 3.553430e+01 3.233345e+01 2.879410e+01 1.693117e+00 1.925560e-01 4.169302e-01 4.796903e-01 9.122366e-01 1.392954e+00 1.175668e+00 1.653896e+00 1.274037e+00 1.393055e+00 1.392241e+00 1.267275e+00 9.356191e-01 9.001346e-02 3.499332e-02 7.904480e-02 8.631864e-02 1.531675e-01 2.488755e-01 2.059768e-01 2.860299e-01 2.272531e-01 2.303649e-01 2.393731e-01 2.144545e-01 1.483549e-01 1.493218e-02
<GCONST> 7.859232e+01
<TRANSP> 5
 0.000000e+00 1.000000e+00 0.000000e+00 0.000000e+00 0.000000e+00
 0.000000e+00 7.461659e-01 2.538341e-01 0.000000e+00 0.000000e+00
 0.000000e+00 0.000000e+00 8.833880e-01 1.166120e-01 0.000000e+00
 0.000000e+00 0.000000e+00 0.000000e+00 9.307177e-01 6.928229e-02
 0.000000e+00 0.000000e+00 0.000000e+00 0.000000e+00 0.000000e+00
<ENDHMM>
~h "three"
<BEGINHMM>
<NUMSTATES> 5
<STATE> 2
<MEAN> 39
 -3.078455e+00 -6.940579e+00 -3.548684e-01 -8.984364e+00 -1.035877e+01 -1.089263e+01 -1.256582e+00 -8.766317e+00 -1.817444e+00 -5.107882e+00 -2.455424e-01 -5.330646e+00 1.738664e+01 4.852965e-01 -1.457545e-01 9.492289e-01 -2.594464e-01 -1.591973e+00 -1.119822e-01 -2.420400e-01 -2.372122e-01 4.031362e-01 1.012792e-01 -3.505681e-02 -2.412588e-01 3.708611e-01 -1.768059e-01 1.159052e-01 7.338855e-03 -2.922146e-01 2.099678e-01 3.086324e-01 -1.613925e-01 1.310325e-02 8.372548e-02 -1.664965e-02 4.737159e-02 8.854567e-03 -3.117523e-02
<VARIANCE> 39
 1.168890e+01 1.268326e+01 1.680706e+01 2.986258e+01 5.280882e+01 4.902213e+01 2.345122e+01 2.630960e+01 2.820008e+01 2.592296e+01 3.398705e+01 3.193086e+01 2.756962e+00 7.834796e-01 6.848509e-01 8.024873e-01 2.084229e+00 1.923626e+00 3.466271e+00 1.416919e+00 1.553607e+00 1.259848e+00 1.074594e+00 1.378150e+00 1.286121e+00 6.032359e-02 1.136067e-01 1.462581e-01 1.332472e-01 3.010898e-01 4.690800e-01 4.275217e-01 2.913893e-01 2.397919e-01 1.936055e-01 1.819690e-01 1.986000e-01 1.941826e-01 1.000904e-02
<GCONST> 8.963528e+01
<STATE> 3
<MEAN> 39
 -5.052839e+00 -3.625922e+00 5.582636e+00 -1.898660e+01 -1.239461e+01 -4.195294e+00 -8.678981e+00 -8.725780e+00 1.903134e+00 -5.780103e+00 1.099072e+00 -5.944553e+00 1.865072e+01 -8.436307e-01 1.788211e+00 -2.639683e-01 -1.715586e+00 2.355725e+00 -1.291212e-01 -1.459315e+00 9.112732e-01 -4.171628e-01 -2.283459e-01 1.229765e-01 2.149674e-02 -2.167481e-02 4.279713e-02 1.239587e-01 -4.625004e-01 5.136371e-01 3.953286e-01 -6.707799e-01 4.268259e-01 5.830850e-02 -3.712007e-01 7.501407e-02 -5.799562e-02 3.774802e-02 -5.422695e-02
<VARIANCE> 39
 7.792675e+00 2.369905e+01 1.157931e+01 3.200414e+01 6.008627e+01 2.842581e+01 4.204658e+01 6.392702e+01 2.608488e+01 2.802063e+01 3.819263e+01 2.959622e+01 1.289879e+00 2.538238e-01 6.106151e-01 1.026561e+00 1.781849e+00 1.390601e+00 3.638458e+00 2.030845e+00 1.374791e+00 1.408705e+00 1.080473e+00 7.254910e-01 7.952229e-01 2.053297e-02 5.211003e-02 1.575798e-01 9.268396e-02 2.448968e-01 5.013752e-01 2.350861e-01 3.919237e-01 3.775910e-01 1.658000e-01 1.492313e-01 1.327607e-01 1.101227e-01 2.229726e-03
<GCONST> 8.273443e+01
<STATE> 4
<MEAN> 39
 -6.747069e+00 4.092680e+00 -1.720345e+00 -1.635817e+01 -1.328317e+00 -1.256713e+01 -5.464318e+00 -8.147326e+00 -3.433047e+00 -4.968733e+00 -2.617768e-01 -6.250364e+00 1.787012e+01 1.466398e-01 -8.887213e-02 -5.634984e-01 9.709847e-01 4.187534e-01 -1.279040e-01 7.106736e-01 -3.729886e-01 -3.090649e-01 -2.170691e-02 -1.989675e-01 2.326772e-03 -1.796102e-01 6.461442e-02 -3.143974e-01 9.443861e-02 8.292705e-02 -2.304648e-01 3.109375e-01 3.725665e-02 -3.380229e-02 1.386727e-01 -3.338714e-02 2.236807e-02 1.257818e-02 -2.592607e-02
<VARIANCE> 39
 7.447230e+00 1.524601e+01 1.624632e+01 3.040729e+01 2.261072e+01 2.548790e+01 4.760721e+01 4.508314e+01 3.213032e+01 4.073049e+01 4.082824e+01 3.688371e+01 1.619588e+00 2.185165e-01 1.351231e+00 6.425268e-01 8.470289e-01 1.207187e+00 2.046738e+00 1.288488e+00 1.478090e+00 1.223756e+00 1.179987e+00 8.505865e-01 8.674303e-01 2.466540e-02 3.732524e-02 9.134888e-02 7.185740e-02 1.618027e-01 1.832448e-01 1.715637e-01 2.116425e-01 2.211796e-01 1.727483e-01 1.652634e-01 1.335532e-01 1.303865e-01 2.675605e-03
<GCONST> 7.751048e+01
<TRANSP> 5
 0.000000e+00 1.000000e+00 0.000000e+00 0.000000e+00 0.000000e+00
 0.000000e+00 8.777413e-01 1.222587e-01 0.000000e+00 0.000000e+00
 0.000000e+00 0.000000e+00 7.879310e-01 2.120690e-01 0.000000e+00
 0.000000e+00 0.000000e+00 0.000000e+00 8.906120e-01 1.093880e-01
 0.000000e+00 0.000000e+00 0.000000e+00 0.000000e+00 0.000000e+00
<ENDHMM>
~h "one"
<BEGINHMM>
<NUMSTATES> 5
<STATE> 2
<MEAN> 39
 -5.669001e-01 -3.776060e+00 -9.275160e+00 -1.281730e+01 -1.657166e+00 -5.564171e+00 -2.021068e+00 -8.864879e+00 -2.706375e+00 -6.731460e+00 -1.545968e+00 -7.289124e+00 1.774614e+01 2.779613e-01 -4.051557e-01 -8.723572e-01 4.569375e-01 4.872889e-01 3.954743e-02 -2.917551e-01 2.270714e-01 2.034226e-01 -3.066687e-01 -3.900039e-01 -2.720053e-01 2.375166e-01 -1.190109e-01 -1.463053e-01 5.396497e-02 2.647611e-01 7.866440e-03 -1.161199e-01 -1.492928e-02 9.384748e-02 -1.091625e-02 -9.033504e-02 1.102406e-02 8.293734e-02 -2.101869e-02
<VARIANCE> 39
 7.569154e+00 9.248603e+00 2.887480e+01 2.285655e+01 2.889198e+01 2.533146e+01 2.281576e+01 2.064964e+01 2.828270e+01 2.394314e+01 2.967864e+01 2.876719e+01 2.269422e+00 4.574095e-01 7.997229e-01 8.722382e-01 2.245301e+00 1.372624e+00 1.442723e+00 1.267855e+00 1.065926e+00 1.134169e+00 1.021887e+00 1.095209e+00 1.044931e+00 4.811809e-02 4.480459e-02 6.132092e-02 1.908518e-01 2.174889e-01 2.627262e-01 2.524211e-01 2.367363e-01 1.810167e-01 2.006600e-01 1.693299e-01 1.888968e-01 1.838822e-01 5.004046e-03
<GCONST> 8.017331e+01
<STATE> 3
<MEAN> 39
 -2.365750e+00 -1.071516e+01 -1.090191e+01 -1.689128e+00 -4.439433e-01 -9.494527e+00 -2.447150e+00 -4.207373e+00 -3.535908e+00 -1.172777e+01 -2.378360e+00 -6.056081e+00 1.853595e+01 -6.083270e-01 -3.738329e-01 1.339237e+00 5.726148e-01 -1.353403e+00 -3.280556e-01 1.195623e+00 -8.907318e-02 -9.245174e-01 -9.233928e-02 5.861725e-01 1.197643e-01 -4.916885e-02 2.359094e-02 3.139448e-01 2.517701e-01 -5.823182e-01 -1.342570e-01 3.765872e-01 9.199943e-02 -4.376551e-01 -1.914902e-04 3.804809e-01 4.406003e-02 -1.767949e-01 -2.978553e-02
<VARIANCE> 39
 6.139058e+00 9.608069e+00 1.865671e+01 2.375530e+01 2.701209e+01 1.740458e+01 3.766975e+01 3.139140e+01 4.646103e+01 3.755371e+01 3.383816e+01 3.321772e+01 1.544225e+00 1.544824e-01 5.159975e-01 6.043823e-01 1.832207e+00 7.393504e-01 1.711978e+00 1.007581e+00 2.247591e+00 1.165846e+00 1.864544e+00 1.028614e+00 1.293529e+00 8.478293e-03 2.364903e-02 5.254922e-02 1.008237e-01 1.224776e-01 2.853292e-01 1.528461e-01 3.760081e-01 1.782075e-01 3.358946e-01 2.003736e-01 2.674350e-01 1.680969e-01 8.554292e-04
<GCONST> 7.513347e+01
<STATE> 4
<MEAN> 39
 -4.105384e+00 -5.414939e+00 -1.636384e+00 -8.752608e+00 -4.064976e+00 -5.855838e+00 -1.671937e+00 -1.194591e+01 -4.645970e+00 -8.684999e+00 -2.577091e+00 -8.293578e+00 1.778415e+01 1.510072e-01 9.693966e-01 6.238970e-01 -7.276055e-01 4.267573e-01 -6.544366e-02 -6.297260e-01 -4.443530e-01 8.179785e-02 2.297051e-01 -1.766228e-01 5.027170e-02 -1.278756e-01 4.421251e-02 -6.871253e-02 -2.142939e-01 1.672353e-01 1.609677e-01 -6.842245e-02 -6.792936e-02 1.652344e-01 1.350647e-02 -1.166027e-01 1.017003e-02 7.498746e-02 -5.521698e-03
<VARIANCE> 39
 6.946995e+00 2.328694e+01 1.104401e+01 2.142842e+01 1.960982e+01 4.664695e+01 3.616168e+01 3.531748e+01 4.120671e+01 4.573265e+01 3.327673e+01 3.777513e+01 1.325348e+00 2.764302e-01 6.149662e-01 8.082874e-01 1.205955e+00 9.140219e-01 1.966742e+00 1.137594e+00 1.443995e+00 1.607422e+00 1.540482e+00 9.442928e-01 9.591004e-01 1.267390e-02 4.883281e-02 1.199525e-01 8.185884e-02 1.338976e-01 2.006680e-01 3.081909e-01 2.740880e-01 1.857794e-01 2.301524e-01 2.256856e-01 1.685942e-01 1.675458e-01 1.604593e-03
<GCONST> 7.851197e+01
<TRANSP> 5
 0.000000e+00 1.000000e+00 0.000000e+00 0.000000e+00 0.000000e+00
 0.000000e+00 8.982878e-01 1.017122e-01 0.000000e+00 0.000000e+00
 0.000000e+00 0.000000e+00 8.248951e-01 1.751049e-01 0.000000e+00
 0.000000e+00 0.000000e+00 0.000000e+00 8.843567e-01 1.156433e-01
 0.000000e+00 0.000000e+00 0.000000e+00 0.000000e+00 0.000000e+00
<ENDHMM>
~h "sil"
<BEGINHMM>
<NUMSTATES> 5
<STATE> 2
<MEAN> 39
 -6.782268e+00 -6.747736e+00 -5.112070e+00 -9.110586e+00 -1.239833e-02 -3.380751e+00 1.750689e-01 -8.539145e+00 -2.614599e+00 -5.765480e+00 5.601701e-01 -4.304118e+00 1.461629e+01 -3.779348e-02 -2.446776e-03 -3.161358e-03 3.297492e-02 4.098158e-02 2.646104e-02 4.853647e-02 4.048754e-03 -1.799648e-02 5.881064e-03 1.560471e-02 1.233080e-02 -1.229564e-02 -2.591544e-02 -3.350428e-02 -7.336713e-02 -1.087441e-01 -1.195299e-01 -1.170285e-01 -6.152090e-02 -8.431136e-03 -2.209015e-02 1.050680e-02 3.730036e-02 3.003381e-02 1.899501e-03
<VARIANCE> 39
 3.613575e+00 4.344357e+00 5.997328e+00 7.598413e+00 1.193844e+01 1.364892e+01 1.466467e+01 1.632637e+01 1.575610e+01 1.373829e+01 1.579029e+01 1.311408e+01 1.166019e+00 7.819801e-02 1.587053e-01 2.706702e-01 3.724809e-01 4.934345e-01 6.559799e-01 6.802241e-01 7.129431e-01 6.937755e-01 5.751797e-01 6.355088e-01 5.631666e-01 5.005464e-03 1.092904e-02 2.403164e-02 4.038263e-02 5.007639e-02 7.045381e-02 1.014312e-01 1.067942e-01 1.303768e-01 1.117741e-01 9.224247e-02 1.051558e-01 9.906535e-02 6.344901e-04
<GCONST> 4.374180e+01
<STATE> 3
~s "silst"
<STATE> 4
<MEAN> 39
 -7.601748e+00 -7.341013e+00 -6.611869e+00 -1.117337e+01 -2.176853e+00 -5.396959e+00 -9.992771e-01 -8.640154e+00 -2.700815e+00 -5.400373e+00 1.454293e+00 -3.843255e+00 1.448348e+01 -3.211437e-03 7.325690e-03 -2.722210e-02 -2.834870e-02 -5.353544e-02 -2.048301e-02 -6.048929e-02 -7.276786e-03 -3.220341e-03 -6.304886e-03 -2.016039e-02 -1.929339e-02 -4.136800e-05 3.848413e-02 5.815784e-02 9.545423e-02 1.262381e-01 1.326054e-01 1.262622e-01 6.171629e-02 1.539442e-02 2.605783e-02 -1.740480e-02 -5.624586e-02 -4.030441e-02 8.680336e-03
<VARIANCE> 39
 3.527340e+00 4.156948e+00 6.412214e+00 7.839013e+00 1.126501e+01 1.258411e+01 1.497825e+01 1.594967e+01 1.768842e+01 1.533011e+01 1.513360e+01 1.340464e+01 9.979096e-01 7.733242e-02 1.685640e-01 2.882355e-01 4.167278e-01 5.055652e-01 6.763274e-01 5.957096e-01 7.426658e-01 7.102507e-01 6.074499e-01 7.004128e-01 6.126227e-01 3.260298e-03 1.434663e-02 2.893380e-02 4.218137e-02 5.706788e-02 7.306504e-02 1.086177e-01 1.040515e-01 1.281900e-01 1.331533e-01 1.059681e-01 1.175608e-01 1.099770e-01 1.097643e-03
<GCONST> 4.546902e+01
<TRANSP> 5
 0.000000e+00 1.000000e+00 0.000000e+00 0.000000e+00 0.000000e+00
 0.000000e+00 7.693868e-01 2.421304e-02 2.064002e-01 0.000000e+00
 0.000000e+00 0.000000e+00 8.272979e-01 1.727021e-01 0.000000e+00
 0.000000e+00 1.875060e-01 0.000000e+00 7.427031e-01 6.979087e-02
 0.000000e+00 0.000000e+00 0.000000e+00 0.000000e+00 0.000000e+00
<ENDHMM>
~h "six"
<BEGINHMM>
<NUMSTATES> 5
<STATE> 2
<MEAN> 39
 -8.679912e+00 -4.256416e+00 -6.983984e+00 -8.736012e+00 -3.099554e+00 -4.239741e+00 -1.959240e+00 -8.232471e+00 -3.552098e+00 -4.004000e+00 1.234367e-01 -3.143779e+00 1.495415e+01 6.799985e-01 6.799859e-01 1.202697e+00 -1.383658e+00 -1.158954e+00 -1.213356e+00 4.126412e-02 -1.332054e-01 4.218678e-01 3.496316e-01 -5.179014e-01 -4.742141e-01 6.307117e-01 6.641532e-02 1.147715e-01 2.261641e-01 -4.788952e-01 -2.789194e-01 -1.687716e-01 4.337576e-02 7.617895e-02 2.042279e-01 2.042083e-04 -1.367359e-01 -2.382017e-01 1.448841e-01
<VARIANCE> 39
 7.484017e+00 7.800705e+00 1.269651e+01 1.147746e+01 1.902676e+01 2.003397e+01 1.518861e+01 1.806096e+01 2.004165e+01 2.966819e+01 1.917807e+01 1.709369e+01 1.869920e+00 3.583117e-01 4.709605e-01 8.830609e-01 1.147489e+00 1.075044e+00 1.323702e+00 1.004726e+00 8.105257e-01 1.419296e+00 2.238852e+00 1.075889e+00 1.324013e+00 7.663332e-02 6.202736e-02 5.631084e-02 1.155173e-01 9.798793e-02 2.033045e-01 2.091844e-01 1.477593e-01 1.767449e-01 1.849897e-01 2.379499e-01 1.708943e-01 1.682775e-01 8.872832e-03
<GCONST> 7.407440e+01
<STATE> 3
<MEAN> 39
 -6.471066e+00 -1.099797e+00 -8.568277e-01 -2.012213e+01 -7.860591e+00 -8.735218e+00 -2.436850e+00 -6.380080e+00 2.469660e-01 -3.795365e+00 -2.524646e+00 -7.321969e+00 1.832909e+01 2.404232e-02 -8.691513e-02 2.207836e-01 -2.815182e-01 3.756320e-01 2.133034e-01 -2.750618e-01 1.720195e-01 3.736285e-02 -1.962570e-01 1.703441e-01 7.324171e-03 -4.787489e-02 -5.673131e-02 -2.052587e-01 -2.669577e-01 4.876985e-01 2.882228e-01 2.211743e-01 6.798142e-02 -9.109858e-02 -1.467258e-01 -5.877024e-02 1.516143e-01 1.659959e-01 -1.670696e-01
<VARIANCE> 39
 7.692249e+00 9.748434e+00 1.663078e+01 2.305190e+01 5.851096e+01 3.110813e+01 3.719629e+01 2.460449e+01 3.462991e+01 5.833656e+01 3.543140e+01 3.743288e+01 1.432368e+00 3.495606e-01 6.525410e-01 1.075477e+00 3.229232e+00 2.396751e+00 1.760407e+00 1.734459e+00 1.341361e+00 1.887716e+00 2.010878e+00 1.867427e+00 1.896968e+00 2.937290e-01 6.820180e-02 6.607131e-02 1.609383e-01 2.258681e-01 3.062022e-01 3.193586e-01 3.836239e-01 2.241259e-01 2.868587e-01 3.401674e-01 2.636423e-01 2.553185e-01 1.166296e-02
<GCONST> 9.188228e+01
<STATE> 4
<MEAN> 39
 -6.563040e+00 -6.248982e+00 -4.680995e+00 -1.081203e+01 -1.002066e+00 -3.978360e+00 -1.435181e+00 -8.753539e+00 -2.164082e+00 -5.868269e+00 1.163925e+00 -4.220349e+00 1.475296e+01 -2.336762e-01 -9.109426e-01 -1.005282e+00 1.461798e+00 4.137003e-01 4.083790e-01 9.076011e-01 -4.570594e-01 -2.820653e-01 -4.060441e-02 2.005886e-01 2.987618e-01 -4.644925e-01 -1.053182e-01 1.689822e-01 2.071835e-01 -4.381350e-01 -3.787633e-01 -1.607805e-01 -8.522782e-02 1.721657e-01 1.161362e-01 1.035716e-01 -1.795297e-01 -1.430260e-01 1.499698e-01
<VARIANCE> 39
 3.291981e+00 5.441844e+00 9.444870e+00 1.107001e+01 1.463857e+01 1.564794e+01 1.950490e+01 1.858256e+01 1.687940e+01 1.706189e+01 1.862002e+01 1.491699e+01 1.491378e+00 2.674242e-01 4.867679e-01 8.965690e-01 1.309566e+00 2.110359e+00 1.651572e+00 1.602815e+00 1.249541e+00 1.214211e+00 1.204819e+00 1.177931e+00 1.023264e+00 7.935078e-02 3.887777e-02 6.515351e-02 1.378391e-01 1.468785e-01 2.331735e-01 1.805154e-01 2.655395e-01 1.923874e-01 1.854632e-01 1.735270e-01 1.976894e-01 1.825141e-01 5.796145e-03
<GCONST> 7.239771e+01
<TRANSP> 5
 0.000000e+00 1.000000e+00 0.000000e+00 0.000000e+00 0.000000e+00
 0.000000e+00 7.180299e-01 2.819701e-01 0.000000e+00 0.000000e+00
 0.000000e+00 0.000000e+00 8.891342e-01 1.108657e-01 0.000000e+00
 0.000000e+00 0.000000e+00 0.000000e+00 7.504494e-01 2.495506e-01
 0.000000e+00 0.000000e+00 0.000000e+00 0.000000e+00 0.000000e+00
<ENDHMM>
~h "two"
<BEGINHMM>
<NUMSTATES> 5
<STATE> 2
<MEAN> 39
 -1.096262e+01 -3.265547e+00 -6.729216e+00 -1.062241e+01 -9.822912e-01 -3.866844e+00 -1.963475e+00 -7.510546e+00 -2.327322e+00 -5.682286e+00 1.128783e+00 -3.371320e+00 1.506378e+01 5.037183e-01 6.190605e-01 1.012149e+00 -5.876428e-01 -2.654684e-01 -3.629893e-01 -4.639359e-01 -2.121184e-01 7.139184e-02 -5.557254e-02 -2.291970e-01 -3.611462e-01 3.240124e-01 2.971902e-01 6.341495e-02 2.882361e-01 -1.311052e-01 -2.107605e-01 -2.425213e-01 -1.183294e-01 -1.268212e-01 -2.628024e-02 2.872928e-03 -7.878437e-02 -1.699739e-01 9.363352e-02
<VARIANCE> 39
 8.835087e+00 8.092757e+00 1.269061e+01 1.231801e+01 1.844345e+01 2.275038e+01 1.920825e+01 2.114092e+01 2.142212e+01 2.398479e+01 2.471920e+01 1.984702e+01 9.023096e-01 1.370320e+00 5.609012e-01 1.278225e+00 8.301048e-01 1.349886e+00 1.288298e+00 9.887001e-01 1.190985e+00 1.170938e+00 1.293106e+00 1.873939e+00 1.105041e+00 7.280035e-02 1.263620e-01 1.095229e-01 1.342839e-01 1.306326e-01 2.280075e-01 1.981904e-01 1.759850e-01 2.235676e-01 2.273070e-01 2.031451e-01 3.597108e-01 1.594761e-01 7.855709e-03
<GCONST> 7.897915e+01
<STATE> 3
<MEAN> 39
 -4.601995e+00 1.269331e+00 1.860719e+00 -1.552015e+01 -6.950343e+00 -9.942487e+00 -6.700539e+00 -1.043938e+01 -2.408360e+00 -5.176583e+00 -1.124197e+00 -7.306713e+00 1.840657e+01 6.638938e-01 5.437762e-01 7.429359e-01 -5.414735e-01 -1.163009e+00 -1.105960e+00 -5.671106e-01 -2.813911e-01 -6.586597e-02 1.260291e-01 -2.157116e-01 -6.240146e-01 4.515057e-01 -2.501591e-01 -2.349841e-01 -4.262444e-01 2.989608e-01 2.727689e-01 2.324371e-01 2.358445e-01 1.460955e-01 -1.896610e-02 -9.801916e-03 1.532603e-01 1.828480e-01 -1.450794e-01
<VARIANCE> 39
 7.463068e+00 8.106027e+00 1.363371e+01 2.232884e+01 3.964833e+01 2.561415e+01 2.821842e+01 2.453390e+01 3.158066e+01 5.527676e+01 4.392944e+01 4.851221e+01 1.036826e+00 5.677718e-01 6.281121e-01 9.861722e-01 1.463958e+00 1.293240e+00 1.205950e+00 1.681293e+00 1.515958e+00 1.845054e+00 1.989608e+00 2.390897e+00 1.875140e+00 8.953178e-02 6.149724e-02 5.351670e-02 8.130928e-02 1.250220e-01 2.045637e-01 1.805734e-01 2.040915e-01 1.910197e-01 2.121376e-01 2.735177e-01 2.891885e-01 2.221963e-01 6.523960e-03
<GCONST> 8.375829e+01
<STATE> 4
<MEAN> 39
 -3.233339e+00 -5.696639e-02 -4.357804e-02 -1.366285e+01 -7.122622e+00 -1.157458e+01 -5.645993e+00 -9.635579e+00 -2.710606e+00 -5.308029e+00 -1.589264e-01 -7.598519e+00 1.823988e+01 1.669335e-01 -2.230816e-01 -2.386163e-01 5.385817e-01 3.369094e-01 8.582221e-02 9.862380e-02 -5.504531e-02 -1.927000e-01 -8.643410e-02 7.789034e-02 1.595823e-01 -1.200758e-01 -4.358766e-02 -3.795836e-02 -2.656453e-02 2.440014e-02 9.561533e-02 1.093946e-01 5.191665e-02 4.932098e-03 2.009747e-02 1.246165e-03 -5.759927e-03 4.459072e-02 -3.522523e-02
<VARIANCE> 39
 5.895382e+00 7.955716e+00 1.254020e+01 2.981495e+01 3.400514e+01 2.156652e+01 3.316355e+01 3.370786e+01 3.984962e+01 4.294004e+01 5.473309e+01 4.156314e+01 1.359540e+00 1.336606e-01 1.530680e-01 3.769824e-01 6.212354e-01 9.125829e-01 8.560051e-01 8.810484e-01 1.029058e+00 9.035200e-01 9.881736e-01 1.046164e+00 9.317570e-01 1.452035e-02 2.163333e-02 2.516205e-02 5.075520e-02 8.855919e-02 1.056619e-01 1.240935e-01 1.293168e-01 1.601435e-01 1.488165e-01 1.527174e-01 1.593122e-01 1.459200e-01 2.344118e-03
<GCONST> 6.575697e+01
<TRANSP> 5
 0.000000e+00 1.000000e+00 0.000000e+00 0.000000e+00 0.000000e+00
 0.000000e+00 8.207892e-01 1.792109e-01 0.000000e+00 0.000000e+00
 0.000000e+00 0.000000e+00 7.671201e-01 2.328800e-01 0.000000e+00
 0.000000e+00 0.000000e+00 0.000000e+00 9.014041e-01 9.859591e-02
 0.000000e+00 0.000000e+00 0.000000e+00 0.000000e+00 0.000000e+00
<ENDHMM>
~h "nine"
<BEGINHMM>
<NUMSTATES> 5
<STATE> 2
<MEAN> 39
 -4.468840e+00 -4.320637e+00 -2.080263e+00 -8.923530e+00 -3.035883e+00 -6.193245e+00 -1.515681e+00 -1.117555e+01 -5.007916e+00 -8.080108e+00 -2.948296e+00 -7.810321e+00 1.756891e+01 -1.374022e-01 -6.733092e-01 -2.216648e-01 4.958321e-01 -4.933078e-01 1.732625e-01 3.882795e-01 -1.974055e-01 -3.922124e-02 -1.524635e-01 -1.779478e-01 -1.449884e-01 2.491804e-01 -3.846951e-02 -1.263505e-01 -7.494515e-02 1.146271e-01 1.835329e-02 -6.562927e-03 3.852896e-02 3.146337e-02 9.809656e-03 6.442883e-03 8.006038e-02 3.486499e-02 -1.059669e-02
<VARIANCE> 39
 8.939931e+00 2.038445e+01 1.532850e+01 1.683963e+01 2.863230e+01 2.888042e+01 3.201596e+01 2.750929e+01 4.721461e+01 3.538918e+01 3.016291e+01 3.278221e+01 2.302585e+00 5.319430e-01 1.578963e+00 1.144981e+00 1.117710e+00 1.137613e+00 1.424620e+00 1.645792e+00 1.277808e+00 1.529028e+00 1.154509e+00 1.246061e+00 1.038450e+00 3.757496e-02 6.492462e-02 1.814367e-01 1.346062e-01 1.401419e-01 2.020121e-01 2.219168e-01 2.431195e-01 1.863309e-01 1.997727e-01 1.612146e-01 1.738251e-01 1.449555e-01 4.936479e-03
<GCONST> 8.289017e+01
<STATE> 3
<MEAN> 39
 -6.290617e+00 -1.167302e+01 -4.987168e+00 -2.493189e+00 -5.655575e+00 -5.431702e+00 1.785299e+00 -1.126517e+01 -5.678916e+00 -9.068500e+00 -1.604760e+00 -7.685207e+00 1.862177e+01 -1.082594e-01 6.586524e-02 2.330361e-01 -2.054254e-01 -4.687970e-02 2.054781e-01 -7.339896e-02 -1.009225e-01 1.717103e-01 6.970061e-02 -4.000638e-02 3.044028e-02 -1.980076e-02 -2.991781e-03 1.878738e-01 7.741319e-02 -2.486223e-01 3.303934e-02 8.098280e-02 -1.012145e-01 -1.931758e-03 8.307442e-02 -5.389259e-03 -7.942221e-02 2.507399e-02 -1.439817e-02
<VARIANCE> 39
 7.197983e+00 8.451579e+00 2.463054e+01 3.136980e+01 1.880486e+01 3.042564e+01 3.088267e+01 3.410238e+01 4.310344e+01 4.184221e+01 2.805861e+01 3.031931e+01 1.011853e+00 8.114889e-02 3.212887e-01 4.020962e-01 1.032010e+00 4.633854e-01 6.110062e-01 5.232117e-01 4.996267e-01 6.120932e-01 6.482480e-01 6.582896e-01 5.176165e-01 4.581242e-03 1.054604e-02 2.932013e-02 3.925599e-02 5.256609e-02 6.928980e-02 6.527218e-02 7.263464e-02 7.667999e-02 7.950320e-02 8.555003e-02 7.634199e-02 7.776405e-02 3.925148e-04
<GCONST> 5.266877e+01
<STATE> 4
<MEAN> 39
 -6.218722e+00 -3.173789e+00 -1.624615e+00 -1.203687e+01 -1.903165e+00 -4.490647e+00 -3.314221e+00 -1.019643e+01 -2.792727e+00 -8.219444e+00 -3.088176e+00 -6.512074e+00 1.789946e+01 3.931976e-01 8.493286e-01 1.535744e-01 -3.096131e-01 5.438138e-01 -4.754989e-01 -4.736421e-01 3.273617e-01 -1.991458e-01 5.490380e-02 9.753253e-02 5.330787e-02 -1.226762e-01 4.356040e-02 -1.235711e-01 -3.721255e-02 2.354738e-01 -1.479961e-02 -7.301507e-02 1.047420e-01 -3.501691e-02 -1.089016e-01 2.563786e-02 7.959654e-02 -2.932183e-02 -1.027175e-02
<VARIANCE> 39
 1.145289e+01 2.010563e+01 1.220082e+01 2.401835e+01 3.582159e+01 3.415099e+01 3.366022e+01 2.992062e+01 4.905884e+01 3.962132e+01 3.857084e+01 4.244689e+01 1.076199e+00 4.062118e-01 9.276429e-01 5.741413e-01 1.873493e+00 1.354209e+00 1.383224e+00 1.360905e+00 1.284921e+00 1.675348e+00 1.184641e+00 1.059427e+00 1.024035e+00 9.887614e-03 5.706817e-02 9.913594e-02 8.654644e-02 1.494519e-01 1.941814e-01 2.405508e-01 1.805398e-01 1.979251e-01 2.316362e-01 1.955573e-01 1.707203e-01 1.415376e-01 1.009135e-03
<GCONST> 7.866727e+01
<TRANSP> 5
 0.000000e+00 1.000000e+00 0.000000e+00 0.000000e+00 0.000000e+00
 0.000000e+00 8.954605e-01 1.045395e-01 0.000000e+00 0.000000e+00
 0.000000e+00 0.000000e+00 9.109175e-01 8.908246e-02 0.000000e+00
 0.000000e+00 0.000000e+00 0.000000e+00 8.981062e-01 1.018938e-01
 0.000000e+00 0.000000e+00 0.000000e+00 0.000000e+00 0.000000e+00
<ENDHMM>
~h "five"
<BEGINHMM>
<NUMSTATES> 5
<STATE> 2
<MEAN> 39
 -4.172965e+00 -1.134812e+01 -1.007228e+01 -8.259791e+00 4.892963e-01 -8.138171e+00 3.464594e-01 -4.668314e+00 -5.250312e+00 -7.950089e+00 -1.822309e+00 -4.907248e+00 1.798000e+01 3.612575e-01 -1.175653e+00 -7.168575e-01 7.832486e-01 5.146763e-01 -6.405725e-01 3.327470e-01 3.995008e-01 -7.484120e-01 -2.206237e-01 -2.999028e-01 -4.832097e-03 5.641785e-01 -1.914198e-01 2.543700e-02 1.755593e-01 9.155857e-02 -1.363725e-02 1.046073e-01 2.990478e-02 -2.042548e-01 2.594075e-02 1.386736e-01 1.597378e-01 4.987191e-02 -7.439274e-02
<VARIANCE> 39
 1.084317e+01 1.965496e+01 2.371329e+01 1.675194e+01 1.900784e+01 2.060500e+01 2.527669e+01 5.154967e+01 3.222320e+01 2.803810e+01 2.498083e+01 1.991079e+01 4.360097e+00 7.729533e-01 5.612009e-01 1.172840e+00 9.066962e-01 7.891186e-01 9.862748e-01 9.738066e-01 2.244564e+00 1.725666e+00 1.725036e+00 1.363782e+00 1.026920e+00 1.227880e-01 9.444847e-02 1.334504e-01 1.778582e-01 1.234579e-01 1.362466e-01 1.447207e-01 1.544345e-01 3.006684e-01 2.737955e-01 1.931535e-01 1.758808e-01 1.403625e-01 2.815175e-02
<GCONST> 8.434296e+01
<STATE> 3
<MEAN> 39
 -5.809546e+00 -1.545242e+01 -8.555939e+00 -3.643872e+00 1.425774e+00 -9.175041e+00 2.534953e+00 -7.497007e+00 -7.217791e+00 -5.455067e+00 -4.661856e-01 -4.503182e+00 1.904690e+01 -1.661036e-01 8.375030e-02 4.906787e-01 -2.575698e-01 -2.713599e-01 4.343796e-01 6.883059e-02 -3.989162e-01 2.712253e-02 3.039045e-01 6.108781e-02 -8.456543e-02 -4.853269e-02 4.021404e-02 1.144315e-01 1.142863e-02 -1.967154e-01 -5.494832e-02 9.327722e-02 -2.899953e-02 2.470762e-02 5.653462e-02 -4.900521e-02 -7.775436e-02 -1.874902e-02 -1.498453e-02
<VARIANCE> 39
 9.174128e+00 9.379786e+00 2.484476e+01 2.081452e+01 1.875017e+01 2.311914e+01 1.751731e+01 3.905551e+01 4.701032e+01 4.450134e+01 2.689045e+01 2.551984e+01 1.356913e+00 8.788046e-02 1.530736e-01 2.696565e-01 6.339976e-01 4.959866e-01 5.514525e-01 4.976504e-01 4.932895e-01 6.132138e-01 5.706874e-01 5.685131e-01 4.732534e-01 5.857132e-03 1.174270e-02 2.420972e-02 3.030837e-02 4.809295e-02 5.120609e-02 5.160554e-02 5.703176e-02 6.415873e-02 8.528702e-02 8.423712e-02 6.650659e-02 7.041983e-02 9.074244e-04
<GCONST> 4.963652e+01
<STATE> 4
<MEAN> 39
 -5.752370e+00 -9.409021e+00 -3.940887e+00 -1.391099e+01 -3.281688e+00 -2.813922e+00 1.869727e+00 -8.422246e+00 -4.204578e+00 -5.238664e+00 -2.265621e+00 -5.520542e+00 1.830184e+01 2.169362e-01 1.206680e+00 3.703005e-01 -6.416243e-01 -3.921764e-01 -1.028622e-01 -3.103319e-01 2.566132e-01 5.542998e-01 -2.122965e-01 -7.196359e-02 -8.897499e-02 -2.459759e-01 -1.748507e-02 -2.164344e-02 -5.274998e-02 3.437078e-01 1.403178e-01 -1.802187e-01 -6.274149e-02 -1.008409e-02 -4.293162e-02 1.675011e-02 1.215312e-01 3.986129e-02 -4.834187e-02
<VARIANCE> 39
 7.867308e+00 2.309202e+01 1.221232e+01 3.191211e+01 4.211866e+01 1.957849e+01 2.462993e+01 3.665949e+01 5.311646e+01 2.796009e+01 2.708138e+01 3.009035e+01 1.837865e+00 2.146280e-01 4.988429e-01 5.737854e-01 2.637324e+00 1.470932e+00 1.620922e+00 9.744323e-01 1.331306e+00 1.638438e+00 1.337546e+00 1.268741e+00 9.162723e-01 4.136875e-02 4.305274e-02 9.685180e-02 7.585447e-02 2.402580e-01 2.361627e-01 2.300899e-01 1.663387e-01 2.294232e-01 2.225611e-01 1.790922e-01 2.066269e-01 1.646812e-01 4.442943e-03
<GCONST> 8.035660e+01
<TRANSP> 5
 0.000000e+00 1.000000e+00 0.000000e+00 0.000000e+00 0.000000e+00
 0.000000e+00 8.479456e-01 1.520544e-01 0.000000e+00 0.000000e+00
 0.000000e+00 0.000000e+00 9.124641e-01 8.753593e-02 0.000000e+00
 0.000000e+00 0.000000e+00 0.000000e+00 8.642494e-01 1.357506e-01
 0.000000e+00 0.000000e+00 0.000000e+00 0.000000e+00 0.000000e+00
<ENDHMM>
~h "four"
<BEGINHMM>
<NUMSTATES> 5
<STATE> 2
<MEAN> 39
 -6.745426e+00 -6.545051e+00 -5.531307e+00 -9.759768e+00 -1.579351e+00 -5.559280e+00 -1.218615e+00 -8.400500e+00 -2.002277e+00 -5.575763e+00 9.701758e-01 -4.274348e+00 1.536200e+01 1.571843e+00 5.373725e-01 -9.053028e-01 -8.601110e-01 -3.066765e-01 -5.354143e-01 -6.953911e-01 -1.928205e-01 1.938506e-01 2.015840e-01 -3.446387e-01 -4.879743e-01 6.445984e-01 3.496985e-01 1.252269e-01 -3.369140e-01 -3.170309e-01 -5.823308e-02 -6.577711e-03 -8.014116e-02 -1.750605e-02 2.204902e-03 5.402271e-02 -7.892798e-02 -1.320246e-01 1.429439e-01
<VARIANCE> 39
 7.622803e+00 5.416915e+00 5.410589e+00 7.833850e+00 1.003664e+01 1.245839e+01 1.450662e+01 1.363492e+01 1.605886e+01 1.350080e+01 1.610208e+01 1.222255e+01 1.729432e+00 5.123327e-01 4.341867e-01 6.007838e-01 7.388425e-01 7.139968e-01 9.072024e-01 7.501979e-01 8.224365e-01 1.017934e+00 1.088355e+00 1.525454e+00 1.229001e+00 5.764283e-02 6.792708e-02 5.342032e-02 6.062074e-02 8.255104e-02 1.012907e-01 1.525138e-01 1.212051e-01 1.514486e-01 1.398631e-01 1.608453e-01 1.994475e-01 1.872716e-01 7.175394e-03
<GCONST> 6.401134e+01
<STATE> 3
<MEAN> 39
 1.596634e+00 -3.480370e+00 -1.216734e+01 -1.705000e+01 -4.000926e+00 -6.176966e+00 -3.167088e+00 -8.953031e+00 -1.398871e+00 -3.855862e+00 4.298034e-01 -6.775999e+00 1.891448e+01 3.035398e-01 -1.868651e-01 -3.245799e-01 -3.677722e-02 7.416337e-02 -1.803834e-02 -2.191505e-01 1.750101e-01 3.533181e-01 9.303547e-02 -2.296475e-01 -2.201042e-01 1.427722e-01 -1.735039e-01 -1.542136e-01 1.499439e-01 2.361652e-01 3.836242e-02 -3.655978e-02 3.798102e-02 1.109285e-01 4.731870e-02 -8.559012e-02 -5.582430e-02 5.674405e-02 -6.754763e-02
<VARIANCE> 39
 4.139175e+00 1.026604e+01 9.596919e+00 1.373045e+01 2.439597e+01 1.715024e+01 1.857368e+01 1.714614e+01 2.362539e+01 2.482099e+01 3.809706e+01 3.757170e+01 1.087164e+00 5.218180e-01 7.269627e-01 6.850538e-01 1.213417e+00 9.697361e-01 7.716553e-01 9.086174e-01 9.566684e-01 1.309072e+00 1.175138e+00 1.338098e+00 1.241768e+00 9.282390e-02 4.949773e-02 4.573487e-02 9.588267e-02 8.014021e-02 1.358010e-01 1.434450e-01 1.560666e-01 1.412048e-01 1.814903e-01 1.920480e-01 1.991513e-01 1.870067e-01 7.208741e-03
<GCONST> 7.251672e+01
<STATE> 4
<MEAN> 39
 -2.657788e-01 -1.130977e+01 -7.977613e+00 -8.561887e+00 -5.377304e+00 -8.944500e+00 -2.201967e+00 -4.233184e+00 6.461107e-01 -7.567016e+00 -3.909978e+00 -7.362431e+00 1.854908e+01 -5.527880e-01 -3.228824e-02 1.188399e+00 5.176755e-01 -5.917685e-01 2.939950e-02 6.829706e-01 -1.587597e-01 -6.804240e-01 -3.920185e-01 1.339886e-01 2.576606e-01 -2.039454e-01 -8.726268e-02 3.019465e-01 6.109920e-04 -2.177981e-01 1.358002e-01 2.153193e-01 1.405215e-02 -2.456871e-01 -1.510268e-01 1.212159e-01 1.774132e-01 3.070127e-02 -5.097000e-02
<VARIANCE> 39
 6.988116e+00 1.431524e+01 2.850059e+01 1.842630e+01 4.718078e+01 3.738234e+01 3.524631e+01 3.893017e+01 4.504740e+01 3.449933e+01 3.468028e+01 3.193948e+01 1.578067e+00 2.193975e-01 1.523716e+00 6.633634e-01 1.663558e+00 2.091350e+00 2.163033e+00 1.566172e+00 2.596775e+00 1.820182e+00 1.725736e+00 1.796207e+00 1.076683e+00 4.097166e-02 2.920088e-02 9.485440e-02 1.879226e-01 1.663346e-01 4.425421e-01 3.014882e-01 3.549775e-01 3.384340e-01 3.790416e-01 2.796517e-01 3.072028e-01 2.166485e-01 3.209690e-03
<GCONST> 8.840150e+01
<TRANSP> 5
 0.000000e+00 1.000000e+00 0.000000e+00 0.000000e+00 0.000000e+00
 0.000000e+00 7.023241e-01 2.976759e-01 0.000000e+00 0.000000e+00
 0.000000e+00 0.000000e+00 9.182448e-01 8.175512e-02 0.000000e+00
 0.000000e+00 0.000000e+00 0.000000e+00 8.714042e-01 1.285958e-01
 0.000000e+00 0.000000e+00 0.000000e+00 0.000000e+00 0.000000e+00
<ENDHMM>
~h "zero"
<BEGINHMM>
<NUMSTATES> 5
<STATE> 2
<MEAN> 39
 -6.850993e+00 -1.891648e+00 -4.583207e+00 -7.681649e+00 -2.515484e+00 -4.676559e+00 -2.835290e+00 -8.911559e+00 -3.637327e+00 -4.167693e+00 1.309638e-01 -4.376328e+00 1.565454e+01 2.806145e-01 1.045600e+00 9.715310e-01 -1.156221e+00 -8.277814e-01 -1.405438e+00 -6.263557e-01 -6.015251e-01 3.215177e-01 3.347054e-01 -1.321193e-01 -2.387619e-01 4.907595e-01 3.761430e-02 9.642642e-02 1.839929e-01 -3.599883e-01 -1.733904e-01 -2.326484e-01 3.467294e-03 -2.331055e-02 1.695279e-01 1.176539e-03 3.112544e-02 -8.996006e-02 9.264654e-02
<VARIANCE> 39
 6.895978e+00 1.044794e+01 1.553178e+01 1.462708e+01 2.099832e+01 2.211874e+01 1.923228e+01 1.977682e+01 2.959333e+01 2.446451e+01 2.237385e+01 1.993291e+01 1.479990e+00 3.156923e-01 4.251900e-01 7.573192e-01 9.356275e-01 8.459783e-01 1.288074e+00 9.705071e-01 1.180498e+00 1.341974e+00 9.783808e-01 1.204092e+00 1.529466e+00 4.249460e-02 4.658623e-02 1.027342e-01 1.271905e-01 1.080417e-01 1.312509e-01 2.171172e-01 1.590213e-01 1.926536e-01 1.620742e-01 1.502583e-01 1.803238e-01 1.680205e-01 6.427681e-03
<GCONST> 7.320127e+01
<STATE> 3
<MEAN> 39
 -5.561449e+00 3.162587e-01 9.444257e-01 -1.693581e+01 -7.857369e+00 -9.190739e+00 -4.572859e+00 -8.444145e+00 1.735630e-01 -3.748427e+00 1.711608e-01 -6.830564e+00 1.840727e+01 3.374013e-01 -7.424554e-01 4.420698e-01 -1.713555e-01 -1.080055e+00 2.627660e-01 2.050996e-01 1.949108e-01 3.209370e-01 -7.734090e-02 4.339338e-02 -1.248280e-01 1.663768e-01 5.151800e-02 -2.691327e-01 -1.736430e-01 3.717066e-01 1.646820e-02 1.356867e-01 1.949784e-01 5.553563e-02 -8.662908e-02 -4.430667e-02 -1.247924e-02 7.150605e-02 -6.443171e-02
<VARIANCE> 39
 7.430667e+00 2.061176e+01 1.739146e+01 2.628509e+01 5.928218e+01 4.050129e+01 3.222107e+01 4.421212e+01 3.111453e+01 3.032994e+01 3.453495e+01 5.111590e+01 1.093495e+00 4.425143e-01 1.627119e+00 8.039054e-01 2.615894e+00 1.742190e+00 2.529519e+00 1.684983e+00 1.421282e+00 1.341258e+00 1.178371e+00 1.107502e+00 1.320666e+00 6.302970e-02 5.151434e-02 1.128908e-01 1.260618e-01 1.802718e-01 2.453913e-01 4.091227e-01 2.257594e-01 2.479084e-01 2.120893e-01 1.746391e-01 1.724499e-01 2.174425e-01 4.556683e-03
<GCONST> 8.705583e+01
<STATE> 4
<MEAN> 39
 -1.604732e+00 -1.051280e+01 -4.389331e+00 -9.816976e+00 -9.686211e+00 -8.037329e+00 5.587881e-01 -4.106730e+00 -1.750387e-01 -6.699561e+00 -1.003862e+00 -5.666621e+00 1.854221e+01 8.295482e-02 1.096101e-02 -5.494531e-01 1.636543e-01 6.660827e-01 -1.770488e-01 -1.621421e-02 2.072635e-01 -6.449474e-02 -1.487332e-01 -9.262346e-02 -7.442260e-03 -5.366442e-02 -5.978664e-02 1.431426e-01 6.301436e-02 -8.615618e-02 8.703962e-02 4.106316e-02 -9.755598e-02 -8.203103e-02 -2.057673e-02 3.421620e-02 2.039433e-02 -8.778782e-03 -1.775855e-02
<VARIANCE> 39
 6.464512e+00 1.774477e+01 2.652992e+01 2.680179e+01 6.271890e+01 5.437410e+01 3.558224e+01 3.644650e+01 4.418874e+01 3.497494e+01 2.490719e+01 3.291700e+01 1.494864e+00 2.247417e-01 8.381204e-01 6.307398e-01 1.038190e+00 1.227699e+00 1.669718e+00 1.529467e+00 1.766643e+00 1.573396e+00 1.377162e+00 1.023352e+00 9.264956e-01 1.577178e-02 2.391101e-02 3.502856e-02 7.642184e-02 1.110514e-01 1.911619e-01 2.326824e-01 1.870205e-01 1.959351e-01 2.165253e-01 1.823240e-01 1.466928e-01 1.334426e-01 1.767073e-03
<GCONST> 7.715495e+01
<TRANSP> 5
 0.000000e+00 1.000000e+00 0.000000e+00 0.000000e+00 0.000000e+00
 0.000000e+00 7.336898e-01 2.663102e-01 0.000000e+00 0.000000e+00
 0.000000e+00 0.000000e+00 8.922182e-01 1.077818e-01 0.000000e+00
 0.000000e+00 0.000000e+00 0.000000e+00 9.397957e-01 6.020435e-02
 0.000000e+00 0.000000e+00 0.000000e+00 0.000000e+00 0.000000e+00
<ENDHMM>
