~o
<STREAMINFO> 1 39
<VECSIZE> 39<NULLD><MFCC_E_D_A><DIAGC>
~s "silst"
<MEAN> 39
 -5.086059e+00 -3.745023e+00 -3.214169e+00 -8.845464e+00 -1.248986e+00 -5.753335e+00 -1.826801e+00 -9.464005e+00 -3.498746e+00 -6.421616e+00 -3.646454e-01 -5.633990e+00 1.585564e+01 -6.628967e-01 -4.424739e-01 -4.517774e-01 1.672962e-01 3.061191e-01 7.050387e-01 3.747665e-01 1.094823e-01 1.445201e-01 1.508598e-01 3.340557e-01 3.714713e-01 -3.628346e-01 -2.671230e-02 -6.940819e-02 -1.090620e-01 -1.271215e-01 -9.609415e-02 -7.259289e-02 4.822739e-04 7.260332e-02 3.781355e-02 9.281534e-03 -1.492365e-02 4.061304e-03 2.672077e-02
<VARIANCE> 39
 1.121943e+01 1.074115e+01 1.341373e+01 1.341313e+01 2.078301e+01 2.467380e+01 2.382784e+01 2.474849e+01 2.789913e+01 2.730024e+01 2.580220e+01 2.358024e+01 2.024532e+00 3.752854e-01 7.437528e-01 8.198107e-01 8.118319e-01 1.145222e+00 1.290096e+00 1.256203e+00 1.300945e+00 1.409149e+00 1.272387e+00 1.246066e+00 1.114571e+00 5.123262e-02 6.990253e-02 1.004285e-01 1.068390e-01 1.140522e-01 1.563744e-01 2.205661e-01 1.943806e-01 1.871499e-01 2.096671e-01 1.844259e-01 1.821496e-01 1.530868e-01 9.223825e-03
<GCONST> 7.760612e+01
~h "eight"
<BEGINHMM>
<NUMSTATES> 5
<STATE> 2
<MEAN> 39
 -8.238297e+00 -2.994192e+00 -5.884928e+00 -1.822400e+01 2.092752e-01 -4.906332e+00 8.329788e-01 -6.812686e+00 -1.626233e+00 -7.443516e+00 -1.711432e+00 -5.720473e+00 1.740454e+01 -1.692504e-01 1.034694e+00 -9.521290e-02 -1.073861e+00 -5.156324e-02 -5.838193e-01 9.194847e-02 4.702787e-01 3.853678e-01 -1.039236e-02 -1.830948e-01 -2.424620e-01 3.343064e-01 2.893531e-02 8.983879e-02 5.139175e-03 1.397193e-01 -6.262867e-02 -1.923288e-01 -8.331649e-02 -1.758949e-02 2.615067e-02 9.249094e-02 1.131079e-01 -7.812377e-04 -1.704221e-02
<VARIANCE> 39
 7.936215e+00 2.033774e+01 1.877439e+01 3.168702e+01 4.181594e+01 2.219933e+01 2.467533e+01 2.262920e+01 3.069461e+01 2.347948e+01 2.465643e+01 2.549853e+01 3.283308e+00 3.466005e-01 7.503352e-01 6.583410e-01 1.287088e+00 1.208698e+00 1.363191e+00 1.443172e+00 9.983224e-01 1.350127e+00 1.119440e+00 1.070635e+00 9.607979e-01 1.025798e-01 4.198509e-02 8.032823e-02 7.527813e-02 1.956095e-01 1.375184e-01 1.691068e-01 1.484728e-01 1.685826e-01 2.268876e-01 1.637782e-01 1.704206e-01 1.470833e-01 1.304817e-02
<GCONST> 7.935981e+01
<STATE> 3
<MEAN> 39
 -8.393748e+00 5.772954e+00 -5.518049e+00 -1.923770e+01 -2.893263e+00 -1.374661e+01 -1.641644e+00 -5.952798e+00 7.417294e-01 -4.029420e+00 7.561247e-01 -5.693996e+00 1.854642e+01 1.004003e-01 5.022472e-01 2.027884e-01 8.257616e-01 -1.105166e-02 -9.359491e-01 -6.094655e-01 -8.104793e-01 -3.592081e-01 3.261345e-01 4.641083e-01 2.251092e-01 -7.188057e-02 4.939624e-02 -2.808472e-01 2.295439e-02 1.893915e-01 8.655428e-02 2.716658e-01 2.074175e-02 -1.583860e-01 -1.938986e-01 -1.394287e-01 -7.105425e-02 3.685609e-02 -6.161000e-02
<VARIANCE> 39
 1.001422e+01 1.133558e+01 2.486783e+01 2.643747e+01 2.100454e+01 2.370770e+01 5.644142e+01 2.712558e+01 2.953514e+01 2.183241e+01 3.275416e+01 2.503934e+01 1.477356e+00 1.827381e-01 5.058531e-01 2.620986e-01 6.266586e-01 8.216053e-01 1.015493e+00 7.514505e-01 8.253759e-01 1.767574e+00 1.022956e+00 1.190618e+00 8.482746e-01 2.540927e-02 2.770443e-02 7.072563e-02 4.949677e-02 9.907204e-02 8.108234e-02 1.528706e-01 1.404884e-01 1.339213e-01 1.676226e-01 1.386462e-01 1.859027e-01 1.361502e-01 3.381180e-03
<GCONST> 6.904926e+01
<STATE> 4
<MEAN> 39
 -6.982388e+00 1.111107e+00 -4.081836e+00 -1.220990e+01 -1.202248e+00 -1.171746e+01 -4.078899e+00 -1.160310e+01 -4.450983e+00 -5.780669e+00 8.168544e-01 -4.548644e+00 1.652123e+01 2.178499e-01 -1.855816e+00 -3.876163e-04 8.874495e-01 2.208367e-01 1.604288e+00 3.205728e-01 -2.888793e-02 -3.273453e-01 -3.987617e-01 -1.450153e-01 9.645509e-02 -4.694456e-01 -7.024453e-02 -9.991971e-02 -9.851283e-02 -1.307163e-01 -4.610915e-02 1.595968e-01 1.925560e-01 2.725360e-01 2.063329e-01 6.457577e-02 2.221132e-02 -3.135888e-02 -6.423576e-03
<VARIANCE> 39
 6.048845e+00 3.356693e+01 1.484406e+01 1.932990e+01 1.614488e+01 3.818248e+01 3.281662e+01 2.460826e+01 3.942546e+01 2.739594e+01 2.590509e+01 2.416152e+01 2.805699e+00 3.511626e-01 7.440262e-01 6.180440e-01 1.035360e+00 6.513962e-01 1.244588e+00 1.757870e+00 1.480857e+00 2.022429e+00 1.219139e+00 1.376028e+00 1.140395e+00 3.563122e-02 4.193668e-02 2.588796e-01 6.973667e-02 1.185711e-01 9.765605e-02 3.267515e-01 1.809209e-01 1.962466e-01 2.995846e-01 1.796155e-01 1.978888e-01 1.935446e-01 1.055752e-02
<GCONST> 8.036358e+01
<TRANSP> 5
 0.000000e+00 1.000000e+00 0.000000e+00 0.000000e+00 0.000000e+00
 0.000000e+00 8.673202e-01 1.326798e-01 0.000000e+00 0.000000e+00
 0.000000e+00 0.000000e+00 8.556989e-01 1.443011e-01 0.000000e+00
 0.000000e+00 0.000000e+00 0.000000e+00 8.207450e-01 1.792549e-01
 0.000000e+00 0.000000e+00 0.000000e+00 0.000000e+00 0.000000e+00
<ENDHMM>
~h "oh"
<BEGINHMM>
<NUMSTATES> 5
<STATE> 2
<MEAN> 39
 -4.366249e+00 -1.037323e+01 -8.315117e+00 -8.587090e+00 -2.637065e+00 -7.653316e+00 3.575372e+00 -7.385442e+00 -5.237430e+00 -7.111600e+00 -2.438943e+00 -5.426568e+00 1.781796e+01 5.457928e-01 -2.063926e-01 -6.072201e-01 1.665558e-01 9.185682e-02 -6.957783e-01 1.446992e-01 7.352857e-01 -1.613183e-02 -4.301464e-01 -4.106725e-01 -1.516070e-01 3.518517e-01 1.013471e-02 1.036919e-01 2.074271e-03 -5.230364e-02 3.826794e-02 -1.083105e-02 -1.517665e-01 8.330874e-03 1.328795e-01 2.589530e-02 -9.918980e-03 -2.757812e-02 -2.144781e-02
<VARIANCE> 39
 8.669399e+00 1.233740e+01 1.667624e+01 1.820583e+01 2.296221e+01 2.453703e+01 3.069144e+01 6.477158e+01 3.832710e+01 3.399854e+01 2.704143e+01 3.143900e+01 3.005193e+00 2.970515e-01 5.784850e-01 6.305898e-01 6.405521e-01 6.854419e-01 9.313330e-01 1.329890e+00 1.790125e+00 1.557157e+00 1.262793e+00 1.250370e+00 1.052832e+00 9.573356e-02 3.985187e-02 6.289741e-02 7.491466e-02 7.986613e-02 9.172492e-02 1.301008e-01 1.558729e-01 2.154130e-01 1.873161e-01 1.965055e-01 1.841946e-01 1.403120e-01 1.334678e-02
<GCONST> 7.716412e+01
<STATE> 3
<MEAN> 39
 -5.717846e-01 -8.248692e+00 -1.317477e+01 -9.924868e+00 -7.028852e-01 -1.204543e+01 -7.945985e-01 -7.822849e-01 1.220572e-01 -8.236769e+00 -5.127390e+00 -6.597698e+00 1.903753e+01 2.233962e-01 4.044329e-01 -2.891835e-02 -3.467651e-01 -3.579127e-02 -4.985911e-03 -6.741377e-01 -2.431857e-01 6.663033e-01 6.022867e-01 -3.354213e-02 -3.511188e-01 -9.539171e-03 -4.125298e-02 2.447480e-02 1.010994e-01 -2.065061e-02 -5.713750e-02 9.295356e-02 1.127818e-02 -1.582838e-01 -8.086560e-02 9.197973e-02 1.209563e-01 1.109866e-02 -2.523938e-02
<VARIANCE> 39
 6.095119e+00 8.380763e+00 1.534170e+01 1.468834e+01 1.921937e+01 2.240961e+01 4.166957e+01 3.076442e+01 3.925936e+01 3.570549e+01 3.180169e+01 4.016722e+01 1.215333e+00 8.015820e-02 1.367503e-01 2.626261e-01 2.767615e-01 3.851869e-01 5.150674e-01 7.297413e-01 1.010618e+00 7.300018e-01 8.553343e-01 7.850297e-01 6.994258e-01 1.316877e-02 1.111119e-02 1.421536e-02 3.350358e-02 3.311415e-02 4.701026e-02 6.865077e-02 7.736965e-02 9.582294e-02 1.049858e-01 1.013411e-01 9.154970e-02 8.861511e-02 1.198388e-03
<GCONST> 5.210356e+01
<STATE> 4
<MEAN> 39
 1.790215e-01 -3.750468e+00 -9.937721e+00 -1.348586e+01 -3.317285e+00 -1.007951e+01 -4.951214e+00 -7.352912e+00 1.051852e+00 -2.362391e+00 -1.919608e-01 -7.010590e+00 1.844931e+01 -3.477540e-01 2.890152e-01 8.518157e-01 1.492847e-01 -2.196782e-01 3.718883e-01 2.088187e-01 -5.771288e-01 -5.861505e-01 -1.022321e-01 5.101907e-01 4.122187e-01 -2.305533e-01 -1.310184e-01 -1.054437e-01 5.212930e-02 1.419768e-01 1.058739e-01 8.440419e-02 1.856004e-01 8.516011e-02 -1.056514e-01 -1.824763e-01 -7.772574e-02 8.024825e-02 -4.426168e-02
<VARIANCE> 39
 6.299147e+00 7.049093e+00 1.858588e+01 1.556582e+01 1.890762e+01 2.848571e+01 3.125062e+01 2.745436e+01 3.056732e+01 3.708877e+01 3.966785e+01 3.645428e+01 1.764317e+00 2.384978e-01 3.541290e-01 4.246317e-01 5.882625e-01 6.850463e-01 8.688136e-01 1.174752e+00 1.224051e+00 1.193091e+00 1.308623e+00 1.200936e+00 1.026493e+00 3.045021e-02 2.293707e-02 3.292561e-02 6.545263e-02 6.521966e-02 9.783332e-02 1.569048e-01 1.652384e-01 1.870331e-01 2.025299e-01 1.903144e-01 1.711592e-01 1.628887e-01 2.732447e-03
<GCONST> 6.917123e+01
<TRANSP> 5
 0.000000e+00 1.000000e+00 0.000000e+00 0.000000e+00 0.000000e+00
 0.000000e+00 8.831099e-01 1.168901e-01 0.000000e+00 0.000000e+00
 0.000000e+00 0.000000e+00 8.921027e-01 1.078974e-01 0.000000e+00
 0.000000e+00 0.000000e+00 0.000000e+00 8.563825e-01 1.436175e-01
 0.000000e+00 0.000000e+00 0.000000e+00 0.000000e+00 0.000000e+00
<ENDHMM>
~h "sp"
<BEGINHMM>
<NUMSTATES> 5
<STATE> 2
~s "silst"
<STATE> 3
<MEAN> 39
 -7.708895e+00 -6.472926e+00 -6.100718e+00 -9.708801e+00 -1.335473e+00 -4.072069e+00 -6.366574e-01 -8.568458e+00 -2.837704e+00 -5.609308e+00 9.602537e-01 -4.088920e+00 1.480018e+01 -9.963275e-02 -1.772206e-02 -1.132992e-01 -5.380216e-03 -2.987378e-02 2.991198e-02 -6.817140e-03 3.499560e-02 2.757152e-03 2.045021e-02 3.508547e-02 4.016875e-02 -1.354245e-02 6.152126e-02 8.245052e-02 6.159762e-02 -1.144104e-02 -9.612080e-03 -5.700621e-02 -4.116724e-02 -1.851858e-02 -9.196805e-03 -1.625490e-02 -3.381094e-02 -3.257199e-02 4.432714e-02
<VARIANCE> 39
 5.200953e+00 5.810748e+00 8.378267e+00 1.000625e+01 1.421481e+01 1.533941e+01 1.546929e+01 1.657173e+01 1.760853e+01 1.635975e+01 1.593827e+01 1.372369e+01 1.090855e+00 1.560351e-01 2.338872e-01 3.573271e-01 4.283829e-01 5.671328e-01 6.772966e-01 6.516385e-01 7.187396e-01 7.407314e-01 6.607976e-01 6.508366e-01 5.695242e-01 7.387372e-03 3.307132e-02 5.305712e-02 7.091685e-02 9.037922e-02 1.138689e-01 1.431687e-01 1.320828e-01 1.439237e-01 1.466884e-01 1.252080e-01 1.241764e-01 1.145194e-01 4.107021e-03
<GCONST> 5.484622e+01
<STATE> 4
<MEAN> 39
 -8.548018e+00 -4.940369e+00 -6.262605e+00 -8.993836e+00 -2.031303e+00 -3.801566e+00 -1.069030e+00 -8.415867e+00 -2.905536e+00 -5.485055e+00 6.371070e-01 -4.050636e+00 1.505832e+01 2.817277e-01 1.764915e-01 9.996796e-02 -1.332771e-01 -1.942443e-01 -3.085313e-01 -8.125384e-02 7.422722e-02 -3.585506e-02 -5.248018e-02 -2.032407e-01 -8.334171e-02 2.206362e-01 2.163648e-01 3.974941e-03 6.051908e-02 -1.468748e-01 -1.317079e-01 -2.128823e-01 -6.120572e-03 1.887923e-02 6.977953e-03 -1.467307e-03 -1.015462e-01 -8.343358e-02 1.105288e-01
<VARIANCE> 39
 1.197152e+01 1.156514e+01 1.733305e+01 1.580552e+01 1.928033e+01 1.879642e+01 1.806707e+01 2.026977e+01 2.112804e+01 1.992800e+01 1.871975e+01 1.701871e+01 1.498326e+00 5.899124e-01 5.341560e-01 7.461524e-01 7.909054e-01 9.739054e-01 1.007831e+00 8.540424e-01 1.189179e+00 1.046619e+00 9.282838e-01 9.478535e-01 7.697207e-01 5.369700e-02 7.112132e-02 1.106539e-01 1.693918e-01 1.488934e-01 2.007222e-01 1.930674e-01 1.683366e-01 2.263387e-01 2.044727e-01 1.796363e-01 1.802952e-01 1.553219e-01 9.425808e-03
<GCONST> 7.468700e+01
<TRANSP> 5
 0.000000e+00 8.228202e-01 1.771797e-01 0.000000e+00 0.000000e+00
 0.000000e+00 7.939161e-01 2.060839e-01 0.000000e+00 0.000000e+00
 0.000000e+00 0.000000e+00 8.500800e-01 1.499201e-01 0.000000e+00
 0.000000e+00 0.000000e+00 0.000000e+00 5.807984e-01 4.192016e-01
 0.000000e+00 0.000000e+00 0.000000e+00 0.000000e+00 0.000000e+00
<ENDHMM>
~h "seven"
<BEGINHMM>
<NUMSTATES> 5
<STATE> 2
<MEAN> 39
 -7.412255e+00 -4.349832e+00 -5.861722e+00 -9.877489e+00 -3.774323e+00 -5.027349e+00 -5.041463e-01 -8.223747e+00 -2.348163e+00 -4.353287e+00 -4.532643e-01 -3.968238e+00 1.558911e+01 8.764135e-01 1.024426e-01 6.921843e-01 -1.409744e+00 -1.112783e+00 -8.329889e-01 9.612396e-01 -9.874069e-02 3.712552e-01 -2.480703e-03 -7.868342e-01 -6.944502e-01 6.933143e-01 3.323389e-03 -1.186430e-01 -7.726391e-02 -2.377529e-01 -1.542171e-01 9.958006e-02 2.432784e-01 6.152024e-02 -1.716129e-02 -1.431649e-01 -1.609531e-01 -1.420732e-01 1.242047e-01
<VARIANCE> 39
 1.024421e+01 6.293904e+00 1.230835e+01 1.272678e+01 2.055398e+01 2.249594e+01 1.830673e+01 1.898620e+01 1.810457e+01 2.694967e+01 1.810417e+01 1.646450e+01 2.480670e+00 4.614855e-01 4.468164e-01 6.467095e-01 9.599440e-01 1.283274e+00 1.642231e+00 1.357101e+00 1.245957e+00 1.257595e+00 2.364540e+00 1.108223e+00 1.218551e+00 7.024389e-02 8.356828e-02 5.444567e-02 9.828527e-02 1.271971e-01 2.258788e-01 2.099825e-01 1.572784e-01 1.519359e-01 1.601683e-01 1.973079e-01 1.401154e-01 1.869604e-01 1.251245e-02
<GCONST> 7.559561e+01
<STATE> 3
<MEAN> 39
 -5.787230e+00 -7.532444e+00 -5.394245e+00 -1.622094e+01 -6.118206e+00 -4.318935e+00 5.076894e+00 -8.666426e+00 -2.726778e+00 -7.124912e+00 -4.216450e+00 -6.597282e+00 1.905620e+01 1.261119e-01 -3.023106e-01 6.814463e-02 1.686790e-01 4.844849e-02 -3.074765e-02 1.807799e-01 2.627579e-01 -3.554283e-01 -3.766139e-02 4.223497e-03 -4.183830e-02 7.296536e-02 -1.705315e-02 1.059253e-01 4.136272e-02 3.173274e-01 1.412514e-01 -7.987737e-02 -2.842518e-01 4.969367e-02 -1.556769e-02 3.865520e-02 2.033910e-01 6.372907e-02 -1.365898e-01
<VARIANCE> 39
 9.440042e+00 1.172466e+01 8.942124e+00 1.780938e+01 4.841722e+01 3.835797e+01 3.164718e+01 3.897857e+01 4.886797e+01 5.838960e+01 3.340329e+01 3.294758e+01 1.182134e+00 3.909877e-01 5.711713e-01 4.496782e-01 1.283549e+00 1.486772e+00 1.582301e+00 1.621619e+00 1.041842e+00 1.263074e+00 1.717683e+00 1.743177e+00 1.223564e+00 1.713742e-01 8.096086e-02 8.457824e-02 8.779994e-02 1.113301e-01 2.650496e-01 2.625898e-01 1.735457e-01 1.628216e-01 2.088233e-01 2.423680e-01 2.331267e-01 1.902643e-01 5.534215e-03
<GCONST> 8.318611e+01
<STATE> 4
<MEAN> 39
 -3.257535e+00 -4.143725e+00 -2.037914e+00 -9.794126e+00 -3.963686e+00 -7.899860e+00 -4.618405e-01 -7.897047e+00 -3.871530e+00 -6.629436e+00 -1.623600e+00 -6.941337e+00 1.713485e+01 1.047251e-01 3.674732e-01 2.305040e-01 2.344354e-01 3.761716e-01 -3.266069e-02 -4.253361e-01 -3.489815e-01 3.222549e-02 -6.870553e-02 8.025625e-02 -1.504481e-02 -8.808085e-02 -3.984644e-02 -5.793289e-02 -5.453649e-02 -7.395621e-02 1.542921e-03 1.087785e-01 9.037572e-02 -4.295940e-02 -1.071122e-03 -7.619451e-04 -4.312785e-02 3.122264e-02 1.960851e-02
<VARIANCE> 39
 4.898343e+00 1.045640e+01 9.999456e+00 1.377103e+01 2.820476e+01 3.248828e+01 2.625979e+01 4.098859e+01 3.228506e+01 3.546002e+01 3.233897e+01 2.883500e+01 1.690435e+00 1.922305e-01 4.151015e-01 4.780688e-01 9.062037e-01 1.392198e+00 1.174170e+00 1.648161e+00 1.272509e+00 1.390110e+00 1.390114e+00 1.265128e+00 9.331257e-01 8.941904e-02 3.491597e-02 7.892714e-02 8.611573e-02 1.530612e-01 2.484864e-01 2.057022e-01 2.860338e-01 2.268056e-01 2.302870e-01 2.390034e-01 2.142779e-01 1.482412e-01 1.490753e-02
<GCONST> 7.853658e+01
<TRANSP> 5
 0.000000e+00 1.000000e+00 0.000000e+00 0.000000e+00 0.000000e+00
 0.000000e+00 7.213836e-01 2.786163e-01 0.000000e+00 0.000000e+00
 0.000000e+00 0.000000e+00 8.910492e-01 1.089508e-01 0.000000e+00
 0.000000e+00 0.000000e+00 0.000000e+00 9.308114e-01 6.918857e-02
 0.000000e+00 0.000000e+00 0.000000e+00 0.000000e+00 0.000000e+00
<ENDHMM>
~h "three"
<BEGINHMM>
<NUMSTATES> 5
<STATE> 2
<MEAN> 39
 -3.091611e+00 -6.933066e+00 -3.838470e-01 -8.982304e+00 -1.029494e+01 -1.089757e+01 -1.257296e+00 -8.746155e+00 -1.836942e+00 -5.120251e+00 -2.606894e-01 -5.329992e+00 1.737501e+01 4.921988e-01 -1.512650e-01 9.482573e-01 -2.476655e-01 -1.600430e+00 -1.251412e-01 -2.339694e-01 -2.376418e-01 4.005226e-01 1.011940e-01 -3.776779e-02 -2.416073e-01 3.720782e-01 -1.755644e-01 1.134571e-01 9.422694e-03 -2.909319e-01 2.032554e-01 3.098456e-01 -1.592585e-01 1.100213e-02 8.581784e-02 -1.588709e-02 4.816101e-02 8.837821e-03 -3.059076e-02
<VARIANCE> 39
 1.174650e+01 1.267672e+01 1.674255e+01 2.980656e+01 5.257761e+01 4.903093e+01 2.345417e+01 2.620592e+01 2.814570e+01 2.589826e+01 3.387999e+01 3.193730e+01 2.764119e+00 7.785239e-01 6.781897e-01 8.032416e-01 2.059065e+00 1.914519e+00 3.445482e+00 1.403097e+00 1.549026e+00 1.261329e+00 1.075486e+00 1.378511e+00 1.288460e+00 6.022547e-02 1.140184e-01 1.457702e-01 1.327426e-01 3.019808e-01 4.649429e-01 4.276971e-01 2.908685e-01 2.392322e-01 1.929652e-01 1.821839e-01 1.986696e-01 1.944863e-01 1.003582e-02
<GCONST> 8.956359e+01
<STATE> 3
<MEAN> 39
 -5.019511e+00 -3.697174e+00 5.602561e+00 -1.889772e+01 -1.252559e+01 -4.189389e+00 -8.608735e+00 -8.797656e+00 1.937884e+00 -5.757846e+00 1.122399e+00 -5.934851e+00 1.865460e+01 -8.461301e-01 1.784359e+00 -2.442692e-01 -1.738214e+00 2.341157e+00 -9.559906e-02 -1.479721e+00 9.096941e-01 -4.023365e-01 -2.308935e-01 1.270535e-01 2.048166e-02 -1.999543e-02 3.929365e-02 1.303270e-01 -4.647116e-01 5.055766e-01 4.097635e-01 -6.719467e-01 4.182214e-01 6.584049e-02 -3.748986e-01 7.277548e-02 -5.818361e-02 3.854611e-02 -5.478219e-02
<VARIANCE> 39
 7.811624e+00 2.363032e+01 1.147617e+01 3.257782e+01 5.991101e+01 2.842985e+01 4.236930e+01 6.353756e+01 2.591775e+01 2.797265e+01 3.825869e+01 2.953232e+01 1.287340e+00 2.542144e-01 6.134761e-01 1.034548e+00 1.767502e+00 1.422363e+00 3.660356e+00 2.003848e+00 1.391039e+00 1.418821e+00 1.072508e+00 7.291954e-01 7.984504e-01 2.088784e-02 5.275667e-02 1.576528e-01 9.204306e-02 2.506575e-01 5.023697e-01 2.346563e-01 3.993545e-01 3.760571e-01 1.641596e-01 1.495418e-01 1.327607e-01 1.100037e-01 2.260044e-03
<GCONST> 8.283840e+01
<STATE> 4
<MEAN> 39
 -6.750819e+00 4.083633e+00 -1.702841e+00 -1.638943e+01 -1.333755e+00 -1.254741e+01 -5.486640e+00 -8.124550e+00 -3.428859e+00 -4.970173e+00 -2.564965e-01 -6.249763e+00 1.787307e+01 1.440412e-01 -8.042672e-02 -5.675341e-01 9.679951e-01 4.267614e-01 -1.373933e-01 7.104056e-01 -3.709064e-01 -3.126361e-01 -1.996893e-02 -1.991279e-01 1.875372e-03 -1.790971e-01 6.545895e-02 -3.145459e-01 9.373786e-02 8.581886e-02 -2.320810e-01 3.094443e-01 3.964699e-02 -3.601092e-02 1.387059e-01 -3.291785e-02 2.181718e-02 1.238527e-02 -2.593048e-02
<VARIANCE> 39
 7.430366e+00 1.528430e+01 1.627868e+01 3.046914e+01 2.263925e+01 2.560966e+01 4.765757e+01 4.526408e+01 3.209311e+01 4.071677e+01 4.080661e+01 3.685851e+01 1.619139e+00 2.198462e-01 1.360179e+00 6.432161e-01 8.477180e-01 1.217928e+00 2.058474e+00 1.286318e+00 1.476129e+00 1.223622e+00 1.181872e+00 8.487636e-01 8.652087e-01 2.459762e-02 3.727496e-02 9.116777e-02 7.195234e-02 1.630232e-01 1.832820e-01 1.720797e-01 2.127666e-01 2.219689e-01 1.723750e-01 1.650174e-01 1.336257e-01 1.302882e-01 2.664609e-03
<GCONST> 7.755257e+01
<TRANSP> 5
 0.000000e+00 1.000000e+00 0.000000e+00 0.000000e+00 0.000000e+00
 0.000000e+00 8.775033e-01 1.224968e-01 0.000000e+00 0.000000e+00
 0.000000e+00 0.000000e+00 7.878320e-01 2.121681e-01 0.000000e+00
 0.000000e+00 0.000000e+00 0.000000e+00 8.908988e-01 1.091013e-01
 0.000000e+00 0.000000e+00 0.000000e+00 0.000000e+00 0.000000e+00
<ENDHMM>
~h "one"
<BEGINHMM>
<NUMSTATES> 5
<STATE> 2
<MEAN> 39
 -5.699660e-01 -3.777172e+00 -9.273502e+00 -1.281614e+01 -1.656886e+00 -5.564099e+00 -2.020909e+00 -8.864613e+00 -2.706243e+00 -6.731029e+00 -1.545032e+00 -7.287643e+00 1.774477e+01 2.782004e-01 -4.046631e-01 -8.718268e-01 4.566093e-01 4.869916e-01 3.923615e-02 -2.918541e-01 2.269543e-01 2.031806e-01 -3.067224e-01 -3.899973e-01 -2.719250e-01 2.375607e-01 -1.188271e-01 -1.461255e-01 5.392171e-02 2.645565e-01 7.786404e-03 -1.161343e-01 -1.488502e-02 9.377097e-02 -1.096364e-02 -9.034186e-02 1.100303e-02 8.283070e-02 -2.095845e-02
<VARIANCE> 39
 7.587386e+00 9.250655e+00 2.887321e+01 2.285375e+01 2.888285e+01 2.532645e+01 2.281171e+01 2.064245e+01 2.828187e+01 2.393791e+01 2.967373e+01 2.876404e+01 2.272591e+00 4.574432e-01 7.999307e-01 8.727080e-01 2.244963e+00 1.372453e+00 1.442826e+00 1.267552e+00 1.065917e+00 1.134387e+00 1.022073e+00 1.095246e+00 1.044820e+00 4.811630e-02 4.487194e-02 6.138526e-02 1.908094e-01 2.175062e-01 2.626545e-01 2.523492e-01 2.367203e-01 1.810090e-01 2.006603e-01 1.693365e-01 1.888794e-01 1.838975e-01 5.011227e-03
<GCONST> 8.017950e+01
<STATE> 3
<MEAN> 39
 -2.365351e+00 -1.071513e+01 -1.090271e+01 -1.689186e+00 -4.429521e-01 -9.494894e+00 -2.448235e+00 -4.206614e+00 -3.535216e+00 -1.172827e+01 -2.378640e+00 -6.055638e+00 1.853595e+01 -6.083383e-01 -3.739956e-01 1.339163e+00 5.729535e-01 -1.353443e+00 -3.283229e-01 1.195747e+00 -8.878978e-02 -9.246859e-01 -9.256435e-02 5.862867e-01 1.198893e-01 -4.915610e-02 2.356584e-02 3.139342e-01 2.518351e-01 -5.823237e-01 -1.343787e-01 3.766273e-01 9.214444e-02 -4.377224e-01 -2.861422e-04 3.805639e-01 4.412471e-02 -1.768543e-01 -2.978604e-02
<VARIANCE> 39
 6.138243e+00 9.607037e+00 1.865429e+01 2.375598e+01 2.700751e+01 1.740312e+01 3.766543e+01 3.138656e+01 4.646059e+01 3.755286e+01 3.383836e+01 3.321456e+01 1.544117e+00 1.544805e-01 5.159050e-01 6.043783e-01 1.831825e+00 7.394080e-01 1.711597e+00 1.007582e+00 2.247354e+00 1.165662e+00 1.864403e+00 1.028534e+00 1.293540e+00 8.477571e-03 2.364419e-02 5.254853e-02 1.008066e-01 1.224822e-01 2.852670e-01 1.528345e-01 3.759232e-01 1.781804e-01 3.358687e-01 2.003324e-01 2.674385e-01 1.680716e-01 8.553641e-04
<GCONST> 7.512984e+01
<STATE> 4
<MEAN> 39
 -4.105802e+00 -5.417474e+00 -1.637535e+00 -8.750950e+00 -4.066809e+00 -5.854053e+00 -1.670467e+00 -1.194614e+01 -4.645639e+00 -8.686483e+00 -2.577141e+00 -8.293792e+00 1.778436e+01 1.510531e-01 9.698731e-01 6.244330e-01 -7.281672e-01 4.268000e-01 -6.552409e-02 -6.299426e-01 -4.446338e-01 8.184429e-02 2.298195e-01 -1.766725e-01 5.024328e-02 -1.278674e-01 4.431218e-02 -6.858321e-02 -2.142929e-01 1.671939e-01 1.611330e-01 -6.859893e-02 -6.813341e-02 1.652729e-01 1.359320e-02 -1.165989e-01 1.009667e-02 7.499468e-02 -5.512911e-03
<VARIANCE> 39
 6.947834e+00 2.328967e+01 1.104547e+01 2.143855e+01 1.960640e+01 4.665126e+01 3.616944e+01 3.532357e+01 4.120647e+01 4.572826e+01 3.327298e+01 3.777996e+01 1.325614e+00 2.764924e-01 6.145836e-01 8.082626e-01 1.205831e+00 9.141786e-01 1.967223e+00 1.137639e+00 1.444374e+00 1.607504e+00 1.540881e+00 9.443237e-01 9.592237e-01 1.267430e-02 4.882732e-02 1.199822e-01 8.185089e-02 1.339740e-01 2.006868e-01 3.081669e-01 2.741665e-01 1.857967e-01 2.301970e-01 2.257372e-01 1.685757e-01 1.675408e-01 1.603573e-03
<GCONST> 7.851456e+01
<TRANSP> 5
 0.000000e+00 1.000000e+00 0.000000e+00 0.000000e+00 0.000000e+00
 0.000000e+00 8.983335e-01 1.016665e-01 0.000000e+00 0.000000e+00
 0.000000e+00 0.000000e+00 8.248666e-01 1.751333e-01 0.000000e+00
 0.000000e+00 0.000000e+00 0.000000e+00 8.843122e-01 1.156878e-01
 0.000000e+00 0.000000e+00 0.000000e+00 0.000000e+00 0.000000e+00
<ENDHMM>
~h "sil"
<BEGINHMM>
<NUMSTATES> 5
<STATE> 2
<MEAN> 39
 -6.784969e+00 -6.747825e+00 -5.114886e+00 -9.106632e+00 4.414104e-04 -3.364933e+00 1.831392e-01 -8.531899e+00 -2.606162e+00 -5.763711e+00 5.573849e-01 -4.309895e+00 1.461681e+01 -3.783496e-02 -2.587744e-03 -4.038924e-03 3.187129e-02 3.982191e-02 2.574104e-02 4.911024e-02 4.756495e-03 -1.796088e-02 5.846330e-03 1.483093e-02 1.162473e-02 -1.229295e-02 -2.574408e-02 -3.319905e-02 -7.311071e-02 -1.091036e-01 -1.209263e-01 -1.187772e-01 -6.242248e-02 -9.544736e-03 -2.310359e-02 1.055641e-02 3.791964e-02 3.083037e-02 1.927866e-03
<VARIANCE> 39
 3.626539e+00 4.353281e+00 6.023372e+00 7.599142e+00 1.190816e+01 1.363691e+01 1.466149e+01 1.633978e+01 1.578298e+01 1.373503e+01 1.579173e+01 1.312822e+01 1.165534e+00 7.859155e-02 1.590927e-01 2.711342e-01 3.725723e-01 4.937271e-01 6.564938e-01 6.814008e-01 7.142949e-01 6.942556e-01 5.756581e-01 6.359348e-01 5.639244e-01 5.027660e-03 1.098128e-02 2.411185e-02 4.050004e-02 5.008657e-02 7.021608e-02 1.011265e-01 1.066761e-01 1.305800e-01 1.118496e-01 9.216897e-02 1.050544e-01 9.907293e-02 6.366116e-04
<GCONST> 4.378128e+01
<STATE> 3
~s "silst"
<STATE> 4
<MEAN> 39
 -7.594535e+00 -7.339106e+00 -6.601110e+00 -1.117018e+01 -2.181084e+00 -5.405321e+00 -1.002440e+00 -8.648805e+00 -2.710285e+00 -5.403939e+00 1.454198e+00 -3.838955e+00 1.448361e+01 -3.360722e-03 7.359037e-03 -2.625851e-02 -2.680862e-02 -5.202649e-02 -1.946571e-02 -6.053714e-02 -7.686067e-03 -3.304169e-03 -6.179091e-03 -1.907605e-02 -1.852229e-02 -1.491053e-04 3.788261e-02 5.738217e-02 9.435406e-02 1.257907e-01 1.332084e-01 1.272500e-01 6.208559e-02 1.655387e-02 2.696702e-02 -1.737369e-02 -5.644152e-02 -4.083472e-02 8.523365e-03
<VARIANCE> 39
 3.523654e+00 4.148622e+00 6.413104e+00 7.833495e+00 1.125961e+01 1.255179e+01 1.496824e+01 1.592938e+01 1.765118e+01 1.532832e+01 1.513508e+01 1.338295e+01 9.989430e-01 7.689799e-02 1.681021e-01 2.877691e-01 4.165986e-01 5.054947e-01 6.759089e-01 5.947886e-01 7.412071e-01 7.098028e-01 6.069040e-01 6.997436e-01 6.117381e-01 3.242573e-03 1.428303e-02 2.889826e-02 4.227588e-02 5.698071e-02 7.272205e-02 1.081835e-01 1.039591e-01 1.278745e-01 1.328947e-01 1.059628e-01 1.175325e-01 1.098431e-01 1.081606e-03
<GCONST> 4.539856e+01
<TRANSP> 5
 0.000000e+00 1.000000e+00 0.000000e+00 0.000000e+00 0.000000e+00
 0.000000e+00 7.682616e-01 2.421146e-02 2.075269e-01 0.000000e+00
 0.000000e+00 0.000000e+00 8.278439e-01 1.721561e-01 0.000000e+00
 0.000000e+00 1.870940e-01 0.000000e+00 7.433729e-01 6.953315e-02
 0.000000e+00 0.000000e+00 0.000000e+00 0.000000e+00 0.000000e+00
<ENDHMM>
~h "six"
<BEGINHMM>
<NUMSTATES> 5
<STATE> 2
<MEAN> 39
 -8.684893e+00 -4.258832e+00 -6.992614e+00 -8.731222e+00 -3.095766e+00 -4.231181e+00 -1.958781e+00 -8.231957e+00 -3.553023e+00 -4.008485e+00 1.246318e-01 -3.143767e+00 1.495175e+01 6.793561e-01 6.786535e-01 1.201114e+00 -1.380534e+00 -1.156217e+00 -1.211395e+00 4.097320e-02 -1.336214e-01 4.202864e-01 3.495856e-01 -5.166705e-01 -4.722314e-01 6.295370e-01 6.712539e-02 1.149588e-01 2.269955e-01 -4.788594e-01 -2.794267e-01 -1.697670e-01 4.327041e-02 7.581719e-02 2.038755e-01 7.397322e-04 -1.366836e-01 -2.377079e-01 1.450757e-01
<VARIANCE> 39
 7.473956e+00 7.796531e+00 1.269873e+01 1.147744e+01 1.900280e+01 2.000597e+01 1.517623e+01 1.807689e+01 2.003346e+01 2.961535e+01 1.917575e+01 1.708729e+01 1.865981e+00 3.582745e-01 4.709668e-01 8.830040e-01 1.148281e+00 1.075032e+00 1.323366e+00 1.003288e+00 8.099644e-01 1.418380e+00 2.236345e+00 1.075174e+00 1.322516e+00 7.688183e-02 6.203446e-02 5.632088e-02 1.156967e-01 9.791660e-02 2.032437e-01 2.090822e-01 1.477613e-01 1.766428e-01 1.850819e-01 2.378977e-01 1.708632e-01 1.683137e-01 8.843628e-03
<GCONST> 7.405990e+01
<STATE> 3
<MEAN> 39
 -6.470767e+00 -1.099829e+00 -8.569906e-01 -2.012072e+01 -7.860984e+00 -8.735787e+00 -2.436693e+00 -6.380541e+00 2.463512e-01 -3.795059e+00 -2.524416e+00 -7.321693e+00 1.832891e+01 2.413184e-02 -8.675908e-02 2.209903e-01 -2.819003e-01 3.752457e-01 2.129569e-01 -2.749995e-01 1.720262e-01 3.750680e-02 -1.961629e-01 1.702245e-01 7.096735e-03 -4.771354e-02 -5.675755e-02 -2.052358e-01 -2.669449e-01 4.875844e-01 2.882049e-01 2.212341e-01 6.796178e-02 -9.106397e-02 -1.466739e-01 -5.877952e-02 1.515882e-01 1.659387e-01 -1.670518e-01
<VARIANCE> 39
 7.692092e+00 9.747502e+00 1.662890e+01 2.306226e+01 5.850441e+01 3.110696e+01 3.719402e+01 2.460391e+01 3.462907e+01 5.833886e+01 3.542892e+01 3.742956e+01 1.432452e+00 3.495965e-01 6.526437e-01 1.075611e+00 3.229532e+00 2.397488e+00 1.761008e+00 1.734443e+00 1.341317e+00 1.887779e+00 2.010826e+00 1.867478e+00 1.897250e+00 2.938266e-01 6.819792e-02 6.606925e-02 1.609190e-01 2.259241e-01 3.061688e-01 3.193487e-01 3.835799e-01 2.241332e-01 2.868502e-01 3.401679e-01 2.636163e-01 2.553120e-01 1.166332e-02
<GCONST> 9.188348e+01
<STATE> 4
<MEAN> 39
 -6.562983e+00 -6.248437e+00 -4.680607e+00 -1.081196e+01 -1.002039e+00 -3.979316e+00 -1.436043e+00 -8.754368e+00 -2.164711e+00 -5.868287e+00 1.164331e+00 -4.220281e+00 1.475304e+01 -2.336622e-01 -9.112093e-01 -1.005343e+00 1.462016e+00 4.138897e-01 4.086587e-01 9.077758e-01 -4.571243e-01 -2.820048e-01 -4.051667e-02 2.005842e-01 2.988716e-01 -4.645845e-01 -1.053076e-01 1.689094e-01 2.070922e-01 -4.381309e-01 -3.787761e-01 -1.608056e-01 -8.509129e-02 1.722304e-01 1.161327e-01 1.035461e-01 -1.796469e-01 -1.430246e-01 1.499705e-01
<VARIANCE> 39
 3.292480e+00 5.440714e+00 9.447217e+00 1.107156e+01 1.464253e+01 1.565106e+01 1.950628e+01 1.858591e+01 1.688165e+01 1.706567e+01 1.862072e+01 1.491514e+01 1.491645e+00 2.674189e-01 4.865402e-01 8.966365e-01 1.309261e+00 2.110319e+00 1.651652e+00 1.602844e+00 1.249586e+00 1.214286e+00 1.205010e+00 1.178007e+00 1.023261e+00 7.931908e-02 3.888552e-02 6.514499e-02 1.378336e-01 1.468735e-01 2.331599e-01 1.805130e-01 2.655319e-01 1.923302e-01 1.854391e-01 1.735615e-01 1.976751e-01 1.824936e-01 5.797065e-03
<GCONST> 7.239812e+01
<TRANSP> 5
 0.000000e+00 1.000000e+00 0.000000e+00 0.000000e+00 0.000000e+00
 0.000000e+00 7.187443e-01 2.812557e-01 0.000000e+00 0.000000e+00
 0.000000e+00 0.000000e+00 8.891522e-01 1.108478e-01 0.000000e+00
 0.000000e+00 0.000000e+00 0.000000e+00 7.504199e-01 2.495801e-01
 0.000000e+00 0.000000e+00 0.000000e+00 0.000000e+00 0.000000e+00
<ENDHMM>
~h "two"
<BEGINHMM>
<NUMSTATES> 5
<STATE> 2
<MEAN> 39
 -1.095529e+01 -3.271304e+00 -6.720591e+00 -1.062556e+01 -9.777623e-01 -3.867022e+00 -1.960819e+00 -7.507139e+00 -2.326185e+00 -5.679880e+00 1.128413e+00 -3.371249e+00 1.506369e+01 5.072276e-01 6.187537e-01 1.014933e+00 -5.889035e-01 -2.668658e-01 -3.651416e-01 -4.633965e-01 -2.131230e-01 7.193024e-02 -5.520261e-02 -2.284152e-01 -3.624356e-01 3.246594e-01 2.968349e-01 6.447550e-02 2.878012e-01 -1.312331e-01 -2.122336e-01 -2.433773e-01 -1.187070e-01 -1.272849e-01 -2.633133e-02 2.710148e-03 -7.921126e-02 -1.704014e-01 9.403076e-02
<VARIANCE> 39
 8.838336e+00 8.094337e+00 1.268511e+01 1.230931e+01 1.844361e+01 2.274421e+01 1.921521e+01 2.111871e+01 2.144528e+01 2.400225e+01 2.472685e+01 1.985394e+01 9.035707e-01 1.367545e+00 5.603377e-01 1.276354e+00 8.305088e-01 1.348897e+00 1.288083e+00 9.892374e-01 1.189756e+00 1.172176e+00 1.294304e+00 1.875824e+00 1.105514e+00 7.280758e-02 1.264815e-01 1.093543e-01 1.343322e-01 1.308335e-01 2.276687e-01 1.980977e-01 1.761317e-01 2.233889e-01 2.275448e-01 2.033341e-01 3.598589e-01 1.595450e-01 7.833755e-03
<GCONST> 7.897903e+01
<STATE> 3
<MEAN> 39
 -4.601798e+00 1.269959e+00 1.861050e+00 -1.552138e+01 -6.951964e+00 -9.943747e+00 -6.701279e+00 -1.043948e+01 -2.408048e+00 -5.176820e+00 -1.124666e+00 -7.307564e+00 1.840691e+01 6.636248e-01 5.435624e-01 7.424998e-01 -5.412517e-01 -1.162787e+00 -1.105713e+00 -5.669098e-01 -2.812708e-01 -6.590465e-02 1.260092e-01 -2.156143e-01 -6.238017e-01 4.513859e-01 -2.501312e-01 -2.350632e-01 -4.262367e-01 2.990124e-01 2.729413e-01 2.325563e-01 2.358949e-01 1.460974e-01 -1.897949e-02 -9.851145e-03 1.532901e-01 1.828787e-01 -1.451146e-01
<VARIANCE> 39
 7.462755e+00 8.105949e+00 1.363399e+01 2.232703e+01 3.964220e+01 2.561038e+01 2.821959e+01 2.453527e+01 3.158181e+01 5.527753e+01 4.393365e+01 4.852029e+01 1.036438e+00 5.676408e-01 6.280877e-01 9.858341e-01 1.463983e+00 1.293328e+00 1.206188e+00 1.681406e+00 1.515842e+00 1.844776e+00 1.989443e+00 2.390237e+00 1.875403e+00 8.954804e-02 6.150362e-02 5.348206e-02 8.131710e-02 1.250059e-01 2.044533e-01 1.805034e-01 2.040813e-01 1.909966e-01 2.121043e-01 2.734939e-01 2.892054e-01 2.222081e-01 6.517803e-03
<GCONST> 8.375465e+01
<STATE> 4
<MEAN> 39
 -3.233969e+00 -5.794318e-02 -4.448274e-02 -1.366096e+01 -7.121568e+00 -1.157339e+01 -5.645667e+00 -9.636520e+00 -2.711777e+00 -5.307858e+00 -1.568457e-01 -7.596254e+00 1.823941e+01 1.668168e-01 -2.231115e-01 -2.386358e-01 5.386738e-01 3.375468e-01 8.616186e-02 9.886915e-02 -5.492470e-02 -1.920784e-01 -8.654642e-02 7.759549e-02 1.594307e-01 -1.201282e-01 -4.355529e-02 -3.789145e-02 -2.656309e-02 2.437133e-02 9.548153e-02 1.092932e-01 5.186320e-02 5.132915e-03 2.025171e-02 1.279346e-03 -5.793760e-03 4.444850e-02 -3.518796e-02
<VARIANCE> 39
 5.896240e+00 7.956864e+00 1.253878e+01 2.982223e+01 3.400790e+01 2.156746e+01 3.315523e+01 3.370415e+01 3.984224e+01 4.293063e+01 5.471915e+01 4.155386e+01 1.360087e+00 1.337224e-01 1.530137e-01 3.768997e-01 6.209638e-01 9.138339e-01 8.562527e-01 8.808460e-01 1.029078e+00 9.050822e-01 9.877065e-01 1.045628e+00 9.312415e-01 1.452760e-02 2.162216e-02 2.514829e-02 5.073476e-02 8.853131e-02 1.057046e-01 1.240821e-01 1.292223e-01 1.603056e-01 1.487783e-01 1.526869e-01 1.592443e-01 1.458851e-01 2.343975e-03
<GCONST> 6.575592e+01
<TRANSP> 5
 0.000000e+00 1.000000e+00 0.000000e+00 0.000000e+00 0.000000e+00
 0.000000e+00 8.205587e-01 1.794413e-01 0.000000e+00 0.000000e+00
 0.000000e+00 0.000000e+00 7.671126e-01 2.328874e-01 0.000000e+00
 0.000000e+00 0.000000e+00 0.000000e+00 9.014136e-01 9.858643e-02
 0.000000e+00 0.000000e+00 0.000000e+00 0.000000e+00 0.000000e+00
<ENDHMM>
~h "nine"
<BEGINHMM>
<NUMSTATES> 5
<STATE> 2
<MEAN> 39
 -4.470412e+00 -4.322012e+00 -2.081364e+00 -8.923550e+00 -3.034669e+00 -6.192604e+00 -1.516314e+00 -1.117480e+01 -5.007729e+00 -8.077902e+00 -2.945823e+00 -7.809181e+00 1.756753e+01 -1.371963e-01 -6.729540e-01 -2.213527e-01 4.957798e-01 -4.929401e-01 1.729956e-01 3.880484e-01 -1.973268e-01 -3.952189e-02 -1.524583e-01 -1.781013e-01 -1.448692e-01 2.491316e-01 -3.835259e-02 -1.261729e-01 -7.481199e-02 1.145209e-01 1.830601e-02 -6.620944e-03 3.850346e-02 3.134370e-02 9.704593e-03 6.303798e-03 7.984454e-02 3.482514e-02 -1.053494e-02
<VARIANCE> 39
 8.941374e+00 2.037983e+01 1.533184e+01 1.683355e+01 2.862887e+01 2.886462e+01 3.201184e+01 2.750832e+01 4.719811e+01 3.538956e+01 3.016364e+01 3.277509e+01 2.306103e+00 5.318370e-01 1.578657e+00 1.144915e+00 1.117432e+00 1.137620e+00 1.424322e+00 1.645426e+00 1.277606e+00 1.528790e+00 1.154245e+00 1.245894e+00 1.038441e+00 3.757333e-02 6.493513e-02 1.814225e-01 1.346317e-01 1.401140e-01 2.019821e-01 2.218436e-01 2.431243e-01 1.863412e-01 1.997583e-01 1.612389e-01 1.739059e-01 1.449626e-01 4.943307e-03
<GCONST> 8.288990e+01
<STATE> 3
<MEAN> 39
 -6.290509e+00 -1.167317e+01 -4.987430e+00 -2.492751e+00 -5.655495e+00 -5.432025e+00 1.785291e+00 -1.126497e+01 -5.679158e+00 -9.068701e+00 -1.604622e+00 -7.685219e+00 1.862177e+01 -1.082485e-01 6.578938e-02 2.330340e-01 -2.053259e-01 -4.693319e-02 2.054380e-01 -7.333270e-02 -1.009501e-01 1.716533e-01 6.973994e-02 -3.996981e-02 3.040514e-02 -1.979707e-02 -3.001771e-03 1.878612e-01 7.743079e-02 -2.486345e-01 3.301439e-02 8.101889e-02 -1.011976e-01 -1.961372e-03 8.308458e-02 -5.372432e-03 -7.944029e-02 2.507272e-02 -1.439736e-02
<VARIANCE> 39
 7.197896e+00 8.451228e+00 2.463075e+01 3.136816e+01 1.880439e+01 3.042537e+01 3.088258e+01 3.410189e+01 4.310388e+01 4.184179e+01 2.805844e+01 3.031895e+01 1.011855e+00 8.114481e-02 3.211701e-01 4.020682e-01 1.031797e+00 4.633369e-01 6.109567e-01 5.231573e-01 4.995952e-01 6.120034e-01 6.482127e-01 6.582338e-01 5.175793e-01 4.580525e-03 1.054473e-02 2.931776e-02 3.925215e-02 5.256160e-02 6.928178e-02 6.525854e-02 7.263038e-02 7.666902e-02 7.949711e-02 8.554451e-02 7.633602e-02 7.776119e-02 3.924804e-04
<GCONST> 5.266576e+01
<STATE> 4
<MEAN> 39
 -6.220273e+00 -3.175412e+00 -1.625036e+00 -1.203710e+01 -1.903951e+00 -4.488476e+00 -3.313202e+00 -1.019650e+01 -2.791809e+00 -8.220450e+00 -3.088113e+00 -6.512322e+00 1.789955e+01 3.931994e-01 8.497927e-01 1.536234e-01 -3.101040e-01 5.440754e-01 -4.756047e-01 -4.739959e-01 3.276693e-01 -1.990293e-01 5.496773e-02 9.738295e-02 5.329289e-02 -1.226557e-01 4.370522e-02 -1.235121e-01 -3.715483e-02 2.355823e-01 -1.475151e-02 -7.318596e-02 1.047018e-01 -3.505227e-02 -1.090038e-01 2.566103e-02 7.954772e-02 -2.937626e-02 -1.026078e-02
<VARIANCE> 39
 1.144967e+01 2.011142e+01 1.220181e+01 2.402412e+01 3.582889e+01 3.414453e+01 3.366854e+01 2.992201e+01 4.905702e+01 3.961922e+01 3.857175e+01 4.244749e+01 1.076389e+00 4.062780e-01 9.272895e-01 5.742220e-01 1.873631e+00 1.354142e+00 1.383334e+00 1.360674e+00 1.284766e+00 1.675527e+00 1.184845e+00 1.059313e+00 1.024128e+00 9.885912e-03 5.702439e-02 9.914946e-02 8.653293e-02 1.494155e-01 1.941959e-01 2.404695e-01 1.805302e-01 1.979218e-01 2.315965e-01 1.955650e-01 1.707115e-01 1.415219e-01 1.007570e-03
<GCONST> 7.866467e+01
<TRANSP> 5
 0.000000e+00 1.000000e+00 0.000000e+00 0.000000e+00 0.000000e+00
 0.000000e+00 8.955114e-01 1.044885e-01 0.000000e+00 0.000000e+00
 0.000000e+00 0.000000e+00 9.109079e-01 8.909205e-02 0.000000e+00
 0.000000e+00 0.000000e+00 0.000000e+00 8.980770e-01 1.019230e-01
 0.000000e+00 0.000000e+00 0.000000e+00 0.000000e+00 0.000000e+00
<ENDHMM>
~h "five"
<BEGINHMM>
<NUMSTATES> 5
<STATE> 2
<MEAN> 39
 -4.180813e+00 -1.133963e+01 -1.006504e+01 -8.263977e+00 4.863382e-01 -8.131233e+00 3.467914e-01 -4.676350e+00 -5.245653e+00 -7.946504e+00 -1.816651e+00 -4.904724e+00 1.797415e+01 3.625411e-01 -1.175100e+00 -7.174367e-01 7.820539e-01 5.139520e-01 -6.411300e-01 3.320979e-01 4.004102e-01 -7.478924e-01 -2.214897e-01 -3.008544e-01 -5.337567e-03 5.644230e-01 -1.907219e-01 2.471033e-02 1.747384e-01 9.181258e-02 -1.334233e-02 1.041613e-01 3.003291e-02 -2.035016e-01 2.544688e-02 1.383162e-01 1.591068e-01 4.964686e-02 -7.394361e-02
<VARIANCE> 39
 1.086243e+01 1.966130e+01 2.370609e+01 1.674393e+01 1.900042e+01 2.061353e+01 2.526418e+01 5.151989e+01 3.221057e+01 2.802553e+01 2.497437e+01 1.990400e+01 4.371955e+00 7.731599e-01 5.613094e-01 1.171973e+00 9.071392e-01 7.891773e-01 9.864795e-01 9.741645e-01 2.247044e+00 1.725138e+00 1.724329e+00 1.363290e+00 1.026833e+00 1.227559e-01 9.465943e-02 1.335906e-01 1.780907e-01 1.234607e-01 1.362101e-01 1.447449e-01 1.544396e-01 3.008370e-01 2.737439e-01 1.933216e-01 1.760390e-01 1.403608e-01 2.821921e-02
<GCONST> 8.435409e+01
<STATE> 3
<MEAN> 39
 -5.809327e+00 -1.545251e+01 -8.556488e+00 -3.643660e+00 1.426090e+00 -9.175560e+00 2.534764e+00 -7.496528e+00 -7.217803e+00 -5.455695e+00 -4.664604e-01 -4.503211e+00 1.904695e+01 -1.661416e-01 8.365893e-02 4.906850e-01 -2.573759e-01 -2.713283e-01 4.342817e-01 6.885883e-02 -3.989178e-01 2.707137e-02 3.039394e-01 6.117649e-02 -8.456273e-02 -4.852496e-02 4.020615e-02 1.144342e-01 1.145206e-02 -1.967206e-01 -5.496379e-02 9.329797e-02 -2.901072e-02 2.468411e-02 5.654122e-02 -4.897361e-02 -7.773081e-02 -1.875977e-02 -1.499052e-02
<VARIANCE> 39
 9.174303e+00 9.379384e+00 2.484671e+01 2.081354e+01 1.875029e+01 2.311653e+01 1.751906e+01 3.905637e+01 4.700546e+01 4.450342e+01 2.689230e+01 2.552056e+01 1.356914e+00 8.788616e-02 1.530584e-01 2.696485e-01 6.339510e-01 4.959767e-01 5.514060e-01 4.976337e-01 4.932964e-01 6.132907e-01 5.706670e-01 5.685216e-01 4.732285e-01 5.857702e-03 1.174295e-02 2.421216e-02 3.031193e-02 4.809499e-02 5.121256e-02 5.160432e-02 5.703654e-02 6.415485e-02 8.528090e-02 8.423714e-02 6.651395e-02 7.042684e-02 9.080101e-04
<GCONST> 4.963769e+01
<STATE> 4
<MEAN> 39
 -5.753659e+00 -9.412832e+00 -3.942909e+00 -1.391106e+01 -3.278843e+00 -2.811627e+00 1.871038e+00 -8.423853e+00 -4.206522e+00 -5.238712e+00 -2.267025e+00 -5.519771e+00 1.830319e+01 2.171630e-01 1.207107e+00 3.704142e-01 -6.427405e-01 -3.926848e-01 -1.022881e-01 -3.098664e-01 2.569681e-01 5.543205e-01 -2.124747e-01 -7.246818e-02 -8.915620e-02 -2.458813e-01 -1.737270e-02 -2.145564e-02 -5.258464e-02 3.437726e-01 1.401465e-01 -1.805455e-01 -6.288394e-02 -9.951342e-03 -4.281856e-02 1.680514e-02 1.217080e-01 3.979111e-02 -4.835825e-02
<VARIANCE> 39
 7.868059e+00 2.308821e+01 1.220654e+01 3.192307e+01 4.212363e+01 1.956128e+01 2.462724e+01 3.666781e+01 5.313964e+01 2.795436e+01 2.708364e+01 3.009248e+01 1.835869e+00 2.145747e-01 4.982715e-01 5.736038e-01 2.636722e+00 1.470514e+00 1.621296e+00 9.743678e-01 1.330834e+00 1.638631e+00 1.337512e+00 1.268718e+00 9.161076e-01 4.133056e-02 4.302458e-02 9.683558e-02 7.579281e-02 2.403964e-01 2.362005e-01 2.298833e-01 1.663088e-01 2.294671e-01 2.226036e-01 1.790534e-01 2.066558e-01 1.646853e-01 4.442275e-03
<GCONST> 8.034981e+01
<TRANSP> 5
 0.000000e+00 1.000000e+00 0.000000e+00 0.000000e+00 0.000000e+00
 0.000000e+00 8.481970e-01 1.518029e-01 0.000000e+00 0.000000e+00
 0.000000e+00 0.000000e+00 9.124650e-01 8.753494e-02 0.000000e+00
 0.000000e+00 0.000000e+00 0.000000e+00 8.641638e-01 1.358362e-01
 0.000000e+00 0.000000e+00 0.000000e+00 0.000000e+00 0.000000e+00
<ENDHMM>
~h "four"
<BEGINHMM>
<NUMSTATES> 5
<STATE> 2
<MEAN> 39
 -6.752517e+00 -6.549655e+00 -5.530742e+00 -9.756997e+00 -1.577461e+00 -5.554795e+00 -1.215072e+00 -8.397619e+00 -2.003092e+00 -5.574945e+00 9.738084e-01 -4.272105e+00 1.535957e+01 1.569478e+00 5.365925e-01 -9.028306e-01 -8.578863e-01 -3.062541e-01 -5.346047e-01 -6.942320e-01 -1.921118e-01 1.941682e-01 2.014339e-01 -3.437498e-01 -4.870666e-01 6.436340e-01 3.503277e-01 1.256049e-01 -3.368686e-01 -3.172757e-01 -5.853184e-02 -7.139594e-03 -8.056228e-02 -1.784255e-02 2.303050e-03 5.408018e-02 -7.903896e-02 -1.321201e-01 1.431646e-01
<VARIANCE> 39
 7.590790e+00 5.408970e+00 5.414376e+00 7.828155e+00 1.003251e+01 1.244976e+01 1.451010e+01 1.363908e+01 1.606249e+01 1.350047e+01 1.608865e+01 1.222024e+01 1.726293e+00 5.137813e-01 4.336408e-01 6.023746e-01 7.387583e-01 7.130289e-01 9.067658e-01 7.512320e-01 8.221723e-01 1.016243e+00 1.086600e+00 1.523671e+00 1.226996e+00 5.791549e-02 6.773569e-02 5.344054e-02 6.066382e-02 8.255495e-02 1.013030e-01 1.526279e-01 1.211875e-01 1.516986e-01 1.399027e-01 1.608901e-01 1.994254e-01 1.871814e-01 7.150158e-03
<GCONST> 6.400153e+01
<STATE> 3
<MEAN> 39
 1.596378e+00 -3.480279e+00 -1.216647e+01 -1.704940e+01 -4.000727e+00 -6.177424e+00 -3.167133e+00 -8.953157e+00 -1.398829e+00 -3.856114e+00 4.294428e-01 -6.775817e+00 1.891421e+01 3.038332e-01 -1.867004e-01 -3.247477e-01 -3.703512e-02 7.409023e-02 -1.819799e-02 -2.192512e-01 1.749471e-01 3.532124e-01 9.302517e-02 -2.296963e-01 -2.201994e-01 1.428846e-01 -1.735056e-01 -1.542017e-01 1.499072e-01 2.361111e-01 3.833850e-02 -3.652059e-02 3.800567e-02 1.109173e-01 4.729836e-02 -8.559725e-02 -5.579909e-02 5.674582e-02 -6.754391e-02
<VARIANCE> 39
 4.139278e+00 1.026485e+01 9.600503e+00 1.373092e+01 2.439329e+01 1.715071e+01 1.857327e+01 1.714536e+01 2.362398e+01 2.482033e+01 3.809529e+01 3.756960e+01 1.087493e+00 5.223108e-01 7.271441e-01 6.852232e-01 1.213875e+00 9.698173e-01 7.718424e-01 9.086578e-01 9.567752e-01 1.309366e+00 1.175265e+00 1.338248e+00 1.241982e+00 9.289043e-02 4.949079e-02 4.573217e-02 9.588292e-02 8.014970e-02 1.358017e-01 1.434417e-01 1.560633e-01 1.411942e-01 1.814874e-01 1.920436e-01 1.991477e-01 1.869948e-01 7.207705e-03
<GCONST> 7.252019e+01
<STATE> 4
<MEAN> 39
 -2.652596e-01 -1.131127e+01 -7.980448e+00 -8.560113e+00 -5.376561e+00 -8.946316e+00 -2.202377e+00 -4.229050e+00 6.480423e-01 -7.567203e+00 -3.909199e+00 -7.361156e+00 1.854935e+01 -5.527185e-01 -3.286464e-02 1.188870e+00 5.180114e-01 -5.926077e-01 2.935115e-02 6.836622e-01 -1.586640e-01 -6.807093e-01 -3.920352e-01 1.341418e-01 2.573967e-01 -2.038512e-01 -8.726871e-02 3.021620e-01 7.915028e-04 -2.180447e-01 1.357704e-01 2.155742e-01 1.404598e-02 -2.460438e-01 -1.510221e-01 1.213988e-01 1.773456e-01 3.058338e-02 -5.096854e-02
<VARIANCE> 39
 6.989802e+00 1.430922e+01 2.848701e+01 1.841182e+01 4.718246e+01 3.737183e+01 3.525352e+01 3.889340e+01 4.503417e+01 3.449403e+01 3.468758e+01 3.194413e+01 1.578450e+00 2.192769e-01 1.523030e+00 6.627473e-01 1.663447e+00 2.089170e+00 2.163475e+00 1.565407e+00 2.597119e+00 1.820045e+00 1.726079e+00 1.796301e+00 1.076428e+00 4.093061e-02 2.919672e-02 9.474461e-02 1.878369e-01 1.661447e-01 4.426044e-01 3.013989e-01 3.550306e-01 3.382342e-01 3.791274e-01 2.796486e-01 3.072747e-01 2.166571e-01 3.209195e-03
<GCONST> 8.839180e+01
<TRANSP> 5
 0.000000e+00 1.000000e+00 0.000000e+00 0.000000e+00 0.000000e+00
 0.000000e+00 7.028285e-01 2.971714e-01 0.000000e+00 0.000000e+00
 0.000000e+00 0.000000e+00 9.182595e-01 8.174049e-02 0.000000e+00
 0.000000e+00 0.000000e+00 0.000000e+00 8.713462e-01 1.286537e-01
 0.000000e+00 0.000000e+00 0.000000e+00 0.000000e+00 0.000000e+00
<ENDHMM>
~h "zero"
<BEGINHMM>
<NUMSTATES> 5
<STATE> 2
<MEAN> 39
 -6.855587e+00 -1.901002e+00 -4.590261e+00 -7.677821e+00 -2.510957e+00 -4.666392e+00 -2.828232e+00 -8.904754e+00 -3.635915e+00 -4.172565e+00 1.350350e-01 -4.374334e+00 1.565068e+01 2.805375e-01 1.044969e+00 9.702736e-01 -1.154063e+00 -8.267525e-01 -1.403393e+00 -6.263175e-01 -6.005715e-01 3.206482e-01 3.345328e-01 -1.324716e-01 -2.388436e-01 4.901955e-01 3.817078e-02 9.726836e-02 1.847084e-01 -3.604071e-01 -1.737320e-01 -2.337705e-01 3.012046e-03 -2.416074e-02 1.692037e-01 1.598381e-03 3.097142e-02 -8.992299e-02 9.293427e-02
<VARIANCE> 39
 6.898842e+00 1.045563e+01 1.552928e+01 1.460899e+01 2.097466e+01 2.208648e+01 1.923861e+01 1.977039e+01 2.956256e+01 2.443139e+01 2.236831e+01 1.989839e+01 1.479697e+00 3.156185e-01 4.247714e-01 7.567167e-01 9.351131e-01 8.449235e-01 1.288713e+00 9.698414e-01 1.180357e+00 1.340597e+00 9.782611e-01 1.203578e+00 1.527079e+00 4.253800e-02 4.659021e-02 1.026966e-01 1.271620e-01 1.079620e-01 1.311611e-01 2.169071e-01 1.590111e-01 1.927148e-01 1.621377e-01 1.501037e-01 1.803345e-01 1.680649e-01 6.419683e-03
<GCONST> 7.318340e+01
<STATE> 3
<MEAN> 39
 -5.561147e+00 3.166133e-01 9.434358e-01 -1.693354e+01 -7.856011e+00 -9.191539e+00 -4.572692e+00 -8.445063e+00 1.725816e-01 -3.747292e+00 1.708807e-01 -6.829583e+00 1.840680e+01 3.373530e-01 -7.417991e-01 4.423637e-01 -1.720821e-01 -1.080054e+00 2.620963e-01 2.048743e-01 1.947223e-01 3.211496e-01 -7.710121e-02 4.332483e-02 -1.248654e-01 1.665469e-01 5.143887e-02 -2.691122e-01 -1.736227e-01 3.715424e-01 1.647538e-02 1.357859e-01 1.949199e-01 5.562042e-02 -8.654395e-02 -4.437666e-02 -1.243443e-02 7.144302e-02 -6.442112e-02
<VARIANCE> 39
 7.430423e+00 2.060414e+01 1.739084e+01 2.629273e+01 5.927021e+01 4.049090e+01 3.221506e+01 4.420618e+01 3.111680e+01 3.033660e+01 3.453163e+01 5.111633e+01 1.093827e+00 4.425102e-01 1.627946e+00 8.041834e-01 2.616234e+00 1.742035e+00 2.530505e+00 1.684840e+00 1.421189e+00 1.341266e+00 1.178599e+00 1.107648e+00 1.320971e+00 6.309707e-02 5.152697e-02 1.128695e-01 1.260509e-01 1.803103e-01 2.453554e-01 4.090280e-01 2.257475e-01 2.478975e-01 2.121008e-01 1.746937e-01 1.724567e-01 2.174465e-01 4.556406e-03
<GCONST> 8.705827e+01
<STATE> 4
<MEAN> 39
 -1.604587e+00 -1.051510e+01 -4.388267e+00 -9.815688e+00 -9.690079e+00 -8.037681e+00 5.604545e-01 -4.104700e+00 -1.751091e-01 -6.699138e+00 -1.003850e+00 -5.666242e+00 1.854274e+01 8.306518e-02 1.055123e-02 -5.499958e-01 1.636138e-01 6.664453e-01 -1.770993e-01 -1.628360e-02 2.075639e-01 -6.420670e-02 -1.488195e-01 -9.273785e-02 -7.482831e-03 -5.359191e-02 -5.977792e-02 1.432590e-01 6.299413e-02 -8.625725e-02 8.704516e-02 4.100996e-02 -9.765321e-02 -8.206224e-02 -2.052507e-02 3.426739e-02 2.044369e-02 -8.802359e-03 -1.774933e-02
<VARIANCE> 39
 6.465517e+00 1.773543e+01 2.653492e+01 2.680137e+01 6.270197e+01 5.438043e+01 3.558026e+01 3.643369e+01 4.419220e+01 3.496436e+01 2.490663e+01 3.291997e+01 1.494445e+00 2.247351e-01 8.380481e-01 6.301716e-01 1.038409e+00 1.227606e+00 1.670023e+00 1.529628e+00 1.766552e+00 1.573473e+00 1.377255e+00 1.023293e+00 9.266141e-01 1.575518e-02 2.390812e-02 3.499660e-02 7.643101e-02 1.110208e-01 1.911959e-01 2.326870e-01 1.870251e-01 1.959512e-01 2.165409e-01 1.823011e-01 1.466617e-01 1.334439e-01 1.765641e-03
<GCONST> 7.715030e+01
<TRANSP> 5
 0.000000e+00 1.000000e+00 0.000000e+00 0.000000e+00 0.000000e+00
 0.000000e+00 7.340654e-01 2.659346e-01 0.000000e+00 0.000000e+00
 0.000000e+00 0.000000e+00 8.922575e-01 1.077425e-01 0.000000e+00
 0.000000e+00 0.000000e+00 0.000000e+00 9.397684e-01 6.023156e-02
 0.000000e+00 0.000000e+00 0.000000e+00 0.000000e+00 0.000000e+00
<ENDHMM>
