~o
<STREAMINFO> 1 39
<VECSIZE> 39<NULLD><MFCC_E_D_A><DIAGC>
~h "eight"
<BEGINHMM>
<NUMSTATES> 5
<STATE> 2
<MEAN> 39
 -7.524259e+00 -3.425443e+00 -5.693405e+00 -1.668129e+01 -6.472266e-01 -5.182438e+00 5.464636e-01 -6.746643e+00 -1.554742e+00 -6.763812e+00 -1.027581e+00 -5.331584e+00 1.714912e+01 -1.900187e-01 7.575298e-01 -8.186685e-02 -7.814723e-01 3.923718e-02 -4.145875e-01 5.498195e-02 2.967989e-01 3.011558e-01 4.554179e-02 -9.449488e-02 -9.567261e-02 2.139845e-01 3.509399e-02 8.254509e-02 1.092693e-02 8.963431e-02 -4.103991e-02 -1.680768e-01 -8.082502e-02 -2.284211e-02 2.705487e-02 6.061794e-02 5.858117e-02 -4.580393e-03 3.466252e-03
<VARIANCE> 39
 1.075576e+01 2.305841e+01 1.835785e+01 3.944751e+01 4.045807e+01 2.353718e+01 2.441513e+01 2.433806e+01 3.137289e+01 2.547057e+01 2.575900e+01 2.447307e+01 3.380896e+00 3.360932e-01 9.651073e-01 6.847388e-01 1.411190e+00 1.254018e+00 1.634325e+00 1.348154e+00 1.128208e+00 1.374382e+00 1.216730e+00 1.140045e+00 1.007757e+00 1.229790e-01 4.082857e-02 8.491885e-02 8.461757e-02 2.011353e-01 1.478590e-01 1.778294e-01 1.529715e-01 1.814238e-01 2.320959e-01 1.695070e-01 1.833571e-01 1.573078e-01 1.323968e-02
<GCONST> 8.183723e+01
<STATE> 3
<MEAN> 39
 -7.935267e+00 5.475990e+00 -4.908602e+00 -1.664727e+01 -2.357277e+00 -1.441938e+01 -3.035226e+00 -8.590804e+00 -1.333281e+00 -4.426880e+00 9.894496e-01 -5.287216e+00 1.807283e+01 2.038416e-01 -4.290197e-01 1.808109e-01 9.720513e-01 1.361384e-01 6.934290e-02 -3.419797e-01 -6.694561e-01 -5.148356e-01 -4.113295e-02 2.100335e-01 1.945950e-01 -2.363288e-01 1.021267e-02 -3.328934e-01 -3.043294e-02 6.396042e-02 4.254460e-02 3.532518e-01 1.234178e-01 5.585805e-02 -2.347367e-02 -9.194065e-02 -6.257369e-02 3.917063e-03 -6.257651e-02
<VARIANCE> 39
 9.284467e+00 1.350721e+01 2.250870e+01 3.248516e+01 1.967648e+01 2.420520e+01 5.254551e+01 3.438113e+01 4.415741e+01 2.637306e+01 3.191335e+01 2.703315e+01 1.959818e+00 2.642209e-01 1.895688e+00 4.088297e-01 7.647221e-01 7.868128e-01 2.502151e+00 1.307331e+00 1.116774e+00 1.804253e+00 1.195109e+00 1.398759e+00 1.008694e+00 6.759342e-02 3.641369e-02 9.029864e-02 5.905540e-02 1.265764e-01 9.250860e-02 1.745031e-01 1.630075e-01 2.078774e-01 2.767945e-01 1.690445e-01 1.958875e-01 1.643073e-01 4.024228e-03
<GCONST> 7.874342e+01
<STATE> 4
<MEAN> 39
 -7.116767e+00 -6.541067e+00 -5.514878e+00 -1.004293e+01 -1.215375e+00 -4.682480e+00 -8.409402e-01 -8.921489e+00 -3.019660e+00 -5.935845e+00 9.428727e-01 -4.004977e+00 1.468662e+01 -7.179783e-02 -3.660485e-01 -1.176297e-01 1.204241e-01 -4.112492e-02 3.696102e-01 1.855420e-01 1.810011e-01 1.167376e-01 8.797145e-03 1.649087e-02 9.388009e-03 -9.300590e-02 -5.685273e-03 1.757349e-01 1.039993e-02 -6.684012e-02 -1.211832e-02 -1.464314e-01 -4.599054e-02 -1.503949e-02 -6.331531e-03 2.179367e-02 -5.186109e-03 -1.391514e-02 4.871764e-02
<VARIANCE> 39
 4.560894e+00 6.159150e+00 8.314757e+00 9.574123e+00 1.262566e+01 1.589434e+01 1.697651e+01 1.696682e+01 1.732072e+01 1.627313e+01 1.523352e+01 1.399439e+01 1.034501e+00 2.099293e-01 8.405241e-01 4.288091e-01 5.955233e-01 4.862396e-01 1.170446e+00 9.931198e-01 8.546665e-01 9.812967e-01 7.909755e-01 7.432474e-01 7.057064e-01 4.874192e-02 3.460031e-02 9.647737e-02 7.128503e-02 1.091523e-01 9.177045e-02 1.887646e-01 1.756934e-01 1.504275e-01 1.623780e-01 1.354730e-01 1.324253e-01 1.272722e-01 4.818404e-03
<GCONST> 6.216207e+01
<TRANSP> 5
 0.000000e+00 1.000000e+00 0.000000e+00 0.000000e+00 0.000000e+00
 0.000000e+00 9.121925e-01 8.780750e-02 0.000000e+00 0.000000e+00
 0.000000e+00 0.000000e+00 8.976269e-01 1.023731e-01 0.000000e+00
 0.000000e+00 0.000000e+00 0.000000e+00 9.213890e-01 7.861094e-02
 0.000000e+00 0.000000e+00 0.000000e+00 0.000000e+00 0.000000e+00
<ENDHMM>
~h "oh"
<BEGINHMM>
<NUMSTATES> 5
<STATE> 2
<MEAN> 39
 -5.072906e+00 -9.817537e+00 -7.833377e+00 -8.759861e+00 -2.347719e+00 -7.078436e+00 2.847755e+00 -7.616874e+00 -4.773005e+00 -6.878155e+00 -1.687974e+00 -4.955316e+00 1.721407e+01 4.015586e-01 -2.821494e-01 -5.485501e-01 2.171545e-01 1.401627e-01 -4.945690e-01 2.322910e-01 5.781040e-01 -1.037485e-01 -3.932610e-01 -3.404422e-01 -6.349514e-02 2.903815e-01 6.013419e-02 8.892392e-02 -1.210263e-02 -5.544873e-02 1.547175e-02 -6.012463e-02 -1.276603e-01 1.861853e-02 1.092551e-01 1.494779e-03 -5.272238e-02 -5.050194e-02 1.424375e-02
<VARIANCE> 39
 8.382306e+00 1.228220e+01 1.538583e+01 1.591971e+01 2.185689e+01 2.340162e+01 2.846190e+01 5.757658e+01 3.748621e+01 3.054211e+01 2.663985e+01 2.711323e+01 3.812013e+00 4.045047e-01 5.595050e-01 6.603168e-01 6.405978e-01 7.460980e-01 1.180176e+00 1.235327e+00 1.815302e+00 1.533159e+00 1.309645e+00 1.311777e+00 1.082004e+00 1.254166e-01 4.813059e-02 7.023267e-02 8.521727e-02 8.555459e-02 1.118070e-01 1.482320e-01 1.609972e-01 2.226749e-01 2.095436e-01 1.953586e-01 2.000352e-01 1.548820e-01 1.713554e-02
<GCONST> 7.894449e+01
<STATE> 3
<MEAN> 39
 -4.965993e-01 -8.085561e+00 -1.303811e+01 -1.018378e+01 -8.909647e-01 -1.201037e+01 -8.892389e-01 -1.284799e+00 1.939162e-01 -7.884272e+00 -5.009706e+00 -6.855098e+00 1.903839e+01 2.239071e-01 4.083353e-01 -6.301233e-03 -3.375471e-01 -6.150929e-02 -1.964740e-02 -6.569722e-01 -2.515011e-01 6.164271e-01 5.838704e-01 3.178542e-02 -3.234859e-01 -1.058157e-02 -4.688026e-02 2.213276e-02 1.000644e-01 -1.014050e-02 -5.009495e-02 8.897686e-02 1.630279e-02 -1.447877e-01 -8.520345e-02 7.581959e-02 1.148444e-01 2.391843e-02 -2.662398e-02
<VARIANCE> 39
 6.028922e+00 9.347391e+00 1.555831e+01 1.589685e+01 1.975418e+01 2.333681e+01 4.428230e+01 3.314378e+01 4.055782e+01 3.755698e+01 3.123151e+01 3.914725e+01 1.183734e+00 8.543301e-02 1.427004e-01 2.976719e-01 2.936641e-01 3.913097e-01 5.535880e-01 7.245917e-01 1.116325e+00 7.998046e-01 8.947308e-01 8.656505e-01 6.944234e-01 1.391791e-02 1.175630e-02 1.537127e-02 3.537052e-02 3.572028e-02 4.852975e-02 7.178192e-02 8.156146e-02 1.012436e-01 1.109301e-01 1.074998e-01 9.628418e-02 9.289258e-02 1.245801e-03
<GCONST> 5.396379e+01
<STATE> 4
<MEAN> 39
 -7.418202e-01 -3.730196e+00 -8.383329e+00 -1.248796e+01 -3.622055e+00 -9.300142e+00 -4.000155e+00 -8.066673e+00 -2.979450e-01 -3.366246e+00 3.569728e-01 -6.248670e+00 1.795417e+01 -5.069022e-01 1.203023e-01 7.350000e-01 2.727177e-01 1.213583e-02 5.559245e-01 3.365021e-01 -4.405235e-01 -5.363584e-01 -1.885734e-01 3.968889e-01 4.349113e-01 -2.802318e-01 -1.126522e-01 -1.140013e-01 -2.907880e-02 7.595453e-02 9.950960e-02 8.985809e-02 1.345920e-01 9.031341e-02 -3.953827e-02 -1.066725e-01 -6.855583e-02 5.315361e-02 -3.464296e-02
<VARIANCE> 39
 9.361499e+00 7.810185e+00 2.079552e+01 1.825480e+01 1.941331e+01 2.692006e+01 3.110312e+01 2.683559e+01 3.199027e+01 4.008419e+01 3.906119e+01 3.790240e+01 2.412501e+00 3.826953e-01 4.593658e-01 5.507362e-01 6.217665e-01 8.842409e-01 1.264739e+00 1.251874e+00 1.298649e+00 1.305791e+00 1.263465e+00 1.279160e+00 1.245754e+00 5.453466e-02 3.299580e-02 4.469838e-02 8.896654e-02 8.728109e-02 1.096993e-01 1.661356e-01 1.871799e-01 1.997286e-01 2.127136e-01 2.068777e-01 1.755926e-01 1.748503e-01 4.194865e-03
<GCONST> 7.532736e+01
<TRANSP> 5
 0.000000e+00 1.000000e+00 0.000000e+00 0.000000e+00 0.000000e+00
 0.000000e+00 9.027608e-01 9.723923e-02 0.000000e+00 0.000000e+00
 0.000000e+00 0.000000e+00 9.042472e-01 9.575286e-02 0.000000e+00
 0.000000e+00 0.000000e+00 0.000000e+00 8.838431e-01 1.161569e-01
 0.000000e+00 0.000000e+00 0.000000e+00 0.000000e+00 0.000000e+00
<ENDHMM>
~h "seven"
<BEGINHMM>
<NUMSTATES> 5
<STATE> 2
<MEAN> 39
 -8.806632e+00 -4.769282e+00 -7.050018e+00 -8.596655e+00 -2.107394e+00 -3.131446e+00 -1.276509e+00 -8.136147e+00 -2.909429e+00 -5.214480e+00 6.799264e-01 -3.793395e+00 1.484347e+01 4.741064e-02 -4.084798e-02 -4.356902e-02 -3.256981e-01 -2.671274e-01 -1.353344e-01 2.667653e-01 1.513759e-02 1.375779e-01 -7.737111e-04 -2.047790e-01 -6.332376e-02 1.080879e-01 1.303976e-01 9.204540e-03 8.983023e-02 -1.476355e-01 -1.309363e-01 -1.120196e-01 8.732996e-02 -1.238425e-02 2.002495e-02 -2.644499e-02 -8.712240e-02 -9.269766e-02 9.199268e-02
<VARIANCE> 39
 8.340009e+00 1.013035e+01 1.380078e+01 1.310765e+01 1.612601e+01 1.582008e+01 1.759688e+01 1.745255e+01 1.826360e+01 1.723364e+01 1.706743e+01 1.463345e+01 9.047276e-01 7.144135e-01 4.608482e-01 8.613431e-01 9.991096e-01 9.701383e-01 1.283294e+00 9.959629e-01 8.575960e-01 1.029544e+00 1.155908e+00 9.210118e-01 9.517403e-01 1.512429e-01 5.368428e-02 6.783888e-02 9.750193e-02 1.360510e-01 1.662413e-01 1.770663e-01 1.648983e-01 1.456986e-01 1.700097e-01 1.546174e-01 1.450091e-01 1.504834e-01 8.093958e-03
<GCONST> 7.123423e+01
<STATE> 3
<MEAN> 39
 -5.558074e+00 -7.172778e+00 -5.193472e+00 -1.591174e+01 -6.355660e+00 -4.897010e+00 4.772487e+00 -8.475008e+00 -2.770161e+00 -6.761118e+00 -3.975049e+00 -6.626519e+00 1.896182e+01 1.894533e-01 -2.722629e-01 1.233812e-01 3.882835e-02 -6.137363e-02 -1.088004e-01 2.446585e-01 2.681850e-01 -2.807249e-01 -5.543023e-02 -6.964465e-02 -1.107269e-01 1.236366e-01 -4.178000e-02 7.839750e-02 1.111913e-02 2.926458e-01 1.553700e-01 -2.480871e-02 -2.548968e-01 3.867880e-02 -2.091175e-02 1.592026e-02 1.771703e-01 7.159717e-02 -1.270850e-01
<VARIANCE> 39
 9.614648e+00 1.303328e+01 9.436708e+00 1.827780e+01 4.580249e+01 3.937847e+01 3.187668e+01 3.950836e+01 4.652962e+01 5.849231e+01 3.255420e+01 3.130153e+01 1.240814e+00 4.410259e-01 5.954201e-01 4.993328e-01 1.548395e+00 1.671524e+00 1.672650e+00 1.827651e+00 1.089302e+00 1.392668e+00 1.776832e+00 1.809612e+00 1.326400e+00 2.114269e-01 8.204690e-02 9.001199e-02 9.646609e-02 1.114838e-01 2.523419e-01 2.721471e-01 1.781217e-01 1.666770e-01 2.018927e-01 2.407534e-01 2.262372e-01 1.834979e-01 6.062320e-03
<GCONST> 8.474818e+01
<STATE> 4
<MEAN> 39
 -3.244347e+00 -3.881842e+00 -1.891207e+00 -9.521951e+00 -3.365986e+00 -8.015696e+00 -1.088915e+00 -8.732974e+00 -4.324258e+00 -7.120052e+00 -1.906873e+00 -7.105268e+00 1.713248e+01 1.768507e-02 2.205676e-01 1.049620e-01 2.065501e-01 3.193775e-01 1.039531e-01 -2.925321e-01 -2.637354e-01 8.569273e-02 -1.439419e-02 1.277886e-01 4.227570e-02 -1.184133e-01 -5.595602e-02 -7.367296e-02 -7.384461e-02 -8.778009e-02 -2.233364e-02 9.372195e-02 1.106989e-01 -4.596707e-03 1.866147e-02 1.745089e-02 -3.220637e-02 2.023122e-02 1.415731e-02
<VARIANCE> 39
 4.974842e+00 1.019478e+01 9.926715e+00 1.395348e+01 2.822468e+01 3.043304e+01 2.586529e+01 4.089536e+01 3.293281e+01 3.570395e+01 3.328817e+01 2.974880e+01 1.533692e+00 2.533934e-01 5.250464e-01 5.539053e-01 8.538663e-01 1.339954e+00 1.253490e+00 1.628737e+00 1.363171e+00 1.438484e+00 1.411171e+00 1.273563e+00 9.896290e-01 9.358768e-02 3.738630e-02 7.812209e-02 8.698364e-02 1.507715e-01 2.341876e-01 2.027750e-01 2.726197e-01 2.366433e-01 2.360254e-01 2.409608e-01 2.174077e-01 1.500707e-01 1.437087e-02
<GCONST> 7.928014e+01
<TRANSP> 5
 0.000000e+00 1.000000e+00 0.000000e+00 0.000000e+00 0.000000e+00
 0.000000e+00 9.125739e-01 8.742613e-02 0.000000e+00 0.000000e+00
 0.000000e+00 0.000000e+00 9.003658e-01 9.963416e-02 0.000000e+00
 0.000000e+00 0.000000e+00 0.000000e+00 9.365582e-01 6.344187e-02
 0.000000e+00 0.000000e+00 0.000000e+00 0.000000e+00 0.000000e+00
<ENDHMM>
~h "three"
<BEGINHMM>
<NUMSTATES> 5
<STATE> 2
<MEAN> 39
 -7.753083e+00 -6.035267e+00 -4.949138e+00 -1.011977e+01 -8.176904e-01 -4.845856e+00 -5.887966e-01 -8.498262e+00 -2.602042e+00 -5.425550e+00 9.830300e-01 -3.779382e+00 1.488863e+01 1.181819e-01 -8.363585e-02 2.207189e-01 -4.797705e-02 -4.167405e-01 -2.858677e-01 -6.849121e-02 1.494111e-02 7.425303e-02 3.189593e-02 1.361411e-02 4.312124e-04 9.208697e-02 1.742198e-01 2.254025e-02 1.428290e-01 1.951586e-03 -2.577675e-01 -1.755563e-01 -7.574127e-02 -1.877704e-02 1.537902e-02 -9.218380e-03 -3.924773e-02 -7.054549e-02 8.471631e-02
<VARIANCE> 39
 5.400862e+00 6.329595e+00 9.779343e+00 1.060192e+01 1.435539e+01 1.431225e+01 1.606516e+01 1.761143e+01 1.951328e+01 1.776078e+01 1.686059e+01 1.459230e+01 1.170455e+00 7.019922e-01 5.235446e-01 8.963119e-01 7.510098e-01 1.499185e+00 1.312560e+00 9.016346e-01 1.036179e+00 9.999574e-01 9.323080e-01 9.825646e-01 9.153205e-01 1.193092e-01 5.916815e-02 9.076450e-02 9.846704e-02 1.380231e-01 2.011592e-01 1.855363e-01 1.564496e-01 2.030750e-01 1.781607e-01 1.662450e-01 1.641534e-01 1.611113e-01 4.958383e-03
<GCONST> 7.052036e+01
<STATE> 3
<MEAN> 39
 -2.518138e+00 -6.783538e+00 2.449300e+00 -1.140187e+01 -1.369864e+01 -9.363328e+00 -3.152540e+00 -9.428352e+00 -9.454516e-03 -5.130505e+00 1.270092e-01 -5.735048e+00 1.823541e+01 -6.862424e-02 4.227100e-01 6.951839e-01 -1.049856e+00 -3.996560e-01 3.060268e-01 -8.254075e-01 1.096444e-01 3.076166e-01 -2.807251e-02 6.153172e-02 -1.674222e-01 2.367502e-01 -2.156732e-01 2.146463e-01 -2.005199e-01 -1.428200e-01 5.230274e-01 4.712658e-02 -5.942013e-02 1.143473e-01 -1.140714e-01 -2.023154e-02 2.135182e-02 3.956063e-02 -6.774374e-02
<VARIANCE> 39
 6.507153e+00 1.457568e+01 2.008426e+01 4.937642e+01 4.245370e+01 6.100886e+01 3.522884e+01 3.826535e+01 3.064141e+01 2.820660e+01 3.707790e+01 3.334344e+01 1.447085e+00 9.619796e-01 1.476628e+00 9.228637e-01 2.725313e+00 4.895090e+00 3.382432e+00 2.206999e+00 1.969152e+00 1.296620e+00 1.095892e+00 1.152278e+00 1.164600e+00 6.899491e-02 6.798211e-02 1.290743e-01 1.773857e-01 3.907523e-01 3.806305e-01 6.812705e-01 3.772551e-01 2.755093e-01 2.400974e-01 1.746557e-01 1.705918e-01 1.637535e-01 3.908583e-03
<GCONST> 9.265439e+01
<STATE> 4
<MEAN> 39
 -6.590551e+00 3.298164e+00 -7.803091e-01 -1.672948e+01 -2.106743e+00 -1.135582e+01 -6.399221e+00 -7.962156e+00 -3.159437e+00 -5.505670e+00 -3.370733e-01 -6.525784e+00 1.789479e+01 -2.820189e-02 6.330258e-02 -6.391530e-01 7.253047e-01 7.234848e-01 -1.648770e-01 5.492614e-01 -8.268386e-02 -3.564598e-01 1.203064e-02 -7.059465e-02 5.073472e-02 -1.956445e-01 5.814819e-02 -2.881114e-01 2.508720e-03 1.697350e-01 -2.211507e-01 1.819723e-01 1.647816e-01 -6.734898e-02 9.742331e-02 8.240731e-03 2.041624e-02 2.496874e-02 -3.092086e-02
<VARIANCE> 39
 7.580477e+00 1.700896e+01 1.909988e+01 3.484710e+01 2.704756e+01 2.948785e+01 4.823338e+01 4.778467e+01 3.321847e+01 3.976918e+01 4.240156e+01 3.677535e+01 1.619885e+00 3.151341e-01 1.882920e+00 6.700026e-01 1.043733e+00 1.834889e+00 2.559861e+00 1.467141e+00 1.693771e+00 1.384671e+00 1.287923e+00 1.031998e+00 9.705021e-01 3.582553e-02 4.748385e-02 9.098800e-02 9.640389e-02 2.205420e-01 1.814733e-01 2.352873e-01 2.696368e-01 2.497841e-01 1.837021e-01 1.709958e-01 1.443272e-01 1.353046e-01 2.469563e-03
<GCONST> 8.276376e+01
<TRANSP> 5
 0.000000e+00 1.000000e+00 0.000000e+00 0.000000e+00 0.000000e+00
 0.000000e+00 9.016223e-01 9.837766e-02 0.000000e+00 0.000000e+00
 0.000000e+00 0.000000e+00 8.936678e-01 1.063323e-01 0.000000e+00
 0.000000e+00 0.000000e+00 0.000000e+00 9.153336e-01 8.466639e-02
 0.000000e+00 0.000000e+00 0.000000e+00 0.000000e+00 0.000000e+00
<ENDHMM>
~h "one"
<BEGINHMM>
<NUMSTATES> 5
<STATE> 2
<MEAN> 39
 -4.518770e-01 -3.402778e+00 -8.443938e+00 -1.270264e+01 -1.875612e+00 -5.987659e+00 -2.275717e+00 -8.867912e+00 -2.601648e+00 -6.646009e+00 -1.475403e+00 -7.365995e+00 1.769859e+01 2.104006e-01 -3.606911e-01 -7.771880e-01 3.866602e-01 4.274695e-01 9.435809e-02 -2.048131e-01 2.134633e-01 1.819856e-01 -2.419248e-01 -3.084235e-01 -2.085058e-01 1.796989e-01 -1.118920e-01 -1.460604e-01 2.928759e-02 2.153375e-01 1.225240e-02 -9.389213e-02 -2.919946e-03 1.044306e-01 5.144266e-03 -7.578739e-02 2.515079e-03 7.602533e-02 -1.570845e-02
<VARIANCE> 39
 5.495438e+00 8.375275e+00 3.133017e+01 2.276513e+01 2.856287e+01 2.622850e+01 2.260915e+01 2.060508e+01 2.743979e+01 2.315640e+01 3.019644e+01 3.007906e+01 2.038588e+00 4.331115e-01 7.311463e-01 9.486055e-01 2.139369e+00 1.343970e+00 1.366098e+00 1.271949e+00 1.039806e+00 1.139392e+00 9.681919e-01 1.111003e+00 9.685564e-01 5.947198e-02 3.949684e-02 5.502405e-02 1.856311e-01 2.318591e-01 2.499855e-01 2.470847e-01 2.300210e-01 1.749950e-01 1.963439e-01 1.583902e-01 1.854132e-01 1.750185e-01 4.527912e-03
<GCONST> 7.904118e+01
<STATE> 3
<MEAN> 39
 -2.465528e+00 -1.063755e+01 -1.057806e+01 -1.816907e+00 -8.205481e-01 -9.426724e+00 -2.030192e+00 -4.359932e+00 -3.708460e+00 -1.158849e+01 -2.280303e+00 -6.159989e+00 1.852691e+01 -5.923277e-01 -3.130912e-01 1.360807e+00 4.865209e-01 -1.327705e+00 -2.683884e-01 1.140201e+00 -1.565533e-01 -8.915383e-01 -1.471477e-02 5.522593e-01 9.288797e-02 -5.213557e-02 3.157361e-02 3.182564e-01 2.336371e-01 -5.691894e-01 -9.458893e-02 3.616253e-01 5.219176e-02 -4.228613e-01 2.293630e-02 3.597811e-01 2.881075e-02 -1.620895e-01 -2.971559e-02
<VARIANCE> 39
 6.425581e+00 9.764841e+00 1.981020e+01 2.419559e+01 2.885878e+01 1.776318e+01 3.884039e+01 3.255224e+01 4.659213e+01 3.887001e+01 3.430858e+01 3.411104e+01 1.525047e+00 1.633406e-01 5.914726e-01 6.367475e-01 1.980052e+00 7.715728e-01 1.823209e+00 1.053309e+00 2.307831e+00 1.240628e+00 1.946858e+00 1.064870e+00 1.293227e+00 8.977607e-03 2.596251e-02 5.244816e-02 1.077562e-01 1.227773e-01 3.162036e-01 1.590558e-01 4.062648e-01 1.859153e-01 3.425929e-01 2.133331e-01 2.683237e-01 1.720579e-01 8.707183e-04
<GCONST> 7.673705e+01
<STATE> 4
<MEAN> 39
 -3.841175e+00 -4.380171e+00 -1.380849e+00 -8.920091e+00 -3.196707e+00 -6.281981e+00 -2.462190e+00 -1.221241e+01 -5.214595e+00 -8.497519e+00 -2.664969e+00 -8.175462e+00 1.759470e+01 -3.697046e-03 5.640343e-01 2.622658e-01 -4.548968e-01 4.116564e-01 1.698896e-01 -3.735673e-01 -2.333197e-01 1.575188e-01 1.861183e-01 -2.806980e-02 1.649843e-01 -1.759986e-01 -2.107804e-02 -1.171221e-01 -2.145139e-01 1.096545e-01 8.704671e-02 -2.722223e-02 2.045672e-02 1.849957e-01 4.517047e-02 -7.363602e-02 3.749552e-02 8.076175e-02 -1.677495e-02
<VARIANCE> 39
 6.725614e+00 2.077656e+01 9.946238e+00 1.740462e+01 2.093877e+01 4.195571e+01 3.341075e+01 3.282929e+01 4.008431e+01 4.409934e+01 3.259617e+01 3.568709e+01 1.337942e+00 3.443295e-01 1.010750e+00 9.863675e-01 1.216703e+00 8.805133e-01 1.865037e+00 1.353860e+00 1.411840e+00 1.573527e+00 1.478435e+00 1.085054e+00 1.050132e+00 2.735216e-02 5.694380e-02 1.045751e-01 8.382130e-02 1.278463e-01 1.951440e-01 2.806746e-01 2.505347e-01 1.784446e-01 2.218366e-01 2.216925e-01 1.661901e-01 1.590879e-01 2.928948e-03
<GCONST> 7.987353e+01
<TRANSP> 5
 0.000000e+00 1.000000e+00 0.000000e+00 0.000000e+00 0.000000e+00
 0.000000e+00 9.096044e-01 9.039564e-02 0.000000e+00 0.000000e+00
 0.000000e+00 0.000000e+00 8.314078e-01 1.685922e-01 0.000000e+00
 0.000000e+00 0.000000e+00 0.000000e+00 9.086886e-01 9.131142e-02
 0.000000e+00 0.000000e+00 0.000000e+00 0.000000e+00 0.000000e+00
<ENDHMM>
~h "sil"
<BEGINHMM>
<NUMSTATES> 5
<STATE> 2
<MEAN> 39
 -5.629640e+00 -5.381876e+00 -3.959649e+00 -9.043991e+00 -2.191824e-01 -4.181948e+00 -1.412893e-01 -8.546722e+00 -2.498068e+00 -5.830966e+00 5.865767e-01 -4.487361e+00 1.512057e+01 -2.989976e-01 -2.485862e-01 -1.857910e-01 -5.062648e-02 6.953514e-02 1.348615e-01 8.168895e-02 -1.642965e-03 1.418122e-02 1.866467e-02 1.135566e-01 5.824604e-02 -1.518556e-01 2.366635e-02 -7.472647e-03 -3.844214e-02 -6.360450e-02 -7.384098e-02 -6.420019e-02 -4.217764e-02 -1.949373e-03 -3.811549e-03 -6.770109e-03 -1.693823e-02 -5.217398e-03 2.531359e-02
<VARIANCE> 39
 6.971161e+00 8.607496e+00 9.564879e+00 1.168488e+01 1.486951e+01 1.538815e+01 1.765944e+01 1.877700e+01 2.046500e+01 1.954520e+01 1.858395e+01 1.638751e+01 1.209578e+00 1.686660e-01 3.746074e-01 4.430737e-01 5.866192e-01 7.339907e-01 8.284984e-01 8.455012e-01 9.076096e-01 9.109293e-01 8.356496e-01 9.046681e-01 7.998173e-01 2.155280e-02 2.201152e-02 4.568584e-02 6.338255e-02 7.749977e-02 1.032744e-01 1.189167e-01 1.186156e-01 1.276628e-01 1.369567e-01 1.216474e-01 1.281471e-01 1.153789e-01 2.526400e-03
<GCONST> 5.922251e+01
<STATE> 3
<MEAN> 39
 -7.156939e+00 -7.236734e+00 -5.866395e+00 -1.018522e+01 -1.012348e+00 -4.339154e+00 -3.654399e-01 -8.603598e+00 -2.680011e+00 -5.571365e+00 1.005066e+00 -4.037417e+00 1.452098e+01 -3.584265e-03 4.973481e-03 -6.192442e-03 3.801546e-03 1.879226e-03 4.715808e-03 1.254848e-03 -9.875994e-03 -4.555704e-03 1.094671e-02 -2.631702e-04 2.492697e-03 -1.193116e-03 -2.367663e-04 4.887869e-03 2.877431e-03 5.286413e-03 1.315764e-03 2.870256e-03 5.485910e-04 5.853308e-03 2.717675e-03 -8.293825e-04 -4.062812e-03 -3.430437e-03 1.585005e-03
<VARIANCE> 39
 3.027166e+00 3.564784e+00 6.172710e+00 8.254450e+00 1.253747e+01 1.387374e+01 1.474216e+01 1.582846e+01 1.623780e+01 1.398252e+01 1.548318e+01 1.300188e+01 1.028432e+00 5.842910e-02 1.319095e-01 2.563354e-01 3.600306e-01 4.751974e-01 6.449598e-01 6.224145e-01 6.900989e-01 6.643437e-01 5.534238e-01 6.422849e-01 5.676934e-01 2.417422e-03 1.073370e-02 2.426565e-02 4.638903e-02 6.443692e-02 8.854957e-02 1.218526e-01 1.105602e-01 1.289115e-01 1.215520e-01 9.644405e-02 1.150024e-01 1.070999e-01 5.051140e-04
<GCONST> 4.276596e+01
<STATE> 4
<MEAN> 39
 -8.044106e+00 -6.369839e+00 -6.079109e+00 -1.016942e+01 -1.188543e+00 -4.700866e+00 -5.106564e-01 -8.720682e+00 -2.519547e+00 -5.941777e+00 9.985306e-01 -4.417085e+00 1.453677e+01 3.423544e-03 1.545877e-01 2.794376e-02 1.227900e-02 -7.638071e-02 -6.393979e-02 -6.564853e-02 4.921001e-02 -5.532645e-02 -8.987743e-02 -1.027087e-01 -6.833767e-02 4.892002e-02 4.561819e-02 5.645907e-02 2.690593e-02 -6.751201e-03 -2.036022e-03 -2.716335e-02 -1.659569e-02 -1.573690e-02 -1.398932e-02 -1.821257e-02 -3.889870e-02 -1.456903e-02 3.347785e-02
<VARIANCE> 39
 5.361447e+00 5.850632e+00 7.452219e+00 1.031433e+01 1.202341e+01 1.461872e+01 1.655215e+01 1.791415e+01 1.851074e+01 1.737203e+01 1.645254e+01 1.416317e+01 1.276581e+00 2.534416e-01 3.365527e-01 3.772618e-01 5.664119e-01 6.053326e-01 7.375283e-01 7.088111e-01 9.202837e-01 8.939194e-01 7.990487e-01 7.762729e-01 6.718946e-01 2.073161e-02 3.954313e-02 5.724535e-02 6.069195e-02 9.818343e-02 9.287853e-02 1.226491e-01 1.060878e-01 1.502723e-01 1.416595e-01 1.225171e-01 1.118090e-01 9.929994e-02 4.412928e-03
<GCONST> 5.788787e+01
<TRANSP> 5
 0.000000e+00 1.000000e+00 0.000000e+00 0.000000e+00 0.000000e+00
 0.000000e+00 7.692415e-01 2.307585e-01 0.000000e+00 0.000000e+00
 0.000000e+00 0.000000e+00 9.590835e-01 4.091651e-02 0.000000e+00
 0.000000e+00 0.000000e+00 0.000000e+00 7.109239e-01 2.890761e-01
 0.000000e+00 0.000000e+00 0.000000e+00 0.000000e+00 0.000000e+00
<ENDHMM>
~h "six"
<BEGINHMM>
<NUMSTATES> 5
<STATE> 2
<MEAN> 39
 -9.124295e+00 -4.836953e+00 -7.749949e+00 -8.266639e+00 -2.438857e+00 -2.834770e+00 -1.487292e+00 -7.798928e+00 -3.116517e+00 -4.969313e+00 3.618696e-01 -3.493940e+00 1.461232e+01 2.726805e-02 1.591592e-01 1.185998e-01 -3.531422e-01 -3.868238e-01 -2.528208e-01 -1.307446e-02 8.920149e-03 1.418941e-01 1.896523e-01 -1.204982e-01 9.512804e-03 1.277529e-01 1.224179e-01 8.574617e-02 1.920704e-01 -2.156928e-01 -1.443492e-01 -1.911087e-01 -1.348152e-02 -1.142855e-02 4.335984e-02 1.788296e-02 -7.846192e-02 -1.185633e-01 9.579258e-02
<VARIANCE> 39
 5.881857e+00 7.824514e+00 1.145772e+01 1.170149e+01 1.691563e+01 1.670038e+01 1.585943e+01 1.681437e+01 1.957148e+01 2.023767e+01 1.844873e+01 1.536605e+01 1.012899e+00 5.537621e-01 4.715972e-01 1.205764e+00 1.010493e+00 1.007774e+00 1.470688e+00 8.038241e-01 8.137798e-01 1.030869e+00 1.294180e+00 9.459646e-01 9.358560e-01 1.411679e-01 4.636098e-02 5.967520e-02 9.845396e-02 1.366895e-01 1.730452e-01 1.833199e-01 1.418880e-01 1.549592e-01 1.804593e-01 1.774092e-01 1.522814e-01 1.540163e-01 7.503505e-03
<GCONST> 7.075550e+01
<STATE> 3
<MEAN> 39
 -6.389795e+00 -1.255084e+00 -8.810622e-01 -1.937228e+01 -7.577193e+00 -8.493301e+00 -2.595068e+00 -6.569140e+00 3.325099e-02 -3.820273e+00 -2.226168e+00 -7.108535e+00 1.817332e+01 6.033786e-02 -1.004581e-01 1.973093e-01 -2.318161e-01 3.399072e-01 1.645808e-01 -1.732648e-01 1.224700e-01 4.917454e-02 -1.716382e-01 1.772010e-01 -6.580624e-03 -4.431791e-02 -7.081280e-02 -1.914884e-01 -2.624973e-01 4.212633e-01 2.477778e-01 2.067547e-01 8.841415e-02 -7.030383e-02 -1.214316e-01 -5.252283e-02 1.186420e-01 1.339912e-01 -1.487445e-01
<VARIANCE> 39
 7.367367e+00 9.635596e+00 1.569742e+01 2.776347e+01 5.692443e+01 3.167277e+01 3.629292e+01 2.495915e+01 3.438403e+01 5.661712e+01 3.469410e+01 3.674877e+01 1.645047e+00 3.757044e-01 7.674609e-01 1.271302e+00 3.640179e+00 2.695808e+00 1.950655e+00 1.896175e+00 1.366034e+00 1.928482e+00 2.033426e+00 1.879827e+00 2.011311e+00 3.396145e-01 6.646573e-02 6.525157e-02 1.520792e-01 2.585391e-01 3.130457e-01 3.120062e-01 3.695939e-01 2.303203e-01 2.922211e-01 3.375136e-01 2.687100e-01 2.614650e-01 1.433634e-02
<GCONST> 9.337854e+01
<STATE> 4
<MEAN> 39
 -8.222577e+00 -6.451437e+00 -6.277396e+00 -9.275580e+00 -2.415955e+00 -3.256267e+00 -9.182795e-01 -8.615625e+00 -2.795307e+00 -5.153826e+00 7.408613e-01 -4.248632e+00 1.464348e+01 -7.442149e-02 -1.118080e-01 -2.389876e-01 2.870741e-01 3.500229e-02 6.666966e-02 1.390737e-01 -4.188103e-02 -8.121283e-02 -2.483474e-03 7.366084e-03 3.130428e-02 -6.889639e-02 2.173762e-02 7.154375e-02 7.432573e-02 -1.248944e-01 -5.118547e-02 -6.603881e-02 -5.131240e-02 3.815521e-02 2.469896e-02 6.733152e-03 -2.995413e-02 -2.922744e-02 4.497596e-02
<VARIANCE> 39
 7.836406e+00 8.036996e+00 1.202001e+01 1.253896e+01 1.775489e+01 1.684576e+01 1.688475e+01 1.718216e+01 1.742178e+01 1.762553e+01 1.547863e+01 1.427367e+01 1.310076e+00 3.471871e-01 5.518959e-01 7.463470e-01 9.087874e-01 9.875020e-01 1.059264e+00 1.026785e+00 9.108873e-01 8.760953e-01 8.051553e-01 7.558439e-01 6.350732e-01 5.456959e-02 4.509158e-02 7.355034e-02 1.100384e-01 1.327705e-01 1.825923e-01 1.706938e-01 1.655957e-01 1.667244e-01 1.581869e-01 1.441438e-01 1.370198e-01 1.246721e-01 7.388052e-03
<GCONST> 6.779649e+01
<TRANSP> 5
 0.000000e+00 1.000000e+00 0.000000e+00 0.000000e+00 0.000000e+00
 0.000000e+00 9.049472e-01 9.505279e-02 0.000000e+00 0.000000e+00
 0.000000e+00 0.000000e+00 8.983328e-01 1.016672e-01 0.000000e+00
 0.000000e+00 0.000000e+00 0.000000e+00 9.437303e-01 5.626971e-02
 0.000000e+00 0.000000e+00 0.000000e+00 0.000000e+00 0.000000e+00
<ENDHMM>
~h "two"
<BEGINHMM>
<NUMSTATES> 5
<STATE> 2
<MEAN> 39
 -9.639383e+00 -4.513419e+00 -6.580737e+00 -9.863550e+00 -9.720693e-01 -4.070687e+00 -1.373341e+00 -8.179421e+00 -2.537154e+00 -5.722522e+00 1.014190e+00 -3.721767e+00 1.495430e+01 -3.758485e-02 2.631135e-01 2.263372e-01 -3.008478e-01 -8.029200e-02 -1.059158e-02 -1.952108e-01 2.048023e-02 1.192919e-01 3.786866e-02 -4.394800e-03 -2.839598e-02 9.347297e-02 1.950326e-01 9.726106e-02 2.115306e-01 -1.064898e-01 -1.587307e-01 -1.867033e-01 -1.174414e-01 -6.690839e-02 -2.515925e-02 -1.346581e-03 -7.481471e-02 -1.170505e-01 8.904147e-02
<VARIANCE> 39
 9.732264e+00 8.411864e+00 1.057137e+01 1.130263e+01 1.669862e+01 1.858914e+01 1.761609e+01 1.993474e+01 2.015006e+01 2.109536e+01 2.063021e+01 1.756303e+01 9.683669e-01 1.154742e+00 7.385865e-01 1.484535e+00 7.320566e-01 1.243841e+00 1.212137e+00 9.533136e-01 1.050649e+00 1.054676e+00 1.129717e+00 1.398419e+00 9.929943e-01 1.174516e-01 1.107615e-01 1.110957e-01 1.232447e-01 1.199815e-01 2.136392e-01 1.859785e-01 1.655750e-01 1.895574e-01 1.984025e-01 1.764035e-01 2.621551e-01 1.380705e-01 7.422637e-03
<GCONST> 7.620216e+01
<STATE> 3
<MEAN> 39
 -4.756927e+00 1.149320e+00 1.778226e+00 -1.527068e+01 -6.598806e+00 -9.672952e+00 -6.598328e+00 -1.044179e+01 -2.516044e+00 -5.320361e+00 -1.030022e+00 -7.239760e+00 1.830119e+01 7.193315e-01 5.999751e-01 8.360480e-01 -6.091867e-01 -1.201094e+00 -1.150002e+00 -6.212711e-01 -3.241047e-01 -7.638559e-02 1.074630e-01 -2.783293e-01 -6.924759e-01 4.804429e-01 -2.461663e-01 -2.219688e-01 -4.234546e-01 2.838060e-01 2.397684e-01 2.108274e-01 2.293689e-01 1.474371e-01 -1.436222e-02 5.922052e-03 1.442221e-01 1.762003e-01 -1.356786e-01
<VARIANCE> 39
 7.637056e+00 8.201179e+00 1.359603e+01 2.286914e+01 4.094154e+01 2.664878e+01 2.842987e+01 2.392865e+01 3.044524e+01 5.369550e+01 4.334023e+01 4.700752e+01 1.220934e+00 6.002334e-01 6.134157e-01 9.871256e-01 1.413978e+00 1.245543e+00 1.154155e+00 1.636979e+00 1.535898e+00 1.877875e+00 2.038628e+00 2.554882e+00 1.859359e+00 8.416662e-02 6.196138e-02 5.703236e-02 8.188548e-02 1.318224e-01 2.159619e-01 1.828539e-01 2.050726e-01 1.926455e-01 2.096132e-01 2.724445e-01 2.909154e-01 2.224143e-01 8.053107e-03
<GCONST> 8.427509e+01
<STATE> 4
<MEAN> 39
 -3.074160e+00 -2.498509e-01 -1.582095e-01 -1.281028e+01 -6.631961e+00 -1.135589e+01 -5.742241e+00 -1.003087e+01 -3.079259e+00 -5.508291e+00 -1.510165e-01 -7.402940e+00 1.806439e+01 2.856420e-02 -3.108901e-01 -3.225633e-01 4.777231e-01 4.160340e-01 2.897205e-01 2.823397e-01 6.164462e-02 -7.978728e-02 -2.571132e-03 1.468312e-01 2.523626e-01 -1.813451e-01 -7.879078e-02 -6.534901e-02 -4.715156e-02 -2.747060e-03 8.374628e-02 1.333991e-01 8.168749e-02 3.501742e-02 2.799214e-02 -2.889542e-03 -1.431962e-02 4.589149e-02 -4.147512e-02
<VARIANCE> 39
 6.126969e+00 7.980876e+00 1.202322e+01 3.019343e+01 3.252040e+01 2.281901e+01 3.197463e+01 3.246531e+01 4.006976e+01 4.282230e+01 5.143120e+01 4.045086e+01 1.492823e+00 2.866628e-01 2.399527e-01 4.425735e-01 6.655245e-01 9.312072e-01 1.150723e+00 1.105538e+00 1.194716e+00 1.057023e+00 1.124071e+00 1.145986e+00 1.082552e+00 3.967652e-02 3.091886e-02 3.306121e-02 5.466451e-02 9.506745e-02 1.114157e-01 1.450114e-01 1.389046e-01 1.749011e-01 1.699729e-01 1.672947e-01 1.672982e-01 1.557807e-01 3.008824e-03
<GCONST> 7.111191e+01
<TRANSP> 5
 0.000000e+00 1.000000e+00 0.000000e+00 0.000000e+00 0.000000e+00
 0.000000e+00 9.084746e-01 9.152544e-02 0.000000e+00 0.000000e+00
 0.000000e+00 0.000000e+00 7.698597e-01 2.301403e-01 0.000000e+00
 0.000000e+00 0.000000e+00 0.000000e+00 9.201574e-01 7.984255e-02
 0.000000e+00 0.000000e+00 0.000000e+00 0.000000e+00 0.000000e+00
<ENDHMM>
~h "nine"
<BEGINHMM>
<NUMSTATES> 5
<STATE> 2
<MEAN> 39
 -4.077332e+00 -3.898047e+00 -1.677267e+00 -8.971154e+00 -2.804493e+00 -6.378208e+00 -1.642721e+00 -1.116134e+01 -5.117402e+00 -8.041978e+00 -2.887751e+00 -7.734884e+00 1.762904e+01 -1.811328e-01 -6.858039e-01 -2.834644e-01 4.408272e-01 -4.285435e-01 2.355706e-01 4.030293e-01 -1.731194e-01 -1.880378e-02 -1.236193e-01 -8.592740e-02 -8.366866e-02 2.069313e-01 -5.922490e-02 -1.590376e-01 -1.030370e-01 1.132274e-01 -5.453196e-03 -1.169277e-03 5.204881e-02 4.893639e-02 3.952454e-02 9.370350e-03 7.326276e-02 3.877685e-02 -9.215240e-03
<VARIANCE> 39
 8.090959e+00 1.916343e+01 1.444466e+01 1.669297e+01 2.834809e+01 2.875757e+01 3.145667e+01 2.650791e+01 4.734473e+01 3.538878e+01 3.033126e+01 3.281609e+01 1.829773e+00 4.871430e-01 1.494063e+00 1.080495e+00 1.097172e+00 1.264091e+00 1.393838e+00 1.627391e+00 1.205141e+00 1.553540e+00 1.157375e+00 1.183341e+00 1.006628e+00 4.894995e-02 6.265625e-02 1.682046e-01 1.288504e-01 1.425366e-01 2.181608e-01 2.178718e-01 2.447259e-01 1.814128e-01 2.032965e-01 1.691316e-01 1.711286e-01 1.443605e-01 4.463010e-03
<GCONST> 8.221027e+01
<STATE> 3
<MEAN> 39
 -6.347527e+00 -1.160442e+01 -4.860510e+00 -2.734691e+00 -5.693743e+00 -5.250024e+00 1.736060e+00 -1.135922e+01 -5.539679e+00 -9.015328e+00 -1.699770e+00 -7.646741e+00 1.861514e+01 -1.102202e-01 9.686065e-02 2.307477e-01 -2.420476e-01 -2.305182e-02 2.140791e-01 -1.050664e-01 -8.696249e-02 1.959001e-01 5.474259e-02 -5.526768e-02 4.596746e-02 -2.113689e-02 2.517116e-03 1.935469e-01 6.929502e-02 -2.402585e-01 4.426291e-02 6.240283e-02 -1.060978e-01 1.121206e-02 7.537671e-02 -1.084901e-02 -6.778217e-02 2.441986e-02 -1.480030e-02
<VARIANCE> 39
 7.253239e+00 8.472350e+00 2.450036e+01 3.236936e+01 1.900658e+01 3.083622e+01 3.095136e+01 3.397374e+01 4.391689e+01 4.150164e+01 2.842895e+01 3.075454e+01 1.006126e+00 8.384609e-02 3.840283e-01 4.111279e-01 1.132712e+00 5.000370e-01 6.241730e-01 5.587699e-01 5.153653e-01 6.511036e-01 6.707069e-01 6.806693e-01 5.420507e-01 4.827252e-03 1.133340e-02 3.005360e-02 4.127555e-02 5.547937e-02 7.264969e-02 7.246985e-02 7.391030e-02 8.095075e-02 8.281080e-02 8.716505e-02 7.873288e-02 7.922965e-02 3.983416e-04
<GCONST> 5.405605e+01
<STATE> 4
<MEAN> 39
 -5.408936e+00 -2.488682e+00 -1.320186e+00 -1.141011e+01 -1.443076e+00 -5.341779e+00 -3.676826e+00 -1.048140e+01 -3.509036e+00 -8.117115e+00 -2.930942e+00 -6.527737e+00 1.769446e+01 2.317151e-01 5.105901e-01 -3.093129e-03 -1.016923e-01 4.411192e-01 -2.479248e-01 -2.011420e-01 2.756157e-01 -1.277938e-01 8.107443e-02 2.108435e-01 1.169408e-01 -1.723584e-01 -2.715109e-02 -1.583066e-01 -8.625390e-02 1.474565e-01 -3.839160e-02 -6.090284e-03 1.204324e-01 1.985700e-02 -5.447879e-02 4.231448e-02 7.832279e-02 -9.554905e-03 -2.023006e-02
<VARIANCE> 39
 1.166846e+01 1.632527e+01 1.132170e+01 2.321635e+01 3.171840e+01 3.320288e+01 3.064789e+01 2.993113e+01 4.733529e+01 3.817847e+01 3.626936e+01 3.985384e+01 1.211663e+00 5.065152e-01 1.171872e+00 6.359944e-01 1.643074e+00 1.303740e+00 1.550627e+00 1.528431e+00 1.269755e+00 1.658818e+00 1.184173e+00 1.105879e+00 1.068940e+00 2.538143e-02 7.071383e-02 8.681946e-02 9.031531e-02 1.779846e-01 1.819096e-01 2.449434e-01 1.820611e-01 2.039850e-01 2.436526e-01 1.943311e-01 1.735394e-01 1.451956e-01 2.221679e-03
<GCONST> 8.083681e+01
<TRANSP> 5
 0.000000e+00 1.000000e+00 0.000000e+00 0.000000e+00 0.000000e+00
 0.000000e+00 9.012507e-01 9.874928e-02 0.000000e+00 0.000000e+00
 0.000000e+00 0.000000e+00 9.153502e-01 8.464981e-02 0.000000e+00
 0.000000e+00 0.000000e+00 0.000000e+00 9.176029e-01 8.239707e-02
 0.000000e+00 0.000000e+00 0.000000e+00 0.000000e+00 0.000000e+00
<ENDHMM>
~h "five"
<BEGINHMM>
<NUMSTATES> 5
<STATE> 2
<MEAN> 39
 -6.145308e+00 -8.579067e+00 -7.592478e+00 -9.225048e+00 -4.230664e-01 -6.121461e+00 6.970823e-03 -6.825421e+00 -3.778214e+00 -6.490663e+00 -3.219394e-01 -4.546301e+00 1.643808e+01 1.117991e-01 -6.872134e-01 -4.785931e-01 3.255059e-01 2.195614e-01 -2.712134e-01 2.421206e-01 2.802724e-01 -3.435881e-01 -1.302727e-01 -1.266207e-01 1.666940e-02 2.472809e-01 -1.687502e-03 -5.660742e-03 5.737692e-02 4.688845e-02 -1.725630e-02 -3.236490e-02 -1.989592e-02 -4.941023e-02 -1.732873e-02 2.411574e-02 1.546240e-02 -1.459352e-02 2.061865e-02
<VARIANCE> 39
 1.125218e+01 1.815387e+01 1.972013e+01 1.332429e+01 1.796995e+01 2.025480e+01 1.944231e+01 3.697223e+01 2.612187e+01 2.326820e+01 2.203222e+01 1.616224e+01 4.948139e+00 7.423178e-01 6.844207e-01 8.868359e-01 8.866010e-01 8.226777e-01 1.096097e+00 9.428289e-01 1.701119e+00 1.496832e+00 1.271830e+00 1.231869e+00 8.357612e-01 2.129113e-01 1.004225e-01 1.065271e-01 1.570922e-01 1.148709e-01 1.338450e-01 1.695190e-01 1.473376e-01 2.760083e-01 2.348385e-01 1.802755e-01 1.906097e-01 1.286198e-01 2.516606e-02
<GCONST> 8.141046e+01
<STATE> 3
<MEAN> 39
 -5.829909e+00 -1.543208e+01 -8.489591e+00 -3.791503e+00 1.364196e+00 -9.061789e+00 2.480586e+00 -7.543464e+00 -7.266442e+00 -5.482922e+00 -5.596452e-01 -4.576599e+00 1.903887e+01 -1.610333e-01 9.881312e-02 4.891212e-01 -2.808348e-01 -2.718478e-01 4.465796e-01 6.804514e-02 -3.852472e-01 3.469793e-02 2.820535e-01 5.019211e-02 -7.338851e-02 -4.962921e-02 4.119492e-02 1.198991e-01 1.074242e-02 -1.944130e-01 -5.746679e-02 8.541071e-02 -2.819498e-02 2.903885e-02 6.260721e-02 -5.057396e-02 -7.345667e-02 -1.855370e-02 -1.597169e-02
<VARIANCE> 39
 9.235520e+00 9.516525e+00 2.487406e+01 2.134833e+01 1.890436e+01 2.361059e+01 1.802780e+01 4.020388e+01 4.783453e+01 4.513333e+01 2.691066e+01 2.542698e+01 1.368736e+00 9.077761e-02 1.726027e-01 2.727431e-01 6.954160e-01 5.202829e-01 5.777698e-01 5.082271e-01 5.121691e-01 6.401095e-01 6.122532e-01 5.999655e-01 4.835859e-01 5.997589e-03 1.192115e-02 2.521033e-02 3.123389e-02 4.833079e-02 5.224702e-02 5.349392e-02 5.804965e-02 6.689401e-02 9.045386e-02 8.805473e-02 6.807328e-02 7.103813e-02 9.688312e-04
<GCONST> 5.083688e+01
<STATE> 4
<MEAN> 39
 -5.452400e+00 -7.798190e+00 -3.664722e+00 -1.292934e+01 -3.057851e+00 -3.760871e+00 1.120413e+00 -8.346091e+00 -3.888038e+00 -5.631060e+00 -1.734030e+00 -5.653006e+00 1.761938e+01 6.896085e-02 9.293815e-01 2.307973e-01 -1.987876e-01 -1.315923e-01 -8.908928e-02 -2.932280e-01 7.891072e-02 3.928491e-01 -1.370573e-01 7.672857e-02 1.233730e-02 -2.762189e-01 -4.002650e-02 -7.254086e-02 -8.900347e-02 1.945949e-01 1.092603e-01 -8.830147e-02 -1.665535e-02 -4.516067e-03 -4.075458e-02 1.309687e-02 7.345095e-02 3.240531e-02 -1.782524e-02
<VARIANCE> 39
 7.533134e+00 2.308251e+01 1.185585e+01 2.986160e+01 3.748624e+01 2.150838e+01 2.415422e+01 3.057126e+01 4.223595e+01 2.629447e+01 2.688214e+01 2.787959e+01 2.629520e+00 3.400316e-01 7.374040e-01 6.409171e-01 2.733147e+00 1.682088e+00 1.393089e+00 9.393059e-01 1.417222e+00 1.594575e+00 1.266554e+00 1.316849e+00 1.013080e+00 6.819277e-02 5.715521e-02 1.022110e-01 9.524722e-02 3.009321e-01 2.342667e-01 2.509231e-01 1.675268e-01 2.084454e-01 2.011775e-01 1.717468e-01 2.163431e-01 1.726194e-01 9.082128e-03
<GCONST> 8.298358e+01
<TRANSP> 5
 0.000000e+00 1.000000e+00 0.000000e+00 0.000000e+00 0.000000e+00
 0.000000e+00 9.300390e-01 6.996094e-02 0.000000e+00 0.000000e+00
 0.000000e+00 0.000000e+00 9.152319e-01 8.476811e-02 0.000000e+00
 0.000000e+00 0.000000e+00 0.000000e+00 8.980054e-01 1.019946e-01
 0.000000e+00 0.000000e+00 0.000000e+00 0.000000e+00 0.000000e+00
<ENDHMM>
~h "four"
<BEGINHMM>
<NUMSTATES> 5
<STATE> 2
<MEAN> 39
 -7.667615e+00 -6.677808e+00 -5.470642e+00 -9.688792e+00 -1.112551e+00 -4.543475e+00 -5.189728e-01 -8.559962e+00 -2.271120e+00 -5.732478e+00 1.121441e+00 -4.080834e+00 1.494338e+01 3.138353e-01 1.474921e-02 -3.778506e-01 -2.939829e-01 -1.125255e-01 -9.205839e-02 -1.320308e-01 -8.569964e-03 1.231803e-01 1.055105e-01 -1.625165e-02 -4.077192e-02 1.258384e-01 2.438173e-01 9.813483e-02 -1.170317e-01 -1.288143e-01 -5.303994e-02 -1.112580e-01 -1.097986e-01 -1.808104e-02 -8.184118e-03 7.009540e-03 -7.390762e-02 -1.029496e-01 1.065350e-01
<VARIANCE> 39
 4.657701e+00 4.193453e+00 6.876488e+00 8.704023e+00 1.156782e+01 1.418993e+01 1.488089e+01 1.611071e+01 1.489992e+01 1.410062e+01 1.539704e+01 1.167687e+01 9.116805e-01 1.047065e+00 4.639230e-01 5.766309e-01 6.437172e-01 6.049650e-01 9.842691e-01 9.577662e-01 8.519984e-01 8.544640e-01 7.821130e-01 1.037501e+00 8.674539e-01 1.654568e-01 5.929433e-02 5.711766e-02 1.015155e-01 1.069120e-01 1.041819e-01 1.638892e-01 1.311690e-01 1.613808e-01 1.551103e-01 1.347689e-01 1.544513e-01 1.329648e-01 6.555355e-03
<GCONST> 6.410860e+01
<STATE> 3
<MEAN> 39
 1.545542e+00 -3.506073e+00 -1.204609e+01 -1.693926e+01 -4.004879e+00 -6.246487e+00 -3.255047e+00 -8.958975e+00 -1.451340e+00 -3.992062e+00 3.068356e-01 -6.856421e+00 1.889500e+01 3.433107e-01 -1.623348e-01 -3.558475e-01 -7.217020e-02 6.820394e-02 -2.290279e-02 -2.270717e-01 1.736722e-01 3.472252e-01 1.047986e-01 -2.364448e-01 -2.329478e-01 1.594964e-01 -1.728061e-01 -1.511378e-01 1.446060e-01 2.267973e-01 4.013345e-02 -2.949185e-02 4.305376e-02 1.087216e-01 4.690724e-02 -7.877222e-02 -5.253188e-02 5.703616e-02 -6.698089e-02
<VARIANCE> 39
 4.227960e+00 1.022245e+01 1.029037e+01 1.432917e+01 2.460275e+01 1.721146e+01 1.818636e+01 1.709347e+01 2.334695e+01 2.481169e+01 3.750477e+01 3.594286e+01 1.115800e+00 5.912058e-01 7.438595e-01 7.231894e-01 1.240829e+00 9.895769e-01 7.948631e-01 9.115142e-01 9.642963e-01 1.307602e+00 1.180656e+00 1.372134e+00 1.243436e+00 1.038316e-01 4.871599e-02 4.642917e-02 9.628291e-02 8.305276e-02 1.340594e-01 1.435020e-01 1.544317e-01 1.396360e-01 1.799932e-01 1.932644e-01 2.021901e-01 1.820074e-01 7.090521e-03
<GCONST> 7.298953e+01
<STATE> 4
<MEAN> 39
 -5.429490e-01 -1.072220e+01 -7.323114e+00 -8.565815e+00 -5.391743e+00 -8.704764e+00 -2.323944e+00 -4.895534e+00 1.832026e-01 -7.540124e+00 -3.910872e+00 -7.426216e+00 1.840887e+01 -6.129128e-01 7.465120e-02 1.055966e+00 4.896519e-01 -3.433491e-01 7.616287e-02 5.981663e-01 -1.811750e-01 -6.240196e-01 -3.440991e-01 1.658255e-01 3.014708e-01 -2.432766e-01 -9.001628e-02 2.380777e-01 -4.453180e-02 -1.996031e-01 1.165280e-01 1.960449e-01 3.099989e-02 -1.858950e-01 -1.287927e-01 1.032562e-01 1.745548e-01 4.439833e-02 -4.962713e-02
<VARIANCE> 39
 7.333428e+00 1.779959e+01 3.181578e+01 1.828338e+01 4.522202e+01 3.700930e+01 3.509686e+01 4.319412e+01 4.621209e+01 3.482880e+01 3.460001e+01 3.076934e+01 1.741631e+00 2.971710e-01 1.587486e+00 9.179295e-01 1.626264e+00 2.564564e+00 2.221741e+00 1.718491e+00 2.564769e+00 1.885271e+00 1.705947e+00 1.829050e+00 1.123808e+00 5.832916e-02 2.926797e-02 1.346432e-01 2.064868e-01 1.690597e-01 4.288344e-01 2.940586e-01 3.516555e-01 3.668475e-01 3.851871e-01 2.816706e-01 3.092500e-01 2.124643e-01 3.411656e-03
<GCONST> 9.085586e+01
<TRANSP> 5
 0.000000e+00 1.000000e+00 0.000000e+00 0.000000e+00 0.000000e+00
 0.000000e+00 9.011176e-01 9.888235e-02 0.000000e+00 0.000000e+00
 0.000000e+00 0.000000e+00 9.186853e-01 8.131468e-02 0.000000e+00
 0.000000e+00 0.000000e+00 0.000000e+00 8.810121e-01 1.189879e-01
 0.000000e+00 0.000000e+00 0.000000e+00 0.000000e+00 0.000000e+00
<ENDHMM>
~h "zero"
<BEGINHMM>
<NUMSTATES> 5
<STATE> 2
<MEAN> 39
 -6.758194e+00 -3.060527e+00 -4.886797e+00 -7.466871e+00 -1.265796e+00 -3.807544e+00 -1.414111e+00 -8.520004e+00 -3.457361e+00 -5.106211e+00 5.901145e-01 -4.556119e+00 1.523185e+01 -8.170201e-02 3.317799e-01 1.413743e-01 -3.041274e-01 -2.133277e-01 -2.737689e-01 -1.777343e-01 -1.205127e-01 1.233134e-01 2.201334e-01 -1.254733e-02 -1.819997e-04 1.060448e-01 6.806356e-02 1.068913e-01 1.512876e-01 -2.256993e-01 -1.459343e-01 -2.462543e-01 -6.497142e-02 -7.538817e-02 6.202503e-02 1.080050e-02 -2.262683e-02 -5.403259e-02 8.252111e-02
<VARIANCE> 39
 7.745543e+00 1.028866e+01 1.429245e+01 1.360924e+01 1.783335e+01 1.930365e+01 1.877957e+01 1.949850e+01 2.377088e+01 2.085616e+01 1.977661e+01 1.678328e+01 1.208745e+00 4.211690e-01 7.290812e-01 1.003675e+00 9.500253e-01 8.893810e-01 1.750825e+00 9.589505e-01 1.102070e+00 1.068044e+00 8.963271e-01 1.006097e+00 1.001631e+00 1.192546e-01 5.258033e-02 9.179018e-02 1.144093e-01 1.198335e-01 1.237966e-01 1.946415e-01 1.597985e-01 1.730613e-01 1.607246e-01 1.399862e-01 1.706403e-01 1.584599e-01 7.959119e-03
<GCONST> 7.320322e+01
<STATE> 3
<MEAN> 39
 -5.592125e+00 3.948915e-01 8.079141e-01 -1.662412e+01 -7.707901e+00 -9.224589e+00 -4.659837e+00 -8.628937e+00 -4.983009e-02 -3.802462e+00 1.258607e-01 -6.759894e+00 1.834425e+01 3.379415e-01 -6.248708e-01 4.886936e-01 -2.655554e-01 -1.102032e+00 1.290082e-01 1.549244e-01 1.538337e-01 3.348905e-01 -5.400345e-02 2.663337e-02 -1.552839e-01 1.949138e-01 4.520295e-02 -2.660380e-01 -1.692141e-01 3.432977e-01 9.444421e-03 1.402810e-01 1.908038e-01 7.235978e-02 -7.129768e-02 -4.765860e-02 -7.072955e-03 6.282008e-02 -6.164613e-02
<VARIANCE> 39
 7.281525e+00 1.916366e+01 1.718705e+01 2.744093e+01 5.847813e+01 3.936882e+01 3.189021e+01 4.336165e+01 3.246169e+01 3.001746e+01 3.379630e+01 4.994879e+01 1.156431e+00 4.295176e-01 1.775822e+00 8.555759e-01 2.664848e+00 1.664662e+00 2.654108e+00 1.727513e+00 1.475483e+00 1.340075e+00 1.175723e+00 1.141487e+00 1.379949e+00 7.314003e-02 5.099246e-02 1.107275e-01 1.223809e-01 1.857584e-01 2.375677e-01 3.918793e-01 2.244497e-01 2.434523e-01 2.200126e-01 1.773820e-01 1.724163e-01 2.131474e-01 4.550991e-03
<GCONST> 8.729086e+01
<STATE> 4
<MEAN> 39
 -1.649503e+00 -9.930191e+00 -4.550616e+00 -9.836887e+00 -9.202590e+00 -8.373658e+00 4.410350e-02 -4.372875e+00 -3.071137e-01 -6.662940e+00 -1.066668e+00 -5.913448e+00 1.846298e+01 -1.748745e-03 4.111523e-02 -4.249334e-01 2.121589e-01 6.904191e-01 -3.666544e-02 1.303250e-02 7.659849e-02 -1.453021e-01 -9.953465e-02 -4.258335e-02 5.560350e-02 -9.981092e-02 -8.147269e-02 1.027220e-01 5.156266e-02 -8.308332e-02 8.994491e-02 7.162035e-02 -5.898615e-02 -6.224337e-02 -2.368990e-02 2.519856e-02 2.528589e-02 8.752677e-03 -2.410484e-02
<VARIANCE> 39
 6.049095e+00 2.022780e+01 2.591635e+01 2.576191e+01 6.116769e+01 5.180201e+01 3.776265e+01 3.636179e+01 4.391789e+01 3.594059e+01 2.597991e+01 3.311906e+01 1.509371e+00 3.011843e-01 8.276618e-01 7.834029e-01 1.013764e+00 1.236786e+00 1.841327e+00 1.589993e+00 1.897710e+00 1.647493e+00 1.476196e+00 1.053254e+00 9.581063e-01 3.797304e-02 2.902773e-02 5.182474e-02 8.360768e-02 1.130993e-01 1.905583e-01 2.371146e-01 2.060696e-01 2.034601e-01 2.219570e-01 2.011833e-01 1.522532e-01 1.418977e-01 2.415702e-03
<GCONST> 8.034306e+01
<TRANSP> 5
 0.000000e+00 1.000000e+00 0.000000e+00 0.000000e+00 0.000000e+00
 0.000000e+00 8.903296e-01 1.096704e-01 0.000000e+00 0.000000e+00
 0.000000e+00 0.000000e+00 8.972757e-01 1.027243e-01 0.000000e+00
 0.000000e+00 0.000000e+00 0.000000e+00 9.447590e-01 5.524106e-02
 0.000000e+00 0.000000e+00 0.000000e+00 0.000000e+00 0.000000e+00
<ENDHMM>
