~o
<STREAMINFO> 1 39
<VECSIZE> 39<NULLD><MFCC_E_D_A><DIAGC>
~h "eight"
<BEGINHMM>
<NUMSTATES> 5
<STATE> 2
<MEAN> 39
 -7.524249e+00 -3.425483e+00 -5.693404e+00 -1.668126e+01 -6.472217e-01 -5.182418e+00 5.464630e-01 -6.746664e+00 -1.554758e+00 -6.763821e+00 -1.027578e+00 -5.331581e+00 1.714911e+01 -1.900202e-01 7.575283e-01 -8.186727e-02 -7.814765e-01 3.923815e-02 -4.145829e-01 5.498393e-02 2.968003e-01 3.011549e-01 4.553787e-02 -9.449660e-02 -9.567286e-02 2.139844e-01 3.509383e-02 8.254610e-02 1.092658e-02 8.963259e-02 -4.104016e-02 -1.680772e-01 -8.082500e-02 -2.284063e-02 2.705586e-02 6.061813e-02 5.858054e-02 -4.580998e-03 3.466692e-03
<VARIANCE> 39
 1.075576e+01 2.305831e+01 1.835776e+01 3.944753e+01 4.045811e+01 2.353713e+01 2.441501e+01 2.433811e+01 3.137293e+01 2.547065e+01 2.575901e+01 2.447310e+01 3.380898e+00 3.360930e-01 9.651091e-01 6.847407e-01 1.411190e+00 1.254019e+00 1.634324e+00 1.348156e+00 1.128212e+00 1.374385e+00 1.216730e+00 1.140042e+00 1.007759e+00 1.229797e-01 4.082865e-02 8.491871e-02 8.461756e-02 2.011359e-01 1.478592e-01 1.778297e-01 1.529719e-01 1.814239e-01 2.320959e-01 1.695074e-01 1.833575e-01 1.573080e-01 1.323970e-02
<GCONST> 8.183725e+01
<STATE> 3
<MEAN> 39
 -7.935270e+00 5.475980e+00 -4.908610e+00 -1.664729e+01 -2.357275e+00 -1.441935e+01 -3.035205e+00 -8.590777e+00 -1.333268e+00 -4.426887e+00 9.894332e-01 -5.287225e+00 1.807283e+01 2.038409e-01 -4.290125e-01 1.808105e-01 9.720474e-01 1.361367e-01 6.933612e-02 -3.419808e-01 -6.694541e-01 -5.148320e-01 -4.112867e-02 2.100352e-01 1.945938e-01 -2.363271e-01 1.021293e-02 -3.328926e-01 -3.043233e-02 6.396198e-02 4.254458e-02 3.532499e-01 1.234169e-01 5.585646e-02 -2.347426e-02 -9.194011e-02 -6.257257e-02 3.917772e-03 -6.257654e-02
<VARIANCE> 39
 9.284453e+00 1.350717e+01 2.250878e+01 3.248522e+01 1.967650e+01 2.420524e+01 5.254561e+01 3.438114e+01 4.415730e+01 2.637298e+01 3.191333e+01 2.703312e+01 1.959813e+00 2.642206e-01 1.895689e+00 4.088292e-01 7.647223e-01 7.868135e-01 2.502151e+00 1.307327e+00 1.116771e+00 1.804251e+00 1.195110e+00 1.398760e+00 1.008693e+00 6.759373e-02 3.641362e-02 9.029844e-02 5.905557e-02 1.265767e-01 9.250862e-02 1.745033e-01 1.630073e-01 2.078774e-01 2.767938e-01 1.690440e-01 1.958872e-01 1.643071e-01 4.024226e-03
<GCONST> 7.874339e+01
<STATE> 4
<MEAN> 39
 -7.116768e+00 -6.541066e+00 -5.514879e+00 -1.004293e+01 -1.215374e+00 -4.682481e+00 -8.409403e-01 -8.921489e+00 -3.019660e+00 -5.935845e+00 9.428731e-01 -4.004976e+00 1.468662e+01 -7.179796e-02 -3.660488e-01 -1.176299e-01 1.204244e-01 -4.112491e-02 3.696103e-01 1.855420e-01 1.810012e-01 1.167377e-01 8.797226e-03 1.649068e-02 9.388055e-03 -9.300601e-02 -5.685294e-03 1.757349e-01 1.040003e-02 -6.684016e-02 -1.211833e-02 -1.464314e-01 -4.599062e-02 -1.503951e-02 -6.331499e-03 2.179368e-02 -5.186101e-03 -1.391517e-02 4.871765e-02
<VARIANCE> 39
 4.560894e+00 6.159152e+00 8.314757e+00 9.574123e+00 1.262567e+01 1.589434e+01 1.697651e+01 1.696683e+01 1.732072e+01 1.627313e+01 1.523353e+01 1.399439e+01 1.034501e+00 2.099295e-01 8.405247e-01 4.288093e-01 5.955234e-01 4.862397e-01 1.170447e+00 9.931200e-01 8.546665e-01 9.812965e-01 7.909760e-01 7.432477e-01 7.057064e-01 4.874193e-02 3.460034e-02 9.647742e-02 7.128512e-02 1.091524e-01 9.177042e-02 1.887646e-01 1.756935e-01 1.504275e-01 1.623781e-01 1.354730e-01 1.324254e-01 1.272722e-01 4.818405e-03
<GCONST> 6.216208e+01
<TRANSP> 5
 0.000000e+00 1.000000e+00 0.000000e+00 0.000000e+00 0.000000e+00
 0.000000e+00 9.121922e-01 8.780776e-02 0.000000e+00 0.000000e+00
 0.000000e+00 0.000000e+00 8.976275e-01 1.023725e-01 0.000000e+00
 0.000000e+00 0.000000e+00 0.000000e+00 9.213890e-01 7.861090e-02
 0.000000e+00 0.000000e+00 0.000000e+00 0.000000e+00 0.000000e+00
<ENDHMM>
~h "oh"
<BEGINHMM>
<NUMSTATES> 5
<STATE> 2
<MEAN> 39
 -5.072906e+00 -9.817536e+00 -7.833377e+00 -8.759861e+00 -2.347719e+00 -7.078435e+00 2.847754e+00 -7.616874e+00 -4.773004e+00 -6.878154e+00 -1.687973e+00 -4.955315e+00 1.721407e+01 4.015585e-01 -2.821494e-01 -5.485501e-01 2.171545e-01 1.401627e-01 -4.945689e-01 2.322910e-01 5.781040e-01 -1.037486e-01 -3.932609e-01 -3.404421e-01 -6.349500e-02 2.903814e-01 6.013422e-02 8.892391e-02 -1.210267e-02 -5.544872e-02 1.547172e-02 -6.012470e-02 -1.276604e-01 1.861855e-02 1.092551e-01 1.494739e-03 -5.272240e-02 -5.050193e-02 1.424377e-02
<VARIANCE> 39
 8.382304e+00 1.228219e+01 1.538582e+01 1.591970e+01 2.185688e+01 2.340161e+01 2.846190e+01 5.757655e+01 3.748621e+01 3.054210e+01 2.663983e+01 2.711322e+01 3.812012e+00 4.045047e-01 5.595049e-01 6.603168e-01 6.405977e-01 7.460979e-01 1.180177e+00 1.235326e+00 1.815301e+00 1.533158e+00 1.309644e+00 1.311777e+00 1.082004e+00 1.254166e-01 4.813058e-02 7.023266e-02 8.521727e-02 8.555457e-02 1.118070e-01 1.482320e-01 1.609971e-01 2.226749e-01 2.095435e-01 1.953585e-01 2.000352e-01 1.548819e-01 1.713554e-02
<GCONST> 7.894449e+01
<STATE> 3
<MEAN> 39
 -4.965998e-01 -8.085562e+00 -1.303811e+01 -1.018378e+01 -8.909651e-01 -1.201037e+01 -8.892371e-01 -1.284798e+00 1.939149e-01 -7.884274e+00 -5.009707e+00 -6.855097e+00 1.903839e+01 2.239072e-01 4.083352e-01 -6.301403e-03 -3.375470e-01 -6.150921e-02 -1.964757e-02 -6.569722e-01 -2.515008e-01 6.164273e-01 5.838703e-01 3.178513e-02 -3.234860e-01 -1.058154e-02 -4.688026e-02 2.213277e-02 1.000644e-01 -1.014053e-02 -5.009494e-02 8.897687e-02 1.630274e-02 -1.447878e-01 -8.520339e-02 7.581967e-02 1.148444e-01 2.391838e-02 -2.662398e-02
<VARIANCE> 39
 6.028924e+00 9.347388e+00 1.555831e+01 1.589685e+01 1.975419e+01 2.333681e+01 4.428233e+01 3.314379e+01 4.055783e+01 3.755698e+01 3.123152e+01 3.914726e+01 1.183734e+00 8.543305e-02 1.427005e-01 2.976719e-01 2.936641e-01 3.913098e-01 5.535882e-01 7.245921e-01 1.116325e+00 7.998047e-01 8.947312e-01 8.656508e-01 6.944236e-01 1.391791e-02 1.175630e-02 1.537127e-02 3.537053e-02 3.572029e-02 4.852975e-02 7.178195e-02 8.156146e-02 1.012436e-01 1.109301e-01 1.074997e-01 9.628421e-02 9.289262e-02 1.245801e-03
<GCONST> 5.396379e+01
<STATE> 4
<MEAN> 39
 -7.418169e-01 -3.730195e+00 -8.383333e+00 -1.248796e+01 -3.622055e+00 -9.300146e+00 -4.000159e+00 -8.066671e+00 -2.979417e-01 -3.366244e+00 3.569714e-01 -6.248672e+00 1.795417e+01 -5.069020e-01 1.203026e-01 7.350002e-01 2.727176e-01 1.213535e-02 5.559241e-01 3.365018e-01 -4.405238e-01 -5.363584e-01 -1.885732e-01 3.968891e-01 4.349112e-01 -2.802318e-01 -1.126523e-01 -1.140013e-01 -2.907857e-02 7.595475e-02 9.950962e-02 8.985821e-02 1.345923e-01 9.031345e-02 -3.953857e-02 -1.066727e-01 -6.855576e-02 5.315385e-02 -3.464305e-02
<VARIANCE> 39
 9.361489e+00 7.810176e+00 2.079552e+01 1.825480e+01 1.941330e+01 2.692006e+01 3.110309e+01 2.683558e+01 3.199027e+01 4.008418e+01 3.906120e+01 3.790241e+01 2.412500e+00 3.826952e-01 4.593656e-01 5.507359e-01 6.217660e-01 8.842405e-01 1.264738e+00 1.251874e+00 1.298648e+00 1.305791e+00 1.263465e+00 1.279160e+00 1.245754e+00 5.453462e-02 3.299578e-02 4.469837e-02 8.896651e-02 8.728101e-02 1.096992e-01 1.661355e-01 1.871797e-01 1.997285e-01 2.127136e-01 2.068776e-01 1.755926e-01 1.748503e-01 4.194856e-03
<GCONST> 7.532735e+01
<TRANSP> 5
 0.000000e+00 1.000000e+00 0.000000e+00 0.000000e+00 0.000000e+00
 0.000000e+00 9.027608e-01 9.723921e-02 0.000000e+00 0.000000e+00
 0.000000e+00 0.000000e+00 9.042471e-01 9.575287e-02 0.000000e+00
 0.000000e+00 0.000000e+00 0.000000e+00 8.838429e-01 1.161571e-01
 0.000000e+00 0.000000e+00 0.000000e+00 0.000000e+00 0.000000e+00
<ENDHMM>
~h "seven"
<BEGINHMM>
<NUMSTATES> 5
<STATE> 2
<MEAN> 39
 -8.806630e+00 -4.769282e+00 -7.050017e+00 -8.596655e+00 -2.107393e+00 -3.131448e+00 -1.276509e+00 -8.136147e+00 -2.909429e+00 -5.214480e+00 6.799269e-01 -3.793395e+00 1.484347e+01 4.741056e-02 -4.084795e-02 -4.356897e-02 -3.256979e-01 -2.671273e-01 -1.353343e-01 2.667654e-01 1.513757e-02 1.375779e-01 -7.737857e-04 -2.047791e-01 -6.332370e-02 1.080878e-01 1.303975e-01 9.204526e-03 8.983020e-02 -1.476355e-01 -1.309363e-01 -1.120195e-01 8.732994e-02 -1.238424e-02 2.002494e-02 -2.644501e-02 -8.712242e-02 -9.269764e-02 9.199267e-02
<VARIANCE> 39
 8.340012e+00 1.013035e+01 1.380078e+01 1.310765e+01 1.612601e+01 1.582008e+01 1.759688e+01 1.745255e+01 1.826360e+01 1.723364e+01 1.706743e+01 1.463345e+01 9.047276e-01 7.144135e-01 4.608481e-01 8.613431e-01 9.991097e-01 9.701383e-01 1.283294e+00 9.959625e-01 8.575959e-01 1.029544e+00 1.155908e+00 9.210116e-01 9.517402e-01 1.512429e-01 5.368430e-02 6.783888e-02 9.750191e-02 1.360510e-01 1.662413e-01 1.770663e-01 1.648983e-01 1.456986e-01 1.700096e-01 1.546174e-01 1.450091e-01 1.504834e-01 8.093956e-03
<GCONST> 7.123421e+01
<STATE> 3
<MEAN> 39
 -5.558075e+00 -7.172778e+00 -5.193472e+00 -1.591174e+01 -6.355659e+00 -4.897009e+00 4.772487e+00 -8.475010e+00 -2.770160e+00 -6.761119e+00 -3.975050e+00 -6.626519e+00 1.896182e+01 1.894532e-01 -2.722632e-01 1.233811e-01 3.882809e-02 -6.137381e-02 -1.088002e-01 2.446589e-01 2.681849e-01 -2.807252e-01 -5.543002e-02 -6.964491e-02 -1.107270e-01 1.236368e-01 -4.177997e-02 7.839749e-02 1.111911e-02 2.926458e-01 1.553699e-01 -2.480878e-02 -2.548968e-01 3.867892e-02 -2.091179e-02 1.592025e-02 1.771704e-01 7.159716e-02 -1.270850e-01
<VARIANCE> 39
 9.614646e+00 1.303328e+01 9.436707e+00 1.827779e+01 4.580249e+01 3.937848e+01 3.187668e+01 3.950835e+01 4.652962e+01 5.849232e+01 3.255420e+01 3.130153e+01 1.240813e+00 4.410259e-01 5.954198e-01 4.993327e-01 1.548395e+00 1.671524e+00 1.672650e+00 1.827650e+00 1.089302e+00 1.392667e+00 1.776832e+00 1.809613e+00 1.326400e+00 2.114268e-01 8.204691e-02 9.001199e-02 9.646610e-02 1.114838e-01 2.523420e-01 2.721471e-01 1.781217e-01 1.666769e-01 2.018927e-01 2.407534e-01 2.262372e-01 1.834979e-01 6.062320e-03
<GCONST> 8.474817e+01
<STATE> 4
<MEAN> 39
 -3.244347e+00 -3.881844e+00 -1.891207e+00 -9.521952e+00 -3.365987e+00 -8.015697e+00 -1.088914e+00 -8.732973e+00 -4.324260e+00 -7.120053e+00 -1.906875e+00 -7.105269e+00 1.713248e+01 1.768522e-02 2.205678e-01 1.049622e-01 2.065503e-01 3.193776e-01 1.039528e-01 -2.925326e-01 -2.637353e-01 8.569295e-02 -1.439435e-02 1.277888e-01 4.227582e-02 -1.184134e-01 -5.595603e-02 -7.367291e-02 -7.384454e-02 -8.778007e-02 -2.233355e-02 9.372202e-02 1.106988e-01 -4.596861e-03 1.866149e-02 1.745089e-02 -3.220639e-02 2.023127e-02 1.415730e-02
<VARIANCE> 39
 4.974843e+00 1.019479e+01 9.926722e+00 1.395349e+01 2.822470e+01 3.043305e+01 2.586529e+01 4.089540e+01 3.293283e+01 3.570398e+01 3.328820e+01 2.974882e+01 1.533693e+00 2.533936e-01 5.250467e-01 5.539057e-01 8.538670e-01 1.339955e+00 1.253491e+00 1.628739e+00 1.363172e+00 1.438485e+00 1.411172e+00 1.273564e+00 9.896297e-01 9.358777e-02 3.738633e-02 7.812218e-02 8.698367e-02 1.507716e-01 2.341878e-01 2.027751e-01 2.726199e-01 2.366434e-01 2.360256e-01 2.409610e-01 2.174079e-01 1.500708e-01 1.437088e-02
<GCONST> 7.928017e+01
<TRANSP> 5
 0.000000e+00 1.000000e+00 0.000000e+00 0.000000e+00 0.000000e+00
 0.000000e+00 9.125739e-01 8.742609e-02 0.000000e+00 0.000000e+00
 0.000000e+00 0.000000e+00 9.003658e-01 9.963420e-02 0.000000e+00
 0.000000e+00 0.000000e+00 0.000000e+00 9.365581e-01 6.344189e-02
 0.000000e+00 0.000000e+00 0.000000e+00 0.000000e+00 0.000000e+00
<ENDHMM>
~h "three"
<BEGINHMM>
<NUMSTATES> 5
<STATE> 2
<MEAN> 39
 -7.753081e+00 -6.035266e+00 -4.949138e+00 -1.011976e+01 -8.176895e-01 -4.845856e+00 -5.887954e-01 -8.498262e+00 -2.602043e+00 -5.425550e+00 9.830296e-01 -3.779383e+00 1.488863e+01 1.181816e-01 -8.363593e-02 2.207187e-01 -4.797681e-02 -4.167404e-01 -2.858676e-01 -6.849109e-02 1.494110e-02 7.425297e-02 3.189594e-02 1.361440e-02 4.315661e-04 9.208678e-02 1.742196e-01 2.254013e-02 1.428289e-01 1.951396e-03 -2.577675e-01 -1.755563e-01 -7.574129e-02 -1.877699e-02 1.537907e-02 -9.218398e-03 -3.924778e-02 -7.054536e-02 8.471629e-02
<VARIANCE> 39
 5.400872e+00 6.329597e+00 9.779343e+00 1.060192e+01 1.435539e+01 1.431226e+01 1.606517e+01 1.761143e+01 1.951330e+01 1.776078e+01 1.686059e+01 1.459231e+01 1.170456e+00 7.019925e-01 5.235446e-01 8.963120e-01 7.510100e-01 1.499185e+00 1.312560e+00 9.016345e-01 1.036179e+00 9.999574e-01 9.323084e-01 9.825644e-01 9.153206e-01 1.193093e-01 5.916819e-02 9.076454e-02 9.846701e-02 1.380231e-01 2.011591e-01 1.855363e-01 1.564496e-01 2.030750e-01 1.781607e-01 1.662450e-01 1.641534e-01 1.611113e-01 4.958383e-03
<GCONST> 7.052038e+01
<STATE> 3
<MEAN> 39
 -2.518137e+00 -6.783541e+00 2.449298e+00 -1.140187e+01 -1.369865e+01 -9.363333e+00 -3.152536e+00 -9.428355e+00 -9.455125e-03 -5.130504e+00 1.270091e-01 -5.735048e+00 1.823541e+01 -6.862403e-02 4.227092e-01 6.951847e-01 -1.049856e+00 -3.996577e-01 3.060279e-01 -8.254075e-01 1.096437e-01 3.076173e-01 -2.807262e-02 6.153167e-02 -1.674224e-01 2.367504e-01 -2.156734e-01 2.146464e-01 -2.005198e-01 -1.428206e-01 5.230277e-01 4.712695e-02 -5.942065e-02 1.143476e-01 -1.140713e-01 -2.023171e-02 2.135189e-02 3.956064e-02 -6.774376e-02
<VARIANCE> 39
 6.507145e+00 1.457567e+01 2.008426e+01 4.937636e+01 4.245368e+01 6.100886e+01 3.522880e+01 3.826533e+01 3.064141e+01 2.820659e+01 3.707790e+01 3.334343e+01 1.447084e+00 9.619798e-01 1.476627e+00 9.228625e-01 2.725314e+00 4.895082e+00 3.382431e+00 2.206999e+00 1.969151e+00 1.296619e+00 1.095892e+00 1.152278e+00 1.164600e+00 6.899487e-02 6.798208e-02 1.290743e-01 1.773857e-01 3.907520e-01 3.806304e-01 6.812703e-01 3.772547e-01 2.755092e-01 2.400974e-01 1.746557e-01 1.705918e-01 1.637534e-01 3.908584e-03
<GCONST> 9.265437e+01
<STATE> 4
<MEAN> 39
 -6.590555e+00 3.298167e+00 -7.803017e-01 -1.672949e+01 -2.106745e+00 -1.135582e+01 -6.399228e+00 -7.962149e+00 -3.159433e+00 -5.505670e+00 -3.370690e-01 -6.525784e+00 1.789479e+01 -2.820234e-02 6.330440e-02 -6.391543e-01 7.253038e-01 7.234865e-01 -1.648792e-01 5.492605e-01 -8.268339e-02 -3.564614e-01 1.203111e-02 -7.059461e-02 5.073452e-02 -1.956445e-01 5.814847e-02 -2.881117e-01 2.508547e-03 1.697358e-01 -2.211512e-01 1.819721e-01 1.647820e-01 -6.734940e-02 9.742326e-02 8.240806e-03 2.041607e-02 2.496872e-02 -3.092090e-02
<VARIANCE> 39
 7.580465e+00 1.700898e+01 1.909990e+01 3.484708e+01 2.704760e+01 2.948792e+01 4.823342e+01 4.778471e+01 3.321848e+01 3.976922e+01 4.240159e+01 3.677536e+01 1.619883e+00 3.151344e-01 1.882923e+00 6.700020e-01 1.043734e+00 1.834893e+00 2.559862e+00 1.467142e+00 1.693773e+00 1.384672e+00 1.287924e+00 1.031998e+00 9.705020e-01 3.582554e-02 4.748386e-02 9.098797e-02 9.640406e-02 2.205422e-01 1.814732e-01 2.352881e-01 2.696370e-01 2.497844e-01 1.837021e-01 1.709959e-01 1.443272e-01 1.353045e-01 2.469563e-03
<GCONST> 8.276379e+01
<TRANSP> 5
 0.000000e+00 1.000000e+00 0.000000e+00 0.000000e+00 0.000000e+00
 0.000000e+00 9.016224e-01 9.837764e-02 0.000000e+00 0.000000e+00
 0.000000e+00 0.000000e+00 8.936677e-01 1.063323e-01 0.000000e+00
 0.000000e+00 0.000000e+00 0.000000e+00 9.153335e-01 8.466649e-02
 0.000000e+00 0.000000e+00 0.000000e+00 0.000000e+00 0.000000e+00
<ENDHMM>
~h "one"
<BEGINHMM>
<NUMSTATES> 5
<STATE> 2
<MEAN> 39
 -4.518800e-01 -3.402784e+00 -8.443934e+00 -1.270263e+01 -1.875606e+00 -5.987661e+00 -2.275723e+00 -8.867911e+00 -2.601642e+00 -6.646011e+00 -1.475403e+00 -7.365994e+00 1.769859e+01 2.103998e-01 -3.606904e-01 -7.771859e-01 3.866610e-01 4.274687e-01 9.435672e-02 -2.048136e-01 2.134636e-01 1.819849e-01 -2.419252e-01 -3.084224e-01 -2.085046e-01 1.796984e-01 -1.118917e-01 -1.460598e-01 2.928786e-02 2.153363e-01 1.225145e-02 -9.389178e-02 -2.919304e-03 1.044305e-01 5.143851e-03 -7.578697e-02 2.515483e-03 7.602518e-02 -1.570836e-02
<VARIANCE> 39
 5.495453e+00 8.375303e+00 3.133022e+01 2.276519e+01 2.856288e+01 2.622849e+01 2.260917e+01 2.060509e+01 2.743981e+01 2.315637e+01 3.019645e+01 3.007906e+01 2.038592e+00 4.331118e-01 7.311467e-01 9.486063e-01 2.139369e+00 1.343967e+00 1.366099e+00 1.271947e+00 1.039806e+00 1.139394e+00 9.681924e-01 1.111005e+00 9.685554e-01 5.947197e-02 3.949684e-02 5.502413e-02 1.856311e-01 2.318593e-01 2.499858e-01 2.470844e-01 2.300212e-01 1.749950e-01 1.963440e-01 1.583900e-01 1.854133e-01 1.750184e-01 4.527907e-03
<GCONST> 7.904118e+01
<STATE> 3
<MEAN> 39
 -2.465532e+00 -1.063755e+01 -1.057806e+01 -1.816900e+00 -8.205518e-01 -9.426733e+00 -2.030189e+00 -4.359922e+00 -3.708465e+00 -1.158850e+01 -2.280303e+00 -6.159982e+00 1.852691e+01 -5.923280e-01 -3.130908e-01 1.360808e+00 4.865193e-01 -1.327708e+00 -2.683870e-01 1.140204e+00 -1.565539e-01 -8.915409e-01 -1.471409e-02 5.522613e-01 9.288768e-02 -5.213566e-02 3.157377e-02 3.182565e-01 2.336368e-01 -5.691901e-01 -9.458835e-02 3.616264e-01 5.219140e-02 -4.228625e-01 2.293659e-02 3.597822e-01 2.881058e-02 -1.620904e-01 -2.971558e-02
<VARIANCE> 39
 6.425573e+00 9.764835e+00 1.981017e+01 2.419558e+01 2.885874e+01 1.776315e+01 3.884036e+01 3.255224e+01 4.659214e+01 3.887000e+01 3.430858e+01 3.411103e+01 1.525048e+00 1.633406e-01 5.914713e-01 6.367459e-01 1.980045e+00 7.715701e-01 1.823208e+00 1.053303e+00 2.307829e+00 1.240627e+00 1.946858e+00 1.064869e+00 1.293228e+00 8.977593e-03 2.596245e-02 5.244818e-02 1.077559e-01 1.227773e-01 3.162029e-01 1.590554e-01 4.062644e-01 1.859148e-01 3.425930e-01 2.133326e-01 2.683239e-01 1.720577e-01 8.707187e-04
<GCONST> 7.673699e+01
<STATE> 4
<MEAN> 39
 -3.841181e+00 -4.380180e+00 -1.380853e+00 -8.920088e+00 -3.196716e+00 -6.281982e+00 -2.462188e+00 -1.221242e+01 -5.214604e+00 -8.497525e+00 -2.664975e+00 -8.175470e+00 1.759471e+01 -3.696641e-03 5.640361e-01 2.622678e-01 -4.548995e-01 4.116560e-01 1.698911e-01 -3.735679e-01 -2.333215e-01 1.575200e-01 1.861188e-01 -2.807058e-02 1.649842e-01 -1.759987e-01 -2.107772e-02 -1.171217e-01 -2.145142e-01 1.096547e-01 8.704746e-02 -2.722269e-02 2.045600e-02 1.849961e-01 4.517066e-02 -7.363620e-02 3.749549e-02 8.076186e-02 -1.677499e-02
<VARIANCE> 39
 6.725616e+00 2.077660e+01 9.946252e+00 1.740464e+01 2.093879e+01 4.195578e+01 3.341082e+01 3.282930e+01 4.008433e+01 4.409937e+01 3.259617e+01 3.568711e+01 1.337940e+00 3.443299e-01 1.010751e+00 9.863698e-01 1.216703e+00 8.805143e-01 1.865041e+00 1.353861e+00 1.411843e+00 1.573528e+00 1.478437e+00 1.085055e+00 1.050132e+00 2.735217e-02 5.694390e-02 1.045753e-01 8.382142e-02 1.278463e-01 1.951442e-01 2.806747e-01 2.505354e-01 1.784448e-01 2.218369e-01 2.216928e-01 1.661903e-01 1.590880e-01 2.928949e-03
<GCONST> 7.987355e+01
<TRANSP> 5
 0.000000e+00 1.000000e+00 0.000000e+00 0.000000e+00 0.000000e+00
 0.000000e+00 9.096045e-01 9.039542e-02 0.000000e+00 0.000000e+00
 0.000000e+00 0.000000e+00 8.314074e-01 1.685927e-01 0.000000e+00
 0.000000e+00 0.000000e+00 0.000000e+00 9.086883e-01 9.131164e-02
 0.000000e+00 0.000000e+00 0.000000e+00 0.000000e+00 0.000000e+00
<ENDHMM>
~h "sil"
<BEGINHMM>
<NUMSTATES> 5
<STATE> 2
<MEAN> 39
 -5.629634e+00 -5.381876e+00 -3.959650e+00 -9.043993e+00 -2.191861e-01 -4.181954e+00 -1.412923e-01 -8.546724e+00 -2.498072e+00 -5.830970e+00 5.865706e-01 -4.487364e+00 1.512058e+01 -2.989975e-01 -2.485851e-01 -1.857901e-01 -5.062552e-02 6.953672e-02 1.348620e-01 8.168881e-02 -1.643627e-03 1.418123e-02 1.866475e-02 1.135566e-01 5.824585e-02 -1.518557e-01 2.366604e-02 -7.472836e-03 -3.844210e-02 -6.360453e-02 -7.384088e-02 -6.419977e-02 -4.217732e-02 -1.949082e-03 -3.811294e-03 -6.769960e-03 -1.693800e-02 -5.217394e-03 2.531348e-02
<VARIANCE> 39
 6.971158e+00 8.607531e+00 9.564886e+00 1.168488e+01 1.486952e+01 1.538817e+01 1.765944e+01 1.877706e+01 2.046500e+01 1.954521e+01 1.858396e+01 1.638752e+01 1.209581e+00 1.686660e-01 3.746077e-01 4.430739e-01 5.866189e-01 7.339919e-01 8.284981e-01 8.455011e-01 9.076101e-01 9.109291e-01 8.356497e-01 9.046668e-01 7.998170e-01 2.155276e-02 2.201153e-02 4.568584e-02 6.338254e-02 7.749966e-02 1.032744e-01 1.189165e-01 1.186155e-01 1.276628e-01 1.369567e-01 1.216472e-01 1.281470e-01 1.153788e-01 2.526398e-03
<GCONST> 5.922252e+01
<STATE> 3
<MEAN> 39
 -7.156939e+00 -7.236734e+00 -5.866395e+00 -1.018522e+01 -1.012347e+00 -4.339154e+00 -3.654398e-01 -8.603598e+00 -2.680011e+00 -5.571365e+00 1.005066e+00 -4.037417e+00 1.452098e+01 -3.584261e-03 4.973451e-03 -6.192459e-03 3.801523e-03 1.879206e-03 4.715803e-03 1.254865e-03 -9.875983e-03 -4.555671e-03 1.094671e-02 -2.631688e-04 2.492703e-03 -1.193118e-03 -2.367607e-04 4.887870e-03 2.877427e-03 5.286398e-03 1.315753e-03 2.870246e-03 5.485903e-04 5.853302e-03 2.717675e-03 -8.293834e-04 -4.062819e-03 -3.430437e-03 1.585007e-03
<VARIANCE> 39
 3.027166e+00 3.564784e+00 6.172709e+00 8.254449e+00 1.253747e+01 1.387374e+01 1.474216e+01 1.582845e+01 1.623780e+01 1.398252e+01 1.548318e+01 1.300188e+01 1.028432e+00 5.842910e-02 1.319095e-01 2.563354e-01 3.600306e-01 4.751974e-01 6.449598e-01 6.224145e-01 6.900988e-01 6.643437e-01 5.534237e-01 6.422849e-01 5.676934e-01 2.417421e-03 1.073370e-02 2.426565e-02 4.638902e-02 6.443691e-02 8.854955e-02 1.218526e-01 1.105602e-01 1.289115e-01 1.215520e-01 9.644406e-02 1.150024e-01 1.070999e-01 5.051139e-04
<GCONST> 4.276596e+01
<STATE> 4
<MEAN> 39
 -8.044108e+00 -6.369842e+00 -6.079112e+00 -1.016942e+01 -1.188545e+00 -4.700866e+00 -5.106552e-01 -8.720682e+00 -2.519547e+00 -5.941777e+00 9.985306e-01 -4.417085e+00 1.453677e+01 3.423315e-03 1.545876e-01 2.794363e-02 1.227885e-02 -7.638067e-02 -6.393968e-02 -6.564833e-02 4.921000e-02 -5.532659e-02 -8.987784e-02 -1.027087e-01 -6.833782e-02 4.891994e-02 4.561826e-02 5.645908e-02 2.690599e-02 -6.750976e-03 -2.035808e-03 -2.716317e-02 -1.659572e-02 -1.573689e-02 -1.398931e-02 -1.821265e-02 -3.889873e-02 -1.456906e-02 3.347782e-02
<VARIANCE> 39
 5.361446e+00 5.850627e+00 7.452224e+00 1.031433e+01 1.202342e+01 1.461873e+01 1.655215e+01 1.791415e+01 1.851074e+01 1.737204e+01 1.645254e+01 1.416318e+01 1.276580e+00 2.534414e-01 3.365528e-01 3.772620e-01 5.664120e-01 6.053326e-01 7.375281e-01 7.088112e-01 9.202837e-01 8.939191e-01 7.990486e-01 7.762733e-01 6.718946e-01 2.073157e-02 3.954311e-02 5.724535e-02 6.069193e-02 9.818344e-02 9.287855e-02 1.226491e-01 1.060877e-01 1.502724e-01 1.416595e-01 1.225171e-01 1.118091e-01 9.929994e-02 4.412924e-03
<GCONST> 5.788787e+01
<TRANSP> 5
 0.000000e+00 1.000000e+00 0.000000e+00 0.000000e+00 0.000000e+00
 0.000000e+00 7.692422e-01 2.307578e-01 0.000000e+00 0.000000e+00
 0.000000e+00 0.000000e+00 9.590835e-01 4.091653e-02 0.000000e+00
 0.000000e+00 0.000000e+00 0.000000e+00 7.109239e-01 2.890760e-01
 0.000000e+00 0.000000e+00 0.000000e+00 0.000000e+00 0.000000e+00
<ENDHMM>
~h "six"
<BEGINHMM>
<NUMSTATES> 5
<STATE> 2
<MEAN> 39
 -9.124295e+00 -4.836953e+00 -7.749949e+00 -8.266639e+00 -2.438857e+00 -2.834769e+00 -1.487292e+00 -7.798928e+00 -3.116517e+00 -4.969313e+00 3.618690e-01 -3.493941e+00 1.461232e+01 2.726817e-02 1.591592e-01 1.185999e-01 -3.531424e-01 -3.868238e-01 -2.528211e-01 -1.307457e-02 8.920115e-03 1.418941e-01 1.896524e-01 -1.204983e-01 9.512875e-03 1.277529e-01 1.224180e-01 8.574618e-02 1.920704e-01 -2.156928e-01 -1.443492e-01 -1.911087e-01 -1.348148e-02 -1.142857e-02 4.335985e-02 1.788300e-02 -7.846189e-02 -1.185633e-01 9.579258e-02
<VARIANCE> 39
 5.881856e+00 7.824515e+00 1.145771e+01 1.170149e+01 1.691563e+01 1.670038e+01 1.585943e+01 1.681437e+01 1.957149e+01 2.023768e+01 1.844873e+01 1.536605e+01 1.012899e+00 5.537620e-01 4.715973e-01 1.205764e+00 1.010492e+00 1.007775e+00 1.470687e+00 8.038238e-01 8.137797e-01 1.030869e+00 1.294180e+00 9.459646e-01 9.358560e-01 1.411679e-01 4.636098e-02 5.967521e-02 9.845395e-02 1.366895e-01 1.730452e-01 1.833199e-01 1.418879e-01 1.549592e-01 1.804593e-01 1.774092e-01 1.522814e-01 1.540163e-01 7.503506e-03
<GCONST> 7.075549e+01
<STATE> 3
<MEAN> 39
 -6.389795e+00 -1.255084e+00 -8.810622e-01 -1.937228e+01 -7.577193e+00 -8.493301e+00 -2.595068e+00 -6.569140e+00 3.325123e-02 -3.820272e+00 -2.226168e+00 -7.108534e+00 1.817332e+01 6.033788e-02 -1.004581e-01 1.973093e-01 -2.318161e-01 3.399071e-01 1.645808e-01 -1.732648e-01 1.224700e-01 4.917461e-02 -1.716383e-01 1.772009e-01 -6.580689e-03 -4.431790e-02 -7.081280e-02 -1.914884e-01 -2.624973e-01 4.212633e-01 2.477778e-01 2.067547e-01 8.841415e-02 -7.030383e-02 -1.214316e-01 -5.252282e-02 1.186420e-01 1.339913e-01 -1.487445e-01
<VARIANCE> 39
 7.367367e+00 9.635596e+00 1.569742e+01 2.776347e+01 5.692443e+01 3.167277e+01 3.629292e+01 2.495915e+01 3.438404e+01 5.661713e+01 3.469410e+01 3.674877e+01 1.645047e+00 3.757044e-01 7.674610e-01 1.271302e+00 3.640179e+00 2.695807e+00 1.950655e+00 1.896175e+00 1.366034e+00 1.928482e+00 2.033426e+00 1.879827e+00 2.011311e+00 3.396145e-01 6.646573e-02 6.525157e-02 1.520792e-01 2.585392e-01 3.130458e-01 3.120063e-01 3.695939e-01 2.303203e-01 2.922211e-01 3.375136e-01 2.687100e-01 2.614650e-01 1.433634e-02
<GCONST> 9.337854e+01
<STATE> 4
<MEAN> 39
 -8.222577e+00 -6.451437e+00 -6.277396e+00 -9.275580e+00 -2.415956e+00 -3.256267e+00 -9.182801e-01 -8.615625e+00 -2.795307e+00 -5.153826e+00 7.408613e-01 -4.248632e+00 1.464348e+01 -7.442150e-02 -1.118081e-01 -2.389877e-01 2.870741e-01 3.500226e-02 6.666967e-02 1.390738e-01 -4.188105e-02 -8.121285e-02 -2.483526e-03 7.366162e-03 3.130432e-02 -6.889642e-02 2.173761e-02 7.154374e-02 7.432570e-02 -1.248943e-01 -5.118543e-02 -6.603874e-02 -5.131236e-02 3.815524e-02 2.469896e-02 6.733101e-03 -2.995413e-02 -2.922749e-02 4.497594e-02
<VARIANCE> 39
 7.836405e+00 8.036998e+00 1.202002e+01 1.253897e+01 1.775489e+01 1.684576e+01 1.688475e+01 1.718216e+01 1.742179e+01 1.762553e+01 1.547864e+01 1.427367e+01 1.310076e+00 3.471871e-01 5.518959e-01 7.463470e-01 9.087874e-01 9.875025e-01 1.059264e+00 1.026785e+00 9.108875e-01 8.760954e-01 8.051553e-01 7.558442e-01 6.350731e-01 5.456959e-02 4.509159e-02 7.355036e-02 1.100384e-01 1.327705e-01 1.825924e-01 1.706938e-01 1.655957e-01 1.667245e-01 1.581869e-01 1.441438e-01 1.370199e-01 1.246721e-01 7.388051e-03
<GCONST> 6.779649e+01
<TRANSP> 5
 0.000000e+00 1.000000e+00 0.000000e+00 0.000000e+00 0.000000e+00
 0.000000e+00 9.049472e-01 9.505281e-02 0.000000e+00 0.000000e+00
 0.000000e+00 0.000000e+00 8.983328e-01 1.016672e-01 0.000000e+00
 0.000000e+00 0.000000e+00 0.000000e+00 9.437303e-01 5.626971e-02
 0.000000e+00 0.000000e+00 0.000000e+00 0.000000e+00 0.000000e+00
<ENDHMM>
~h "two"
<BEGINHMM>
<NUMSTATES> 5
<STATE> 2
<MEAN> 39
 -9.639381e+00 -4.513417e+00 -6.580734e+00 -9.863549e+00 -9.720719e-01 -4.070688e+00 -1.373343e+00 -8.179421e+00 -2.537152e+00 -5.722523e+00 1.014189e+00 -3.721768e+00 1.495430e+01 -3.758483e-02 2.631131e-01 2.263375e-01 -3.008481e-01 -8.029158e-02 -1.059110e-02 -1.952109e-01 2.048008e-02 1.192919e-01 3.786829e-02 -4.394577e-03 -2.839600e-02 9.347276e-02 1.950326e-01 9.726072e-02 2.115305e-01 -1.064899e-01 -1.587308e-01 -1.867033e-01 -1.174412e-01 -6.690831e-02 -2.515929e-02 -1.346559e-03 -7.481465e-02 -1.170505e-01 8.904146e-02
<VARIANCE> 39
 9.732282e+00 8.411868e+00 1.057139e+01 1.130263e+01 1.669864e+01 1.858915e+01 1.761610e+01 1.993475e+01 2.015008e+01 2.109536e+01 2.063022e+01 1.756303e+01 9.683681e-01 1.154743e+00 7.385864e-01 1.484535e+00 7.320565e-01 1.243841e+00 1.212138e+00 9.533133e-01 1.050649e+00 1.054677e+00 1.129718e+00 1.398422e+00 9.929956e-01 1.174518e-01 1.107615e-01 1.110960e-01 1.232447e-01 1.199814e-01 2.136392e-01 1.859784e-01 1.655751e-01 1.895574e-01 1.984027e-01 1.764035e-01 2.621551e-01 1.380705e-01 7.422640e-03
<GCONST> 7.620221e+01
<STATE> 3
<MEAN> 39
 -4.756927e+00 1.149319e+00 1.778225e+00 -1.527068e+01 -6.598805e+00 -9.672951e+00 -6.598327e+00 -1.044179e+01 -2.516045e+00 -5.320362e+00 -1.030022e+00 -7.239760e+00 1.830119e+01 7.193317e-01 5.999755e-01 8.360485e-01 -6.091873e-01 -1.201094e+00 -1.150002e+00 -6.212716e-01 -3.241048e-01 -7.638561e-02 1.074630e-01 -2.783295e-01 -6.924761e-01 4.804432e-01 -2.461665e-01 -2.219688e-01 -4.234547e-01 2.838059e-01 2.397683e-01 2.108274e-01 2.293689e-01 1.474371e-01 -1.436216e-02 5.922080e-03 1.442221e-01 1.762003e-01 -1.356786e-01
<VARIANCE> 39
 7.637054e+00 8.201180e+00 1.359603e+01 2.286913e+01 4.094153e+01 2.664877e+01 2.842987e+01 2.392865e+01 3.044523e+01 5.369548e+01 4.334023e+01 4.700751e+01 1.220934e+00 6.002335e-01 6.134155e-01 9.871254e-01 1.413978e+00 1.245543e+00 1.154155e+00 1.636978e+00 1.535898e+00 1.877875e+00 2.038629e+00 2.554883e+00 1.859359e+00 8.416652e-02 6.196135e-02 5.703236e-02 8.188549e-02 1.318223e-01 2.159619e-01 1.828538e-01 2.050726e-01 1.926454e-01 2.096131e-01 2.724445e-01 2.909154e-01 2.224142e-01 8.053109e-03
<GCONST> 8.427507e+01
<STATE> 4
<MEAN> 39
 -3.074160e+00 -2.498497e-01 -1.582083e-01 -1.281029e+01 -6.631963e+00 -1.135589e+01 -5.742243e+00 -1.003087e+01 -3.079259e+00 -5.508291e+00 -1.510177e-01 -7.402941e+00 1.806439e+01 2.856450e-02 -3.108901e-01 -3.225633e-01 4.777231e-01 4.160338e-01 2.897201e-01 2.823397e-01 6.164468e-02 -7.978724e-02 -2.571174e-03 1.468312e-01 2.523625e-01 -1.813450e-01 -7.879077e-02 -6.534903e-02 -4.715161e-02 -2.746942e-03 8.374641e-02 1.333992e-01 8.168757e-02 3.501741e-02 2.799208e-02 -2.889521e-03 -1.431956e-02 4.589156e-02 -4.147516e-02
<VARIANCE> 39
 6.126970e+00 7.980875e+00 1.202322e+01 3.019345e+01 3.252042e+01 2.281902e+01 3.197463e+01 3.246533e+01 4.006977e+01 4.282232e+01 5.143120e+01 4.045087e+01 1.492822e+00 2.866627e-01 2.399528e-01 4.425736e-01 6.655248e-01 9.312075e-01 1.150723e+00 1.105539e+00 1.194716e+00 1.057023e+00 1.124072e+00 1.145986e+00 1.082553e+00 3.967652e-02 3.091886e-02 3.306122e-02 5.466451e-02 9.506748e-02 1.114157e-01 1.450114e-01 1.389046e-01 1.749011e-01 1.699729e-01 1.672947e-01 1.672982e-01 1.557807e-01 3.008825e-03
<GCONST> 7.111191e+01
<TRANSP> 5
 0.000000e+00 1.000000e+00 0.000000e+00 0.000000e+00 0.000000e+00
 0.000000e+00 9.084745e-01 9.152548e-02 0.000000e+00 0.000000e+00
 0.000000e+00 0.000000e+00 7.698596e-01 2.301404e-01 0.000000e+00
 0.000000e+00 0.000000e+00 0.000000e+00 9.201574e-01 7.984260e-02
 0.000000e+00 0.000000e+00 0.000000e+00 0.000000e+00 0.000000e+00
<ENDHMM>
~h "nine"
<BEGINHMM>
<NUMSTATES> 5
<STATE> 2
<MEAN> 39
 -4.077331e+00 -3.898046e+00 -1.677266e+00 -8.971156e+00 -2.804491e+00 -6.378210e+00 -1.642722e+00 -1.116134e+01 -5.117402e+00 -8.041975e+00 -2.887750e+00 -7.734882e+00 1.762904e+01 -1.811325e-01 -6.858033e-01 -2.834639e-01 4.408270e-01 -4.285430e-01 2.355705e-01 4.030291e-01 -1.731195e-01 -1.880378e-02 -1.236191e-01 -8.592726e-02 -8.366855e-02 2.069311e-01 -5.922491e-02 -1.590375e-01 -1.030369e-01 1.132272e-01 -5.453361e-03 -1.169222e-03 5.204876e-02 4.893635e-02 3.952453e-02 9.370365e-03 7.326272e-02 3.877674e-02 -9.215209e-03
<VARIANCE> 39
 8.090954e+00 1.916342e+01 1.444466e+01 1.669296e+01 2.834809e+01 2.875756e+01 3.145665e+01 2.650790e+01 4.734472e+01 3.538875e+01 3.033126e+01 3.281607e+01 1.829772e+00 4.871427e-01 1.494062e+00 1.080494e+00 1.097170e+00 1.264089e+00 1.393836e+00 1.627390e+00 1.205140e+00 1.553539e+00 1.157374e+00 1.183340e+00 1.006628e+00 4.894992e-02 6.265619e-02 1.682044e-01 1.288502e-01 1.425366e-01 2.181606e-01 2.178717e-01 2.447256e-01 1.814127e-01 2.032963e-01 1.691314e-01 1.711285e-01 1.443605e-01 4.463007e-03
<GCONST> 8.221024e+01
<STATE> 3
<MEAN> 39
 -6.347527e+00 -1.160442e+01 -4.860510e+00 -2.734690e+00 -5.693743e+00 -5.250024e+00 1.736060e+00 -1.135922e+01 -5.539679e+00 -9.015328e+00 -1.699770e+00 -7.646741e+00 1.861514e+01 -1.102202e-01 9.686066e-02 2.307477e-01 -2.420476e-01 -2.305189e-02 2.140792e-01 -1.050664e-01 -8.696254e-02 1.959001e-01 5.474261e-02 -5.526773e-02 4.596745e-02 -2.113689e-02 2.517103e-03 1.935468e-01 6.929504e-02 -2.402585e-01 4.426290e-02 6.240287e-02 -1.060978e-01 1.121205e-02 7.537673e-02 -1.084900e-02 -6.778219e-02 2.441988e-02 -1.480030e-02
<VARIANCE> 39
 7.253241e+00 8.472353e+00 2.450037e+01 3.236937e+01 1.900658e+01 3.083623e+01 3.095137e+01 3.397374e+01 4.391690e+01 4.150164e+01 2.842895e+01 3.075455e+01 1.006126e+00 8.384611e-02 3.840282e-01 4.111280e-01 1.132712e+00 5.000369e-01 6.241732e-01 5.587700e-01 5.153652e-01 6.511036e-01 6.707070e-01 6.806694e-01 5.420508e-01 4.827253e-03 1.133341e-02 3.005360e-02 4.127556e-02 5.547938e-02 7.264969e-02 7.246986e-02 7.391033e-02 8.095077e-02 8.281080e-02 8.716507e-02 7.873287e-02 7.922965e-02 3.983415e-04
<GCONST> 5.405604e+01
<STATE> 4
<MEAN> 39
 -5.408939e+00 -2.488682e+00 -1.320185e+00 -1.141012e+01 -1.443078e+00 -5.341778e+00 -3.676828e+00 -1.048140e+01 -3.509034e+00 -8.117118e+00 -2.930946e+00 -6.527740e+00 1.769447e+01 2.317153e-01 5.105909e-01 -3.092766e-03 -1.016929e-01 4.411194e-01 -2.479253e-01 -2.011422e-01 2.756162e-01 -1.277940e-01 8.107454e-02 2.108436e-01 1.169408e-01 -1.723584e-01 -2.715097e-02 -1.583067e-01 -8.625385e-02 1.474568e-01 -3.839147e-02 -6.090487e-03 1.204325e-01 1.985706e-02 -5.447889e-02 4.231454e-02 7.832293e-02 -9.554891e-03 -2.023009e-02
<VARIANCE> 39
 1.166845e+01 1.632528e+01 1.132169e+01 2.321635e+01 3.171842e+01 3.320290e+01 3.064790e+01 2.993113e+01 4.733529e+01 3.817848e+01 3.626937e+01 3.985385e+01 1.211661e+00 5.065153e-01 1.171872e+00 6.359947e-01 1.643074e+00 1.303741e+00 1.550628e+00 1.528431e+00 1.269756e+00 1.658818e+00 1.184173e+00 1.105880e+00 1.068939e+00 2.538142e-02 7.071386e-02 8.681946e-02 9.031531e-02 1.779846e-01 1.819096e-01 2.449436e-01 1.820611e-01 2.039851e-01 2.436526e-01 1.943311e-01 1.735393e-01 1.451956e-01 2.221678e-03
<GCONST> 8.083681e+01
<TRANSP> 5
 0.000000e+00 1.000000e+00 0.000000e+00 0.000000e+00 0.000000e+00
 0.000000e+00 9.012508e-01 9.874914e-02 0.000000e+00 0.000000e+00
 0.000000e+00 0.000000e+00 9.153502e-01 8.464979e-02 0.000000e+00
 0.000000e+00 0.000000e+00 0.000000e+00 9.176029e-01 8.239716e-02
 0.000000e+00 0.000000e+00 0.000000e+00 0.000000e+00 0.000000e+00
<ENDHMM>
~h "five"
<BEGINHMM>
<NUMSTATES> 5
<STATE> 2
<MEAN> 39
 -6.145300e+00 -8.579067e+00 -7.592479e+00 -9.225046e+00 -4.230649e-01 -6.121465e+00 6.969714e-03 -6.825414e+00 -3.778209e+00 -6.490661e+00 -3.219448e-01 -4.546302e+00 1.643808e+01 1.117980e-01 -6.872112e-01 -4.785919e-01 3.255060e-01 2.195613e-01 -2.712117e-01 2.421208e-01 2.802695e-01 -3.435880e-01 -1.302722e-01 -1.266205e-01 1.667034e-02 2.472799e-01 -1.687947e-03 -5.660897e-03 5.737718e-02 4.688835e-02 -1.725677e-02 -3.236452e-02 -1.989581e-02 -4.941049e-02 -1.732893e-02 2.411531e-02 1.546296e-02 -1.459347e-02 2.061849e-02
<VARIANCE> 39
 1.125221e+01 1.815386e+01 1.972011e+01 1.332428e+01 1.796993e+01 2.025479e+01 1.944230e+01 3.697226e+01 2.612189e+01 2.326819e+01 2.203222e+01 1.616224e+01 4.948134e+00 7.423180e-01 6.844239e-01 8.868369e-01 8.866003e-01 8.226768e-01 1.096098e+00 9.428281e-01 1.701124e+00 1.496832e+00 1.271831e+00 1.231869e+00 8.357612e-01 2.129118e-01 1.004225e-01 1.065271e-01 1.570922e-01 1.148708e-01 1.338450e-01 1.695189e-01 1.473376e-01 2.760081e-01 2.348384e-01 1.802754e-01 1.906100e-01 1.286197e-01 2.516604e-02
<GCONST> 8.141044e+01
<STATE> 3
<MEAN> 39
 -5.829909e+00 -1.543208e+01 -8.489592e+00 -3.791502e+00 1.364196e+00 -9.061790e+00 2.480586e+00 -7.543463e+00 -7.266443e+00 -5.482922e+00 -5.596446e-01 -4.576599e+00 1.903887e+01 -1.610333e-01 9.881297e-02 4.891212e-01 -2.808345e-01 -2.718478e-01 4.465794e-01 6.804521e-02 -3.852472e-01 3.469788e-02 2.820537e-01 5.019219e-02 -7.338861e-02 -4.962919e-02 4.119490e-02 1.198991e-01 1.074242e-02 -1.944130e-01 -5.746679e-02 8.541077e-02 -2.819498e-02 2.903879e-02 6.260718e-02 -5.057392e-02 -7.345669e-02 -1.855369e-02 -1.597168e-02
<VARIANCE> 39
 9.235519e+00 9.516522e+00 2.487405e+01 2.134832e+01 1.890435e+01 2.361058e+01 1.802779e+01 4.020387e+01 4.783451e+01 4.513331e+01 2.691066e+01 2.542697e+01 1.368736e+00 9.077755e-02 1.726025e-01 2.727430e-01 6.954151e-01 5.202826e-01 5.777696e-01 5.082269e-01 5.121691e-01 6.401092e-01 6.122528e-01 5.999653e-01 4.835857e-01 5.997586e-03 1.192115e-02 2.521031e-02 3.123388e-02 4.833078e-02 5.224699e-02 5.349389e-02 5.804963e-02 6.689397e-02 9.045378e-02 8.805466e-02 6.807323e-02 7.103812e-02 9.688308e-04
<GCONST> 5.083685e+01
<STATE> 4
<MEAN> 39
 -5.452401e+00 -7.798195e+00 -3.664724e+00 -1.292934e+01 -3.057851e+00 -3.760870e+00 1.120415e+00 -8.346091e+00 -3.888039e+00 -5.631059e+00 -1.734032e+00 -5.653007e+00 1.761938e+01 6.896110e-02 9.293823e-01 2.307978e-01 -1.987881e-01 -1.315929e-01 -8.908908e-02 -2.932281e-01 7.891059e-02 3.928494e-01 -1.370573e-01 7.672837e-02 1.233721e-02 -2.762190e-01 -4.002640e-02 -7.254069e-02 -8.900336e-02 1.945954e-01 1.092603e-01 -8.830162e-02 -1.665551e-02 -4.516173e-03 -4.075466e-02 1.309689e-02 7.345108e-02 3.240537e-02 -1.782533e-02
<VARIANCE> 39
 7.533138e+00 2.308250e+01 1.185585e+01 2.986160e+01 3.748623e+01 2.150838e+01 2.415422e+01 3.057125e+01 4.223595e+01 2.629448e+01 2.688212e+01 2.787959e+01 2.629519e+00 3.400313e-01 7.374030e-01 6.409168e-01 2.733146e+00 1.682087e+00 1.393089e+00 9.393058e-01 1.417222e+00 1.594574e+00 1.266555e+00 1.316848e+00 1.013080e+00 6.819270e-02 5.715516e-02 1.022110e-01 9.524720e-02 3.009314e-01 2.342666e-01 2.509230e-01 1.675267e-01 2.084453e-01 2.011775e-01 1.717467e-01 2.163429e-01 1.726192e-01 9.082112e-03
<GCONST> 8.298357e+01
<TRANSP> 5
 0.000000e+00 1.000000e+00 0.000000e+00 0.000000e+00 0.000000e+00
 0.000000e+00 9.300392e-01 6.996083e-02 0.000000e+00 0.000000e+00
 0.000000e+00 0.000000e+00 9.152319e-01 8.476811e-02 0.000000e+00
 0.000000e+00 0.000000e+00 0.000000e+00 8.980054e-01 1.019946e-01
 0.000000e+00 0.000000e+00 0.000000e+00 0.000000e+00 0.000000e+00
<ENDHMM>
~h "four"
<BEGINHMM>
<NUMSTATES> 5
<STATE> 2
<MEAN> 39
 -7.667614e+00 -6.677808e+00 -5.470642e+00 -9.688792e+00 -1.112550e+00 -4.543476e+00 -5.189728e-01 -8.559962e+00 -2.271121e+00 -5.732479e+00 1.121441e+00 -4.080834e+00 1.494338e+01 3.138357e-01 1.474959e-02 -3.778507e-01 -2.939831e-01 -1.125255e-01 -9.205826e-02 -1.320306e-01 -8.569827e-03 1.231802e-01 1.055109e-01 -1.625150e-02 -4.077196e-02 1.258386e-01 2.438173e-01 9.813485e-02 -1.170318e-01 -1.288143e-01 -5.303989e-02 -1.112579e-01 -1.097986e-01 -1.808097e-02 -8.184097e-03 7.009561e-03 -7.390758e-02 -1.029496e-01 1.065350e-01
<VARIANCE> 39
 4.657702e+00 4.193450e+00 6.876489e+00 8.704023e+00 1.156782e+01 1.418993e+01 1.488089e+01 1.611071e+01 1.489992e+01 1.410061e+01 1.539704e+01 1.167687e+01 9.116803e-01 1.047066e+00 4.639235e-01 5.766307e-01 6.437171e-01 6.049650e-01 9.842695e-01 9.577667e-01 8.519985e-01 8.544639e-01 7.821126e-01 1.037500e+00 8.674543e-01 1.654569e-01 5.929432e-02 5.711765e-02 1.015155e-01 1.069120e-01 1.041819e-01 1.638891e-01 1.311690e-01 1.613808e-01 1.551103e-01 1.347689e-01 1.544513e-01 1.329648e-01 6.555353e-03
<GCONST> 6.410861e+01
<STATE> 3
<MEAN> 39
 1.545542e+00 -3.506071e+00 -1.204609e+01 -1.693926e+01 -4.004881e+00 -6.246487e+00 -3.255047e+00 -8.958976e+00 -1.451340e+00 -3.992062e+00 3.068374e-01 -6.856420e+00 1.889500e+01 3.433108e-01 -1.623348e-01 -3.558477e-01 -7.217049e-02 6.820401e-02 -2.290270e-02 -2.270717e-01 1.736721e-01 3.472252e-01 1.047987e-01 -2.364447e-01 -2.329478e-01 1.594964e-01 -1.728062e-01 -1.511379e-01 1.446060e-01 2.267973e-01 4.013358e-02 -2.949183e-02 4.305371e-02 1.087216e-01 4.690734e-02 -7.877220e-02 -5.253192e-02 5.703614e-02 -6.698091e-02
<VARIANCE> 39
 4.227960e+00 1.022245e+01 1.029036e+01 1.432916e+01 2.460276e+01 1.721146e+01 1.818636e+01 1.709348e+01 2.334695e+01 2.481169e+01 3.750478e+01 3.594286e+01 1.115800e+00 5.912060e-01 7.438594e-01 7.231894e-01 1.240829e+00 9.895772e-01 7.948631e-01 9.115146e-01 9.642962e-01 1.307602e+00 1.180656e+00 1.372135e+00 1.243437e+00 1.038316e-01 4.871599e-02 4.642923e-02 9.628294e-02 8.305278e-02 1.340594e-01 1.435021e-01 1.544317e-01 1.396361e-01 1.799932e-01 1.932645e-01 2.021902e-01 1.820075e-01 7.090522e-03
<GCONST> 7.298954e+01
<STATE> 4
<MEAN> 39
 -5.429466e-01 -1.072220e+01 -7.323118e+00 -8.565816e+00 -5.391745e+00 -8.704766e+00 -2.323945e+00 -4.895527e+00 1.832069e-01 -7.540122e+00 -3.910873e+00 -7.426217e+00 1.840887e+01 -6.129127e-01 7.465039e-02 1.055966e+00 4.896527e-01 -3.433496e-01 7.616246e-02 5.981666e-01 -1.811749e-01 -6.240197e-01 -3.440995e-01 1.658252e-01 3.014710e-01 -2.432765e-01 -9.001638e-02 2.380779e-01 -4.453148e-02 -1.996030e-01 1.165280e-01 1.960449e-01 3.099995e-02 -1.858954e-01 -1.287930e-01 1.032561e-01 1.745549e-01 4.439850e-02 -4.962718e-02
<VARIANCE> 39
 7.333423e+00 1.779958e+01 3.181579e+01 1.828340e+01 4.522203e+01 3.700931e+01 3.509687e+01 4.319408e+01 4.621207e+01 3.482881e+01 3.460003e+01 3.076935e+01 1.741630e+00 2.971708e-01 1.587486e+00 9.179294e-01 1.626264e+00 2.564564e+00 2.221741e+00 1.718492e+00 2.564770e+00 1.885271e+00 1.705947e+00 1.829050e+00 1.123808e+00 5.832914e-02 2.926799e-02 1.346432e-01 2.064868e-01 1.690598e-01 4.288346e-01 2.940586e-01 3.516556e-01 3.668475e-01 3.851871e-01 2.816707e-01 3.092501e-01 2.124644e-01 3.411653e-03
<GCONST> 9.085587e+01
<TRANSP> 5
 0.000000e+00 1.000000e+00 0.000000e+00 0.000000e+00 0.000000e+00
 0.000000e+00 9.011176e-01 9.888241e-02 0.000000e+00 0.000000e+00
 0.000000e+00 0.000000e+00 9.186852e-01 8.131474e-02 0.000000e+00
 0.000000e+00 0.000000e+00 0.000000e+00 8.810120e-01 1.189880e-01
 0.000000e+00 0.000000e+00 0.000000e+00 0.000000e+00 0.000000e+00
<ENDHMM>
~h "zero"
<BEGINHMM>
<NUMSTATES> 5
<STATE> 2
<MEAN> 39
 -6.758175e+00 -3.060532e+00 -4.886794e+00 -7.466864e+00 -1.265788e+00 -3.807551e+00 -1.414099e+00 -8.519994e+00 -3.457350e+00 -5.106208e+00 5.901262e-01 -4.556122e+00 1.523185e+01 -8.170468e-02 3.317763e-01 1.413692e-01 -3.041178e-01 -2.133199e-01 -2.737601e-01 -1.777332e-01 -1.205098e-01 1.233099e-01 2.201351e-01 -1.254903e-02 -1.800964e-04 1.060415e-01 6.806271e-02 1.068908e-01 1.512870e-01 -2.256985e-01 -1.459334e-01 -2.462533e-01 -6.497095e-02 -7.538822e-02 6.202359e-02 1.080055e-02 -2.262772e-02 -5.403144e-02 8.252077e-02
<VARIANCE> 39
 7.745597e+00 1.028859e+01 1.429243e+01 1.360915e+01 1.783328e+01 1.930373e+01 1.877951e+01 1.949849e+01 2.377084e+01 2.085609e+01 1.977660e+01 1.678327e+01 1.208742e+00 4.211675e-01 7.290791e-01 1.003665e+00 9.500201e-01 8.893793e-01 1.750820e+00 9.589460e-01 1.102062e+00 1.068044e+00 8.963282e-01 1.006095e+00 1.001624e+00 1.192539e-01 5.258039e-02 9.179010e-02 1.144092e-01 1.198336e-01 1.237964e-01 1.946423e-01 1.597987e-01 1.730610e-01 1.607244e-01 1.399860e-01 1.706398e-01 1.584597e-01 7.959142e-03
<GCONST> 7.320312e+01
<STATE> 3
<MEAN> 39
 -5.592309e+00 3.954779e-01 8.077653e-01 -1.662426e+01 -7.707307e+00 -9.224982e+00 -4.660063e+00 -8.628914e+00 -4.995935e-02 -3.802482e+00 1.258480e-01 -6.759884e+00 1.834422e+01 3.379171e-01 -6.248004e-01 4.887779e-01 -2.657044e-01 -1.102035e+00 1.290287e-01 1.548142e-01 1.538504e-01 3.349300e-01 -5.399755e-02 2.664950e-02 -1.553127e-01 1.949289e-01 4.521435e-02 -2.660736e-01 -1.692024e-01 3.433246e-01 9.400254e-03 1.403245e-01 1.908148e-01 7.234716e-02 -7.128403e-02 -4.766133e-02 -7.065556e-03 6.281481e-02 -6.165018e-02
<VARIANCE> 39
 7.281311e+00 1.915946e+01 1.718729e+01 2.744020e+01 5.847364e+01 3.936507e+01 3.189034e+01 4.336209e+01 3.246239e+01 3.001799e+01 3.379699e+01 4.994993e+01 1.156446e+00 4.295127e-01 1.775869e+00 8.555222e-01 2.664633e+00 1.664696e+00 2.654129e+00 1.727393e+00 1.475451e+00 1.340083e+00 1.175757e+00 1.141514e+00 1.379970e+00 7.314224e-02 5.099217e-02 1.107154e-01 1.223848e-01 1.857535e-01 2.375460e-01 3.918643e-01 2.244563e-01 2.434567e-01 2.200190e-01 1.773839e-01 1.724209e-01 2.131538e-01 4.550981e-03
<GCONST> 8.729036e+01
<STATE> 4
<MEAN> 39
 -1.649554e+00 -9.930122e+00 -4.550327e+00 -9.837072e+00 -9.202892e+00 -8.373481e+00 4.404695e-02 -4.373044e+00 -3.070357e-01 -6.662815e+00 -1.066613e+00 -5.913481e+00 1.846299e+01 -1.720390e-03 4.105161e-02 -4.249450e-01 2.122191e-01 6.903518e-01 -3.667595e-02 1.309723e-02 7.659449e-02 -1.453035e-01 -9.953715e-02 -4.258944e-02 5.561046e-02 -9.980591e-02 -8.147381e-02 1.027280e-01 5.154789e-02 -8.308223e-02 8.996617e-02 7.159917e-02 -5.898309e-02 -6.223178e-02 -2.369852e-02 2.519731e-02 2.528043e-02 8.757053e-03 -2.410400e-02
<VARIANCE> 39
 6.049095e+00 2.022754e+01 2.591789e+01 2.576315e+01 6.116893e+01 5.180322e+01 3.776212e+01 3.636253e+01 4.391722e+01 3.594055e+01 2.597992e+01 3.311923e+01 1.509336e+00 3.012048e-01 8.277398e-01 7.833864e-01 1.013882e+00 1.236905e+00 1.841352e+00 1.590081e+00 1.897712e+00 1.647465e+00 1.476166e+00 1.053240e+00 9.581064e-01 3.797214e-02 2.902776e-02 5.182410e-02 8.361181e-02 1.130989e-01 1.905679e-01 2.371260e-01 2.060662e-01 2.034618e-01 2.219546e-01 2.011819e-01 1.522517e-01 1.418979e-01 2.415670e-03
<GCONST> 8.034361e+01
<TRANSP> 5
 0.000000e+00 1.000000e+00 0.000000e+00 0.000000e+00 0.000000e+00
 0.000000e+00 8.903300e-01 1.096700e-01 0.000000e+00 0.000000e+00
 0.000000e+00 0.000000e+00 8.972686e-01 1.027314e-01 0.000000e+00
 0.000000e+00 0.000000e+00 0.000000e+00 9.447608e-01 5.523920e-02
 0.000000e+00 0.000000e+00 0.000000e+00 0.000000e+00 0.000000e+00
<ENDHMM>
