~o
<STREAMINFO> 1 39
<VECSIZE> 39<NULLD><MFCC_E_D_A><DIAGC>
~s "silst"
<MEAN> 39
 -5.076141e+00 -3.735121e+00 -3.210621e+00 -8.850045e+00 -1.258336e+00 -5.768351e+00 -1.834570e+00 -9.466125e+00 -3.499334e+00 -6.425046e+00 -3.725420e-01 -5.640144e+00 1.586110e+01 -6.621547e-01 -4.402632e-01 -4.503165e-01 1.677641e-01 3.065269e-01 7.039160e-01 3.733891e-01 1.070228e-01 1.432602e-01 1.500163e-01 3.342058e-01 3.718489e-01 -3.626836e-01 -2.707739e-02 -7.054877e-02 -1.092099e-01 -1.265712e-01 -9.530935e-02 -7.099198e-02 1.226355e-03 7.300622e-02 3.777180e-02 9.222678e-03 -1.474233e-02 4.242919e-03 2.639153e-02
<VARIANCE> 39
 1.122346e+01 1.077098e+01 1.340308e+01 1.344084e+01 2.082840e+01 2.472101e+01 2.385620e+01 2.480244e+01 2.795012e+01 2.736699e+01 2.584787e+01 2.364844e+01 2.028886e+00 3.760040e-01 7.437523e-01 8.210928e-01 8.125660e-01 1.146314e+00 1.290070e+00 1.257178e+00 1.301807e+00 1.409437e+00 1.273804e+00 1.246974e+00 1.115263e+00 5.126015e-02 6.989533e-02 9.997126e-02 1.068057e-01 1.141667e-01 1.567575e-01 2.204752e-01 1.943758e-01 1.872002e-01 2.097261e-01 1.846578e-01 1.821859e-01 1.531152e-01 9.213788e-03
<GCONST> 7.763816e+01
~h "eight"
<BEGINHMM>
<NUMSTATES> 5
<STATE> 2
<MEAN> 39
 -8.238550e+00 -2.972877e+00 -5.888243e+00 -1.823725e+01 2.037645e-01 -4.915789e+00 8.371798e-01 -6.801129e+00 -1.618970e+00 -7.443034e+00 -1.711834e+00 -5.727945e+00 1.740857e+01 -1.686369e-01 1.034707e+00 -9.442998e-02 -1.068976e+00 -5.279361e-02 -5.881286e-01 8.982791e-02 4.690422e-01 3.858610e-01 -7.417929e-03 -1.805865e-01 -2.416575e-01 3.330426e-01 2.899456e-02 8.914083e-02 5.539929e-03 1.404199e-01 -6.240169e-02 -1.923610e-01 -8.357666e-02 -1.886374e-02 2.563135e-02 9.278685e-02 1.131456e-01 -3.007964e-04 -1.717587e-02
<VARIANCE> 39
 7.941873e+00 2.037214e+01 1.878600e+01 3.168131e+01 4.178159e+01 2.219562e+01 2.469917e+01 2.262443e+01 3.071633e+01 2.343358e+01 2.467925e+01 2.551982e+01 3.279943e+00 3.458316e-01 7.484505e-01 6.571222e-01 1.288900e+00 1.207988e+00 1.364378e+00 1.443363e+00 9.967690e-01 1.347227e+00 1.120480e+00 1.073918e+00 9.603449e-01 1.026712e-01 4.189221e-02 8.022644e-02 7.521975e-02 1.953358e-01 1.372627e-01 1.686337e-01 1.482529e-01 1.685746e-01 2.269191e-01 1.633713e-01 1.704522e-01 1.469866e-01 1.301144e-02
<GCONST> 7.934034e+01
<STATE> 3
<MEAN> 39
 -8.389121e+00 5.792242e+00 -5.507179e+00 -1.919526e+01 -2.895533e+00 -1.378929e+01 -1.671225e+00 -5.990877e+00 7.241397e-01 -4.019166e+00 7.655843e-01 -5.686256e+00 1.854308e+01 1.024377e-01 4.914054e-01 2.033124e-01 8.303906e-01 -7.208746e-03 -9.240342e-01 -6.083275e-01 -8.150669e-01 -3.669300e-01 3.183390e-01 4.593578e-01 2.258084e-01 -7.369690e-02 4.934860e-02 -2.833684e-01 2.237653e-02 1.876041e-01 8.683725e-02 2.759414e-01 2.237873e-02 -1.551343e-01 -1.932871e-01 -1.409589e-01 -7.217106e-02 3.633193e-02 -6.187237e-02
<VARIANCE> 39
 1.000857e+01 1.134198e+01 2.482742e+01 2.656141e+01 2.093023e+01 2.360464e+01 5.646721e+01 2.726600e+01 2.975395e+01 2.189807e+01 3.282705e+01 2.507390e+01 1.479633e+00 1.830686e-01 5.145299e-01 2.622945e-01 6.269812e-01 8.187754e-01 1.022641e+00 7.498196e-01 8.222072e-01 1.764168e+00 1.027526e+00 1.191656e+00 8.497754e-01 2.559247e-02 2.772781e-02 7.115753e-02 4.950800e-02 9.931534e-02 8.123894e-02 1.533499e-01 1.409205e-01 1.349463e-01 1.683877e-01 1.387380e-01 1.858767e-01 1.364604e-01 3.389226e-03
<GCONST> 6.913062e+01
<STATE> 4
<MEAN> 39
 -6.967715e+00 1.004428e+00 -4.082046e+00 -1.216885e+01 -1.181323e+00 -1.161932e+01 -4.047378e+00 -1.160149e+01 -4.464322e+00 -5.785442e+00 8.210992e-01 -4.538579e+00 1.649796e+01 2.129009e-01 -1.863857e+00 -6.810103e-03 8.827004e-01 2.180595e-01 1.615975e+00 3.303579e-01 -1.266396e-02 -3.155841e-01 -3.937877e-01 -1.409111e-01 9.605623e-02 -4.709224e-01 -7.185387e-02 -9.078309e-02 -9.894631e-02 -1.333812e-01 -4.758190e-02 1.490861e-01 1.902299e-01 2.706843e-01 2.074122e-01 6.714015e-02 2.347811e-02 -3.123435e-02 -4.589876e-03
<VARIANCE> 39
 6.008942e+00 3.365666e+01 1.479109e+01 1.921005e+01 1.606969e+01 3.835752e+01 3.263769e+01 2.448888e+01 3.905903e+01 2.726484e+01 2.563938e+01 2.399347e+01 2.801349e+00 3.537658e-01 7.353360e-01 6.209848e-01 1.035196e+00 6.523439e-01 1.232805e+00 1.760672e+00 1.480002e+00 2.029325e+00 1.219046e+00 1.376131e+00 1.140046e+00 3.544657e-02 4.196342e-02 2.606613e-01 6.995608e-02 1.186438e-01 9.725677e-02 3.297008e-01 1.816743e-01 1.969293e-01 2.978911e-01 1.789004e-01 1.976384e-01 1.936112e-01 1.067325e-02
<GCONST> 8.032158e+01
<TRANSP> 5
 0.000000e+00 1.000000e+00 0.000000e+00 0.000000e+00 0.000000e+00
 0.000000e+00 8.678036e-01 1.321964e-01 0.000000e+00 0.000000e+00
 0.000000e+00 0.000000e+00 8.560953e-01 1.439047e-01 0.000000e+00
 0.000000e+00 0.000000e+00 0.000000e+00 8.208846e-01 1.791153e-01
 0.000000e+00 0.000000e+00 0.000000e+00 0.000000e+00 0.000000e+00
<ENDHMM>
~h "oh"
<BEGINHMM>
<NUMSTATES> 5
<STATE> 2
<MEAN> 39
 -4.368907e+00 -1.037249e+01 -8.317877e+00 -8.590449e+00 -2.637601e+00 -7.655062e+00 3.570081e+00 -7.382132e+00 -5.232650e+00 -7.114610e+00 -2.437964e+00 -5.425920e+00 1.781746e+01 5.458786e-01 -2.068662e-01 -6.073657e-01 1.664453e-01 9.155516e-02 -6.959585e-01 1.447278e-01 7.347673e-01 -1.604427e-02 -4.298642e-01 -4.113456e-01 -1.518976e-01 3.522225e-01 1.023241e-02 1.036327e-01 2.012983e-03 -5.223937e-02 3.811938e-02 -1.097066e-02 -1.516266e-01 8.313368e-03 1.328087e-01 2.596449e-02 -9.898032e-03 -2.756101e-02 -2.138634e-02
<VARIANCE> 39
 8.670403e+00 1.234397e+01 1.666706e+01 1.820574e+01 2.295980e+01 2.452905e+01 3.068595e+01 6.477316e+01 3.833185e+01 3.398497e+01 2.705103e+01 3.144167e+01 3.007969e+00 2.972693e-01 5.785764e-01 6.309419e-01 6.409997e-01 6.857412e-01 9.316455e-01 1.330222e+00 1.790975e+00 1.557918e+00 1.263643e+00 1.249795e+00 1.053272e+00 9.563892e-02 3.987981e-02 6.295745e-02 7.496011e-02 7.994322e-02 9.176361e-02 1.302039e-01 1.558933e-01 2.155108e-01 1.874359e-01 1.966048e-01 1.842263e-01 1.403396e-01 1.336339e-02
<GCONST> 7.717628e+01
<STATE> 3
<MEAN> 39
 -5.722371e-01 -8.250043e+00 -1.317363e+01 -9.923735e+00 -7.039586e-01 -1.204519e+01 -7.917650e-01 -7.837458e-01 1.198063e-01 -8.237680e+00 -5.127710e+00 -6.597360e+00 1.903775e+01 2.234688e-01 4.043760e-01 -2.909582e-02 -3.466212e-01 -3.574178e-02 -5.246661e-03 -6.740192e-01 -2.427173e-01 6.663338e-01 6.020234e-01 -3.365435e-02 -3.510529e-01 -9.519949e-03 -4.125170e-02 2.449604e-02 1.010664e-01 -2.068301e-02 -5.709283e-02 9.294700e-02 1.122854e-02 -1.582452e-01 -8.080453e-02 9.202371e-02 1.209513e-01 1.103771e-02 -2.524616e-02
<VARIANCE> 39
 6.095053e+00 8.381065e+00 1.534932e+01 1.468812e+01 1.922470e+01 2.241102e+01 4.167137e+01 3.079633e+01 3.926064e+01 3.570830e+01 3.180338e+01 4.017255e+01 1.214473e+00 8.015039e-02 1.367566e-01 2.625108e-01 2.768078e-01 3.851294e-01 5.152261e-01 7.298054e-01 1.010693e+00 7.299347e-01 8.553323e-01 7.848774e-01 6.994742e-01 1.316668e-02 1.111195e-02 1.421383e-02 3.349989e-02 3.311490e-02 4.701285e-02 6.864581e-02 7.736129e-02 9.585078e-02 1.049716e-01 1.013358e-01 9.156647e-02 8.860778e-02 1.198240e-03
<GCONST> 5.210454e+01
<STATE> 4
<MEAN> 39
 1.801948e-01 -3.752044e+00 -9.944222e+00 -1.348843e+01 -3.314656e+00 -1.007759e+01 -4.952415e+00 -7.353313e+00 1.057640e+00 -2.359177e+00 -1.945910e-01 -7.012483e+00 1.844979e+01 -3.469650e-01 2.894725e-01 8.515869e-01 1.484888e-01 -2.206257e-01 3.709159e-01 2.086166e-01 -5.772882e-01 -5.861666e-01 -1.018234e-01 5.108531e-01 4.120486e-01 -2.302132e-01 -1.309488e-01 -1.052727e-01 5.250335e-02 1.421428e-01 1.057511e-01 8.416360e-02 1.856605e-01 8.536051e-02 -1.059731e-01 -1.826699e-01 -7.773959e-02 8.031628e-02 -4.422875e-02
<VARIANCE> 39
 6.300956e+00 7.054546e+00 1.856301e+01 1.555896e+01 1.888821e+01 2.849315e+01 3.124172e+01 2.746030e+01 3.054136e+01 3.707050e+01 3.965835e+01 3.643273e+01 1.764170e+00 2.381185e-01 3.534816e-01 4.245581e-01 5.877431e-01 6.839332e-01 8.668373e-01 1.173971e+00 1.223071e+00 1.192143e+00 1.308600e+00 1.200822e+00 1.026000e+00 3.035890e-02 2.291087e-02 3.288300e-02 6.526756e-02 6.516230e-02 9.774349e-02 1.567875e-01 1.651301e-01 1.869687e-01 2.023659e-01 1.902170e-01 1.710838e-01 1.627421e-01 2.728543e-03
<GCONST> 6.914038e+01
<TRANSP> 5
 0.000000e+00 1.000000e+00 0.000000e+00 0.000000e+00 0.000000e+00
 0.000000e+00 8.830618e-01 1.169382e-01 0.000000e+00 0.000000e+00
 0.000000e+00 0.000000e+00 8.920968e-01 1.079032e-01 0.000000e+00
 0.000000e+00 0.000000e+00 0.000000e+00 8.562834e-01 1.437166e-01
 0.000000e+00 0.000000e+00 0.000000e+00 0.000000e+00 0.000000e+00
<ENDHMM>
~h "sp"
<BEGINHMM>
<NUMSTATES> 5
<STATE> 2
~s "silst"
<STATE> 3
<MEAN> 39
 -7.708295e+00 -6.474150e+00 -6.100150e+00 -9.709138e+00 -1.334560e+00 -4.071759e+00 -6.350948e-01 -8.568447e+00 -2.837329e+00 -5.609980e+00 9.603342e-01 -4.089625e+00 1.480023e+01 -9.988213e-02 -1.817353e-02 -1.136405e-01 -5.550835e-03 -2.991760e-02 3.006879e-02 -6.630262e-03 3.521150e-02 2.922910e-03 2.054891e-02 3.525092e-02 4.036086e-02 -1.368503e-02 6.154116e-02 8.259565e-02 6.163009e-02 -1.140142e-02 -9.659495e-03 -5.716215e-02 -4.136329e-02 -1.856397e-02 -9.264313e-03 -1.624965e-02 -3.380533e-02 -3.258365e-02 4.436573e-02
<VARIANCE> 39
 5.197424e+00 5.806247e+00 8.371752e+00 1.000390e+01 1.421387e+01 1.533771e+01 1.546411e+01 1.657210e+01 1.760956e+01 1.635358e+01 1.593613e+01 1.372045e+01 1.090856e+00 1.561104e-01 2.339204e-01 3.574897e-01 4.283721e-01 5.671219e-01 6.773891e-01 6.516333e-01 7.187690e-01 7.408738e-01 6.608879e-01 6.508069e-01 5.695806e-01 7.410225e-03 3.307149e-02 5.308029e-02 7.090283e-02 9.035662e-02 1.138521e-01 1.432400e-01 1.321077e-01 1.439372e-01 1.467378e-01 1.252173e-01 1.241651e-01 1.145340e-01 4.109654e-03
<GCONST> 5.484897e+01
<STATE> 4
<MEAN> 39
 -8.551260e+00 -4.937928e+00 -6.265999e+00 -8.993755e+00 -2.032693e+00 -3.800255e+00 -1.071850e+00 -8.417010e+00 -2.905635e+00 -5.482602e+00 6.388739e-01 -4.050313e+00 1.505785e+01 2.786083e-01 1.773266e-01 9.821264e-02 -1.322327e-01 -1.912835e-01 -3.053411e-01 -8.192315e-02 7.417753e-02 -3.622917e-02 -5.244621e-02 -2.028498e-01 -8.246899e-02 2.195486e-01 2.163517e-01 4.180592e-03 6.067504e-02 -1.467898e-01 -1.305498e-01 -2.125576e-01 -6.595989e-03 1.883974e-02 6.939038e-03 -1.636366e-03 -1.015017e-01 -8.330468e-02 1.102913e-01
<VARIANCE> 39
 1.197961e+01 1.157328e+01 1.733237e+01 1.581114e+01 1.929475e+01 1.880204e+01 1.808764e+01 2.027132e+01 2.112004e+01 1.993647e+01 1.872662e+01 1.701977e+01 1.498470e+00 5.890750e-01 5.338379e-01 7.442972e-01 7.906181e-01 9.702762e-01 1.004409e+00 8.533033e-01 1.187824e+00 1.045924e+00 9.270210e-01 9.473584e-01 7.683212e-01 5.351635e-02 7.114169e-02 1.106898e-01 1.694008e-01 1.486278e-01 2.004451e-01 1.928172e-01 1.681037e-01 2.261453e-01 2.043341e-01 1.795067e-01 1.803179e-01 1.551236e-01 9.429531e-03
<GCONST> 7.466158e+01
<TRANSP> 5
 0.000000e+00 8.210789e-01 1.789211e-01 0.000000e+00 0.000000e+00
 0.000000e+00 7.944480e-01 2.055519e-01 0.000000e+00 0.000000e+00
 0.000000e+00 0.000000e+00 8.500758e-01 1.499242e-01 0.000000e+00
 0.000000e+00 0.000000e+00 0.000000e+00 5.805036e-01 4.194964e-01
 0.000000e+00 0.000000e+00 0.000000e+00 0.000000e+00 0.000000e+00
<ENDHMM>
~h "seven"
<BEGINHMM>
<NUMSTATES> 5
<STATE> 2
<MEAN> 39
 -7.485565e+00 -4.372808e+00 -5.922525e+00 -9.792245e+00 -3.693306e+00 -4.945230e+00 -5.321707e-01 -8.211217e+00 -2.367557e+00 -4.352138e+00 -4.234208e-01 -3.934798e+00 1.555137e+01 8.771048e-01 1.070267e-01 6.977521e-01 -1.399847e+00 -1.108617e+00 -8.423685e-01 9.552495e-01 -1.023409e-01 3.681397e-01 5.625206e-03 -7.833983e-01 -6.916159e-01 6.886794e-01 9.997519e-03 -1.154421e-01 -7.124045e-02 -2.449561e-01 -1.642197e-01 9.152976e-02 2.473598e-01 6.196899e-02 -1.438733e-02 -1.419081e-01 -1.646973e-01 -1.467584e-01 1.273653e-01
<VARIANCE> 39
 1.002306e+01 6.277073e+00 1.232042e+01 1.245253e+01 2.014690e+01 2.205408e+01 1.819339e+01 1.888290e+01 1.812414e+01 2.651166e+01 1.797874e+01 1.630871e+01 2.416780e+00 4.604892e-01 4.423220e-01 6.452065e-01 9.579461e-01 1.281827e+00 1.635611e+00 1.349671e+00 1.238078e+00 1.243037e+00 2.358337e+00 1.099577e+00 1.207973e+00 7.127528e-02 8.283409e-02 5.433689e-02 9.795869e-02 1.251868e-01 2.222534e-01 2.097969e-01 1.570611e-01 1.529258e-01 1.606745e-01 1.972072e-01 1.399583e-01 1.862722e-01 1.205042e-02
<GCONST> 7.530920e+01
<STATE> 3
<MEAN> 39
 -5.773609e+00 -7.508609e+00 -5.380219e+00 -1.621683e+01 -6.137832e+00 -4.349631e+00 5.059195e+00 -8.665485e+00 -2.719024e+00 -7.114660e+00 -4.213052e+00 -6.595011e+00 1.905145e+01 1.289688e-01 -3.020224e-01 6.898578e-02 1.591806e-01 4.344500e-02 -3.144306e-02 1.856909e-01 2.623526e-01 -3.511838e-01 -4.007698e-02 7.543171e-04 -4.471981e-02 7.673001e-02 -1.880501e-02 1.040194e-01 3.930804e-02 3.170847e-01 1.430371e-01 -7.690005e-02 -2.831604e-01 4.927318e-02 -1.664037e-02 3.772525e-02 2.031036e-01 6.422662e-02 -1.363739e-01
<VARIANCE> 39
 9.467729e+00 1.181972e+01 8.967881e+00 1.777707e+01 4.828952e+01 3.848259e+01 3.167095e+01 3.892046e+01 4.874477e+01 5.842537e+01 3.333172e+01 3.290966e+01 1.186805e+00 3.932532e-01 5.719706e-01 4.497543e-01 1.301598e+00 1.491929e+00 1.582107e+00 1.626612e+00 1.044513e+00 1.270935e+00 1.719825e+00 1.746117e+00 1.228807e+00 1.736941e-01 8.126896e-02 8.513837e-02 8.862015e-02 1.110321e-01 2.649028e-01 2.637641e-01 1.734564e-01 1.626408e-01 2.085630e-01 2.424987e-01 2.324003e-01 1.901621e-01 5.532288e-03
<GCONST> 8.326851e+01
<STATE> 4
<MEAN> 39
 -3.258012e+00 -4.145863e+00 -2.040951e+00 -9.795530e+00 -3.964605e+00 -7.898105e+00 -4.597570e-01 -7.894849e+00 -3.869859e+00 -6.628133e+00 -1.621213e+00 -6.940399e+00 1.713515e+01 1.049219e-01 3.677559e-01 2.307198e-01 2.342364e-01 3.760861e-01 -3.322173e-02 -4.254219e-01 -3.490885e-01 3.205010e-02 -6.874108e-02 7.989004e-02 -1.551148e-02 -8.794765e-02 -3.973298e-02 -5.780580e-02 -5.442190e-02 -7.392532e-02 1.559721e-03 1.086659e-01 9.036943e-02 -4.308224e-02 -1.129317e-03 -7.646274e-04 -4.324584e-02 3.122663e-02 1.964229e-02
<VARIANCE> 39
 4.897368e+00 1.045018e+01 1.000109e+01 1.377119e+01 2.821556e+01 3.248877e+01 2.626516e+01 4.098909e+01 3.228307e+01 3.545094e+01 3.234350e+01 2.883535e+01 1.691029e+00 1.922381e-01 4.146946e-01 4.778584e-01 9.058873e-01 1.392717e+00 1.173825e+00 1.648232e+00 1.272308e+00 1.389933e+00 1.389771e+00 1.265057e+00 9.329398e-01 8.939148e-02 3.490639e-02 7.891495e-02 8.610974e-02 1.530856e-01 2.484966e-01 2.056676e-01 2.861176e-01 2.267883e-01 2.302562e-01 2.389810e-01 2.142776e-01 1.482264e-01 1.490725e-02
<GCONST> 7.853347e+01
<TRANSP> 5
 0.000000e+00 1.000000e+00 0.000000e+00 0.000000e+00 0.000000e+00
 0.000000e+00 7.200328e-01 2.799672e-01 0.000000e+00 0.000000e+00
 0.000000e+00 0.000000e+00 8.915355e-01 1.084646e-01 0.000000e+00
 0.000000e+00 0.000000e+00 0.000000e+00 9.307857e-01 6.921436e-02
 0.000000e+00 0.000000e+00 0.000000e+00 0.000000e+00 0.000000e+00
<ENDHMM>
~h "three"
<BEGINHMM>
<NUMSTATES> 5
<STATE> 2
<MEAN> 39
 -3.109714e+00 -6.920567e+00 -4.304406e-01 -8.973449e+00 -1.019353e+01 -1.091280e+01 -1.266827e+00 -8.714282e+00 -1.866419e+00 -5.143380e+00 -2.866152e-01 -5.328263e+00 1.735669e+01 5.040656e-01 -1.612336e-01 9.465750e-01 -2.272456e-01 -1.614429e+00 -1.475182e-01 -2.209659e-01 -2.371695e-01 3.953067e-01 1.013033e-01 -4.174541e-02 -2.414726e-01 3.742571e-01 -1.740809e-01 1.096178e-01 1.270789e-02 -2.893915e-01 1.930183e-01 3.123521e-01 -1.552964e-01 7.524049e-03 8.888946e-02 -1.437019e-02 4.933643e-02 8.641845e-03 -2.982642e-02
<VARIANCE> 39
 1.183022e+01 1.266885e+01 1.663103e+01 2.976986e+01 5.200097e+01 4.906074e+01 2.343041e+01 2.602268e+01 2.812257e+01 2.587034e+01 3.369241e+01 3.191820e+01 2.763211e+00 7.682800e-01 6.679226e-01 8.049512e-01 2.017850e+00 1.901247e+00 3.406672e+00 1.385299e+00 1.543687e+00 1.262257e+00 1.078314e+00 1.379394e+00 1.290731e+00 5.995139e-02 1.147743e-01 1.452161e-01 1.320930e-01 3.036340e-01 4.585630e-01 4.285530e-01 2.896101e-01 2.385578e-01 1.922973e-01 1.825550e-01 1.985509e-01 1.948339e-01 1.008197e-02
<GCONST> 8.944417e+01
<STATE> 3
<MEAN> 39
 -4.939114e+00 -3.866652e+00 5.665618e+00 -1.870798e+01 -1.283695e+01 -4.167296e+00 -8.455302e+00 -8.954863e+00 2.026363e+00 -5.715374e+00 1.174022e+00 -5.909149e+00 1.866618e+01 -8.536482e-01 1.776587e+00 -1.995499e-01 -1.793222e+00 2.311716e+00 -1.719307e-02 -1.529863e+00 9.070268e-01 -3.694406e-01 -2.368562e-01 1.333170e-01 1.758877e-02 -1.673066e-02 3.160793e-02 1.447368e-01 -4.709649e-01 4.890091e-01 4.421706e-01 -6.761134e-01 3.993520e-01 8.361615e-02 -3.834784e-01 6.717070e-02 -5.848390e-02 4.120859e-02 -5.591254e-02
<VARIANCE> 39
 7.830446e+00 2.338130e+01 1.121529e+01 3.352442e+01 5.931997e+01 2.851038e+01 4.330871e+01 6.279136e+01 2.531188e+01 2.790384e+01 3.835831e+01 2.943153e+01 1.291785e+00 2.548975e-01 6.194441e-01 1.040771e+00 1.719102e+00 1.489910e+00 3.676804e+00 1.923740e+00 1.425087e+00 1.440130e+00 1.054295e+00 7.361768e-01 8.073094e-01 2.143489e-02 5.350881e-02 1.564399e-01 9.029709e-02 2.613447e-01 4.969520e-01 2.345265e-01 4.158732e-01 3.703376e-01 1.598708e-01 1.505991e-01 1.332606e-01 1.101151e-01 2.294639e-03
<GCONST> 8.292785e+01
<STATE> 4
<MEAN> 39
 -6.763970e+00 4.056478e+00 -1.652827e+00 -1.648044e+01 -1.352737e+00 -1.248708e+01 -5.549984e+00 -8.067145e+00 -3.416547e+00 -4.974907e+00 -2.450570e-01 -6.252769e+00 1.788150e+01 1.365298e-01 -5.632241e-02 -5.791811e-01 9.593397e-01 4.501440e-01 -1.640513e-01 7.100151e-01 -3.634013e-01 -3.222215e-01 -1.561483e-02 -1.986400e-01 8.636891e-04 -1.776758e-01 6.800890e-02 -3.149030e-01 9.165113e-02 9.404371e-02 -2.367159e-01 3.044985e-01 4.663138e-02 -4.204847e-02 1.384054e-01 -3.137533e-02 2.057998e-02 1.165599e-02 -2.591858e-02
<VARIANCE> 39
 7.381355e+00 1.540059e+01 1.636612e+01 3.061673e+01 2.269777e+01 2.599575e+01 4.774635e+01 4.566473e+01 3.206705e+01 4.063966e+01 4.078815e+01 3.679447e+01 1.616781e+00 2.236582e-01 1.386287e+00 6.449810e-01 8.499866e-01 1.253056e+00 2.092036e+00 1.280326e+00 1.475902e+00 1.224828e+00 1.184526e+00 8.443675e-01 8.591547e-01 2.445094e-02 3.716844e-02 9.075216e-02 7.225879e-02 1.666436e-01 1.829039e-01 1.742310e-01 2.162512e-01 2.247658e-01 1.718184e-01 1.643296e-01 1.337381e-01 1.300413e-01 2.637604e-03
<GCONST> 7.769126e+01
<TRANSP> 5
 0.000000e+00 1.000000e+00 0.000000e+00 0.000000e+00 0.000000e+00
 0.000000e+00 8.768360e-01 1.231640e-01 0.000000e+00 0.000000e+00
 0.000000e+00 0.000000e+00 7.859459e-01 2.140542e-01 0.000000e+00
 0.000000e+00 0.000000e+00 0.000000e+00 8.917016e-01 1.082984e-01
 0.000000e+00 0.000000e+00 0.000000e+00 0.000000e+00 0.000000e+00
<ENDHMM>
~h "one"
<BEGINHMM>
<NUMSTATES> 5
<STATE> 2
<MEAN> 39
 -5.726580e-01 -3.778867e+00 -9.273121e+00 -1.281494e+01 -1.656306e+00 -5.564275e+00 -2.021100e+00 -8.864613e+00 -2.705954e+00 -6.730689e+00 -1.544888e+00 -7.287495e+00 1.774367e+01 2.782852e-01 -4.043304e-01 -8.712311e-01 4.566302e-01 4.867091e-01 3.887703e-02 -2.919362e-01 2.269796e-01 2.030138e-01 -3.068333e-01 -3.899462e-01 -2.717852e-01 2.375641e-01 -1.186676e-01 -1.459519e-01 5.394517e-02 2.643690e-01 7.659817e-03 -1.161231e-01 -1.481515e-02 9.369413e-02 -1.104653e-02 -9.036532e-02 1.104651e-02 8.277152e-02 -2.090859e-02
<VARIANCE> 39
 7.603453e+00 9.255570e+00 2.886893e+01 2.285231e+01 2.887917e+01 2.532241e+01 2.281292e+01 2.063883e+01 2.828000e+01 2.393476e+01 2.967040e+01 2.875451e+01 2.275410e+00 4.574514e-01 8.000855e-01 8.732085e-01 2.244651e+00 1.372245e+00 1.442862e+00 1.267264e+00 1.065978e+00 1.134506e+00 1.022213e+00 1.095278e+00 1.044739e+00 4.810841e-02 4.492960e-02 6.144452e-02 1.907816e-01 2.175047e-01 2.626276e-01 2.522858e-01 2.367324e-01 1.810059e-01 2.006760e-01 1.693417e-01 1.888740e-01 1.838923e-01 5.016980e-03
<GCONST> 8.018548e+01
<STATE> 3
<MEAN> 39
 -2.367741e+00 -1.071575e+01 -1.089761e+01 -1.688027e+00 -4.490915e-01 -9.494168e+00 -2.441819e+00 -4.210162e+00 -3.540244e+00 -1.172568e+01 -2.376181e+00 -6.057351e+00 1.853602e+01 -6.082821e-01 -3.730190e-01 1.339699e+00 5.708434e-01 -1.353369e+00 -3.265814e-01 1.195266e+00 -9.057275e-02 -9.239217e-01 -9.116974e-02 5.857633e-01 1.190976e-01 -4.923362e-02 2.373069e-02 3.140255e-01 2.514428e-01 -5.823217e-01 -1.336104e-01 3.765360e-01 9.128411e-02 -4.374351e-01 3.412928e-04 3.801771e-01 4.369466e-02 -1.765842e-01 -2.978422e-02
<VARIANCE> 39
 6.142360e+00 9.610331e+00 1.866473e+01 2.374771e+01 2.702985e+01 1.740331e+01 3.769027e+01 3.141269e+01 4.646156e+01 3.756070e+01 3.384467e+01 3.323169e+01 1.544272e+00 1.545028e-01 5.163490e-01 6.044014e-01 1.833857e+00 7.390230e-01 1.713640e+00 1.007249e+00 2.248567e+00 1.166563e+00 1.865173e+00 1.028846e+00 1.293598e+00 8.480344e-03 2.366612e-02 5.254954e-02 1.008556e-01 1.224517e-01 2.855896e-01 1.528374e-01 3.763881e-01 1.782706e-01 3.360159e-01 2.005266e-01 2.674516e-01 1.681946e-01 8.557744e-04
<GCONST> 7.514605e+01
<STATE> 4
<MEAN> 39
 -4.106343e+00 -5.418610e+00 -1.636643e+00 -8.753617e+00 -4.068964e+00 -5.848330e+00 -1.671755e+00 -1.194927e+01 -4.641318e+00 -8.689520e+00 -2.579315e+00 -8.293518e+00 1.778410e+01 1.517219e-01 9.713574e-01 6.248705e-01 -7.289109e-01 4.281546e-01 -6.694662e-02 -6.313674e-01 -4.440626e-01 8.191825e-02 2.292570e-01 -1.767614e-01 5.080200e-02 -1.278645e-01 4.444261e-02 -6.867088e-02 -2.143705e-01 1.677067e-01 1.611264e-01 -6.923094e-02 -6.800654e-02 1.655247e-01 1.322810e-02 -1.165976e-01 1.023875e-02 7.490896e-02 -5.469110e-03
<VARIANCE> 39
 6.950650e+00 2.327812e+01 1.103597e+01 2.141884e+01 1.959730e+01 4.668195e+01 3.616723e+01 3.532436e+01 4.120936e+01 4.573291e+01 3.325788e+01 3.778318e+01 1.325376e+00 2.763351e-01 6.138503e-01 8.070497e-01 1.205765e+00 9.132082e-01 1.967490e+00 1.137277e+00 1.444387e+00 1.608121e+00 1.541410e+00 9.442986e-01 9.593509e-01 1.267927e-02 4.881568e-02 1.199487e-01 8.186162e-02 1.337840e-01 2.006535e-01 3.082076e-01 2.740136e-01 1.858420e-01 2.300998e-01 2.258886e-01 1.684540e-01 1.675021e-01 1.600761e-03
<GCONST> 7.850453e+01
<TRANSP> 5
 0.000000e+00 1.000000e+00 0.000000e+00 0.000000e+00 0.000000e+00
 0.000000e+00 8.983819e-01 1.016181e-01 0.000000e+00 0.000000e+00
 0.000000e+00 0.000000e+00 8.249936e-01 1.750065e-01 0.000000e+00
 0.000000e+00 0.000000e+00 0.000000e+00 8.841094e-01 1.158906e-01
 0.000000e+00 0.000000e+00 0.000000e+00 0.000000e+00 0.000000e+00
<ENDHMM>
~h "sil"
<BEGINHMM>
<NUMSTATES> 5
<STATE> 2
<MEAN> 39
 -6.788218e+00 -6.747161e+00 -5.117383e+00 -9.100333e+00 1.471715e-02 -3.348629e+00 1.898749e-01 -8.525755e+00 -2.598092e+00 -5.760088e+00 5.567499e-01 -4.314840e+00 1.461722e+01 -3.798953e-02 -2.700689e-03 -5.029756e-03 3.081285e-02 3.878190e-02 2.500050e-02 4.962527e-02 5.429646e-03 -1.784893e-02 5.840030e-03 1.398482e-02 1.078390e-02 -1.231454e-02 -2.555405e-02 -3.292891e-02 -7.290985e-02 -1.096664e-01 -1.224779e-01 -1.205934e-01 -6.323633e-02 -1.054736e-02 -2.404518e-02 1.044010e-02 3.828148e-02 3.151097e-02 1.962162e-03
<VARIANCE> 39
 3.642574e+00 4.364902e+00 6.053287e+00 7.599239e+00 1.187685e+01 1.362867e+01 1.466525e+01 1.635779e+01 1.581143e+01 1.373375e+01 1.579912e+01 1.314001e+01 1.165148e+00 7.905710e-02 1.595560e-01 2.717622e-01 3.728409e-01 4.941389e-01 6.570541e-01 6.825831e-01 7.157509e-01 6.947291e-01 5.762512e-01 6.364214e-01 5.645268e-01 5.053404e-03 1.103752e-02 2.419722e-02 4.063495e-02 5.008108e-02 6.994028e-02 1.008227e-01 1.065853e-01 1.308097e-01 1.119346e-01 9.212326e-02 1.050051e-01 9.905215e-02 6.389113e-04
<GCONST> 4.382915e+01
<STATE> 3
~s "silst"
<STATE> 4
<MEAN> 39
 -7.586522e+00 -7.336899e+00 -6.589375e+00 -1.116638e+01 -2.184724e+00 -5.411890e+00 -1.003115e+00 -8.655233e+00 -2.718950e+00 -5.409367e+00 1.450612e+00 -3.836322e+00 1.448406e+01 -3.422068e-03 7.365869e-03 -2.513026e-02 -2.536448e-02 -5.054756e-02 -1.840904e-02 -6.038555e-02 -8.187864e-03 -3.378141e-03 -6.032506e-03 -1.788855e-02 -1.751304e-02 -2.344992e-04 3.730253e-02 5.660068e-02 9.320730e-02 1.252109e-01 1.335834e-01 1.279845e-01 6.229139e-02 1.750970e-02 2.776582e-02 -1.713329e-02 -5.636686e-02 -4.120810e-02 8.418619e-03
<VARIANCE> 39
 3.517775e+00 4.139235e+00 6.414857e+00 7.829716e+00 1.125447e+01 1.251847e+01 1.495703e+01 1.590756e+01 1.761470e+01 1.532201e+01 1.513270e+01 1.336280e+01 1.000122e+00 7.639567e-02 1.675184e-01 2.870769e-01 4.163045e-01 5.052367e-01 6.752851e-01 5.938988e-01 7.396739e-01 7.091631e-01 6.061295e-01 6.988991e-01 6.109598e-01 3.223768e-03 1.423168e-02 2.885564e-02 4.236241e-02 5.693565e-02 7.246484e-02 1.077781e-01 1.039405e-01 1.275443e-01 1.326255e-01 1.059260e-01 1.174883e-01 1.097334e-01 1.073245e-03
<GCONST> 4.533218e+01
<TRANSP> 5
 0.000000e+00 1.000000e+00 0.000000e+00 0.000000e+00 0.000000e+00
 0.000000e+00 7.669128e-01 2.419557e-02 2.088917e-01 0.000000e+00
 0.000000e+00 0.000000e+00 8.286477e-01 1.713523e-01 0.000000e+00
 0.000000e+00 1.865581e-01 0.000000e+00 7.442427e-01 6.919915e-02
 0.000000e+00 0.000000e+00 0.000000e+00 0.000000e+00 0.000000e+00
<ENDHMM>
~h "six"
<BEGINHMM>
<NUMSTATES> 5
<STATE> 2
<MEAN> 39
 -8.687057e+00 -4.260568e+00 -6.996090e+00 -8.728986e+00 -3.093178e+00 -4.227198e+00 -1.958298e+00 -8.231167e+00 -3.553648e+00 -4.010613e+00 1.249025e-01 -3.143244e+00 1.495050e+01 6.788905e-01 6.781051e-01 1.200260e+00 -1.378905e+00 -1.154990e+00 -1.210239e+00 4.083903e-02 -1.338742e-01 4.196450e-01 3.494467e-01 -5.162956e-01 -4.713255e-01 6.289849e-01 6.738693e-02 1.150871e-01 2.272961e-01 -4.788179e-01 -2.795711e-01 -1.701707e-01 4.322709e-02 7.562568e-02 2.037499e-01 9.201695e-04 -1.366695e-01 -2.374726e-01 1.451464e-01
<VARIANCE> 39
 7.468416e+00 7.794612e+00 1.269324e+01 1.147635e+01 1.898962e+01 1.998622e+01 1.516954e+01 1.808492e+01 2.003221e+01 2.958942e+01 1.917190e+01 1.708230e+01 1.864332e+00 3.584670e-01 4.709319e-01 8.832765e-01 1.149437e+00 1.075175e+00 1.323786e+00 1.002583e+00 8.097553e-01 1.417922e+00 2.235294e+00 1.074749e+00 1.321905e+00 7.704579e-02 6.201737e-02 5.632474e-02 1.156991e-01 9.788150e-02 2.031883e-01 2.089143e-01 1.477478e-01 1.766199e-01 1.850959e-01 2.378285e-01 1.708262e-01 1.683483e-01 8.828493e-03
<GCONST> 7.405238e+01
<STATE> 3
<MEAN> 39
 -6.470566e+00 -1.099853e+00 -8.570975e-01 -2.011980e+01 -7.861224e+00 -8.736157e+00 -2.436597e+00 -6.380833e+00 2.459680e-01 -3.794876e+00 -2.524256e+00 -7.321512e+00 1.832879e+01 2.419177e-02 -8.666022e-02 2.211203e-01 -2.821369e-01 3.749977e-01 2.127331e-01 -2.749583e-01 1.720262e-01 3.759570e-02 -1.961005e-01 1.701551e-01 6.954114e-03 -4.761146e-02 -5.677486e-02 -2.052208e-01 -2.669369e-01 4.875096e-01 2.881922e-01 2.212737e-01 6.794987e-02 -9.104329e-02 -1.466404e-01 -5.878491e-02 1.515712e-01 1.659023e-01 -1.670401e-01
<VARIANCE> 39
 7.691983e+00 9.746934e+00 1.662767e+01 2.306903e+01 5.850037e+01 3.110617e+01 3.719254e+01 2.460349e+01 3.462853e+01 5.834011e+01 3.542727e+01 3.742735e+01 1.432511e+00 3.496215e-01 6.527113e-01 1.075699e+00 3.229732e+00 2.397965e+00 1.761398e+00 1.734430e+00 1.341289e+00 1.887815e+00 2.010785e+00 1.867504e+00 1.897424e+00 2.938888e-01 6.819525e-02 6.606796e-02 1.609059e-01 2.259607e-01 3.061465e-01 3.193424e-01 3.835502e-01 2.241374e-01 2.868448e-01 3.401676e-01 2.635992e-01 2.553081e-01 1.166357e-02
<GCONST> 9.188420e+01
<STATE> 4
<MEAN> 39
 -6.563077e+00 -6.248176e+00 -4.680207e+00 -1.081140e+01 -1.001900e+00 -3.979646e+00 -1.436770e+00 -8.755112e+00 -2.165987e+00 -5.868401e+00 1.164326e+00 -4.220771e+00 1.475306e+01 -2.338497e-01 -9.114472e-01 -1.005211e+00 1.462047e+00 4.137690e-01 4.090907e-01 9.077597e-01 -4.569908e-01 -2.818882e-01 -4.025076e-02 2.005590e-01 2.989253e-01 -4.646193e-01 -1.053145e-01 1.689159e-01 2.069969e-01 -4.381225e-01 -3.787432e-01 -1.608636e-01 -8.499067e-02 1.722423e-01 1.161693e-01 1.034854e-01 -1.796875e-01 -1.429887e-01 1.499760e-01
<VARIANCE> 39
 3.293579e+00 5.440180e+00 9.450808e+00 1.107164e+01 1.464587e+01 1.565544e+01 1.950668e+01 1.858677e+01 1.688585e+01 1.706936e+01 1.861896e+01 1.491332e+01 1.491686e+00 2.675275e-01 4.863498e-01 8.969088e-01 1.308984e+00 2.110311e+00 1.651587e+00 1.603046e+00 1.249673e+00 1.214452e+00 1.205383e+00 1.178128e+00 1.023150e+00 7.930671e-02 3.889647e-02 6.515942e-02 1.378272e-01 1.468492e-01 2.331468e-01 1.805249e-01 2.655156e-01 1.922771e-01 1.854223e-01 1.736022e-01 1.976803e-01 1.824590e-01 5.797561e-03
<GCONST> 7.240019e+01
<TRANSP> 5
 0.000000e+00 1.000000e+00 0.000000e+00 0.000000e+00 0.000000e+00
 0.000000e+00 7.189742e-01 2.810258e-01 0.000000e+00 0.000000e+00
 0.000000e+00 0.000000e+00 8.891639e-01 1.108361e-01 0.000000e+00
 0.000000e+00 0.000000e+00 0.000000e+00 7.504361e-01 2.495638e-01
 0.000000e+00 0.000000e+00 0.000000e+00 0.000000e+00 0.000000e+00
<ENDHMM>
~h "two"
<BEGINHMM>
<NUMSTATES> 5
<STATE> 2
<MEAN> 39
 -1.095016e+01 -3.276345e+00 -6.716374e+00 -1.062818e+01 -9.774660e-01 -3.869228e+00 -1.959017e+00 -7.506403e+00 -2.326238e+00 -5.678878e+00 1.128668e+00 -3.370505e+00 1.506327e+01 5.074733e-01 6.192522e-01 1.014818e+00 -5.888802e-01 -2.680976e-01 -3.660036e-01 -4.636112e-01 -2.131278e-01 7.246822e-02 -5.471456e-02 -2.280401e-01 -3.628258e-01 3.248495e-01 2.963775e-01 6.503998e-02 2.874311e-01 -1.310047e-01 -2.125304e-01 -2.432917e-01 -1.188138e-01 -1.273906e-01 -2.629301e-02 2.629325e-03 -7.942883e-02 -1.705049e-01 9.410925e-02
<VARIANCE> 39
 8.849010e+00 8.103575e+00 1.268354e+01 1.230073e+01 1.844230e+01 2.274095e+01 1.921375e+01 2.110636e+01 2.144758e+01 2.400467e+01 2.472370e+01 1.985145e+01 9.049576e-01 1.367849e+00 5.600829e-01 1.277661e+00 8.311657e-01 1.348592e+00 1.287689e+00 9.894658e-01 1.189365e+00 1.173068e+00 1.294688e+00 1.876665e+00 1.105531e+00 7.280795e-02 1.266119e-01 1.092487e-01 1.343684e-01 1.308893e-01 2.275750e-01 1.981745e-01 1.761440e-01 2.232604e-01 2.276260e-01 2.033482e-01 3.597999e-01 1.595618e-01 7.824701e-03
<GCONST> 7.898306e+01
<STATE> 3
<MEAN> 39
 -4.601694e+00 1.270734e+00 1.861304e+00 -1.552301e+01 -6.953532e+00 -9.945175e+00 -6.702116e+00 -1.043919e+01 -2.407818e+00 -5.177334e+00 -1.125461e+00 -7.309201e+00 1.840730e+01 6.632891e-01 5.432515e-01 7.419596e-01 -5.409123e-01 -1.162422e+00 -1.105332e+00 -5.666017e-01 -2.810574e-01 -6.590442e-02 1.260333e-01 -2.154216e-01 -6.234850e-01 4.512157e-01 -2.500747e-01 -2.351585e-01 -4.262129e-01 2.990977e-01 2.731196e-01 2.326831e-01 2.359569e-01 1.460528e-01 -1.899778e-02 -9.901538e-03 1.533359e-01 1.829489e-01 -1.451529e-01
<VARIANCE> 39
 7.462770e+00 8.105562e+00 1.363436e+01 2.232534e+01 3.963971e+01 2.560769e+01 2.822248e+01 2.453829e+01 3.158321e+01 5.528030e+01 4.394207e+01 4.853033e+01 1.036015e+00 5.675271e-01 6.279842e-01 9.855225e-01 1.463910e+00 1.293481e+00 1.206596e+00 1.681520e+00 1.515804e+00 1.844517e+00 1.989179e+00 2.389562e+00 1.875763e+00 8.956789e-02 6.151244e-02 5.343905e-02 8.132649e-02 1.249818e-01 2.043471e-01 1.804311e-01 2.040853e-01 1.909773e-01 2.120737e-01 2.734860e-01 2.892233e-01 2.222253e-01 6.510786e-03
<GCONST> 8.375146e+01
<STATE> 4
<MEAN> 39
 -3.235247e+00 -5.840781e-02 -4.422004e-02 -1.366180e+01 -7.121901e+00 -1.157233e+01 -5.644051e+00 -9.636772e+00 -2.712236e+00 -5.306169e+00 -1.529791e-01 -7.592770e+00 1.823936e+01 1.668643e-01 -2.231137e-01 -2.385255e-01 5.389044e-01 3.380638e-01 8.630203e-02 9.884986e-02 -5.471335e-02 -1.917491e-01 -8.701457e-02 7.698940e-02 1.590746e-01 -1.200936e-01 -4.343687e-02 -3.775985e-02 -2.658506e-02 2.441784e-02 9.540184e-02 1.090927e-01 5.154232e-02 5.216675e-03 2.039962e-02 1.295379e-03 -5.945327e-03 4.418454e-02 -3.512497e-02
<VARIANCE> 39
 5.896547e+00 7.956564e+00 1.253593e+01 2.981830e+01 3.401640e+01 2.156308e+01 3.313864e+01 3.370644e+01 3.983306e+01 4.291616e+01 5.469909e+01 4.153666e+01 1.360461e+00 1.336957e-01 1.528940e-01 3.768790e-01 6.204531e-01 9.151836e-01 8.561288e-01 8.804020e-01 1.028583e+00 9.063252e-01 9.867437e-01 1.044622e+00 9.301023e-01 1.451595e-02 2.159567e-02 2.511727e-02 5.069321e-02 8.848508e-02 1.057253e-01 1.240416e-01 1.289125e-01 1.604032e-01 1.486761e-01 1.526070e-01 1.591243e-01 1.457978e-01 2.341714e-03
<GCONST> 6.574076e+01
<TRANSP> 5
 0.000000e+00 1.000000e+00 0.000000e+00 0.000000e+00 0.000000e+00
 0.000000e+00 8.205572e-01 1.794428e-01 0.000000e+00 0.000000e+00
 0.000000e+00 0.000000e+00 7.671244e-01 2.328757e-01 0.000000e+00
 0.000000e+00 0.000000e+00 0.000000e+00 9.013653e-01 9.863465e-02
 0.000000e+00 0.000000e+00 0.000000e+00 0.000000e+00 0.000000e+00
<ENDHMM>
~h "nine"
<BEGINHMM>
<NUMSTATES> 5
<STATE> 2
<MEAN> 39
 -4.471548e+00 -4.322786e+00 -2.082419e+00 -8.923970e+00 -3.033039e+00 -6.193147e+00 -1.516509e+00 -1.117496e+01 -5.005950e+00 -8.076068e+00 -2.942915e+00 -7.807963e+00 1.756639e+01 -1.369109e-01 -6.723919e-01 -2.207915e-01 4.956827e-01 -4.925446e-01 1.726088e-01 3.878144e-01 -1.973729e-01 -3.949034e-02 -1.525985e-01 -1.782488e-01 -1.450063e-01 2.491174e-01 -3.830255e-02 -1.260277e-01 -7.471884e-02 1.144489e-01 1.822470e-02 -6.573493e-03 3.843114e-02 3.133620e-02 9.584741e-03 6.246572e-03 7.965938e-02 3.475752e-02 -1.048215e-02
<VARIANCE> 39
 8.944095e+00 2.037792e+01 1.533149e+01 1.682928e+01 2.862328e+01 2.885571e+01 3.200481e+01 2.750705e+01 4.717318e+01 3.539259e+01 3.016375e+01 3.277727e+01 2.309174e+00 5.318261e-01 1.578638e+00 1.144517e+00 1.117304e+00 1.137670e+00 1.423911e+00 1.645142e+00 1.277405e+00 1.528589e+00 1.154000e+00 1.245813e+00 1.038242e+00 3.756763e-02 6.494944e-02 1.814407e-01 1.346286e-01 1.401195e-01 2.019501e-01 2.218074e-01 2.430853e-01 1.863574e-01 1.997456e-01 1.612314e-01 1.739564e-01 1.449719e-01 4.949201e-03
<GCONST> 8.288960e+01
<STATE> 3
<MEAN> 39
 -6.290427e+00 -1.167341e+01 -4.987729e+00 -2.492203e+00 -5.655406e+00 -5.432505e+00 1.785366e+00 -1.126479e+01 -5.679292e+00 -9.068804e+00 -1.604355e+00 -7.685336e+00 1.862181e+01 -1.082491e-01 6.571443e-02 2.330380e-01 -2.052207e-01 -4.700027e-02 2.054009e-01 -7.325445e-02 -1.009716e-01 1.715657e-01 6.980272e-02 -3.993836e-02 3.033271e-02 -1.979219e-02 -3.013406e-03 1.878515e-01 7.744534e-02 -2.486571e-01 3.298846e-02 8.106379e-02 -1.011838e-01 -1.991527e-03 8.309636e-02 -5.350816e-03 -7.946358e-02 2.507860e-02 -1.439738e-02
<VARIANCE> 39
 7.197744e+00 8.450795e+00 2.463124e+01 3.136609e+01 1.880426e+01 3.042507e+01 3.088295e+01 3.410172e+01 4.310113e+01 4.184224e+01 2.805807e+01 3.031886e+01 1.011789e+00 8.113594e-02 3.210311e-01 4.020434e-01 1.031566e+00 4.632899e-01 6.109349e-01 5.231060e-01 4.995798e-01 6.119167e-01 6.481668e-01 6.581745e-01 5.174339e-01 4.580090e-03 1.054373e-02 2.931742e-02 3.924721e-02 5.255516e-02 6.927476e-02 6.524483e-02 7.262947e-02 7.665914e-02 7.949173e-02 8.554024e-02 7.633165e-02 7.775805e-02 3.924829e-04
<GCONST> 5.266273e+01
<STATE> 4
<MEAN> 39
 -6.224983e+00 -3.179219e+00 -1.626677e+00 -1.203907e+01 -1.905198e+00 -4.482543e+00 -3.311865e+00 -1.019614e+01 -2.789044e+00 -8.223552e+00 -3.088889e+00 -6.512583e+00 1.789990e+01 3.933384e-01 8.510849e-01 1.536956e-01 -3.113925e-01 5.447245e-01 -4.761608e-01 -4.749593e-01 3.286400e-01 -1.988885e-01 5.511257e-02 9.710616e-02 5.323809e-02 -1.226119e-01 4.410588e-02 -1.234012e-01 -3.692517e-02 2.359876e-01 -1.470968e-02 -7.372338e-02 1.046727e-01 -3.521559e-02 -1.093415e-01 2.580603e-02 7.951905e-02 -2.954380e-02 -1.022953e-02
<VARIANCE> 39
 1.144055e+01 2.012413e+01 1.220206e+01 2.403782e+01 3.584806e+01 3.413139e+01 3.369033e+01 2.992683e+01 4.906005e+01 3.962024e+01 3.857536e+01 4.244234e+01 1.076682e+00 4.065034e-01 9.266203e-01 5.744449e-01 1.873912e+00 1.354166e+00 1.383617e+00 1.360410e+00 1.284503e+00 1.676095e+00 1.185399e+00 1.059184e+00 1.024462e+00 9.882019e-03 5.692309e-02 9.919856e-02 8.649501e-02 1.493013e-01 1.942461e-01 2.403057e-01 1.805197e-01 1.979281e-01 2.315213e-01 1.955855e-01 1.707129e-01 1.414938e-01 1.003802e-03
<GCONST> 7.866011e+01
<TRANSP> 5
 0.000000e+00 1.000000e+00 0.000000e+00 0.000000e+00 0.000000e+00
 0.000000e+00 8.955506e-01 1.044494e-01 0.000000e+00 0.000000e+00
 0.000000e+00 0.000000e+00 9.108969e-01 8.910310e-02 0.000000e+00
 0.000000e+00 0.000000e+00 0.000000e+00 8.979646e-01 1.020354e-01
 0.000000e+00 0.000000e+00 0.000000e+00 0.000000e+00 0.000000e+00
<ENDHMM>
~h "five"
<BEGINHMM>
<NUMSTATES> 5
<STATE> 2
<MEAN> 39
 -4.184945e+00 -1.133488e+01 -1.006115e+01 -8.266472e+00 4.848311e-01 -8.127518e+00 3.469882e-01 -4.680559e+00 -5.243472e+00 -7.944353e+00 -1.813154e+00 -4.903003e+00 1.797098e+01 3.631672e-01 -1.174746e+00 -7.177326e-01 7.813905e-01 5.136178e-01 -6.413152e-01 3.316884e-01 4.009354e-01 -7.476389e-01 -2.218750e-01 -3.013093e-01 -5.517217e-03 5.645194e-01 -1.903458e-01 2.434067e-02 1.743152e-01 9.195713e-02 -1.317871e-02 1.039423e-01 3.008457e-02 -2.030835e-01 2.521953e-02 1.381424e-01 1.587406e-01 4.952986e-02 -7.370505e-02
<VARIANCE> 39
 1.087319e+01 1.966452e+01 2.370195e+01 1.673823e+01 1.899539e+01 2.061739e+01 2.525677e+01 5.150421e+01 3.220085e+01 2.801885e+01 2.497205e+01 1.990183e+01 4.378197e+00 7.731906e-01 5.614769e-01 1.171467e+00 9.074375e-01 7.891449e-01 9.865355e-01 9.742938e-01 2.248311e+00 1.724822e+00 1.723793e+00 1.362896e+00 1.026737e+00 1.227407e-01 9.478921e-02 1.336504e-01 1.782168e-01 1.234551e-01 1.361800e-01 1.447519e-01 1.544398e-01 3.009543e-01 2.737095e-01 1.933923e-01 1.761474e-01 1.403658e-01 2.825633e-02
<GCONST> 8.435958e+01
<STATE> 3
<MEAN> 39
 -5.809126e+00 -1.545265e+01 -8.556955e+00 -3.643353e+00 1.426400e+00 -9.176132e+00 2.534595e+00 -7.496098e+00 -7.217765e+00 -5.456284e+00 -4.666952e-01 -4.503241e+00 1.904699e+01 -1.661812e-01 8.357142e-02 4.906949e-01 -2.571957e-01 -2.712946e-01 4.341953e-01 6.887726e-02 -3.989342e-01 2.702875e-02 3.039888e-01 6.126270e-02 -8.456448e-02 -4.851764e-02 4.019893e-02 1.144372e-01 1.147080e-02 -1.967298e-01 -5.497515e-02 9.332126e-02 -2.902201e-02 2.466027e-02 5.654489e-02 -4.894571e-02 -7.771230e-02 -1.876738e-02 -1.499600e-02
<VARIANCE> 39
 9.174473e+00 9.378916e+00 2.484845e+01 2.081220e+01 1.875020e+01 2.311326e+01 1.752067e+01 3.905680e+01 4.700061e+01 4.450520e+01 2.689417e+01 2.552133e+01 1.356906e+00 8.789148e-02 1.530399e-01 2.696433e-01 6.339085e-01 4.959687e-01 5.513641e-01 4.976243e-01 4.932979e-01 6.133582e-01 5.706306e-01 5.685141e-01 4.732068e-01 5.858242e-03 1.174336e-02 2.421482e-02 3.031544e-02 4.809787e-02 5.121862e-02 5.160153e-02 5.704081e-02 6.415023e-02 8.527563e-02 8.423750e-02 6.652030e-02 7.043340e-02 9.085671e-04
<GCONST> 4.963859e+01
<STATE> 4
<MEAN> 39
 -5.755983e+00 -9.419364e+00 -3.946007e+00 -1.391221e+01 -3.274284e+00 -2.806616e+00 1.873716e+00 -8.426516e+00 -4.209041e+00 -5.238457e+00 -2.269513e+00 -5.518321e+00 1.830521e+01 2.175793e-01 1.207740e+00 3.705120e-01 -6.446337e-01 -3.936397e-01 -1.016154e-01 -3.091344e-01 2.576840e-01 5.543836e-01 -2.127265e-01 -7.320970e-02 -8.953983e-02 -2.456844e-01 -1.715763e-02 -2.111647e-02 -5.230782e-02 3.439492e-01 1.398357e-01 -1.811757e-01 -6.317770e-02 -9.759963e-03 -4.267501e-02 1.689485e-02 1.220398e-01 3.969496e-02 -4.838260e-02
<VARIANCE> 39
 7.868076e+00 2.307392e+01 1.219876e+01 3.193564e+01 4.213213e+01 1.952773e+01 2.462066e+01 3.667710e+01 5.317716e+01 2.793915e+01 2.708732e+01 3.009659e+01 1.832990e+00 2.144586e-01 4.974370e-01 5.733523e-01 2.635220e+00 1.469468e+00 1.621910e+00 9.742389e-01 1.329846e+00 1.638824e+00 1.337459e+00 1.268766e+00 9.157226e-01 4.125427e-02 4.296871e-02 9.678012e-02 7.569724e-02 2.405849e-01 2.362605e-01 2.294961e-01 1.662358e-01 2.295330e-01 2.226716e-01 1.789683e-01 2.066869e-01 1.646799e-01 4.441007e-03
<GCONST> 8.033542e+01
<TRANSP> 5
 0.000000e+00 1.000000e+00 0.000000e+00 0.000000e+00 0.000000e+00
 0.000000e+00 8.483233e-01 1.516767e-01 0.000000e+00 0.000000e+00
 0.000000e+00 0.000000e+00 9.124648e-01 8.753518e-02 0.000000e+00
 0.000000e+00 0.000000e+00 0.000000e+00 8.640102e-01 1.359898e-01
 0.000000e+00 0.000000e+00 0.000000e+00 0.000000e+00 0.000000e+00
<ENDHMM>
~h "four"
<BEGINHMM>
<NUMSTATES> 5
<STATE> 2
<MEAN> 39
 -6.757642e+00 -6.552891e+00 -5.530350e+00 -9.754869e+00 -1.576028e+00 -5.551986e+00 -1.212400e+00 -8.395741e+00 -2.003419e+00 -5.574766e+00 9.759065e-01 -4.270818e+00 1.535793e+01 1.568011e+00 5.360506e-01 -9.015190e-01 -8.564911e-01 -3.059349e-01 -5.340569e-01 -6.936581e-01 -1.916872e-01 1.944811e-01 2.014683e-01 -3.431518e-01 -4.865398e-01 6.430545e-01 3.507354e-01 1.258235e-01 -3.368711e-01 -3.173948e-01 -5.864231e-02 -7.413085e-03 -8.084933e-02 -1.804192e-02 2.362371e-03 5.413577e-02 -7.911133e-02 -1.321767e-01 1.433048e-01
<VARIANCE> 39
 7.564433e+00 5.402888e+00 5.417422e+00 7.820798e+00 1.003012e+01 1.244211e+01 1.451098e+01 1.364184e+01 1.606314e+01 1.349914e+01 1.608057e+01 1.221810e+01 1.724027e+00 5.148981e-01 4.333426e-01 6.031626e-01 7.386594e-01 7.124506e-01 9.066780e-01 7.518129e-01 8.219428e-01 1.015020e+00 1.085500e+00 1.522835e+00 1.225861e+00 5.810805e-02 6.757998e-02 5.344502e-02 6.068501e-02 8.254446e-02 1.013023e-01 1.526805e-01 1.211606e-01 1.518359e-01 1.399180e-01 1.609147e-01 1.994131e-01 1.871449e-01 7.129515e-03
<GCONST> 6.399192e+01
<STATE> 3
<MEAN> 39
 1.596145e+00 -3.480247e+00 -1.216578e+01 -1.704886e+01 -4.000454e+00 -6.177789e+00 -3.167157e+00 -8.953321e+00 -1.398705e+00 -3.856310e+00 4.290628e-01 -6.775749e+00 1.891397e+01 3.040983e-01 -1.865672e-01 -3.249052e-01 -3.725097e-02 7.403510e-02 -1.835056e-02 -2.193427e-01 1.749118e-01 3.531343e-01 9.302549e-02 -2.297384e-01 -2.202815e-01 1.429863e-01 -1.735083e-01 -1.541909e-01 1.498798e-01 2.360639e-01 3.830831e-02 -3.648925e-02 3.802869e-02 1.109119e-01 4.727592e-02 -8.561581e-02 -5.577557e-02 5.675222e-02 -6.754068e-02
<VARIANCE> 39
 4.139367e+00 1.026373e+01 9.603316e+00 1.373134e+01 2.439094e+01 1.715119e+01 1.857329e+01 1.714481e+01 2.362276e+01 2.482035e+01 3.809443e+01 3.756756e+01 1.087811e+00 5.227506e-01 7.273225e-01 6.853569e-01 1.214328e+00 9.698992e-01 7.720352e-01 9.086989e-01 9.568980e-01 1.309632e+00 1.175347e+00 1.338385e+00 1.242178e+00 9.294932e-02 4.948385e-02 4.572977e-02 9.588303e-02 8.015788e-02 1.358070e-01 1.434405e-01 1.560637e-01 1.411874e-01 1.814879e-01 1.920444e-01 1.991430e-01 1.869863e-01 7.206782e-03
<GCONST> 7.252350e+01
<STATE> 4
<MEAN> 39
 -2.633635e-01 -1.131502e+01 -7.987217e+00 -8.556614e+00 -5.375068e+00 -8.950540e+00 -2.203482e+00 -4.219707e+00 6.538735e-01 -7.567021e+00 -3.908466e+00 -7.358705e+00 1.855025e+01 -5.525761e-01 -3.418097e-02 1.189858e+00 5.190299e-01 -5.945312e-01 2.883708e-02 6.851531e-01 -1.582844e-01 -6.814679e-01 -3.922474e-01 1.343791e-01 2.570149e-01 -2.036553e-01 -8.731063e-02 3.026517e-01 1.232339e-03 -2.185538e-01 1.356415e-01 2.160954e-01 1.411409e-02 -2.468336e-01 -1.511922e-01 1.217573e-01 1.773220e-01 3.033630e-02 -5.097493e-02
<VARIANCE> 39
 6.989867e+00 1.429670e+01 2.845875e+01 1.838630e+01 4.719207e+01 3.735419e+01 3.527316e+01 3.881481e+01 4.499552e+01 3.448232e+01 3.470148e+01 3.194856e+01 1.578634e+00 2.190695e-01 1.521891e+00 6.615396e-01 1.662846e+00 2.084720e+00 2.163913e+00 1.564065e+00 2.598148e+00 1.819891e+00 1.726839e+00 1.796798e+00 1.076033e+00 4.085208e-02 2.918725e-02 9.451032e-02 1.876751e-01 1.657953e-01 4.428042e-01 3.012672e-01 3.551920e-01 3.378394e-01 3.792281e-01 2.795792e-01 3.074129e-01 2.166872e-01 3.208320e-03
<GCONST> 8.837223e+01
<TRANSP> 5
 0.000000e+00 1.000000e+00 0.000000e+00 0.000000e+00 0.000000e+00
 0.000000e+00 7.029926e-01 2.970074e-01 0.000000e+00 0.000000e+00
 0.000000e+00 0.000000e+00 9.182726e-01 8.172745e-02 0.000000e+00
 0.000000e+00 0.000000e+00 0.000000e+00 8.712036e-01 1.287964e-01
 0.000000e+00 0.000000e+00 0.000000e+00 0.000000e+00 0.000000e+00
<ENDHMM>
~h "zero"
<BEGINHMM>
<NUMSTATES> 5
<STATE> 2
<MEAN> 39
 -6.856485e+00 -1.902932e+00 -4.591321e+00 -7.678249e+00 -2.510242e+00 -4.665731e+00 -2.826252e+00 -8.903434e+00 -3.635049e+00 -4.173336e+00 1.359894e-01 -4.374153e+00 1.564995e+01 2.803470e-01 1.044670e+00 9.697297e-01 -1.153538e+00 -8.264986e-01 -1.402692e+00 -6.262454e-01 -6.001000e-01 3.206334e-01 3.344787e-01 -1.326056e-01 -2.389605e-01 4.900098e-01 3.826961e-02 9.741187e-02 1.848070e-01 -3.603336e-01 -1.737466e-01 -2.338469e-01 2.842892e-03 -2.437584e-02 1.689738e-01 1.641805e-03 3.094361e-02 -8.991326e-02 9.296548e-02
<VARIANCE> 39
 6.901088e+00 1.045997e+01 1.552869e+01 1.460592e+01 2.097247e+01 2.208690e+01 1.924182e+01 1.977057e+01 2.955289e+01 2.442576e+01 2.236533e+01 1.989702e+01 1.480507e+00 3.156885e-01 4.249385e-01 7.570313e-01 9.352146e-01 8.448132e-01 1.289438e+00 9.696195e-01 1.180397e+00 1.340229e+00 9.783071e-01 1.203325e+00 1.526384e+00 4.258338e-02 4.659510e-02 1.026989e-01 1.271468e-01 1.079646e-01 1.311392e-01 2.169069e-01 1.590195e-01 1.927769e-01 1.622701e-01 1.501006e-01 1.803306e-01 1.680698e-01 6.419966e-03
<GCONST> 7.318641e+01
<STATE> 3
<MEAN> 39
 -5.558465e+00 3.094099e-01 9.447307e-01 -1.693042e+01 -7.861563e+00 -9.186831e+00 -4.569628e+00 -8.445131e+00 1.733389e-01 -3.746262e+00 1.711333e-01 -6.828024e+00 1.840682e+01 3.375659e-01 -7.424826e-01 4.414198e-01 -1.704729e-01 -1.079910e+00 2.618116e-01 2.060785e-01 1.944593e-01 3.206856e-01 -7.710384e-02 4.305415e-02 -1.244993e-01 1.663778e-01 5.129802e-02 -2.686617e-01 -1.737169e-01 3.711352e-01 1.695772e-02 1.352585e-01 1.947727e-01 5.572912e-02 -8.663750e-02 -4.431943e-02 -1.250657e-02 7.146637e-02 -6.435770e-02
<VARIANCE> 39
 7.435183e+00 2.064921e+01 1.738686e+01 2.630957e+01 5.931128e+01 4.052341e+01 3.221058e+01 4.419565e+01 3.110745e+01 3.033615e+01 3.452357e+01 5.110934e+01 1.093867e+00 4.425357e-01 1.627098e+00 8.047769e-01 2.618336e+00 1.741636e+00 2.530452e+00 1.686096e+00 1.421605e+00 1.340958e+00 1.178278e+00 1.107552e+00 1.320752e+00 6.307762e-02 5.152488e-02 1.130038e-01 1.260157e-01 1.804274e-01 2.455977e-01 4.091926e-01 2.256608e-01 2.478318e-01 2.120185e-01 1.747354e-01 1.724093e-01 2.174080e-01 4.559229e-03
<GCONST> 8.706503e+01
<STATE> 4
<MEAN> 39
 -1.603575e+00 -1.052216e+01 -4.389491e+00 -9.810407e+00 -9.695515e+00 -8.040504e+00 5.653825e-01 -4.097857e+00 -1.764338e-01 -6.700548e+00 -1.004954e+00 -5.665359e+00 1.854384e+01 8.305015e-02 1.046698e-02 -5.511810e-01 1.626884e-01 6.681401e-01 -1.772165e-01 -1.727478e-02 2.084056e-01 -6.351481e-02 -1.489983e-01 -9.295460e-02 -7.750665e-03 -5.346170e-02 -5.974526e-02 1.434863e-01 6.315085e-02 -8.651987e-02 8.679789e-02 4.117479e-02 -9.794551e-02 -8.229108e-02 -2.031197e-02 3.438722e-02 2.062581e-02 -8.909387e-03 -1.773737e-02
<VARIANCE> 39
 6.467181e+00 1.770986e+01 2.652948e+01 2.678676e+01 6.265791e+01 5.438708e+01 3.558115e+01 3.639944e+01 4.421055e+01 3.494128e+01 2.490402e+01 3.292293e+01 1.493890e+00 2.244700e-01 8.370395e-01 6.289877e-01 1.037312e+00 1.225889e+00 1.670443e+00 1.528843e+00 1.766277e+00 1.574011e+00 1.377830e+00 1.023179e+00 9.267810e-01 1.572079e-02 2.390133e-02 3.492566e-02 7.639048e-02 1.109565e-01 1.911430e-01 2.325655e-01 1.870700e-01 1.959649e-01 2.166005e-01 1.822501e-01 1.466060e-01 1.334206e-01 1.762303e-03
<GCONST> 7.713136e+01
<TRANSP> 5
 0.000000e+00 1.000000e+00 0.000000e+00 0.000000e+00 0.000000e+00
 0.000000e+00 7.342616e-01 2.657383e-01 0.000000e+00 0.000000e+00
 0.000000e+00 0.000000e+00 8.923577e-01 1.076423e-01 0.000000e+00
 0.000000e+00 0.000000e+00 0.000000e+00 9.396763e-01 6.032374e-02
 0.000000e+00 0.000000e+00 0.000000e+00 0.000000e+00 0.000000e+00
<ENDHMM>
