~o
<STREAMINFO> 1 39
<VECSIZE> 39<NULLD><MFCC_E_D_A><DIAGC>
~s "silst"
<MEAN> 39
 -5.092094e+00 -3.744447e+00 -3.210699e+00 -8.838816e+00 -1.245809e+00 -5.744430e+00 -1.822317e+00 -9.463043e+00 -3.497817e+00 -6.419244e+00 -3.610497e-01 -5.629089e+00 1.585434e+01 -6.624296e-01 -4.425386e-01 -4.518579e-01 1.674205e-01 3.060021e-01 7.048279e-01 3.752559e-01 1.105265e-01 1.448106e-01 1.511744e-01 3.333280e-01 3.705610e-01 -3.624289e-01 -2.659055e-02 -6.927998e-02 -1.092034e-01 -1.274491e-01 -9.656451e-02 -7.292782e-02 2.459489e-04 7.244802e-02 3.780798e-02 9.351984e-03 -1.493076e-02 4.008659e-03 2.669621e-02
<VARIANCE> 39
 1.126798e+01 1.072605e+01 1.345455e+01 1.340196e+01 2.077145e+01 2.466526e+01 2.381767e+01 2.471775e+01 2.788666e+01 2.726272e+01 2.577752e+01 2.356253e+01 2.020489e+00 3.757203e-01 7.427688e-01 8.201230e-01 8.112250e-01 1.143999e+00 1.289271e+00 1.254595e+00 1.299401e+00 1.408748e+00 1.271279e+00 1.245223e+00 1.113487e+00 5.130970e-02 6.990801e-02 1.004134e-01 1.069722e-01 1.139726e-01 1.560870e-01 2.204321e-01 1.942424e-01 1.870821e-01 2.096987e-01 1.843331e-01 1.820111e-01 1.529736e-01 9.214631e-03
<GCONST> 7.759122e+01
~h "eight"
<BEGINHMM>
<NUMSTATES> 5
<STATE> 2
<MEAN> 39
 -8.241943e+00 -2.979548e+00 -5.887952e+00 -1.825346e+01 2.128079e-01 -4.910429e+00 8.334157e-01 -6.808294e+00 -1.612980e+00 -7.447140e+00 -1.724462e+00 -5.726994e+00 1.741385e+01 -1.703146e-01 1.036015e+00 -9.831395e-02 -1.068896e+00 -4.768690e-02 -5.839570e-01 9.005007e-02 4.708117e-01 3.869339e-01 -1.023426e-02 -1.804637e-01 -2.423672e-01 3.332769e-01 2.924824e-02 8.897261e-02 5.478413e-03 1.425907e-01 -6.229144e-02 -1.927537e-01 -8.355032e-02 -1.801206e-02 2.484518e-02 9.301157e-02 1.146261e-01 -3.771950e-04 -1.767506e-02
<VARIANCE> 39
 7.955188e+00 2.038123e+01 1.882608e+01 3.159262e+01 4.192026e+01 2.223005e+01 2.478647e+01 2.269274e+01 3.071273e+01 2.350858e+01 2.467505e+01 2.553827e+01 3.268751e+00 3.452984e-01 7.509213e-01 6.497394e-01 1.280964e+00 1.200822e+00 1.360744e+00 1.446919e+00 9.959058e-01 1.349077e+00 1.118732e+00 1.072449e+00 9.613153e-01 1.024347e-01 4.200731e-02 8.018593e-02 7.528332e-02 1.944628e-01 1.373784e-01 1.691636e-01 1.486595e-01 1.685846e-01 2.269032e-01 1.637486e-01 1.702098e-01 1.470977e-01 1.299723e-02
<GCONST> 7.933369e+01
<STATE> 3
<MEAN> 39
 -8.394036e+00 5.774899e+00 -5.519014e+00 -1.923988e+01 -2.893069e+00 -1.374829e+01 -1.641214e+00 -5.949612e+00 7.434072e-01 -4.027168e+00 7.600006e-01 -5.692574e+00 1.854686e+01 1.004106e-01 5.030436e-01 2.028627e-01 8.263730e-01 -1.148152e-02 -9.369940e-01 -6.094539e-01 -8.111548e-01 -3.591679e-01 3.269941e-01 4.644426e-01 2.251703e-01 -7.183180e-02 4.937138e-02 -2.807662e-01 2.295153e-02 1.893714e-01 8.654632e-02 2.716290e-01 2.074100e-02 -1.586526e-01 -1.939015e-01 -1.395974e-01 -7.128679e-02 3.686737e-02 -6.157028e-02
<VARIANCE> 39
 1.001464e+01 1.132565e+01 2.486907e+01 2.641595e+01 2.099754e+01 2.368668e+01 5.645408e+01 2.709693e+01 2.950041e+01 2.182074e+01 3.272499e+01 2.503219e+01 1.477472e+00 1.826265e-01 5.045358e-01 2.621109e-01 6.257635e-01 8.219572e-01 1.014186e+00 7.507709e-01 8.247921e-01 1.768670e+00 1.022561e+00 1.190028e+00 8.481681e-01 2.534800e-02 2.770285e-02 7.067671e-02 4.946228e-02 9.899677e-02 8.105272e-02 1.527058e-01 1.404327e-01 1.337787e-01 1.674096e-01 1.386141e-01 1.858200e-01 1.361498e-01 3.379823e-03
<GCONST> 6.902545e+01
<STATE> 4
<MEAN> 39
 -6.983958e+00 1.125414e+00 -4.081260e+00 -1.221550e+01 -1.205112e+00 -1.173103e+01 -4.083425e+00 -1.160519e+01 -4.449980e+00 -5.781060e+00 8.149903e-01 -4.551582e+00 1.652417e+01 2.184929e-01 -1.854585e+00 5.005790e-04 8.880020e-01 2.211455e-01 1.602603e+00 3.190993e-01 -3.114996e-02 -3.289884e-01 -3.991613e-01 -1.452663e-01 9.662545e-02 -4.692124e-01 -7.005068e-02 -1.011737e-01 -9.853067e-02 -1.303356e-01 -4.588594e-02 1.610293e-01 1.928690e-01 2.728541e-01 2.061534e-01 6.427000e-02 2.204259e-02 -3.136976e-02 -6.686608e-03
<VARIANCE> 39
 6.054618e+00 3.354616e+01 1.485424e+01 1.934264e+01 1.615395e+01 3.815108e+01 3.283673e+01 2.463269e+01 3.948000e+01 2.741333e+01 2.595480e+01 2.418975e+01 2.806371e+00 3.506810e-01 7.454865e-01 6.176379e-01 1.035274e+00 6.513721e-01 1.246431e+00 1.757931e+00 1.481163e+00 2.021315e+00 1.219084e+00 1.376356e+00 1.140545e+00 3.566620e-02 4.192355e-02 2.585467e-01 6.971778e-02 1.185591e-01 9.773448e-02 3.262815e-01 1.808798e-01 1.961583e-01 2.998284e-01 1.796782e-01 1.979140e-01 1.934666e-01 1.053604e-02
<GCONST> 8.036980e+01
<TRANSP> 5
 0.000000e+00 1.000000e+00 0.000000e+00 0.000000e+00 0.000000e+00
 0.000000e+00 8.669130e-01 1.330870e-01 0.000000e+00 0.000000e+00
 0.000000e+00 0.000000e+00 8.554654e-01 1.445346e-01 0.000000e+00
 0.000000e+00 0.000000e+00 0.000000e+00 8.207101e-01 1.792899e-01
 0.000000e+00 0.000000e+00 0.000000e+00 0.000000e+00 0.000000e+00
<ENDHMM>
~h "oh"
<BEGINHMM>
<NUMSTATES> 5
<STATE> 2
<MEAN> 39
 -4.355260e+00 -1.038076e+01 -8.317637e+00 -8.577587e+00 -2.640937e+00 -7.662759e+00 3.594457e+00 -7.390391e+00 -5.253909e+00 -7.112669e+00 -2.450815e+00 -5.429297e+00 1.782676e+01 5.458024e-01 -2.046508e-01 -6.068990e-01 1.675689e-01 9.332355e-02 -6.951943e-01 1.428265e-01 7.355426e-01 -1.504546e-02 -4.296100e-01 -4.101515e-01 -1.502420e-01 3.507497e-01 9.645102e-03 1.041281e-01 2.674514e-03 -5.268074e-02 3.866769e-02 -9.870282e-03 -1.527492e-01 7.829058e-03 1.330586e-01 2.609356e-02 -9.355308e-03 -2.752568e-02 -2.196402e-02
<VARIANCE> 39
 8.678014e+00 1.232235e+01 1.669006e+01 1.818017e+01 2.299055e+01 2.455902e+01 3.070665e+01 6.486155e+01 3.836353e+01 3.407550e+01 2.704594e+01 3.149743e+01 2.989199e+00 2.964578e-01 5.781724e-01 6.296597e-01 6.388037e-01 6.832609e-01 9.314961e-01 1.330256e+00 1.785104e+00 1.555481e+00 1.258392e+00 1.250778e+00 1.050236e+00 9.585914e-02 3.980548e-02 6.273274e-02 7.486965e-02 7.951875e-02 9.152392e-02 1.298077e-01 1.555688e-01 2.152372e-01 1.868233e-01 1.964815e-01 1.843220e-01 1.401516e-01 1.328401e-02
<GCONST> 7.712566e+01
<STATE> 3
<MEAN> 39
 -5.704952e-01 -8.243534e+00 -1.317892e+01 -9.929252e+00 -6.987737e-01 -1.204506e+01 -8.062511e-01 -7.796928e-01 1.324799e-01 -8.231269e+00 -5.128475e+00 -6.598800e+00 1.903673e+01 2.230883e-01 4.046086e-01 -2.811788e-02 -3.473178e-01 -3.608237e-02 -3.770774e-03 -6.740729e-01 -2.453561e-01 6.656430e-01 6.037889e-01 -3.258447e-02 -3.514670e-01 -9.647512e-03 -4.123513e-02 2.436673e-02 1.011548e-01 -2.061210e-02 -5.727497e-02 9.288040e-02 1.159699e-02 -1.581891e-01 -8.119912e-02 9.169266e-02 1.211803e-01 1.124789e-02 -2.520360e-02
<VARIANCE> 39
 6.095812e+00 8.379278e+00 1.532217e+01 1.468760e+01 1.919160e+01 2.241454e+01 4.164574e+01 3.071197e+01 3.922946e+01 3.570217e+01 3.180418e+01 4.014404e+01 1.217320e+00 8.017031e-02 1.367528e-01 2.628304e-01 2.766830e-01 3.853823e-01 5.146234e-01 7.294224e-01 1.009780e+00 7.301716e-01 8.544301e-01 7.856536e-01 6.994898e-01 1.317038e-02 1.110672e-02 1.421328e-02 3.352003e-02 3.312424e-02 4.698663e-02 6.865907e-02 7.737944e-02 9.573333e-02 1.049953e-01 1.013080e-01 9.148135e-02 8.857060e-02 1.198140e-03
<GCONST> 5.209553e+01
<STATE> 4
<MEAN> 39
 1.787859e-01 -3.748386e+00 -9.930829e+00 -1.348494e+01 -3.320821e+00 -1.008096e+01 -4.949486e+00 -7.353263e+00 1.044584e+00 -2.363683e+00 -1.854111e-01 -7.006903e+00 1.844924e+01 -3.487399e-01 2.883653e-01 8.523789e-01 1.504914e-01 -2.190971e-01 3.723607e-01 2.097727e-01 -5.763533e-01 -5.866932e-01 -1.036398e-01 5.092691e-01 4.130070e-01 -2.309271e-01 -1.311423e-01 -1.055891e-01 5.185849e-02 1.419408e-01 1.060799e-01 8.462162e-02 1.855277e-01 8.496230e-02 -1.053002e-01 -1.823414e-01 -7.799229e-02 8.006488e-02 -4.431406e-02
<VARIANCE> 39
 6.295202e+00 7.044094e+00 1.859841e+01 1.557122e+01 1.892629e+01 2.848108e+01 3.126623e+01 2.746437e+01 3.058793e+01 3.711193e+01 3.966319e+01 3.647887e+01 1.764354e+00 2.388504e-01 3.547828e-01 4.247862e-01 5.883900e-01 6.864097e-01 8.704245e-01 1.176488e+00 1.224900e+00 1.195195e+00 1.307924e+00 1.200965e+00 1.026489e+00 3.052544e-02 2.296199e-02 3.297387e-02 6.559715e-02 6.528050e-02 9.792086e-02 1.570501e-01 1.653789e-01 1.872611e-01 2.027175e-01 1.905820e-01 1.712010e-01 1.630729e-01 2.734596e-03
<GCONST> 6.920221e+01
<TRANSP> 5
 0.000000e+00 1.000000e+00 0.000000e+00 0.000000e+00 0.000000e+00
 0.000000e+00 8.829731e-01 1.170269e-01 0.000000e+00 0.000000e+00
 0.000000e+00 0.000000e+00 8.920813e-01 1.079187e-01 0.000000e+00
 0.000000e+00 0.000000e+00 0.000000e+00 8.563184e-01 1.436815e-01
 0.000000e+00 0.000000e+00 0.000000e+00 0.000000e+00 0.000000e+00
<ENDHMM>
~h "sp"
<BEGINHMM>
<NUMSTATES> 5
<STATE> 2
~s "silst"
<STATE> 3
<MEAN> 39
 -7.722963e+00 -6.451376e+00 -6.093377e+00 -9.703091e+00 -1.361571e+00 -4.064768e+00 -6.518755e-01 -8.575031e+00 -2.840160e+00 -5.608179e+00 9.504903e-01 -4.072768e+00 1.479985e+01 -9.814689e-02 -1.548202e-02 -1.092838e-01 -2.804937e-03 -2.846657e-02 2.991794e-02 -7.597906e-03 3.393190e-02 2.194039e-03 1.905391e-02 3.437902e-02 3.963320e-02 -1.293591e-02 6.188532e-02 8.102316e-02 6.169742e-02 -1.192243e-02 -9.365980e-03 -5.709320e-02 -3.992296e-02 -1.846801e-02 -8.989223e-03 -1.633459e-02 -3.394390e-02 -3.275425e-02 4.411601e-02
<VARIANCE> 39
 5.296053e+00 5.883021e+00 8.522927e+00 1.011314e+01 1.430832e+01 1.539943e+01 1.552228e+01 1.664911e+01 1.761422e+01 1.639799e+01 1.599398e+01 1.377101e+01 1.088587e+00 1.595193e-01 2.373681e-01 3.625444e-01 4.334366e-01 5.700614e-01 6.802350e-01 6.523678e-01 7.222139e-01 7.431881e-01 6.602185e-01 6.565862e-01 5.700485e-01 7.498226e-03 3.338556e-02 5.356090e-02 7.184395e-02 9.122957e-02 1.144641e-01 1.432773e-01 1.319895e-01 1.439630e-01 1.471026e-01 1.252526e-01 1.255201e-01 1.147267e-01 4.120415e-03
<GCONST> 5.510184e+01
<STATE> 4
<MEAN> 39
 -8.535589e+00 -4.961303e+00 -6.318076e+00 -8.972979e+00 -1.975716e+00 -3.792586e+00 -1.028203e+00 -8.373143e+00 -2.922822e+00 -5.485195e+00 6.567109e-01 -4.070637e+00 1.505896e+01 3.320327e-01 1.793246e-01 1.289300e-01 -1.885905e-01 -2.408316e-01 -3.645438e-01 -5.059832e-02 7.203835e-02 -2.256150e-02 -4.565256e-02 -2.258201e-01 -9.982865e-02 2.466273e-01 2.209821e-01 4.311566e-03 5.956533e-02 -1.615802e-01 -1.501274e-01 -2.198267e-01 3.726983e-03 2.157618e-02 1.189330e-02 -2.315559e-04 -1.111950e-01 -8.955501e-02 1.182395e-01
<VARIANCE> 39
 1.168900e+01 1.146182e+01 1.712196e+01 1.553744e+01 1.900619e+01 1.860796e+01 1.796333e+01 2.001158e+01 2.127493e+01 1.981776e+01 1.868196e+01 1.696569e+01 1.498400e+00 6.010930e-01 5.372770e-01 7.754264e-01 8.316451e-01 1.005457e+00 1.050966e+00 8.917875e-01 1.213893e+00 1.061420e+00 9.849588e-01 9.470409e-01 7.870715e-01 5.788476e-02 6.983262e-02 1.103314e-01 1.685351e-01 1.502697e-01 2.038855e-01 1.929666e-01 1.747917e-01 2.278884e-01 2.073306e-01 1.831442e-01 1.787479e-01 1.592534e-01 9.213084e-03
<GCONST> 7.506815e+01
<TRANSP> 5
 0.000000e+00 8.229488e-01 1.770512e-01 0.000000e+00 0.000000e+00
 0.000000e+00 7.940423e-01 2.059577e-01 0.000000e+00 0.000000e+00
 0.000000e+00 0.000000e+00 8.524784e-01 1.475216e-01 0.000000e+00
 0.000000e+00 0.000000e+00 0.000000e+00 5.781853e-01 4.218147e-01
 0.000000e+00 0.000000e+00 0.000000e+00 0.000000e+00 0.000000e+00
<ENDHMM>
~h "seven"
<BEGINHMM>
<NUMSTATES> 5
<STATE> 2
<MEAN> 39
 -5.868580e+00 -4.173793e+00 -4.948947e+00 -1.300241e+01 -6.689262e+00 -6.932310e+00 1.521850e+00 -8.081063e+00 -1.688484e+00 -4.535982e+00 -2.519237e+00 -5.673925e+00 1.696063e+01 6.072422e-01 -1.748207e-01 3.588194e-01 -1.420109e+00 -9.763654e-01 -3.754584e-01 1.134753e+00 5.625994e-03 1.600124e-01 -2.804335e-01 -8.797253e-01 -7.176129e-01 7.205027e-01 -1.729437e-01 -1.812861e-01 -1.918063e-01 6.690705e-02 1.827278e-01 3.106195e-01 4.565912e-02 3.368646e-02 -1.320336e-01 -1.541335e-01 2.855462e-02 3.520410e-02 -6.328145e-03
<VARIANCE> 39
 1.123597e+01 6.158171e+00 1.084496e+01 2.730244e+01 3.360212e+01 2.923314e+01 2.817965e+01 2.416456e+01 2.656842e+01 5.225049e+01 2.645049e+01 2.526682e+01 4.036324e+00 5.889497e-01 5.229762e-01 7.513335e-01 8.885434e-01 1.583952e+00 1.848877e+00 1.382540e+00 1.267217e+00 1.522588e+00 2.216618e+00 1.187599e+00 1.489306e+00 5.502419e-02 8.988851e-02 5.666079e-02 9.176765e-02 2.150968e-01 3.073868e-01 2.172888e-01 1.837075e-01 1.448237e-01 1.536055e-01 2.505444e-01 1.798329e-01 2.097863e-01 2.963908e-02
<GCONST> 8.350285e+01
<STATE> 3
<MEAN> 39
 -6.178907e+00 -8.371662e+00 -5.698421e+00 -1.594823e+01 -4.879934e+00 -2.971287e+00 5.229232e+00 -8.989380e+00 -3.120631e+00 -7.631579e+00 -3.883427e+00 -6.128065e+00 1.911401e+01 1.124843e-01 -2.446491e-01 1.111081e-01 5.421907e-01 2.093169e-01 -1.118888e-01 -9.869523e-02 3.074647e-01 -4.112633e-01 1.246180e-01 2.333165e-01 9.464177e-02 -8.165653e-02 7.452727e-02 1.945921e-01 1.281441e-01 2.776462e-01 1.498456e-02 -2.462708e-01 -2.996513e-01 7.488220e-02 4.691349e-02 7.824703e-02 1.846247e-01 8.701794e-04 -1.241704e-01
<VARIANCE> 39
 9.122489e+00 9.395609e+00 8.273315e+00 1.673039e+01 4.745258e+01 3.222781e+01 3.224029e+01 4.007084e+01 5.057341e+01 4.933491e+01 3.484322e+01 3.373519e+01 1.235027e+00 3.620947e-01 5.801416e-01 4.137307e-01 6.910902e-01 1.243777e+00 1.593372e+00 1.266701e+00 9.847718e-01 1.133813e+00 1.635850e+00 1.587630e+00 9.729782e-01 7.795450e-02 5.105971e-02 5.242090e-02 5.226837e-02 1.093077e-01 2.234847e-01 1.615069e-01 1.874198e-01 1.639300e-01 2.063712e-01 2.075247e-01 2.520055e-01 1.850355e-01 5.298487e-03
<GCONST> 7.790220e+01
<STATE> 4
<MEAN> 39
 -3.263207e+00 -4.146869e+00 -2.028312e+00 -9.783370e+00 -4.018770e+00 -7.968803e+00 -4.765362e-01 -7.847441e+00 -3.902800e+00 -6.622705e+00 -1.643649e+00 -7.003880e+00 1.714228e+01 1.030215e-01 3.721799e-01 2.337765e-01 2.380268e-01 3.859947e-01 -3.189581e-02 -4.339887e-01 -3.541630e-01 3.790236e-02 -7.405158e-02 8.325933e-02 -1.344512e-02 -9.011564e-02 -4.087598e-02 -5.865797e-02 -5.495341e-02 -7.444698e-02 4.774886e-03 1.134535e-01 9.084714e-02 -4.744883e-02 -1.812601e-03 -1.591641e-03 -4.415505e-02 3.495383e-02 1.967094e-02
<VARIANCE> 39
 4.957848e+00 1.054741e+01 1.004658e+01 1.377960e+01 2.829649e+01 3.234732e+01 2.625513e+01 4.117854e+01 3.189073e+01 3.575859e+01 3.240012e+01 2.851095e+01 1.713624e+00 1.937082e-01 4.202389e-01 4.824753e-01 9.243065e-01 1.400089e+00 1.177206e+00 1.667809e+00 1.273437e+00 1.403603e+00 1.394933e+00 1.274293e+00 9.392893e-01 9.144180e-02 3.531109e-02 7.955381e-02 8.712352e-02 1.535210e-01 2.509440e-01 2.064505e-01 2.865922e-01 2.284048e-01 2.305372e-01 2.406139e-01 2.152327e-01 1.487137e-01 1.504936e-02
<GCONST> 7.876648e+01
<TRANSP> 5
 0.000000e+00 1.000000e+00 0.000000e+00 0.000000e+00 0.000000e+00
 0.000000e+00 7.897240e-01 2.102761e-01 0.000000e+00 0.000000e+00
 0.000000e+00 0.000000e+00 8.640334e-01 1.359666e-01 0.000000e+00
 0.000000e+00 0.000000e+00 0.000000e+00 9.304280e-01 6.957205e-02
 0.000000e+00 0.000000e+00 0.000000e+00 0.000000e+00 0.000000e+00
<ENDHMM>
~h "three"
<BEGINHMM>
<NUMSTATES> 5
<STATE> 2
<MEAN> 39
 -3.055878e+00 -6.950039e+00 -3.254248e-01 -8.979098e+00 -1.043360e+01 -1.091066e+01 -1.257396e+00 -8.778543e+00 -1.800869e+00 -5.097291e+00 -2.366649e-01 -5.334272e+00 1.740169e+01 4.783239e-01 -1.423403e-01 9.491373e-01 -2.681181e-01 -1.584197e+00 -9.913006e-02 -2.466765e-01 -2.377472e-01 4.050577e-01 1.027686e-01 -3.224567e-02 -2.403271e-01 3.694676e-01 -1.788828e-01 1.184695e-01 5.385736e-03 -2.943988e-01 2.170424e-01 3.095415e-01 -1.635096e-01 1.438017e-02 8.208510e-02 -1.739982e-02 4.673159e-02 8.723883e-03 -3.201572e-02
<VARIANCE> 39
 1.162047e+01 1.270641e+01 1.686686e+01 2.996383e+01 5.277783e+01 4.901426e+01 2.346952e+01 2.640421e+01 2.827437e+01 2.596825e+01 3.411812e+01 3.196963e+01 2.741340e+00 7.859752e-01 6.901507e-01 8.026699e-01 2.104010e+00 1.931654e+00 3.477667e+00 1.427811e+00 1.556913e+00 1.258524e+00 1.074128e+00 1.376809e+00 1.281811e+00 6.036128e-02 1.132309e-01 1.466896e-01 1.336501e-01 3.004780e-01 4.709062e-01 4.270901e-01 2.919631e-01 2.401915e-01 1.939829e-01 1.818645e-01 1.986319e-01 1.939161e-01 9.963744e-03
<GCONST> 8.968089e+01
<STATE> 3
<MEAN> 39
 -5.070306e+00 -3.589527e+00 5.576419e+00 -1.903720e+01 -1.233035e+01 -4.193158e+00 -8.719407e+00 -8.688627e+00 1.888446e+00 -5.793960e+00 1.084038e+00 -5.951411e+00 1.864907e+01 -8.427281e-01 1.790739e+00 -2.743884e-01 -1.704643e+00 2.365094e+00 -1.462380e-01 -1.449977e+00 9.130505e-01 -4.254213e-01 -2.276576e-01 1.204059e-01 2.234461e-02 -2.271207e-02 4.478926e-02 1.205964e-01 -4.617415e-01 5.184292e-01 3.878663e-01 -6.709031e-01 4.317451e-01 5.437633e-02 -3.696562e-01 7.620399e-02 -5.762700e-02 3.753844e-02 -5.391575e-02
<VARIANCE> 39
 7.783106e+00 2.370960e+01 1.162640e+01 3.162228e+01 6.010436e+01 2.841581e+01 4.187318e+01 6.409982e+01 2.615080e+01 2.804683e+01 3.816322e+01 2.964173e+01 1.292081e+00 2.534631e-01 6.087976e-01 1.019935e+00 1.786281e+00 1.372655e+00 3.621974e+00 2.041409e+00 1.365544e+00 1.402967e+00 1.083819e+00 7.228450e-01 7.937757e-01 2.028867e-02 5.162072e-02 1.572516e-01 9.289981e-02 2.413980e-01 4.993426e-01 2.352504e-01 3.879129e-01 3.778528e-01 1.664563e-01 1.491307e-01 1.327673e-01 1.102354e-01 2.206625e-03
<GCONST> 8.264165e+01
<STATE> 4
<MEAN> 39
 -6.746140e+00 4.096201e+00 -1.725583e+00 -1.634756e+01 -1.327413e+00 -1.257337e+01 -5.456849e+00 -8.158170e+00 -3.432515e+00 -4.967902e+00 -2.625655e-01 -6.249829e+00 1.786907e+01 1.476209e-01 -9.193365e-02 -5.620155e-01 9.716071e-01 4.154634e-01 -1.243527e-01 7.106233e-01 -3.731081e-01 -3.074468e-01 -2.222557e-02 -1.986943e-01 2.208795e-03 -1.797162e-01 6.436899e-02 -3.144307e-01 9.468735e-02 8.182652e-02 -2.299451e-01 3.113863e-01 3.639431e-02 -3.277974e-02 1.384933e-01 -3.359574e-02 2.242204e-02 1.246124e-02 -2.590227e-02
<VARIANCE> 39
 7.449907e+00 1.522840e+01 1.623622e+01 3.037833e+01 2.260367e+01 2.544873e+01 4.757533e+01 4.503357e+01 3.215699e+01 4.072710e+01 4.082906e+01 3.688580e+01 1.619444e+00 2.179356e-01 1.347624e+00 6.419923e-01 8.474243e-01 1.203669e+00 2.042071e+00 1.289142e+00 1.480685e+00 1.224078e+00 1.178755e+00 8.513210e-01 8.683181e-01 2.470235e-02 3.732515e-02 9.138307e-02 7.181160e-02 1.613137e-01 1.831479e-01 1.714285e-01 2.111870e-01 2.211800e-01 1.729985e-01 1.652967e-01 1.335439e-01 1.304625e-01 2.680339e-03
<GCONST> 7.749634e+01
<TRANSP> 5
 0.000000e+00 1.000000e+00 0.000000e+00 0.000000e+00 0.000000e+00
 0.000000e+00 8.774399e-01 1.225601e-01 0.000000e+00 0.000000e+00
 0.000000e+00 0.000000e+00 7.875403e-01 2.124597e-01 0.000000e+00
 0.000000e+00 0.000000e+00 0.000000e+00 8.905064e-01 1.094935e-01
 0.000000e+00 0.000000e+00 0.000000e+00 0.000000e+00 0.000000e+00
<ENDHMM>
~h "one"
<BEGINHMM>
<NUMSTATES> 5
<STATE> 2
<MEAN> 39
 -5.621277e-01 -3.775269e+00 -9.280360e+00 -1.282083e+01 -1.658273e+00 -5.563768e+00 -2.020640e+00 -8.864902e+00 -2.706083e+00 -6.731794e+00 -1.548309e+00 -7.293177e+00 1.774853e+01 2.773272e-01 -4.061916e-01 -8.732490e-01 4.581161e-01 4.882198e-01 4.029959e-02 -2.917198e-01 2.272860e-01 2.040871e-01 -3.066258e-01 -3.899011e-01 -2.720589e-01 2.373700e-01 -1.193210e-01 -1.465696e-01 5.419750e-02 2.652526e-01 7.997606e-03 -1.161499e-01 -1.509195e-02 9.392008e-02 -1.090815e-02 -9.037268e-02 1.115556e-02 8.319443e-02 -2.112412e-02
<VARIANCE> 39
 7.545617e+00 9.249389e+00 2.886639e+01 2.285470e+01 2.890977e+01 2.534079e+01 2.282195e+01 2.066147e+01 2.828525e+01 2.395736e+01 2.968466e+01 2.876346e+01 2.265136e+00 4.571789e-01 7.992992e-01 8.715265e-01 2.245264e+00 1.372409e+00 1.442175e+00 1.268274e+00 1.066058e+00 1.133650e+00 1.021335e+00 1.095160e+00 1.045091e+00 4.809544e-02 4.471623e-02 6.123845e-02 1.908865e-01 2.174252e-01 2.628898e-01 2.525796e-01 2.367860e-01 1.810640e-01 2.006731e-01 1.693329e-01 1.889323e-01 1.838388e-01 4.994100e-03
<GCONST> 8.016361e+01
<STATE> 3
<MEAN> 39
 -2.365856e+00 -1.071514e+01 -1.090177e+01 -1.689054e+00 -4.440940e-01 -9.494511e+00 -2.446828e+00 -4.207327e+00 -3.535967e+00 -1.172779e+01 -2.378193e+00 -6.055954e+00 1.853592e+01 -6.083206e-01 -3.737956e-01 1.339279e+00 5.725390e-01 -1.353430e+00 -3.280361e-01 1.195667e+00 -8.911850e-02 -9.245259e-01 -9.228960e-02 5.861844e-01 1.197477e-01 -4.917389e-02 2.359670e-02 3.139464e-01 2.517576e-01 -5.823272e-01 -1.342385e-01 3.765888e-01 9.197047e-02 -4.376543e-01 -1.755928e-04 3.804854e-01 4.404584e-02 -1.767947e-01 -2.978534e-02
<VARIANCE> 39
 6.139041e+00 9.608537e+00 1.865709e+01 2.375480e+01 2.701208e+01 1.740482e+01 3.766998e+01 3.139065e+01 4.646130e+01 3.755366e+01 3.383760e+01 3.321761e+01 1.544315e+00 1.544827e-01 5.159886e-01 6.043486e-01 1.832126e+00 7.393022e-01 1.712003e+00 1.007478e+00 2.247574e+00 1.165826e+00 1.864563e+00 1.028607e+00 1.293548e+00 8.478298e-03 2.364867e-02 5.254935e-02 1.008271e-01 1.224732e-01 2.853261e-01 1.528476e-01 3.760141e-01 1.782090e-01 3.358974e-01 2.003708e-01 2.674330e-01 1.681002e-01 8.554433e-04
<GCONST> 7.513331e+01
<STATE> 4
<MEAN> 39
 -4.105526e+00 -5.416149e+00 -1.637259e+00 -8.751814e+00 -4.065615e+00 -5.854444e+00 -1.672444e+00 -1.194719e+01 -4.644456e+00 -8.685861e+00 -2.578961e+00 -8.293566e+00 1.778409e+01 1.509283e-01 9.699152e-01 6.244918e-01 -7.280561e-01 4.269341e-01 -6.561954e-02 -6.303361e-01 -4.443709e-01 8.182294e-02 2.298267e-01 -1.764655e-01 5.036468e-02 -1.278992e-01 4.427612e-02 -6.865007e-02 -2.143020e-01 1.672619e-01 1.610684e-01 -6.860146e-02 -6.798723e-02 1.652292e-01 1.345896e-02 -1.166076e-01 1.022068e-02 7.498442e-02 -5.520499e-03
<VARIANCE> 39
 6.948053e+00 2.329073e+01 1.104203e+01 2.143138e+01 1.961178e+01 4.665585e+01 3.616275e+01 3.532088e+01 4.120881e+01 4.574450e+01 3.327465e+01 3.778223e+01 1.325392e+00 2.765304e-01 6.145111e-01 8.075130e-01 1.205876e+00 9.142018e-01 1.967275e+00 1.136687e+00 1.444252e+00 1.607916e+00 1.540930e+00 9.443696e-01 9.593254e-01 1.267593e-02 4.883552e-02 1.199730e-01 8.182504e-02 1.339237e-01 2.006907e-01 3.082367e-01 2.740743e-01 1.858291e-01 2.302330e-01 2.257514e-01 1.686039e-01 1.675713e-01 1.603761e-03
<GCONST> 7.851346e+01
<TRANSP> 5
 0.000000e+00 1.000000e+00 0.000000e+00 0.000000e+00 0.000000e+00
 0.000000e+00 8.981832e-01 1.018168e-01 0.000000e+00 0.000000e+00
 0.000000e+00 0.000000e+00 8.248943e-01 1.751057e-01 0.000000e+00
 0.000000e+00 0.000000e+00 0.000000e+00 8.843051e-01 1.156949e-01
 0.000000e+00 0.000000e+00 0.000000e+00 0.000000e+00 0.000000e+00
<ENDHMM>
~h "sil"
<BEGINHMM>
<NUMSTATES> 5
<STATE> 2
<MEAN> 39
 -6.780887e+00 -6.748616e+00 -5.112453e+00 -9.116706e+00 -2.113291e-02 -3.389842e+00 1.729453e-01 -8.540345e+00 -2.617567e+00 -5.767860e+00 5.599520e-01 -4.301690e+00 1.461603e+01 -3.768377e-02 -2.193756e-03 -2.605186e-03 3.363803e-02 4.140558e-02 2.662224e-02 4.806872e-02 3.726286e-03 -1.784442e-02 5.908599e-03 1.598398e-02 1.269152e-02 -1.227200e-02 -2.597564e-02 -3.360536e-02 -7.331407e-02 -1.081966e-01 -1.185443e-01 -1.159796e-01 -6.123902e-02 -8.079698e-03 -2.165766e-02 1.059962e-02 3.715156e-02 2.971661e-02 1.891163e-03
<VARIANCE> 39
 3.603307e+00 4.337865e+00 5.981196e+00 7.599247e+00 1.195734e+01 1.365376e+01 1.465639e+01 1.631544e+01 1.574277e+01 1.373629e+01 1.578485e+01 1.310519e+01 1.166235e+00 7.795258e-02 1.584803e-01 2.703574e-01 3.723443e-01 4.932570e-01 6.557090e-01 6.796768e-01 7.120599e-01 6.932855e-01 5.746907e-01 6.351452e-01 5.628568e-01 4.987844e-03 1.088294e-02 2.398168e-02 4.030476e-02 5.010622e-02 7.060009e-02 1.015967e-01 1.068103e-01 1.302187e-01 1.117176e-01 9.221224e-02 1.051609e-01 9.907153e-02 6.321658e-04
<GCONST> 4.370926e+01
<STATE> 3
~s "silst"
<STATE> 4
<MEAN> 39
 -7.607059e+00 -7.340779e+00 -6.617254e+00 -1.117228e+01 -2.174960e+00 -5.394257e+00 -1.002231e+00 -8.637921e+00 -2.697244e+00 -5.395901e+00 1.456164e+00 -3.844628e+00 1.448345e+01 -3.234531e-03 7.203822e-03 -2.784250e-02 -2.943853e-02 -5.413789e-02 -2.065884e-02 -6.057545e-02 -7.476103e-03 -3.226842e-03 -6.351187e-03 -2.083447e-02 -1.961294e-02 2.730251e-05 3.900572e-02 5.865185e-02 9.606215e-02 1.262355e-01 1.320835e-01 1.257671e-01 6.198020e-02 1.503111e-02 2.576031e-02 -1.758285e-02 -5.651789e-02 -4.031630e-02 8.872953e-03
<VARIANCE> 39
 3.532219e+00 4.166332e+00 6.418864e+00 7.858991e+00 1.126662e+01 1.259825e+01 1.498726e+01 1.597437e+01 1.771549e+01 1.533708e+01 1.513347e+01 1.341537e+01 9.972258e-01 7.764068e-02 1.688664e-01 2.885375e-01 4.169441e-01 5.056307e-01 6.765041e-01 5.961000e-01 7.438207e-01 7.106926e-01 6.079425e-01 7.009183e-01 6.129821e-01 3.280518e-03 1.444303e-02 2.898211e-02 4.219671e-02 5.730163e-02 7.343093e-02 1.088614e-01 1.041144e-01 1.284548e-01 1.333397e-01 1.061060e-01 1.175828e-01 1.100131e-01 1.123336e-03
<GCONST> 4.554968e+01
<TRANSP> 5
 0.000000e+00 1.000000e+00 0.000000e+00 0.000000e+00 0.000000e+00
 0.000000e+00 7.702960e-01 2.419053e-02 2.055134e-01 0.000000e+00
 0.000000e+00 0.000000e+00 8.269770e-01 1.730230e-01 0.000000e+00
 0.000000e+00 1.878455e-01 0.000000e+00 7.421744e-01 6.998008e-02
 0.000000e+00 0.000000e+00 0.000000e+00 0.000000e+00 0.000000e+00
<ENDHMM>
~h "six"
<BEGINHMM>
<NUMSTATES> 5
<STATE> 2
<MEAN> 39
 -8.666407e+00 -4.250398e+00 -6.963505e+00 -8.747976e+00 -3.111785e+00 -4.262839e+00 -1.959899e+00 -8.230349e+00 -3.549568e+00 -3.992210e+00 1.210645e-01 -3.144074e+00 1.496036e+01 6.810752e-01 6.830709e-01 1.206370e+00 -1.390762e+00 -1.165507e+00 -1.217733e+00 4.221785e-02 -1.321193e-01 4.257048e-01 3.497224e-01 -5.211040e-01 -4.792351e-01 6.334944e-01 6.457330e-02 1.141668e-01 2.242564e-01 -4.788860e-01 -2.771470e-01 -1.662750e-01 4.377118e-02 7.682331e-02 2.050311e-01 -1.516319e-03 -1.367667e-01 -2.392107e-01 1.443274e-01
<VARIANCE> 39
 7.507680e+00 7.809543e+00 1.269785e+01 1.148230e+01 1.909503e+01 2.010078e+01 1.521425e+01 1.800894e+01 2.007222e+01 2.982001e+01 1.916453e+01 1.709634e+01 1.880880e+00 3.587706e-01 4.709854e-01 8.839996e-01 1.147620e+00 1.076200e+00 1.325691e+00 1.008327e+00 8.118000e-01 1.421866e+00 2.244372e+00 1.078020e+00 1.328110e+00 7.618282e-02 6.201027e-02 5.625669e-02 1.152262e-01 9.819674e-02 2.031772e-01 2.093288e-01 1.475404e-01 1.771002e-01 1.848205e-01 2.379038e-01 1.709733e-01 1.683128e-01 8.947203e-03
<GCONST> 7.411739e+01
<STATE> 3
<MEAN> 39
 -6.471857e+00 -1.099700e+00 -8.564306e-01 -2.012587e+01 -7.859558e+00 -8.733746e+00 -2.437263e+00 -6.378847e+00 2.486201e-01 -3.796224e+00 -2.525239e+00 -7.322687e+00 1.832957e+01 2.381414e-02 -8.731201e-02 2.202550e-01 -2.805431e-01 3.766499e-01 2.142054e-01 -2.752436e-01 1.720141e-01 3.699644e-02 -1.965048e-01 1.706719e-01 7.916214e-03 -4.829162e-02 -5.665892e-02 -2.053192e-01 -2.669898e-01 4.880051e-01 2.882759e-01 2.210248e-01 6.802920e-02 -9.119251e-02 -1.468648e-01 -5.874629e-02 1.516869e-01 1.661487e-01 -1.671183e-01
<VARIANCE> 39
 7.692773e+00 9.750885e+00 1.663582e+01 2.302474e+01 5.852792e+01 3.111124e+01 3.720182e+01 2.460617e+01 3.463216e+01 5.832999e+01 3.543784e+01 3.744194e+01 1.432113e+00 3.494780e-01 6.522707e-01 1.075123e+00 3.228392e+00 2.394732e+00 1.758821e+00 1.734506e+00 1.341469e+00 1.887576e+00 2.011004e+00 1.867283e+00 1.896222e+00 2.934712e-01 6.821113e-02 6.607740e-02 1.609889e-01 2.257195e-01 3.062901e-01 3.193870e-01 3.837391e-01 2.241101e-01 2.868818e-01 3.401659e-01 2.637084e-01 2.553364e-01 1.166177e-02
<GCONST> 9.187904e+01
<STATE> 4
<MEAN> 39
 -6.563070e+00 -6.250253e+00 -4.681412e+00 -1.081137e+01 -1.002314e+00 -3.976849e+00 -1.434268e+00 -8.752103e+00 -2.164114e+00 -5.868384e+00 1.162784e+00 -4.220866e+00 1.475277e+01 -2.339583e-01 -9.105042e-01 -1.005069e+00 1.461424e+00 4.131524e-01 4.082820e-01 9.072415e-01 -4.568304e-01 -2.820812e-01 -4.058261e-02 2.004928e-01 2.985068e-01 -4.643095e-01 -1.054029e-01 1.691685e-01 2.073247e-01 -4.381362e-01 -3.786947e-01 -1.606835e-01 -8.545520e-02 1.720064e-01 1.162529e-01 1.035401e-01 -1.792874e-01 -1.430169e-01 1.499831e-01
<VARIANCE> 39
 3.290816e+00 5.445834e+00 9.442800e+00 1.106737e+01 1.463281e+01 1.564652e+01 1.950239e+01 1.857570e+01 1.687616e+01 1.705517e+01 1.861573e+01 1.491639e+01 1.490839e+00 2.676044e-01 4.871705e-01 8.966292e-01 1.309956e+00 2.110521e+00 1.651298e+00 1.602824e+00 1.249443e+00 1.214283e+00 1.204613e+00 1.177750e+00 1.023217e+00 7.942129e-02 3.887321e-02 6.519968e-02 1.378538e-01 1.468541e-01 2.331926e-01 1.805505e-01 2.655874e-01 1.924539e-01 1.855408e-01 1.735319e-01 1.977395e-01 1.825143e-01 5.794499e-03
<GCONST> 7.239943e+01
<TRANSP> 5
 0.000000e+00 1.000000e+00 0.000000e+00 0.000000e+00 0.000000e+00
 0.000000e+00 7.161698e-01 2.838303e-01 0.000000e+00 0.000000e+00
 0.000000e+00 0.000000e+00 8.890865e-01 1.109135e-01 0.000000e+00
 0.000000e+00 0.000000e+00 0.000000e+00 7.505252e-01 2.494748e-01
 0.000000e+00 0.000000e+00 0.000000e+00 0.000000e+00 0.000000e+00
<ENDHMM>
~h "two"
<BEGINHMM>
<NUMSTATES> 5
<STATE> 2
<MEAN> 39
 -1.098332e+01 -3.253496e+00 -6.765196e+00 -1.060690e+01 -1.000889e+00 -3.867509e+00 -1.972340e+00 -7.524789e+00 -2.331805e+00 -5.690525e+00 1.128562e+00 -3.364457e+00 1.506280e+01 4.887112e-01 6.198166e-01 9.985291e-01 -5.815580e-01 -2.600493e-01 -3.539697e-01 -4.637913e-01 -2.088494e-01 7.029614e-02 -5.649215e-02 -2.323663e-01 -3.546454e-01 3.209999e-01 2.980407e-01 5.986486e-02 2.901038e-01 -1.308028e-01 -2.049296e-01 -2.388804e-01 -1.163572e-01 -1.251317e-01 -2.601592e-02 3.433891e-03 -7.715862e-02 -1.688533e-01 9.213310e-02
<VARIANCE> 39
 8.809350e+00 8.095531e+00 1.272028e+01 1.234886e+01 1.842437e+01 2.274562e+01 1.916398e+01 2.123800e+01 2.131474e+01 2.390196e+01 2.467665e+01 1.982085e+01 9.000566e-01 1.378860e+00 5.617515e-01 1.286872e+00 8.290568e-01 1.351206e+00 1.287654e+00 9.848545e-01 1.192367e+00 1.165901e+00 1.287216e+00 1.864224e+00 1.102418e+00 7.270174e-02 1.257422e-01 1.098294e-01 1.339971e-01 1.298860e-01 2.286732e-01 1.985312e-01 1.753946e-01 2.239618e-01 2.261030e-01 2.021940e-01 3.586947e-01 1.591447e-01 7.921069e-03
<GCONST> 7.894796e+01
<STATE> 3
<MEAN> 39
 -4.602991e+00 1.267574e+00 1.859300e+00 -1.551705e+01 -6.944947e+00 -9.938993e+00 -6.698164e+00 -1.043851e+01 -2.409599e+00 -5.176566e+00 -1.123345e+00 -7.305949e+00 1.840551e+01 6.646171e-01 5.441663e-01 7.440304e-01 -5.418684e-01 -1.163163e+00 -1.106326e+00 -5.674213e-01 -2.814776e-01 -6.576592e-02 1.261501e-01 -2.157407e-01 -6.244118e-01 4.517213e-01 -2.501347e-01 -2.347389e-01 -4.261667e-01 2.988526e-01 2.722253e-01 2.320561e-01 2.356763e-01 1.459865e-01 -1.892220e-02 -9.616056e-03 1.531841e-01 1.828511e-01 -1.449599e-01
<VARIANCE> 39
 7.465162e+00 8.105721e+00 1.363436e+01 2.233439e+01 3.967826e+01 2.562896e+01 2.822059e+01 2.453349e+01 3.157948e+01 5.527703e+01 4.392397e+01 4.848903e+01 1.038157e+00 5.682294e-01 6.280546e-01 9.874055e-01 1.463786e+00 1.293156e+00 1.205480e+00 1.680976e+00 1.516433e+00 1.845999e+00 1.989723e+00 2.392882e+00 1.874458e+00 8.950496e-02 6.148945e-02 5.361005e-02 8.129799e-02 1.250575e-01 2.049159e-01 1.808012e-01 2.041548e-01 1.910936e-01 2.122608e-01 2.736560e-01 2.891088e-01 2.221645e-01 6.542363e-03
<GCONST> 8.377206e+01
<STATE> 4
<MEAN> 39
 -3.233380e+00 -5.643274e-02 -4.272774e-02 -1.366473e+01 -7.123418e+00 -1.157492e+01 -5.645552e+00 -9.635061e+00 -2.709594e+00 -5.307395e+00 -1.591742e-01 -7.599254e+00 1.824024e+01 1.669877e-01 -2.230627e-01 -2.384765e-01 5.384894e-01 3.366142e-01 8.565363e-02 9.838907e-02 -5.501809e-02 -1.931009e-01 -8.642770e-02 7.791641e-02 1.596324e-01 -1.200223e-01 -4.356355e-02 -3.797975e-02 -2.657415e-02 2.445599e-02 9.568763e-02 1.093849e-01 5.184579e-02 4.831356e-03 1.997022e-02 1.209498e-03 -5.759486e-03 4.461575e-02 -3.523185e-02
<VARIANCE> 39
 5.894691e+00 7.954939e+00 1.254125e+01 2.980729e+01 3.400750e+01 2.156273e+01 3.316401e+01 3.371092e+01 3.985133e+01 4.293845e+01 5.473557e+01 4.156675e+01 1.359118e+00 1.335968e-01 1.530612e-01 3.771107e-01 6.212906e-01 9.121647e-01 8.557195e-01 8.812549e-01 1.028939e+00 9.030001e-01 9.882160e-01 1.046343e+00 9.318519e-01 1.451071e-02 2.163347e-02 2.516246e-02 5.076077e-02 8.856744e-02 1.056478e-01 1.240856e-01 1.293091e-01 1.600667e-01 1.488340e-01 1.526982e-01 1.593376e-01 1.459263e-01 2.344062e-03
<GCONST> 6.575441e+01
<TRANSP> 5
 0.000000e+00 1.000000e+00 0.000000e+00 0.000000e+00 0.000000e+00
 0.000000e+00 8.222052e-01 1.777948e-01 0.000000e+00 0.000000e+00
 0.000000e+00 0.000000e+00 7.672451e-01 2.327549e-01 0.000000e+00
 0.000000e+00 0.000000e+00 0.000000e+00 9.013879e-01 9.861204e-02
 0.000000e+00 0.000000e+00 0.000000e+00 0.000000e+00 0.000000e+00
<ENDHMM>
~h "nine"
<BEGINHMM>
<NUMSTATES> 5
<STATE> 2
<MEAN> 39
 -4.467037e+00 -4.319648e+00 -2.079580e+00 -8.923592e+00 -3.039159e+00 -6.193443e+00 -1.514236e+00 -1.117644e+01 -5.007893e+00 -8.084413e+00 -2.953537e+00 -7.812580e+00 1.757122e+01 -1.377336e-01 -6.738842e-01 -2.223319e-01 4.960612e-01 -4.936676e-01 1.738829e-01 3.885519e-01 -1.974551e-01 -3.842159e-02 -1.526299e-01 -1.776365e-01 -1.451499e-01 2.492034e-01 -3.855611e-02 -1.265317e-01 -7.505739e-02 1.148839e-01 1.859013e-02 -6.509371e-03 3.840341e-02 3.162632e-02 9.986092e-03 6.593064e-03 8.055896e-02 3.501592e-02 -1.070154e-02
<VARIANCE> 39
 8.938257e+00 2.039526e+01 1.532053e+01 1.685080e+01 2.863719e+01 2.890828e+01 3.201561e+01 2.751421e+01 4.725291e+01 3.538438e+01 3.015998e+01 3.279203e+01 2.297373e+00 5.320094e-01 1.579828e+00 1.145071e+00 1.118133e+00 1.137443e+00 1.424636e+00 1.646180e+00 1.277981e+00 1.529263e+00 1.154887e+00 1.246318e+00 1.038442e+00 3.757112e-02 6.489570e-02 1.815057e-01 1.345437e-01 1.402136e-01 2.019692e-01 2.220619e-01 2.430271e-01 1.863194e-01 1.998098e-01 1.611409e-01 1.735958e-01 1.449203e-01 4.925523e-03
<GCONST> 8.288846e+01
<STATE> 3
<MEAN> 39
 -6.290617e+00 -1.167305e+01 -4.987273e+00 -2.493068e+00 -5.655593e+00 -5.431902e+00 1.785363e+00 -1.126503e+01 -5.679195e+00 -9.068498e+00 -1.604703e+00 -7.685264e+00 1.862180e+01 -1.082603e-01 6.587812e-02 2.330284e-01 -2.054420e-01 -4.686344e-02 2.054927e-01 -7.341216e-02 -1.009140e-01 1.717106e-01 6.966897e-02 -3.999129e-02 3.045944e-02 -1.980228e-02 -2.996468e-03 1.878709e-01 7.741870e-02 -2.486266e-01 3.303679e-02 8.099464e-02 -1.012167e-01 -1.939151e-03 8.308492e-02 -5.383649e-03 -7.943670e-02 2.508196e-02 -1.439773e-02
<VARIANCE> 39
 7.198075e+00 8.451707e+00 2.463104e+01 3.136996e+01 1.880508e+01 3.042479e+01 3.088307e+01 3.410279e+01 4.310147e+01 4.184336e+01 2.805872e+01 3.031938e+01 1.011842e+00 8.114849e-02 3.212479e-01 4.021015e-01 1.031942e+00 4.633638e-01 6.109836e-01 5.231952e-01 4.996243e-01 6.120940e-01 6.482028e-01 6.582928e-01 5.176035e-01 4.581110e-03 1.054552e-02 2.931998e-02 3.925638e-02 5.256578e-02 6.928959e-02 6.526860e-02 7.263433e-02 7.667922e-02 7.950123e-02 8.555070e-02 7.633998e-02 7.776172e-02 3.925227e-04
<GCONST> 5.266821e+01
<STATE> 4
<MEAN> 39
 -6.219876e+00 -3.174454e+00 -1.625281e+00 -1.203754e+01 -1.903267e+00 -4.489785e+00 -3.314754e+00 -1.019684e+01 -2.792536e+00 -8.220260e+00 -3.089163e+00 -6.512414e+00 1.789969e+01 3.932158e-01 8.495941e-01 1.535808e-01 -3.099985e-01 5.438292e-01 -4.755801e-01 -4.738076e-01 3.275413e-01 -1.990541e-01 5.483307e-02 9.743196e-02 5.329896e-02 -1.226649e-01 4.363147e-02 -1.235570e-01 -3.713845e-02 2.355760e-01 -1.482975e-02 -7.315962e-02 1.047642e-01 -3.503318e-02 -1.089728e-01 2.569366e-02 7.966261e-02 -2.935280e-02 -1.026924e-02
<VARIANCE> 39
 1.145057e+01 2.010936e+01 1.219845e+01 2.402197e+01 3.582594e+01 3.415347e+01 3.366635e+01 2.992237e+01 4.906607e+01 3.962506e+01 3.857201e+01 4.244243e+01 1.075985e+00 4.062806e-01 9.276132e-01 5.741667e-01 1.873360e+00 1.354290e+00 1.383352e+00 1.361024e+00 1.284927e+00 1.675510e+00 1.184626e+00 1.059455e+00 1.024109e+00 9.886090e-03 5.705348e-02 9.915911e-02 8.652860e-02 1.494241e-01 1.942129e-01 2.405399e-01 1.805598e-01 1.979409e-01 2.316507e-01 1.955395e-01 1.707226e-01 1.415425e-01 1.008609e-03
<GCONST> 7.866738e+01
<TRANSP> 5
 0.000000e+00 1.000000e+00 0.000000e+00 0.000000e+00 0.000000e+00
 0.000000e+00 8.953791e-01 1.046208e-01 0.000000e+00 0.000000e+00
 0.000000e+00 0.000000e+00 9.109144e-01 8.908568e-02 0.000000e+00
 0.000000e+00 0.000000e+00 0.000000e+00 8.980762e-01 1.019239e-01
 0.000000e+00 0.000000e+00 0.000000e+00 0.000000e+00 0.000000e+00
<ENDHMM>
~h "five"
<BEGINHMM>
<NUMSTATES> 5
<STATE> 2
<MEAN> 39
 -4.145939e+00 -1.138098e+01 -1.010156e+01 -8.245141e+00 5.018545e-01 -8.165824e+00 3.458920e-01 -4.637912e+00 -5.268973e+00 -7.962720e+00 -1.841898e+00 -4.913531e+00 1.800077e+01 3.558600e-01 -1.176919e+00 -7.134183e-01 7.873298e-01 5.169146e-01 -6.377807e-01 3.353884e-01 3.943873e-01 -7.504123e-01 -2.167148e-01 -2.954507e-01 -2.162119e-03 5.626466e-01 -1.935711e-01 2.836126e-02 1.788459e-01 9.049298e-02 -1.475222e-02 1.063799e-01 2.967756e-02 -2.070266e-01 2.816663e-02 1.402179e-01 1.619867e-01 5.059042e-02 -7.598352e-02
<VARIANCE> 39
 1.078339e+01 1.961891e+01 2.372106e+01 1.678579e+01 1.904129e+01 2.054882e+01 2.532211e+01 5.164787e+01 3.228711e+01 2.809268e+01 2.500567e+01 1.995925e+01 4.320616e+00 7.721058e-01 5.614420e-01 1.175366e+00 9.053435e-01 7.891097e-01 9.852071e-01 9.717690e-01 2.230299e+00 1.726247e+00 1.726491e+00 1.364305e+00 1.026816e+00 1.230219e-01 9.394097e-02 1.327955e-01 1.767267e-01 1.234609e-01 1.363566e-01 1.445007e-01 1.543598e-01 2.998787e-01 2.739032e-01 1.923611e-01 1.753285e-01 1.403948e-01 2.792026e-02
<GCONST> 8.429731e+01
<STATE> 3
<MEAN> 39
 -5.810185e+00 -1.545239e+01 -8.554305e+00 -3.643491e+00 1.425059e+00 -9.174445e+00 2.535937e+00 -7.498006e+00 -7.217193e+00 -5.452892e+00 -4.647594e-01 -4.502655e+00 1.904668e+01 -1.659755e-01 8.393718e-02 4.906324e-01 -2.579954e-01 -2.713932e-01 4.345299e-01 6.872523e-02 -3.989475e-01 2.723478e-02 3.039385e-01 6.086099e-02 -8.463020e-02 -4.855398e-02 4.022964e-02 1.143713e-01 1.135159e-02 -1.966755e-01 -5.486621e-02 9.325159e-02 -2.895285e-02 2.472884e-02 5.645202e-02 -4.907165e-02 -7.785401e-02 -1.871021e-02 -1.495600e-02
<VARIANCE> 39
 9.173190e+00 9.380468e+00 2.483780e+01 2.081516e+01 1.874869e+01 2.312512e+01 1.750934e+01 3.904616e+01 4.701612e+01 4.449265e+01 2.688316e+01 2.551793e+01 1.356855e+00 8.783080e-02 1.529877e-01 2.696380e-01 6.335762e-01 4.957249e-01 5.513462e-01 4.976307e-01 4.930685e-01 6.127975e-01 5.703958e-01 5.682272e-01 4.732318e-01 5.853747e-03 1.173959e-02 2.419345e-02 3.028888e-02 4.806958e-02 5.117687e-02 5.159996e-02 5.700701e-02 6.414858e-02 8.524425e-02 8.420943e-02 6.645583e-02 7.038739e-02 9.048702e-04
<GCONST> 4.962169e+01
<STATE> 4
<MEAN> 39
 -5.752497e+00 -9.409701e+00 -3.940870e+00 -1.391109e+01 -3.282198e+00 -2.813735e+00 1.869934e+00 -8.421959e+00 -4.204662e+00 -5.238131e+00 -2.265230e+00 -5.520845e+00 1.830199e+01 2.169495e-01 1.206628e+00 3.702710e-01 -6.416442e-01 -3.921608e-01 -1.029286e-01 -3.103215e-01 2.565449e-01 5.543713e-01 -2.122300e-01 -7.188378e-02 -8.888628e-02 -2.459674e-01 -1.747991e-02 -2.159456e-02 -5.276171e-02 3.436764e-01 1.403258e-01 -1.802192e-01 -6.276348e-02 -1.009720e-02 -4.296322e-02 1.669032e-02 1.215091e-01 3.990002e-02 -4.834322e-02
<VARIANCE> 39
 7.867522e+00 2.309065e+01 1.221408e+01 3.191194e+01 4.211898e+01 1.957901e+01 2.463028e+01 3.666194e+01 5.312109e+01 2.795865e+01 2.708406e+01 3.009124e+01 1.837581e+00 2.146200e-01 4.989150e-01 5.738502e-01 2.637257e+00 1.471071e+00 1.621132e+00 9.744779e-01 1.331435e+00 1.638375e+00 1.337580e+00 1.268755e+00 9.162620e-01 4.137013e-02 4.305518e-02 9.683655e-02 7.586811e-02 2.402626e-01 2.361723e-01 2.301077e-01 1.663259e-01 2.294271e-01 2.225817e-01 1.790885e-01 2.066288e-01 1.646588e-01 4.442515e-03
<GCONST> 8.035743e+01
<TRANSP> 5
 0.000000e+00 1.000000e+00 0.000000e+00 0.000000e+00 0.000000e+00
 0.000000e+00 8.470480e-01 1.529520e-01 0.000000e+00 0.000000e+00
 0.000000e+00 0.000000e+00 9.124291e-01 8.757088e-02 0.000000e+00
 0.000000e+00 0.000000e+00 0.000000e+00 8.642446e-01 1.357554e-01
 0.000000e+00 0.000000e+00 0.000000e+00 0.000000e+00 0.000000e+00
<ENDHMM>
~h "four"
<BEGINHMM>
<NUMSTATES> 5
<STATE> 2
<MEAN> 39
 -6.729588e+00 -6.535131e+00 -5.533681e+00 -9.766325e+00 -1.583908e+00 -5.569522e+00 -1.226260e+00 -8.406577e+00 -1.998700e+00 -5.577814e+00 9.622028e-01 -4.277858e+00 1.536775e+01 1.576763e+00 5.390694e-01 -9.107704e-01 -8.650267e-01 -3.074720e-01 -5.367414e-01 -6.977054e-01 -1.943905e-01 1.930384e-01 2.023786e-01 -3.462639e-01 -4.900164e-01 6.466211e-01 3.482676e-01 1.244337e-01 -3.368447e-01 -3.164116e-01 -5.753150e-02 -5.126923e-03 -7.911976e-02 -1.695506e-02 1.842029e-03 5.397260e-02 -7.855956e-02 -1.317069e-01 1.424188e-01
<VARIANCE> 39
 7.694459e+00 5.435954e+00 5.406356e+00 7.843582e+00 1.004382e+01 1.247317e+01 1.449383e+01 1.362616e+01 1.604678e+01 1.349970e+01 1.613625e+01 1.223625e+01 1.736708e+00 5.099269e-01 4.353866e-01 5.975696e-01 7.390515e-01 7.160812e-01 9.086262e-01 7.484899e-01 8.228289e-01 1.021623e+00 1.092135e+00 1.529849e+00 1.233500e+00 5.714425e-02 6.835520e-02 5.337519e-02 6.053619e-02 8.252545e-02 1.012497e-01 1.521437e-01 1.211890e-01 1.507723e-01 1.397241e-01 1.607195e-01 1.994862e-01 1.874535e-01 7.228822e-03
<GCONST> 6.403532e+01
<STATE> 3
<MEAN> 39
 1.597166e+00 -3.480727e+00 -1.216937e+01 -1.705119e+01 -4.001051e+00 -6.175892e+00 -3.167020e+00 -8.952794e+00 -1.398614e+00 -3.855182e+00 4.303426e-01 -6.776638e+00 1.891504e+01 3.028811e-01 -1.872849e-01 -3.241859e-01 -3.612613e-02 7.435045e-02 -1.772188e-02 -2.189335e-01 1.752350e-01 3.535977e-01 9.302907e-02 -2.295692e-01 -2.198701e-01 1.425204e-01 -1.735019e-01 -1.542367e-01 1.500422e-01 2.362848e-01 3.838218e-02 -3.665652e-02 3.793844e-02 1.109616e-01 4.734303e-02 -8.560753e-02 -5.587035e-02 5.675834e-02 -6.755577e-02
<VARIANCE> 39
 4.139001e+00 1.026864e+01 9.588692e+00 1.372959e+01 2.440257e+01 1.714929e+01 1.857633e+01 1.714851e+01 2.362949e+01 2.482375e+01 3.810314e+01 3.757676e+01 1.086534e+00 5.207454e-01 7.266229e-01 6.846855e-01 1.212546e+00 9.695673e-01 7.713115e-01 9.085460e-01 9.565499e-01 1.308494e+00 1.174881e+00 1.337812e+00 1.241309e+00 9.267845e-02 4.951159e-02 4.574199e-02 9.588359e-02 8.011786e-02 1.358204e-01 1.434549e-01 1.560923e-01 1.412348e-01 1.815130e-01 1.920736e-01 1.991603e-01 1.870427e-01 7.210949e-03
<GCONST> 7.251063e+01
<STATE> 4
<MEAN> 39
 -2.649403e-01 -1.131068e+01 -7.978338e+00 -8.562084e+00 -5.377145e+00 -8.944700e+00 -2.202369e+00 -4.233222e+00 6.470342e-01 -7.567208e+00 -3.910821e+00 -7.362701e+00 1.854932e+01 -5.527350e-01 -3.251822e-02 1.188403e+00 5.179273e-01 -5.920986e-01 2.907704e-02 6.830468e-01 -1.585790e-01 -6.805897e-01 -3.922357e-01 1.339098e-01 2.578030e-01 -2.039230e-01 -8.728074e-02 3.019920e-01 6.871137e-04 -2.178200e-01 1.357384e-01 2.153112e-01 1.413168e-02 -2.457065e-01 -1.511880e-01 1.212494e-01 1.775070e-01 3.067872e-02 -5.097755e-02
<VARIANCE> 39
 6.983284e+00 1.431390e+01 2.849878e+01 1.842934e+01 4.718706e+01 3.738834e+01 3.524778e+01 3.894077e+01 4.504722e+01 3.449905e+01 3.467832e+01 3.193587e+01 1.577520e+00 2.193844e-01 1.523669e+00 6.633277e-01 1.663153e+00 2.091198e+00 2.162700e+00 1.566384e+00 2.596986e+00 1.819985e+00 1.725749e+00 1.796384e+00 1.076750e+00 4.096869e-02 2.919741e-02 9.483410e-02 1.879110e-01 1.663623e-01 4.426018e-01 3.015423e-01 3.549904e-01 3.384795e-01 3.789360e-01 2.795632e-01 3.071960e-01 2.166556e-01 3.209603e-03
<GCONST> 8.840012e+01
<TRANSP> 5
 0.000000e+00 1.000000e+00 0.000000e+00 0.000000e+00 0.000000e+00
 0.000000e+00 7.011420e-01 2.988580e-01 0.000000e+00 0.000000e+00
 0.000000e+00 0.000000e+00 9.182152e-01 8.178484e-02 0.000000e+00
 0.000000e+00 0.000000e+00 0.000000e+00 8.713775e-01 1.286226e-01
 0.000000e+00 0.000000e+00 0.000000e+00 0.000000e+00 0.000000e+00
<ENDHMM>
~h "zero"
<BEGINHMM>
<NUMSTATES> 5
<STATE> 2
<MEAN> 39
 -6.842002e+00 -1.868066e+00 -4.569072e+00 -7.689463e+00 -2.529638e+00 -4.701113e+00 -2.851367e+00 -8.925557e+00 -3.640759e+00 -4.156050e+00 1.202370e-01 -4.380650e+00 1.566320e+01 2.803981e-01 1.046816e+00 9.739991e-01 -1.160516e+00 -8.299921e-01 -1.409427e+00 -6.266255e-01 -6.034147e-01 3.234429e-01 3.354613e-01 -1.314778e-01 -2.383604e-01 4.918743e-01 3.632554e-02 9.431848e-02 1.824929e-01 -3.589081e-01 -1.723401e-01 -2.299033e-01 4.551613e-03 -2.155616e-02 1.699851e-01 2.356851e-04 3.165844e-02 -8.988672e-02 9.191707e-02
<VARIANCE> 39
 6.893405e+00 1.042958e+01 1.555251e+01 1.468197e+01 2.105759e+01 2.219320e+01 1.921194e+01 1.978959e+01 2.967463e+01 2.454083e+01 2.237872e+01 2.000843e+01 1.481069e+00 3.160510e-01 4.263025e-01 7.593010e-01 9.373958e-01 8.485156e-01 1.287979e+00 9.718515e-01 1.180975e+00 1.344630e+00 9.782397e-01 1.204901e+00 1.534082e+00 4.246663e-02 4.658432e-02 1.027543e-01 1.273401e-01 1.082592e-01 1.313993e-01 2.175732e-01 1.590031e-01 1.926653e-01 1.621655e-01 1.506288e-01 1.802550e-01 1.677958e-01 6.442005e-03
<GCONST> 7.324842e+01
<STATE> 3
<MEAN> 39
 -5.561437e+00 3.139540e-01 9.469053e-01 -1.694061e+01 -7.861094e+00 -9.187918e+00 -4.572450e+00 -8.441568e+00 1.759399e-01 -3.750578e+00 1.719652e-01 -6.832292e+00 1.840834e+01 3.375184e-01 -7.441687e-01 4.411993e-01 -1.693555e-01 -1.079994e+00 2.644608e-01 2.058533e-01 1.953234e-01 3.202958e-01 -7.790554e-02 4.346474e-02 -1.246796e-01 1.659235e-01 5.167447e-02 -2.690890e-01 -1.736933e-01 3.719999e-01 1.653406e-02 1.353533e-01 1.950851e-01 5.532373e-02 -8.683506e-02 -4.413085e-02 -1.260624e-02 7.165120e-02 -6.444100e-02
<VARIANCE> 39
 7.432836e+00 2.063737e+01 1.739167e+01 2.626995e+01 5.931172e+01 4.053187e+01 3.223494e+01 4.422318e+01 3.110604e+01 3.031687e+01 3.454123e+01 5.111461e+01 1.092735e+00 4.425055e-01 1.624835e+00 8.032623e-01 2.615251e+00 1.742500e+00 2.527092e+00 1.685453e+00 1.421530e+00 1.341123e+00 1.177835e+00 1.107196e+00 1.319920e+00 6.286259e-02 5.148319e-02 1.129647e-01 1.260818e-01 1.802266e-01 2.455078e-01 4.093795e-01 2.257703e-01 2.479170e-01 2.120391e-01 1.745365e-01 1.724230e-01 2.174339e-01 4.558732e-03
<GCONST> 8.705121e+01
<STATE> 4
<MEAN> 39
 -1.604543e+00 -1.051342e+01 -4.389882e+00 -9.816018e+00 -9.685839e+00 -8.037917e+00 5.591308e-01 -4.106298e+00 -1.753390e-01 -6.699984e+00 -1.004024e+00 -5.666412e+00 1.854226e+01 8.292259e-02 1.109758e-02 -5.495226e-01 1.634595e-01 6.663216e-01 -1.770978e-01 -1.639664e-02 2.073999e-01 -6.447518e-02 -1.487830e-01 -9.260113e-02 -7.476890e-03 -5.365744e-02 -5.978052e-02 1.431492e-01 6.305514e-02 -8.619030e-02 8.699048e-02 4.112753e-02 -9.758104e-02 -8.206787e-02 -2.055279e-02 3.422057e-02 2.040705e-02 -8.798262e-03 -1.775939e-02
<VARIANCE> 39
 6.463996e+00 1.774336e+01 2.652709e+01 2.679669e+01 6.271729e+01 5.437256e+01 3.558394e+01 3.644698e+01 4.419049e+01 3.497726e+01 2.490786e+01 3.291738e+01 1.494864e+00 2.246905e-01 8.379345e-01 6.306859e-01 1.037888e+00 1.227352e+00 1.669770e+00 1.529246e+00 1.766514e+00 1.573530e+00 1.377150e+00 1.023338e+00 9.264882e-01 1.577062e-02 2.391125e-02 3.502585e-02 7.641000e-02 1.110519e-01 1.911447e-01 2.326547e-01 1.870238e-01 1.959331e-01 2.165123e-01 1.823324e-01 1.466967e-01 1.334313e-01 1.767079e-03
<GCONST> 7.715285e+01
<TRANSP> 5
 0.000000e+00 1.000000e+00 0.000000e+00 0.000000e+00 0.000000e+00
 0.000000e+00 7.328745e-01 2.671255e-01 0.000000e+00 0.000000e+00
 0.000000e+00 0.000000e+00 8.921449e-01 1.078551e-01 0.000000e+00
 0.000000e+00 0.000000e+00 0.000000e+00 9.397848e-01 6.021518e-02
 0.000000e+00 0.000000e+00 0.000000e+00 0.000000e+00 0.000000e+00
<ENDHMM>
