~o
<STREAMINFO> 1 39
<VECSIZE> 39<NULLD><MFCC_E_D_A><DIAGC>
~s "silst"
<MEAN> 39
 -5.089559e+00 -3.745097e+00 -3.211710e+00 -8.840391e+00 -1.244511e+00 -5.746210e+00 -1.823716e+00 -9.463490e+00 -3.498950e+00 -6.420271e+00 -3.618510e-01 -5.631478e+00 1.585436e+01 -6.630160e-01 -4.429347e-01 -4.522432e-01 1.673056e-01 3.062059e-01 7.053971e-01 3.754425e-01 1.105318e-01 1.450212e-01 1.512507e-01 3.337191e-01 3.709922e-01 -3.627174e-01 -2.661645e-02 -6.926214e-02 -1.091715e-01 -1.274617e-01 -9.655560e-02 -7.306261e-02 2.472960e-04 7.251765e-02 3.784618e-02 9.363707e-03 -1.495403e-02 4.008026e-03 2.675073e-02
<VARIANCE> 39
 1.123778e+01 1.072619e+01 1.343933e+01 1.340244e+01 2.076859e+01 2.466270e+01 2.381970e+01 2.472505e+01 2.788896e+01 2.726987e+01 2.578775e+01 2.356110e+01 2.021413e+00 3.751070e-01 7.430227e-01 8.194860e-01 8.112847e-01 1.144629e+00 1.289383e+00 1.255087e+00 1.300134e+00 1.409063e+00 1.271688e+00 1.245569e+00 1.114070e+00 5.124388e-02 6.988705e-02 1.004283e-01 1.068513e-01 1.139621e-01 1.561878e-01 2.204633e-01 1.942980e-01 1.871180e-01 2.096736e-01 1.843369e-01 1.820751e-01 1.530401e-01 9.219876e-03
<GCONST> 7.758954e+01
~h "eight"
<BEGINHMM>
<NUMSTATES> 5
<STATE> 2
<MEAN> 39
 -8.240069e+00 -2.987403e+00 -5.886436e+00 -1.823907e+01 2.121380e-01 -4.907747e+00 8.330632e-01 -6.810987e+00 -1.619924e+00 -7.445113e+00 -1.718782e+00 -5.724260e+00 1.740977e+01 -1.697358e-01 1.035339e+00 -9.672014e-02 -1.071667e+00 -4.967726e-02 -5.838217e-01 9.111192e-02 4.705328e-01 3.862034e-01 -1.028806e-02 -1.819916e-01 -2.424999e-01 3.339081e-01 2.908389e-02 8.939460e-02 5.296046e-03 1.412703e-01 -6.253514e-02 -1.925520e-01 -8.345298e-02 -1.778682e-02 2.552543e-02 9.273309e-02 1.139123e-01 -5.436027e-04 -1.740252e-02
<VARIANCE> 39
 7.946793e+00 2.035887e+01 1.880394e+01 3.163751e+01 4.187717e+01 2.221667e+01 2.473542e+01 2.266004e+01 3.070049e+01 2.350099e+01 2.466488e+01 2.551872e+01 3.273976e+00 3.461479e-01 7.510087e-01 6.545475e-01 1.284207e+00 1.205458e+00 1.362121e+00 1.445144e+00 9.972157e-01 1.349759e+00 1.118967e+00 1.071432e+00 9.611965e-01 1.025233e-01 4.200824e-02 8.025733e-02 7.527995e-02 1.949872e-01 1.374511e-01 1.691725e-01 1.485900e-01 1.685627e-01 2.269119e-01 1.638015e-01 1.703392e-01 1.470830e-01 1.301827e-02
<GCONST> 7.935046e+01
<STATE> 3
<MEAN> 39
 -8.394363e+00 5.772677e+00 -5.519125e+00 -1.924224e+01 -2.893298e+00 -1.374427e+01 -1.639496e+00 -5.947979e+00 7.443694e-01 -4.028757e+00 7.578569e-01 -5.693306e+00 1.854692e+01 1.002476e-01 5.034689e-01 2.027827e-01 8.257339e-01 -1.154704e-02 -9.373409e-01 -6.095693e-01 -8.104697e-01 -3.586327e-01 3.271281e-01 4.646349e-01 2.250569e-01 -7.171908e-02 4.939246e-02 -2.806296e-01 2.299494e-02 1.895359e-01 8.654228e-02 2.713422e-01 2.062848e-02 -1.587796e-01 -1.939697e-01 -1.394120e-01 -7.110093e-02 3.689626e-02 -6.157367e-02
<VARIANCE> 39
 1.001490e+01 1.133013e+01 2.487214e+01 2.641731e+01 2.100602e+01 2.370547e+01 5.644688e+01 2.709804e+01 2.949901e+01 2.181947e+01 3.272906e+01 2.503007e+01 1.477274e+00 1.826655e-01 5.045621e-01 2.620925e-01 6.262064e-01 8.219538e-01 1.014330e+00 7.512475e-01 8.253266e-01 1.768359e+00 1.022448e+00 1.190272e+00 8.481068e-01 2.536871e-02 2.770334e-02 7.067320e-02 4.948011e-02 9.901609e-02 8.105375e-02 1.527540e-01 1.404288e-01 1.337677e-01 1.674580e-01 1.386264e-01 1.858533e-01 1.361314e-01 3.379974e-03
<GCONST> 6.903115e+01
<STATE> 4
<MEAN> 39
 -6.984272e+00 1.127086e+00 -4.081352e+00 -1.221607e+01 -1.205331e+00 -1.173255e+01 -4.083774e+00 -1.160499e+01 -4.449670e+00 -5.780790e+00 8.148955e-01 -4.551649e+00 1.652457e+01 2.185558e-01 -1.854438e+00 6.127937e-04 8.880479e-01 2.211998e-01 1.602390e+00 3.189586e-01 -3.141045e-02 -3.291947e-01 -3.992390e-01 -1.453487e-01 9.672245e-02 -4.691899e-01 -7.002247e-02 -1.013202e-01 -9.851585e-02 -1.303106e-01 -4.588069e-02 1.611950e-01 1.929151e-01 2.728779e-01 2.061571e-01 6.422359e-02 2.203772e-02 -3.138673e-02 -6.715323e-03
<VARIANCE> 39
 6.055311e+00 3.354361e+01 1.485337e+01 1.934418e+01 1.615567e+01 3.814773e+01 3.284044e+01 2.463357e+01 3.948261e+01 2.741608e+01 2.595823e+01 2.419301e+01 2.806388e+00 3.506692e-01 7.456124e-01 6.176032e-01 1.035355e+00 6.513501e-01 1.246624e+00 1.757836e+00 1.481146e+00 2.021170e+00 1.219039e+00 1.376306e+00 1.140593e+00 3.566710e-02 4.192467e-02 2.585059e-01 6.971152e-02 1.185461e-01 9.773207e-02 3.262086e-01 1.808531e-01 1.961500e-01 2.998345e-01 1.796947e-01 1.979216e-01 1.934799e-01 1.053425e-02
<GCONST> 8.036987e+01
<TRANSP> 5
 0.000000e+00 1.000000e+00 0.000000e+00 0.000000e+00 0.000000e+00
 0.000000e+00 8.670533e-01 1.329468e-01 0.000000e+00 0.000000e+00
 0.000000e+00 0.000000e+00 8.555452e-01 1.444549e-01 0.000000e+00
 0.000000e+00 0.000000e+00 0.000000e+00 8.207068e-01 1.792932e-01
 0.000000e+00 0.000000e+00 0.000000e+00 0.000000e+00 0.000000e+00
<ENDHMM>
~h "oh"
<BEGINHMM>
<NUMSTATES> 5
<STATE> 2
<MEAN> 39
 -4.359002e+00 -1.037793e+01 -8.316203e+00 -8.580682e+00 -2.639252e+00 -7.659301e+00 3.587349e+00 -7.388584e+00 -5.247514e+00 -7.112026e+00 -2.446304e+00 -5.428057e+00 1.782335e+01 5.458274e-01 -2.052803e-01 -6.070644e-01 1.671147e-01 9.269066e-02 -6.955385e-01 1.435844e-01 7.355224e-01 -1.547903e-02 -4.298716e-01 -4.103512e-01 -1.508423e-01 3.511952e-01 9.826662e-03 1.039734e-01 2.394049e-03 -5.253955e-02 3.850645e-02 -1.019548e-02 -1.523504e-01 8.033306e-03 1.330104e-01 2.600927e-02 -9.616685e-03 -2.757987e-02 -2.176545e-02
<VARIANCE> 39
 8.674732e+00 1.232829e+01 1.668715e+01 1.819106e+01 2.298057e+01 2.455123e+01 3.070368e+01 6.482478e+01 3.834403e+01 3.404964e+01 2.704435e+01 3.147629e+01 2.994924e+00 2.967053e-01 5.783896e-01 6.300219e-01 6.395604e-01 6.840930e-01 9.312913e-01 1.330454e+00 1.787340e+00 1.556392e+00 1.260019e+00 1.250753e+00 1.051403e+00 9.581874e-02 3.982088e-02 6.278881e-02 7.488872e-02 7.964619e-02 9.159256e-02 1.299054e-01 1.556834e-01 2.153011e-01 1.870080e-01 1.964881e-01 1.842731e-01 1.402185e-01 1.330636e-02
<GCONST> 7.714117e+01
<STATE> 3
<MEAN> 39
 -5.708166e-01 -8.244647e+00 -1.317765e+01 -9.928374e+00 -7.000948e-01 -1.204491e+01 -8.035101e-01 -7.810784e-01 1.299535e-01 -8.232112e+00 -5.128118e+00 -6.598904e+00 1.903687e+01 2.231583e-01 4.045854e-01 -2.827160e-02 -3.471812e-01 -3.605112e-02 -4.077436e-03 -6.740855e-01 -2.448472e-01 6.657042e-01 6.033996e-01 -3.271897e-02 -3.513486e-01 -9.625374e-03 -4.124308e-02 2.439190e-02 1.011394e-01 -2.061493e-02 -5.723486e-02 9.289920e-02 1.152144e-02 -1.582002e-01 -8.112720e-02 9.174271e-02 1.211203e-01 1.123806e-02 -2.521275e-02
<VARIANCE> 39
 6.095753e+00 8.380657e+00 1.532731e+01 1.468864e+01 1.919924e+01 2.241420e+01 4.165687e+01 3.072784e+01 3.923893e+01 3.570559e+01 3.180283e+01 4.014908e+01 1.216944e+00 8.017204e-02 1.367590e-01 2.628255e-01 2.767315e-01 3.853342e-01 5.147929e-01 7.294860e-01 1.010175e+00 7.302080e-01 8.547388e-01 7.856320e-01 6.994880e-01 1.317036e-02 1.110818e-02 1.421518e-02 3.351805e-02 3.312475e-02 4.699505e-02 6.866185e-02 7.738566e-02 9.576433e-02 1.049996e-01 1.013228e-01 9.150448e-02 8.858986e-02 1.198438e-03
<GCONST> 5.210042e+01
<STATE> 4
<MEAN> 39
 1.786463e-01 -3.748529e+00 -9.931040e+00 -1.348473e+01 -3.320722e+00 -1.008063e+01 -4.949440e+00 -7.353799e+00 1.045049e+00 -2.363756e+00 -1.859623e-01 -7.007064e+00 1.844913e+01 -3.486834e-01 2.883879e-01 8.523116e-01 1.504450e-01 -2.190387e-01 3.724062e-01 2.097010e-01 -5.763765e-01 -5.865948e-01 -1.034881e-01 5.093717e-01 4.129162e-01 -2.309125e-01 -1.311309e-01 -1.055876e-01 5.185363e-02 1.419284e-01 1.060845e-01 8.460301e-02 1.855389e-01 8.501464e-02 -1.053088e-01 -1.823392e-01 -7.795524e-02 8.005891e-02 -4.430842e-02
<VARIANCE> 39
 6.296186e+00 7.045128e+00 1.859852e+01 1.557310e+01 1.892322e+01 2.848193e+01 3.126279e+01 2.745998e+01 3.058629e+01 3.710899e+01 3.966217e+01 3.647643e+01 1.764311e+00 2.388314e-01 3.547586e-01 4.247661e-01 5.884364e-01 6.862904e-01 8.703676e-01 1.176098e+00 1.224902e+00 1.194795e+00 1.307926e+00 1.201023e+00 1.026502e+00 3.052227e-02 2.296028e-02 3.296959e-02 6.558888e-02 6.527683e-02 9.791286e-02 1.570342e-01 1.653648e-01 1.872080e-01 2.027005e-01 1.905370e-01 1.711921e-01 1.630599e-01 2.734636e-03
<GCONST> 6.919954e+01
<TRANSP> 5
 0.000000e+00 1.000000e+00 0.000000e+00 0.000000e+00 0.000000e+00
 0.000000e+00 8.830388e-01 1.169612e-01 0.000000e+00 0.000000e+00
 0.000000e+00 0.000000e+00 8.921074e-01 1.078926e-01 0.000000e+00
 0.000000e+00 0.000000e+00 0.000000e+00 8.563396e-01 1.436605e-01
 0.000000e+00 0.000000e+00 0.000000e+00 0.000000e+00 0.000000e+00
<ENDHMM>
~h "sp"
<BEGINHMM>
<NUMSTATES> 5
<STATE> 2
~s "silst"
<STATE> 3
<MEAN> 39
 -7.708154e+00 -6.462204e+00 -6.096599e+00 -9.707456e+00 -1.338373e+00 -4.074095e+00 -6.451005e-01 -8.569829e+00 -2.841164e+00 -5.609805e+00 9.572452e-01 -4.086281e+00 1.480033e+01 -9.916347e-02 -1.632793e-02 -1.118718e-01 -3.838087e-03 -2.978322e-02 3.002742e-02 -7.241528e-03 3.445933e-02 2.508597e-03 2.007615e-02 3.480012e-02 3.982404e-02 -1.316955e-02 6.168925e-02 8.195496e-02 6.149515e-02 -1.174494e-02 -9.667484e-03 -5.698542e-02 -4.070692e-02 -1.853433e-02 -8.993949e-03 -1.639959e-02 -3.400617e-02 -3.264587e-02 4.432277e-02
<VARIANCE> 39
 5.229599e+00 5.842859e+00 8.431856e+00 1.003909e+01 1.423292e+01 1.534679e+01 1.550564e+01 1.660357e+01 1.761750e+01 1.639613e+01 1.596542e+01 1.374933e+01 1.088994e+00 1.570032e-01 2.349270e-01 3.585796e-01 4.297625e-01 5.688022e-01 6.776105e-01 6.527290e-01 7.208549e-01 7.413131e-01 6.603894e-01 6.532530e-01 5.702857e-01 7.447060e-03 3.318025e-02 5.319045e-02 7.114554e-02 9.056143e-02 1.143038e-01 1.430783e-01 1.322019e-01 1.440030e-01 1.466898e-01 1.252201e-01 1.247393e-01 1.147602e-01 4.119630e-03
<GCONST> 5.494158e+01
<STATE> 4
<MEAN> 39
 -8.568752e+00 -4.959647e+00 -6.303292e+00 -8.980346e+00 -2.039489e+00 -3.782523e+00 -1.045602e+00 -8.394580e+00 -2.909159e+00 -5.489009e+00 6.466950e-01 -4.036642e+00 1.505337e+01 3.112871e-01 1.767595e-01 1.205689e-01 -1.677880e-01 -2.173031e-01 -3.387815e-01 -6.153800e-02 7.137801e-02 -2.559873e-02 -4.890315e-02 -2.130570e-01 -9.071434e-02 2.338835e-01 2.185494e-01 4.308569e-03 6.140511e-02 -1.554838e-01 -1.406910e-01 -2.157297e-01 2.063962e-03 1.986059e-02 1.000991e-02 -2.237332e-04 -1.060487e-01 -8.664205e-02 1.144234e-01
<VARIANCE> 39
 1.177919e+01 1.146970e+01 1.724962e+01 1.567386e+01 1.910645e+01 1.868454e+01 1.793207e+01 2.014104e+01 2.120954e+01 1.977977e+01 1.865963e+01 1.692585e+01 1.493130e+00 5.982805e-01 5.369328e-01 7.656057e-01 8.179308e-01 9.855030e-01 1.031811e+00 8.699983e-01 1.195964e+00 1.053253e+00 9.599977e-01 9.455447e-01 7.748532e-01 5.621874e-02 7.029729e-02 1.100021e-01 1.690716e-01 1.506162e-01 2.012910e-01 1.929377e-01 1.721314e-01 2.261240e-01 2.064771e-01 1.814665e-01 1.797042e-01 1.568565e-01 9.375562e-03
<GCONST> 7.486947e+01
<TRANSP> 5
 0.000000e+00 8.230031e-01 1.769969e-01 0.000000e+00 0.000000e+00
 0.000000e+00 7.938277e-01 2.061723e-01 0.000000e+00 0.000000e+00
 0.000000e+00 0.000000e+00 8.510138e-01 1.489862e-01 0.000000e+00
 0.000000e+00 0.000000e+00 0.000000e+00 5.849889e-01 4.150111e-01
 0.000000e+00 0.000000e+00 0.000000e+00 0.000000e+00 0.000000e+00
<ENDHMM>
~h "seven"
<BEGINHMM>
<NUMSTATES> 5
<STATE> 2
<MEAN> 39
 -6.154119e+00 -4.071398e+00 -5.008170e+00 -1.208656e+01 -6.042635e+00 -6.788024e+00 9.482195e-01 -8.034122e+00 -1.969758e+00 -3.951442e+00 -1.833901e+00 -5.106548e+00 1.658287e+01 7.270414e-01 -8.050890e-02 4.830505e-01 -1.468202e+00 -1.120844e+00 -5.931506e-01 1.151418e+00 2.392789e-02 2.246778e-01 -1.771811e-01 -8.944812e-01 -7.605258e-01 7.351717e-01 -1.383168e-01 -1.732382e-01 -1.847657e-01 -2.576018e-02 8.319548e-02 2.803246e-01 1.076752e-01 4.225676e-02 -1.043126e-01 -1.870389e-01 -4.251896e-02 -2.085323e-02 3.041361e-02
<VARIANCE> 39
 1.170802e+01 6.062574e+00 1.146304e+01 2.381282e+01 3.246975e+01 2.970777e+01 2.575350e+01 2.276944e+01 2.274140e+01 4.266705e+01 2.298339e+01 2.253520e+01 3.854055e+00 5.226553e-01 5.093809e-01 7.154729e-01 9.177232e-01 1.413675e+00 1.755162e+00 1.416848e+00 1.291479e+00 1.494503e+00 2.298539e+00 1.160730e+00 1.431436e+00 5.336314e-02 9.454232e-02 5.725173e-02 1.001574e-01 1.890111e-01 3.012587e-01 2.317591e-01 1.705984e-01 1.425466e-01 1.526375e-01 2.214359e-01 1.575737e-01 2.051042e-01 2.669128e-02
<GCONST> 8.184418e+01
<STATE> 3
<MEAN> 39
 -6.081985e+00 -8.137284e+00 -5.670893e+00 -1.611646e+01 -5.276452e+00 -3.276659e+00 5.208375e+00 -8.916313e+00 -2.914764e+00 -7.716181e+00 -4.094619e+00 -6.379898e+00 1.911057e+01 9.071462e-02 -2.788763e-01 7.476087e-02 4.263220e-01 1.999848e-01 -3.338979e-02 -2.001750e-02 2.642111e-01 -3.959360e-01 4.646645e-02 1.605046e-01 6.547691e-02 -3.220584e-02 4.368395e-02 1.640466e-01 1.061409e-01 3.010171e-01 6.809796e-02 -1.947337e-01 -3.013564e-01 6.505880e-02 2.399556e-02 8.148809e-02 2.023183e-01 2.980083e-02 -1.309951e-01
<VARIANCE> 39
 9.075124e+00 9.880601e+00 8.315549e+00 1.740372e+01 4.800488e+01 3.295999e+01 3.207897e+01 3.963505e+01 5.090320e+01 5.264970e+01 3.516333e+01 3.395730e+01 1.205926e+00 3.667778e-01 5.756100e-01 4.295186e-01 8.524663e-01 1.274140e+00 1.605272e+00 1.338960e+00 1.009093e+00 1.166296e+00 1.678028e+00 1.635157e+00 1.030919e+00 1.078363e-01 6.159147e-02 6.409860e-02 5.819011e-02 1.156279e-01 2.495444e-01 1.906224e-01 1.824891e-01 1.660088e-01 2.104337e-01 2.202084e-01 2.506717e-01 1.913304e-01 5.610161e-03
<GCONST> 7.988087e+01
<STATE> 4
<MEAN> 39
 -3.259601e+00 -4.144914e+00 -2.029618e+00 -9.785669e+00 -3.996874e+00 -7.946801e+00 -4.711269e-01 -7.868615e+00 -3.890873e+00 -6.623137e+00 -1.639028e+00 -6.977942e+00 1.713800e+01 1.036746e-01 3.707344e-01 2.329186e-01 2.367662e-01 3.816110e-01 -3.233550e-02 -4.313063e-01 -3.511980e-01 3.514358e-02 -7.128833e-02 8.215370e-02 -1.464716e-02 -8.940946e-02 -4.061126e-02 -5.850784e-02 -5.486822e-02 -7.418440e-02 3.556371e-03 1.117513e-01 9.067213e-02 -4.560749e-02 -1.693217e-03 -1.515070e-03 -4.363846e-02 3.324922e-02 1.967732e-02
<VARIANCE> 39
 4.932586e+00 1.051678e+01 1.001121e+01 1.376664e+01 2.819700e+01 3.240433e+01 2.626815e+01 4.108158e+01 3.202101e+01 3.563656e+01 3.235668e+01 2.862742e+01 1.702282e+00 1.930657e-01 4.184200e-01 4.812003e-01 9.176379e-01 1.396096e+00 1.176331e+00 1.661833e+00 1.274496e+00 1.398626e+00 1.392816e+00 1.269982e+00 9.377427e-01 9.067114e-02 3.514495e-02 7.923292e-02 8.667600e-02 1.534018e-01 2.497699e-01 2.062110e-01 2.863872e-01 2.277130e-01 2.305090e-01 2.398878e-01 2.148257e-01 1.484149e-01 1.498629e-02
<GCONST> 7.866911e+01
<TRANSP> 5
 0.000000e+00 1.000000e+00 0.000000e+00 0.000000e+00 0.000000e+00
 0.000000e+00 7.695800e-01 2.304200e-01 0.000000e+00 0.000000e+00
 0.000000e+00 0.000000e+00 8.741803e-01 1.258197e-01 0.000000e+00
 0.000000e+00 0.000000e+00 0.000000e+00 9.305665e-01 6.943350e-02
 0.000000e+00 0.000000e+00 0.000000e+00 0.000000e+00 0.000000e+00
<ENDHMM>
~h "three"
<BEGINHMM>
<NUMSTATES> 5
<STATE> 2
<MEAN> 39
 -3.068348e+00 -6.944561e+00 -3.416825e-01 -8.982044e+00 -1.039175e+01 -1.090023e+01 -1.257000e+00 -8.772023e+00 -1.810285e+00 -5.103218e+00 -2.419126e-01 -5.332388e+00 1.739339e+01 4.822244e-01 -1.442044e-01 9.492132e-01 -2.633511e-01 -1.588642e+00 -1.063041e-01 -2.442054e-01 -2.374542e-01 4.039629e-01 1.018603e-01 -3.390793e-02 -2.409700e-01 3.702607e-01 -1.777197e-01 1.170206e-01 6.467281e-03 -2.931753e-01 2.130972e-01 3.090220e-01 -1.623515e-01 1.367978e-02 8.300488e-02 -1.699540e-02 4.710395e-02 8.791680e-03 -3.154686e-02
<VARIANCE> 39
 1.165702e+01 1.269425e+01 1.683268e+01 2.990600e+01 5.280378e+01 4.902049e+01 2.345908e+01 2.635140e+01 2.823338e+01 2.594264e+01 3.404397e+01 3.194706e+01 2.749748e+00 7.846044e-01 6.871932e-01 8.025331e-01 2.093170e+00 1.927177e+00 3.471708e+00 1.421807e+00 1.555152e+00 1.259289e+00 1.074422e+00 1.377810e+00 1.284413e+00 6.034266e-02 1.134310e-01 1.464597e-01 1.334286e-01 3.008085e-01 4.699498e-01 4.273321e-01 2.916429e-01 2.399741e-01 1.937798e-01 1.819178e-01 1.986118e-01 1.940813e-01 9.988579e-03
<GCONST> 8.965625e+01
<STATE> 3
<MEAN> 39
 -5.061047e+00 -3.608768e+00 5.579426e+00 -1.901006e+01 -1.236407e+01 -4.194719e+00 -8.697740e+00 -8.708291e+00 1.895958e+00 -5.786483e+00 1.092262e+00 -5.947608e+00 1.864992e+01 -8.431778e-01 1.789369e+00 -2.688560e-01 -1.710380e+00 2.359996e+00 -1.372042e-01 -1.454835e+00 9.120402e-01 -4.210072e-01 -2.279676e-01 1.218004e-01 2.186960e-02 -2.214793e-02 4.371871e-02 1.223840e-01 -4.621165e-01 5.158469e-01 3.918163e-01 -6.707844e-01 4.291102e-01 5.646657e-02 -3.704455e-01 7.557230e-02 -5.784530e-02 3.763612e-02 -5.408265e-02
<VARIANCE> 39
 7.788062e+00 2.370612e+01 1.160199e+01 3.183144e+01 6.010062e+01 2.842182e+01 4.196513e+01 6.401128e+01 2.611732e+01 2.803288e+01 3.817853e+01 2.961651e+01 1.290863e+00 2.536707e-01 6.097856e-01 1.023639e+00 1.784187e+00 1.382253e+00 3.631066e+00 2.036103e+00 1.370485e+00 1.406036e+00 1.082121e+00 7.243232e-01 7.945134e-01 2.042373e-02 5.189286e-02 1.574508e-01 9.279523e-02 2.432903e-01 5.005442e-01 2.351675e-01 3.900439e-01 3.777655e-01 1.661244e-01 1.491796e-01 1.327637e-01 1.101711e-01 2.219490e-03
<GCONST> 8.269406e+01
<STATE> 4
<MEAN> 39
 -6.746573e+00 4.094432e+00 -1.723027e+00 -1.635284e+01 -1.327834e+00 -1.257031e+01 -5.460434e+00 -8.152494e+00 -3.432825e+00 -4.968186e+00 -2.621443e-01 -6.250033e+00 1.786959e+01 1.471408e-01 -9.039881e-02 -5.627565e-01 9.713256e-01 4.171237e-01 -1.261568e-01 7.106637e-01 -3.731028e-01 -3.082682e-01 -2.197614e-02 -1.988594e-01 2.280830e-03 -1.796644e-01 6.448895e-02 -3.144044e-01 9.456669e-02 8.237911e-02 -2.301977e-01 3.111691e-01 3.681785e-02 -3.330492e-02 1.385894e-01 -3.349590e-02 2.240611e-02 1.252884e-02 -2.591437e-02
<VARIANCE> 39
 7.448946e+00 1.523750e+01 1.624124e+01 3.039295e+01 2.260700e+01 2.546791e+01 4.759230e+01 4.505664e+01 3.214254e+01 4.072809e+01 4.082809e+01 3.688451e+01 1.619555e+00 2.182302e-01 1.349432e+00 6.422755e-01 8.472053e-01 1.205394e+00 2.044367e+00 1.288823e+00 1.479266e+00 1.223911e+00 1.179410e+00 8.509307e-01 8.678485e-01 2.468143e-02 3.732551e-02 9.137047e-02 7.183453e-02 1.615606e-01 1.832036e-01 1.714932e-01 2.114145e-01 2.211557e-01 1.728656e-01 1.652783e-01 1.335481e-01 1.304220e-01 2.677828e-03
<GCONST> 7.750303e+01
<TRANSP> 5
 0.000000e+00 1.000000e+00 0.000000e+00 0.000000e+00 0.000000e+00
 0.000000e+00 8.776174e-01 1.223827e-01 0.000000e+00 0.000000e+00
 0.000000e+00 0.000000e+00 7.877806e-01 2.122194e-01 0.000000e+00
 0.000000e+00 0.000000e+00 0.000000e+00 8.905585e-01 1.094415e-01
 0.000000e+00 0.000000e+00 0.000000e+00 0.000000e+00 0.000000e+00
<ENDHMM>
~h "one"
<BEGINHMM>
<NUMSTATES> 5
<STATE> 2
<MEAN> 39
 -5.644746e-01 -3.775522e+00 -9.277397e+00 -1.281878e+01 -1.657518e+00 -5.564008e+00 -2.020895e+00 -8.864902e+00 -2.706374e+00 -6.731733e+00 -1.547099e+00 -7.290952e+00 1.774731e+01 2.776827e-01 -4.056295e-01 -8.728035e-01 4.574383e-01 4.876771e-01 3.988678e-02 -2.917003e-01 2.271928e-01 2.037260e-01 -3.066579e-01 -3.899930e-01 -2.720557e-01 2.374549e-01 -1.191647e-01 -1.464455e-01 5.405299e-02 2.649807e-01 7.929051e-03 -1.161318e-01 -1.500008e-02 9.388858e-02 -1.089975e-02 -9.035090e-02 1.108248e-02 8.305960e-02 -2.107092e-02
<VARIANCE> 39
 7.556384e+00 9.248296e+00 2.887176e+01 2.285639e+01 2.890088e+01 2.533596e+01 2.281828e+01 2.065536e+01 2.828400e+01 2.394945e+01 2.968178e+01 2.876653e+01 2.267094e+00 4.573046e-01 7.995238e-01 8.718524e-01 2.245307e+00 1.372616e+00 1.442481e+00 1.268072e+00 1.065952e+00 1.133921e+00 1.021622e+00 1.095203e+00 1.045020e+00 4.810954e-02 4.475591e-02 6.127509e-02 1.908745e-01 2.174635e-01 2.627972e-01 2.524918e-01 2.367518e-01 1.810361e-01 2.006626e-01 1.693322e-01 1.889194e-01 1.838700e-01 4.998608e-03
<GCONST> 8.016813e+01
<STATE> 3
<MEAN> 39
 -2.365815e+00 -1.071514e+01 -1.090180e+01 -1.689132e+00 -4.440903e-01 -9.494455e+00 -2.446950e+00 -4.207432e+00 -3.535985e+00 -1.172769e+01 -2.378283e+00 -6.056085e+00 1.853594e+01 -6.083233e-01 -3.738073e-01 1.339255e+00 5.725657e-01 -1.353407e+00 -3.280307e-01 1.195626e+00 -8.911160e-02 -9.245037e-01 -9.230380e-02 5.861660e-01 1.197461e-01 -4.917159e-02 2.359466e-02 3.139460e-01 2.517623e-01 -5.823201e-01 -1.342408e-01 3.765818e-01 9.197838e-02 -4.376484e-01 -1.785319e-04 3.804733e-01 4.405023e-02 -1.767878e-01 -2.978549e-02
<VARIANCE> 39
 6.139134e+00 9.608544e+00 1.865709e+01 2.375520e+01 2.701252e+01 1.740499e+01 3.767007e+01 3.139146e+01 4.646116e+01 3.755397e+01 3.383765e+01 3.321796e+01 1.544272e+00 1.544822e-01 5.160030e-01 6.043707e-01 1.832212e+00 7.393241e-01 1.712025e+00 1.007546e+00 2.247602e+00 1.165854e+00 1.864563e+00 1.028616e+00 1.293531e+00 8.478370e-03 2.364947e-02 5.254930e-02 1.008271e-01 1.224755e-01 2.853334e-01 1.528485e-01 3.760167e-01 1.782113e-01 3.358979e-01 2.003763e-01 2.674326e-01 1.681006e-01 8.554416e-04
<GCONST> 7.513372e+01
<STATE> 4
<MEAN> 39
 -4.105410e+00 -5.415219e+00 -1.636592e+00 -8.752433e+00 -4.065112e+00 -5.855414e+00 -1.672123e+00 -1.194625e+01 -4.645252e+00 -8.685058e+00 -2.577640e+00 -8.293425e+00 1.778410e+01 1.509836e-01 9.695616e-01 6.240917e-01 -7.277417e-01 4.268234e-01 -6.552450e-02 -6.299401e-01 -4.443349e-01 8.179319e-02 2.297327e-01 -1.765799e-01 5.029308e-02 -1.278818e-01 4.423359e-02 -6.869479e-02 -2.142974e-01 1.672528e-01 1.609912e-01 -6.848145e-02 -6.793740e-02 1.652310e-01 1.347356e-02 -1.166102e-01 1.018700e-02 7.498202e-02 -5.519786e-03
<VARIANCE> 39
 6.947407e+00 2.328815e+01 1.104322e+01 2.142873e+01 1.961091e+01 4.664975e+01 3.616111e+01 3.531866e+01 4.120708e+01 4.573750e+01 3.327562e+01 3.777742e+01 1.325351e+00 2.764595e-01 6.148230e-01 8.079900e-01 1.205926e+00 9.140731e-01 1.966895e+00 1.137249e+00 1.444074e+00 1.607592e+00 1.540592e+00 9.442954e-01 9.591834e-01 1.267446e-02 4.883308e-02 1.199573e-01 8.184852e-02 1.339012e-01 2.006774e-01 3.082067e-01 2.740754e-01 1.858000e-01 2.301775e-01 2.257062e-01 1.685918e-01 1.675506e-01 1.604274e-03
<GCONST> 7.851212e+01
<TRANSP> 5
 0.000000e+00 1.000000e+00 0.000000e+00 0.000000e+00 0.000000e+00
 0.000000e+00 8.982404e-01 1.017596e-01 0.000000e+00 0.000000e+00
 0.000000e+00 0.000000e+00 8.248982e-01 1.751018e-01 0.000000e+00
 0.000000e+00 0.000000e+00 0.000000e+00 8.843398e-01 1.156602e-01
 0.000000e+00 0.000000e+00 0.000000e+00 0.000000e+00 0.000000e+00
<ENDHMM>
~h "sil"
<BEGINHMM>
<NUMSTATES> 5
<STATE> 2
<MEAN> 39
 -6.781675e+00 -6.747972e+00 -5.112175e+00 -9.113498e+00 -1.686149e-02 -3.385403e+00 1.739957e-01 -8.539610e+00 -2.616007e+00 -5.766604e+00 5.600538e-01 -4.302987e+00 1.461613e+01 -3.774908e-02 -2.305744e-03 -2.877422e-03 3.332850e-02 4.122877e-02 2.653570e-02 4.829170e-02 3.890796e-03 -1.791213e-02 5.894152e-03 1.577742e-02 1.249693e-02 -1.228430e-02 -2.594633e-02 -3.356754e-02 -7.335596e-02 -1.084901e-01 -1.190319e-01 -1.164896e-01 -6.138532e-02 -8.267548e-03 -2.186867e-02 1.054159e-02 3.721564e-02 2.988095e-02 1.896084e-03
<VARIANCE> 39
 3.608865e+00 4.341427e+00 5.989666e+00 7.598704e+00 1.194822e+01 1.365154e+01 1.466060e+01 1.632228e+01 1.575016e+01 1.373751e+01 1.578852e+01 1.310976e+01 1.166140e+00 7.808737e-02 1.586079e-01 2.705311e-01 3.724304e-01 4.933750e-01 6.558462e-01 6.799445e-01 7.124913e-01 6.935434e-01 5.749391e-01 6.353202e-01 5.629968e-01 4.997189e-03 1.090638e-02 2.400762e-02 4.034351e-02 5.009404e-02 7.052629e-02 1.015203e-01 1.068008e-01 1.303055e-01 1.117450e-01 9.222811e-02 1.051602e-01 9.906380e-02 6.333562e-04
<GCONST> 4.372682e+01
<STATE> 3
~s "silst"
<STATE> 4
<MEAN> 39
 -7.604370e+00 -7.340774e+00 -6.614412e+00 -1.117234e+01 -2.175809e+00 -5.395514e+00 -1.000984e+00 -8.639120e+00 -2.699154e+00 -5.398310e+00 1.454922e+00 -3.844073e+00 1.448361e+01 -3.219548e-03 7.248078e-03 -2.753363e-02 -2.893095e-02 -5.383208e-02 -2.051458e-02 -6.051665e-02 -7.496504e-03 -3.199670e-03 -6.315351e-03 -2.047778e-02 -1.943797e-02 -4.003633e-06 3.876145e-02 5.840997e-02 9.575414e-02 1.261968e-01 1.322675e-01 1.259672e-01 6.189240e-02 1.522924e-02 2.592071e-02 -1.746212e-02 -5.639141e-02 -4.032457e-02 8.795752e-03
<VARIANCE> 39
 3.529519e+00 4.161710e+00 6.416327e+00 7.851655e+00 1.126518e+01 1.259004e+01 1.498320e+01 1.596251e+01 1.770276e+01 1.533253e+01 1.513252e+01 1.340958e+01 9.976631e-01 7.748457e-02 1.686891e-01 2.883436e-01 4.168200e-01 5.055324e-01 6.763762e-01 5.959150e-01 7.433419e-01 7.104076e-01 6.076504e-01 7.006096e-01 6.127980e-01 3.270525e-03 1.439721e-02 2.895696e-02 4.218744e-02 5.719775e-02 7.329240e-02 1.087406e-01 1.041096e-01 1.283315e-01 1.332389e-01 1.060387e-01 1.175664e-01 1.099942e-01 1.113545e-03
<GCONST> 4.551301e+01
<TRANSP> 5
 0.000000e+00 1.000000e+00 0.000000e+00 0.000000e+00 0.000000e+00
 0.000000e+00 7.698274e-01 2.419660e-02 2.059760e-01 0.000000e+00
 0.000000e+00 0.000000e+00 8.271179e-01 1.728821e-01 0.000000e+00
 0.000000e+00 1.876610e-01 0.000000e+00 7.424656e-01 6.987350e-02
 0.000000e+00 0.000000e+00 0.000000e+00 0.000000e+00 0.000000e+00
<ENDHMM>
~h "six"
<BEGINHMM>
<NUMSTATES> 5
<STATE> 2
<MEAN> 39
 -8.673653e+00 -4.253887e+00 -6.973334e+00 -8.741488e+00 -3.103581e+00 -4.250141e+00 -1.959469e+00 -8.232430e+00 -3.551011e+00 -3.998216e+00 1.215851e-01 -3.143813e+00 1.495702e+01 6.805481e-01 6.815951e-01 1.204336e+00 -1.387122e+00 -1.162088e+00 -1.215477e+00 4.162997e-02 -1.327755e-01 4.237928e-01 3.495206e-01 -5.195548e-01 -4.764545e-01 6.320519e-01 6.551966e-02 1.145707e-01 2.251253e-01 -4.788890e-01 -2.782524e-01 -1.675660e-01 4.349677e-02 7.656067e-02 2.046046e-01 -4.969451e-04 -1.368125e-01 -2.387182e-01 1.446359e-01
<VARIANCE> 39
 7.495251e+00 7.804793e+00 1.268788e+01 1.147878e+01 1.905395e+01 2.006258e+01 1.520008e+01 1.804256e+01 2.005381e+01 2.973377e+01 1.917706e+01 1.709751e+01 1.874874e+00 3.585215e-01 4.707648e-01 8.833011e-01 1.147184e+00 1.075420e+00 1.324447e+00 1.006386e+00 8.111597e-01 1.420314e+00 2.241498e+00 1.076581e+00 1.326044e+00 7.639499e-02 6.200131e-02 5.629038e-02 1.152284e-01 9.807177e-02 2.033440e-01 2.092381e-01 1.477007e-01 1.768977e-01 1.848724e-01 2.379814e-01 1.709012e-01 1.682857e-01 8.907329e-03
<GCONST> 7.409052e+01
<STATE> 3
<MEAN> 39
 -6.471423e+00 -1.099749e+00 -8.566457e-01 -2.012379e+01 -7.860143e+00 -8.734574e+00 -2.437016e+00 -6.379519e+00 2.477098e-01 -3.795722e+00 -2.524911e+00 -7.322290e+00 1.832931e+01 2.394033e-02 -8.709173e-02 2.205493e-01 -2.810849e-01 3.760786e-01 2.137024e-01 -2.751414e-01 1.720172e-01 3.719925e-02 -1.963635e-01 1.704899e-01 7.586315e-03 -4.805965e-02 -5.669945e-02 -2.052858e-01 -2.669727e-01 4.878342e-01 2.882461e-01 2.211085e-01 6.800162e-02 -9.114158e-02 -1.467878e-01 -5.876072e-02 1.516467e-01 1.660642e-01 -1.670915e-01
<VARIANCE> 39
 7.692483e+00 9.749544e+00 1.663301e+01 2.304005e+01 5.851851e+01 3.110955e+01 3.719883e+01 2.460510e+01 3.463084e+01 5.833380e+01 3.543422e+01 3.743688e+01 1.432250e+00 3.495224e-01 6.524194e-01 1.075315e+00 3.228842e+00 2.395876e+00 1.759706e+00 1.734483e+00 1.341406e+00 1.887650e+00 2.010934e+00 1.867366e+00 1.896635e+00 2.936144e-01 6.820609e-02 6.607404e-02 1.609603e-01 2.258036e-01 3.062407e-01 3.193713e-01 3.836743e-01 2.241179e-01 2.868690e-01 3.401660e-01 2.636718e-01 2.553263e-01 1.166241e-02
<GCONST> 9.188086e+01
<STATE> 4
<MEAN> 39
 -6.563045e+00 -6.249445e+00 -4.681118e+00 -1.081175e+01 -1.002155e+00 -3.977683e+00 -1.434785e+00 -8.752859e+00 -2.163974e+00 -5.868438e+00 1.163423e+00 -4.220582e+00 1.475289e+01 -2.337837e-01 -9.107881e-01 -1.005199e+00 1.461677e+00 4.135074e-01 4.083418e-01 9.074690e-01 -4.569808e-01 -2.820671e-01 -4.060828e-02 2.005424e-01 2.986603e-01 -4.644278e-01 -1.053562e-01 1.690574e-01 2.072364e-01 -4.381498e-01 -3.787430e-01 -1.607509e-01 -8.531746e-02 1.721029e-01 1.161692e-01 1.035810e-01 -1.794256e-01 -1.430220e-01 1.499741e-01
<VARIANCE> 39
 3.291617e+00 5.443480e+00 9.444342e+00 1.106928e+01 1.463654e+01 1.564655e+01 1.950420e+01 1.857967e+01 1.687832e+01 1.705937e+01 1.861826e+01 1.491700e+01 1.491175e+00 2.675050e-01 4.869299e-01 8.966488e-01 1.309732e+00 2.110455e+00 1.651510e+00 1.602880e+00 1.249526e+00 1.214276e+00 1.204770e+00 1.177868e+00 1.023259e+00 7.938005e-02 3.887607e-02 6.517445e-02 1.378499e-01 1.468715e-01 2.331826e-01 1.805268e-01 2.655595e-01 1.924193e-01 1.854925e-01 1.735186e-01 1.977089e-01 1.825163e-01 5.795665e-03
<GCONST> 7.239887e+01
<TRANSP> 5
 0.000000e+00 1.000000e+00 0.000000e+00 0.000000e+00 0.000000e+00
 0.000000e+00 7.171481e-01 2.828519e-01 0.000000e+00 0.000000e+00
 0.000000e+00 0.000000e+00 8.891129e-01 1.108871e-01 0.000000e+00
 0.000000e+00 0.000000e+00 0.000000e+00 7.504715e-01 2.495285e-01
 0.000000e+00 0.000000e+00 0.000000e+00 0.000000e+00 0.000000e+00
<ENDHMM>
~h "two"
<BEGINHMM>
<NUMSTATES> 5
<STATE> 2
<MEAN> 39
 -1.097071e+01 -3.260560e+00 -6.742002e+00 -1.061791e+01 -9.885683e-01 -3.867723e+00 -1.966501e+00 -7.515937e+00 -2.328773e+00 -5.685951e+00 1.128962e+00 -3.369282e+00 1.506339e+01 4.979919e-01 6.195515e-01 1.007134e+00 -5.853559e-01 -2.634190e-01 -3.597437e-01 -4.640322e-01 -2.108496e-01 7.112920e-02 -5.608334e-02 -2.303737e-01 -3.589845e-01 3.229051e-01 2.975055e-01 6.206312e-02 2.888365e-01 -1.308399e-01 -2.085558e-01 -2.410770e-01 -1.176683e-01 -1.261923e-01 -2.623643e-02 3.089475e-03 -7.818602e-02 -1.695335e-01 9.304710e-02
<VARIANCE> 39
 8.829043e+00 8.094251e+00 1.269999e+01 1.232612e+01 1.843627e+01 2.274677e+01 1.919084e+01 2.117654e+01 2.138375e+01 2.395716e+01 2.470350e+01 1.983808e+01 9.013686e-01 1.373912e+00 5.612748e-01 1.281515e+00 8.296807e-01 1.350841e+00 1.287750e+00 9.874847e-01 1.191814e+00 1.169165e+00 1.290771e+00 1.870539e+00 1.104038e+00 7.277689e-02 1.261519e-01 1.096498e-01 1.341821e-01 1.303243e-01 2.283177e-01 1.983235e-01 1.757286e-01 2.237528e-01 2.268742e-01 2.027857e-01 3.593700e-01 1.593591e-01 7.881989e-03
<GCONST> 7.896967e+01
<STATE> 3
<MEAN> 39
 -4.602343e+00 1.268764e+00 1.860273e+00 -1.551912e+01 -6.948524e+00 -9.941282e+00 -6.699776e+00 -1.043904e+01 -2.408797e+00 -5.176544e+00 -1.123889e+00 -7.306463e+00 1.840622e+01 6.641409e-01 5.439032e-01 7.433110e-01 -5.415936e-01 -1.163070e+00 -1.106089e+00 -5.672127e-01 -2.814256e-01 -6.582190e-02 1.260775e-01 -2.157169e-01 -6.241517e-01 4.515785e-01 -2.501518e-01 -2.349034e-01 -4.262231e-01 2.989300e-01 2.725832e-01 2.323060e-01 2.357913e-01 1.460551e-01 -1.895284e-02 -9.740538e-03 1.532361e-01 1.828513e-01 -1.450396e-01
<VARIANCE> 39
 7.463850e+00 8.105835e+00 1.363382e+01 2.233072e+01 3.965871e+01 2.561934e+01 2.821914e+01 2.453402e+01 3.158029e+01 5.527733e+01 4.392806e+01 4.850459e+01 1.037265e+00 5.679316e-01 6.280885e-01 9.866021e-01 1.463887e+00 1.293206e+00 1.205800e+00 1.681191e+00 1.516136e+00 1.845378e+00 1.989655e+00 2.391586e+00 1.874907e+00 8.952241e-02 6.149494e-02 5.354806e-02 8.130392e-02 1.250324e-01 2.046880e-01 1.806539e-01 2.041142e-01 1.910469e-01 2.121804e-01 2.735675e-01 2.891636e-01 2.221868e-01 6.530181e-03
<GCONST> 8.376310e+01
<STATE> 4
<MEAN> 39
 -3.233359e+00 -5.666790e-02 -4.308909e-02 -1.366387e+01 -7.123113e+00 -1.157480e+01 -5.645719e+00 -9.635230e+00 -2.710082e+00 -5.307640e+00 -1.590183e-01 -7.598861e+00 1.824007e+01 1.669753e-01 -2.230738e-01 -2.385477e-01 5.385427e-01 3.367499e-01 8.572348e-02 9.848989e-02 -5.502816e-02 -1.929196e-01 -8.644787e-02 7.789180e-02 1.595974e-01 -1.200458e-01 -4.357406e-02 -3.796694e-02 -2.656927e-02 2.442697e-02 9.565724e-02 1.093901e-01 5.187127e-02 4.871075e-03 2.003561e-02 1.227574e-03 -5.764537e-03 4.460128e-02 -3.522810e-02
<VARIANCE> 39
 5.895067e+00 7.955256e+00 1.254065e+01 2.981073e+01 3.400608e+01 2.156472e+01 3.316376e+01 3.370949e+01 3.985065e+01 4.293921e+01 5.473409e+01 4.156423e+01 1.359328e+00 1.336264e-01 1.530645e-01 3.770520e-01 6.212620e-01 9.123442e-01 8.558414e-01 8.811413e-01 1.028982e+00 9.032072e-01 9.881790e-01 1.046232e+00 9.317773e-01 1.451477e-02 2.163331e-02 2.516219e-02 5.075833e-02 8.856341e-02 1.056516e-01 1.240902e-01 1.293052e-01 1.600994e-01 1.488238e-01 1.527090e-01 1.593233e-01 1.459202e-01 2.343937e-03
<GCONST> 6.575518e+01
<TRANSP> 5
 0.000000e+00 1.000000e+00 0.000000e+00 0.000000e+00 0.000000e+00
 0.000000e+00 8.212868e-01 1.787132e-01 0.000000e+00 0.000000e+00
 0.000000e+00 0.000000e+00 7.671599e-01 2.328400e-01 0.000000e+00
 0.000000e+00 0.000000e+00 0.000000e+00 9.013937e-01 9.860626e-02
 0.000000e+00 0.000000e+00 0.000000e+00 0.000000e+00 0.000000e+00
<ENDHMM>
~h "nine"
<BEGINHMM>
<NUMSTATES> 5
<STATE> 2
<MEAN> 39
 -4.467808e+00 -4.320027e+00 -2.079795e+00 -8.923603e+00 -3.037419e+00 -6.193417e+00 -1.515086e+00 -1.117610e+01 -5.008026e+00 -8.082456e+00 -2.950771e+00 -7.811582e+00 1.757009e+01 -1.375264e-01 -6.735477e-01 -2.219118e-01 4.959247e-01 -4.934654e-01 1.734889e-01 3.884301e-01 -1.974510e-01 -3.881897e-02 -1.525419e-01 -1.778110e-01 -1.451159e-01 2.492095e-01 -3.853785e-02 -1.264456e-01 -7.502477e-02 1.147528e-01 1.845172e-02 -6.533215e-03 3.848606e-02 3.155608e-02 9.914562e-03 6.552531e-03 8.029263e-02 3.492149e-02 -1.065175e-02
<VARIANCE> 39
 8.939192e+00 2.038945e+01 1.532471e+01 1.684531e+01 2.863404e+01 2.889352e+01 3.201657e+01 2.751111e+01 4.723088e+01 3.538694e+01 3.016266e+01 3.278995e+01 2.299806e+00 5.320109e-01 1.579434e+00 1.145021e+00 1.117965e+00 1.137591e+00 1.424693e+00 1.646072e+00 1.277912e+00 1.529217e+00 1.154730e+00 1.246208e+00 1.038433e+00 3.757293e-02 6.491313e-02 1.814740e-01 1.345765e-01 1.401851e-01 2.019993e-01 2.219917e-01 2.430825e-01 1.863231e-01 1.997969e-01 1.611787e-01 1.737245e-01 1.449427e-01 4.930575e-03
<GCONST> 8.288992e+01
<STATE> 3
<MEAN> 39
 -6.290630e+00 -1.167304e+01 -4.987194e+00 -2.493151e+00 -5.655579e+00 -5.431777e+00 1.785331e+00 -1.126513e+01 -5.678989e+00 -9.068487e+00 -1.604730e+00 -7.685243e+00 1.862179e+01 -1.082619e-01 6.587490e-02 2.330339e-01 -2.054373e-01 -4.687137e-02 2.054850e-01 -7.340680e-02 -1.009156e-01 1.717089e-01 6.968790e-02 -4.000231e-02 3.044381e-02 -1.980140e-02 -2.993399e-03 1.878730e-01 7.741405e-02 -2.486245e-01 3.303899e-02 8.098704e-02 -1.012162e-01 -1.933314e-03 8.307778e-02 -5.386794e-03 -7.942789e-02 2.507819e-02 -1.439808e-02
<VARIANCE> 39
 7.198020e+00 8.451636e+00 2.463077e+01 3.137006e+01 1.880503e+01 3.042537e+01 3.088293e+01 3.410260e+01 4.310218e+01 4.184290e+01 2.805866e+01 3.031939e+01 1.011839e+00 8.114833e-02 3.212730e-01 4.020986e-01 1.031987e+00 4.633793e-01 6.110008e-01 5.232093e-01 4.996282e-01 6.120979e-01 6.482268e-01 6.582932e-01 5.175971e-01 4.581230e-03 1.054593e-02 2.932029e-02 3.925604e-02 5.256602e-02 6.929019e-02 6.527127e-02 7.263488e-02 7.668021e-02 7.950284e-02 8.555061e-02 7.634153e-02 7.776304e-02 3.925229e-04
<GCONST> 5.266864e+01
<STATE> 4
<MEAN> 39
 -6.219071e+00 -3.173992e+00 -1.624849e+00 -1.203709e+01 -1.903150e+00 -4.490363e+00 -3.314414e+00 -1.019651e+01 -2.792573e+00 -8.219588e+00 -3.088426e+00 -6.512062e+00 1.789954e+01 3.932158e-01 8.494077e-01 1.535832e-01 -3.097439e-01 5.438031e-01 -4.755261e-01 -4.736874e-01 3.274247e-01 -1.991194e-01 5.487537e-02 9.748829e-02 5.330325e-02 -1.226716e-01 4.358075e-02 -1.235641e-01 -3.718543e-02 2.355060e-01 -1.481172e-02 -7.306507e-02 1.047470e-01 -3.502249e-02 -1.089258e-01 2.565338e-02 7.962265e-02 -2.933470e-02 -1.027034e-02
<VARIANCE> 39
 1.145245e+01 2.010687e+01 1.219993e+01 2.401970e+01 3.582282e+01 3.415191e+01 3.366210e+01 2.992111e+01 4.906110e+01 3.962320e+01 3.857158e+01 4.244520e+01 1.076112e+00 4.062369e-01 9.276586e-01 5.741466e-01 1.873453e+00 1.354242e+00 1.383275e+00 1.360962e+00 1.284920e+00 1.675390e+00 1.184633e+00 1.059445e+00 1.024059e+00 9.887029e-03 5.706522e-02 9.914487e-02 8.654086e-02 1.494456e-01 1.941917e-01 2.405494e-01 1.805477e-01 1.979301e-01 2.316405e-01 1.955522e-01 1.707212e-01 1.415394e-01 1.008971e-03
<GCONST> 7.866747e+01
<TRANSP> 5
 0.000000e+00 1.000000e+00 0.000000e+00 0.000000e+00 0.000000e+00
 0.000000e+00 8.954175e-01 1.045825e-01 0.000000e+00 0.000000e+00
 0.000000e+00 0.000000e+00 9.109163e-01 8.908367e-02 0.000000e+00
 0.000000e+00 0.000000e+00 0.000000e+00 8.980959e-01 1.019041e-01
 0.000000e+00 0.000000e+00 0.000000e+00 0.000000e+00 0.000000e+00
<ENDHMM>
~h "five"
<BEGINHMM>
<NUMSTATES> 5
<STATE> 2
<MEAN> 39
 -4.160726e+00 -1.136241e+01 -1.008499e+01 -8.253288e+00 4.946869e-01 -8.150201e+00 3.461328e-01 -4.654953e+00 -5.258601e+00 -7.955840e+00 -1.831119e+00 -4.910369e+00 1.798927e+01 3.589290e-01 -1.176283e+00 -7.154899e-01 7.850775e-01 5.156885e-01 -6.394497e-01 3.339031e-01 3.974037e-01 -7.493318e-01 -2.189952e-01 -2.981018e-01 -3.761388e-03 5.635809e-01 -1.924331e-01 2.670849e-02 1.769926e-01 9.111906e-02 -1.412391e-02 1.053795e-01 2.978678e-02 -2.055038e-01 2.687898e-02 1.393426e-01 1.607501e-01 5.019475e-02 -7.510512e-02
<VARIANCE> 39
 1.081486e+01 1.964028e+01 2.371789e+01 1.676534e+01 1.902159e+01 2.058260e+01 2.529616e+01 5.159524e+01 3.224834e+01 2.806088e+01 2.499236e+01 1.992896e+01 4.342178e+00 7.725298e-01 5.612385e-01 1.173995e+00 9.060912e-01 7.891048e-01 9.858474e-01 9.730002e-01 2.238958e+00 1.726036e+00 1.725823e+00 1.364214e+00 1.026961e+00 1.228765e-01 9.418892e-02 1.331704e-01 1.773793e-01 1.234512e-01 1.362983e-01 1.446414e-01 1.544071e-01 3.003364e-01 2.738566e-01 1.928137e-01 1.756304e-01 1.403776e-01 2.804746e-02
<GCONST> 8.432288e+01
<STATE> 3
<MEAN> 39
 -5.809815e+00 -1.545242e+01 -8.555282e+00 -3.643736e+00 1.425486e+00 -9.174790e+00 2.535345e+00 -7.497425e+00 -7.217566e+00 -5.454198e+00 -4.656158e-01 -4.502986e+00 1.904682e+01 -1.660539e-01 8.382541e-02 4.906616e-01 -2.577412e-01 -2.713738e-01 4.344409e-01 6.878813e-02 -3.989297e-01 2.716959e-02 3.039181e-01 6.099660e-02 -8.459155e-02 -4.854110e-02 4.022086e-02 1.144090e-01 1.139788e-02 -1.967007e-01 -5.491642e-02 9.326652e-02 -2.898175e-02 2.471730e-02 5.650279e-02 -4.903261e-02 -7.779452e-02 -1.873341e-02 -1.497354e-02
<VARIANCE> 39
 9.173760e+00 9.380057e+00 2.484188e+01 2.081482e+01 1.874958e+01 2.312155e+01 1.751414e+01 3.905181e+01 4.701285e+01 4.449789e+01 2.688753e+01 2.551909e+01 1.356889e+00 8.786169e-02 1.530415e-01 2.696501e-01 6.338413e-01 4.958877e-01 5.514149e-01 4.976414e-01 4.932076e-01 6.130508e-01 5.705784e-01 5.684021e-01 4.732465e-01 5.855840e-03 1.174156e-02 2.420354e-02 3.030072e-02 4.808440e-02 5.119442e-02 5.160337e-02 5.702213e-02 6.415490e-02 8.527150e-02 8.422682e-02 6.648663e-02 7.040744e-02 9.064422e-04
<GCONST> 4.963084e+01
<STATE> 4
<MEAN> 39
 -5.752357e+00 -9.409108e+00 -3.940699e+00 -1.391117e+01 -3.282105e+00 -2.813822e+00 1.869776e+00 -8.422029e+00 -4.204351e+00 -5.238311e+00 -2.265345e+00 -5.520694e+00 1.830181e+01 2.169376e-01 1.206612e+00 3.702744e-01 -6.415673e-01 -3.921587e-01 -1.029491e-01 -3.103527e-01 2.565708e-01 5.543197e-01 -2.122495e-01 -7.188344e-02 -8.894350e-02 -2.459708e-01 -1.748602e-02 -2.162753e-02 -5.276706e-02 3.436978e-01 1.403294e-01 -1.802101e-01 -6.274836e-02 -1.010437e-02 -4.295782e-02 1.671571e-02 1.215119e-01 3.988601e-02 -4.834241e-02
<VARIANCE> 39
 7.867260e+00 2.309103e+01 1.221381e+01 3.191071e+01 4.211853e+01 1.957940e+01 2.462982e+01 3.665955e+01 5.311752e+01 2.795924e+01 2.708221e+01 3.009021e+01 1.837864e+00 2.146199e-01 4.989291e-01 5.738320e-01 2.637301e+00 1.470957e+00 1.621012e+00 9.744470e-01 1.331356e+00 1.638391e+00 1.337564e+00 1.268752e+00 9.162529e-01 4.137024e-02 4.305413e-02 9.684222e-02 7.586572e-02 2.402481e-01 2.361626e-01 2.301047e-01 1.663314e-01 2.294203e-01 2.225675e-01 1.790938e-01 2.066238e-01 1.646678e-01 4.442584e-03
<GCONST> 8.035693e+01
<TRANSP> 5
 0.000000e+00 1.000000e+00 0.000000e+00 0.000000e+00 0.000000e+00
 0.000000e+00 8.475420e-01 1.524580e-01 0.000000e+00 0.000000e+00
 0.000000e+00 0.000000e+00 9.124509e-01 8.754915e-02 0.000000e+00
 0.000000e+00 0.000000e+00 0.000000e+00 8.642526e-01 1.357475e-01
 0.000000e+00 0.000000e+00 0.000000e+00 0.000000e+00 0.000000e+00
<ENDHMM>
~h "four"
<BEGINHMM>
<NUMSTATES> 5
<STATE> 2
<MEAN> 39
 -6.738348e+00 -6.540542e+00 -5.532225e+00 -9.762664e+00 -1.581177e+00 -5.563838e+00 -1.222112e+00 -8.403292e+00 -2.000763e+00 -5.576718e+00 9.665431e-01 -4.276053e+00 1.536456e+01 1.574192e+00 5.381588e-01 -9.079015e-01 -8.623782e-01 -3.070548e-01 -5.360929e-01 -6.965046e-01 -1.935558e-01 1.935285e-01 2.018840e-01 -3.454807e-01 -4.889474e-01 6.455624e-01 3.490609e-01 1.248575e-01 -3.369153e-01 -3.167560e-01 -5.791486e-02 -5.948993e-03 -7.969390e-02 -1.722121e-02 2.043521e-03 5.398747e-02 -7.879584e-02 -1.319233e-01 1.427132e-01
<VARIANCE> 39
 7.653913e+00 5.425008e+00 5.408105e+00 7.837387e+00 1.004031e+01 1.246556e+01 1.450177e+01 1.363093e+01 1.605451e+01 1.350060e+01 1.611714e+01 1.222748e+01 1.732644e+00 5.110627e-01 4.347351e-01 5.991281e-01 7.388884e-01 7.149749e-01 9.078209e-01 7.493367e-01 8.226631e-01 1.019591e+00 1.090100e+00 1.527415e+00 1.231053e+00 5.738964e-02 6.811590e-02 5.339801e-02 6.057881e-02 8.253805e-02 1.012788e-01 1.523676e-01 1.212033e-01 1.511541e-01 1.398036e-01 1.607852e-01 1.994654e-01 1.873623e-01 7.199531e-03
<GCONST> 6.402077e+01
<STATE> 3
<MEAN> 39
 1.596864e+00 -3.480520e+00 -1.216821e+01 -1.705051e+01 -4.000987e+00 -6.176499e+00 -3.167057e+00 -8.952925e+00 -1.398764e+00 -3.855563e+00 4.300417e-01 -6.776275e+00 1.891472e+01 3.032547e-01 -1.870450e-01 -3.244096e-01 -3.649743e-02 7.424431e-02 -1.790105e-02 -2.190557e-01 1.751060e-01 3.534372e-01 9.303257e-02 -2.296130e-01 -2.200039e-01 1.426632e-01 -1.735030e-01 -1.542239e-01 1.499858e-01 2.362169e-01 3.837201e-02 -3.660181e-02 3.796194e-02 1.109426e-01 4.732988e-02 -8.559684e-02 -5.584443e-02 5.674978e-02 -6.755111e-02
<VARIANCE> 39
 4.139095e+00 1.026714e+01 9.593375e+00 1.373003e+01 2.439882e+01 1.714983e+01 1.857479e+01 1.714713e+01 2.362711e+01 2.482212e+01 3.809969e+01 3.757394e+01 1.086892e+00 5.213541e-01 7.268134e-01 6.848958e-01 1.213037e+00 9.696622e-01 7.715068e-01 9.085863e-01 9.566131e-01 1.308819e+00 1.175027e+00 1.337971e+00 1.241572e+00 9.276096e-02 4.950374e-02 4.573783e-02 9.588313e-02 8.013055e-02 1.358088e-01 1.434489e-01 1.560771e-01 1.412175e-01 1.814996e-01 1.920581e-01 1.991548e-01 1.870220e-01 7.209703e-03
<GCONST> 7.251404e+01
<STATE> 4
<MEAN> 39
 -2.653872e-01 -1.131016e+01 -7.977885e+00 -8.562029e+00 -5.377233e+00 -8.944500e+00 -2.202120e+00 -4.233313e+00 6.465169e-01 -7.567061e+00 -3.910336e+00 -7.362549e+00 1.854918e+01 -5.527665e-01 -3.238254e-02 1.188389e+00 5.177818e-01 -5.919054e-01 2.925586e-02 6.829831e-01 -1.586766e-01 -6.804914e-01 -3.921200e-01 1.339341e-01 2.577197e-01 -2.039367e-01 -8.727131e-02 3.019635e-01 6.413567e-04 -2.178021e-01 1.357708e-01 2.153054e-01 1.408726e-02 -2.456868e-01 -1.511053e-01 1.212234e-01 1.774552e-01 3.069233e-02 -5.097324e-02
<VARIANCE> 39
 6.985840e+00 1.431465e+01 2.850023e+01 1.842809e+01 4.718374e+01 3.738599e+01 3.524709e+01 3.893600e+01 4.504751e+01 3.449928e+01 3.467931e+01 3.193764e+01 1.577822e+00 2.194036e-01 1.523710e+00 6.633634e-01 1.663361e+00 2.091293e+00 2.162870e+00 1.566301e+00 2.596873e+00 1.820083e+00 1.725730e+00 1.796290e+00 1.076717e+00 4.097134e-02 2.919970e-02 9.484503e-02 1.879211e-01 1.663518e-01 4.425675e-01 3.015193e-01 3.549823e-01 3.384565e-01 3.789873e-01 2.796097e-01 3.071970e-01 2.166511e-01 3.209677e-03
<GCONST> 8.840114e+01
<TRANSP> 5
 0.000000e+00 1.000000e+00 0.000000e+00 0.000000e+00 0.000000e+00
 0.000000e+00 7.017596e-01 2.982405e-01 0.000000e+00 0.000000e+00
 0.000000e+00 0.000000e+00 9.182319e-01 8.176807e-02 0.000000e+00
 0.000000e+00 0.000000e+00 0.000000e+00 8.713939e-01 1.286061e-01
 0.000000e+00 0.000000e+00 0.000000e+00 0.000000e+00 0.000000e+00
<ENDHMM>
~h "zero"
<BEGINHMM>
<NUMSTATES> 5
<STATE> 2
<MEAN> 39
 -6.846439e+00 -1.880974e+00 -4.576067e+00 -7.685702e+00 -2.521033e+00 -4.687962e+00 -2.843060e+00 -8.918299e+00 -3.638949e+00 -4.162448e+00 1.259268e-01 -4.378606e+00 1.565863e+01 2.805629e-01 1.046223e+00 9.726946e-01 -1.158331e+00 -8.288053e-01 -1.407457e+00 -6.265028e-01 -6.025184e-01 3.224286e-01 3.349729e-01 -1.318433e-01 -2.386835e-01 4.913169e-01 3.701159e-02 9.547138e-02 1.832468e-01 -3.594779e-01 -1.729666e-01 -2.313816e-01 3.963160e-03 -2.249584e-02 1.697359e-01 7.118248e-04 3.133881e-02 -8.996366e-02 9.231739e-02
<VARIANCE> 39
 6.893520e+00 1.043931e+01 1.553675e+01 1.465029e+01 2.102396e+01 2.215166e+01 1.922314e+01 1.978410e+01 2.963041e+01 2.449968e+01 2.237824e+01 1.996929e+01 1.480481e+00 3.158263e-01 4.256487e-01 7.582308e-01 9.363292e-01 8.472049e-01 1.287852e+00 9.711640e-01 1.180751e+00 1.343341e+00 9.783584e-01 1.204529e+00 1.531876e+00 4.246941e-02 4.658367e-02 1.027576e-01 1.272183e-01 1.081369e-01 1.313280e-01 2.173377e-01 1.590310e-01 1.926466e-01 1.621124e-01 1.504340e-01 1.803118e-01 1.679477e-01 6.435135e-03
<GCONST> 7.322254e+01
<STATE> 3
<MEAN> 39
 -5.561466e+00 3.152792e-01 9.455361e-01 -1.693797e+01 -7.859035e+00 -9.189524e+00 -4.572694e+00 -8.442990e+00 1.746228e-01 -3.749388e+00 1.715198e-01 -6.831352e+00 1.840775e+01 3.374552e-01 -7.432261e-01 4.416859e-01 -1.704648e-01 -1.080030e+00 2.635308e-01 2.054336e-01 1.950986e-01 3.206532e-01 -7.759231e-02 4.343042e-02 -1.247607e-01 1.661737e-01 5.158956e-02 -2.691165e-01 -1.736651e-01 3.718413e-01 1.649524e-02 1.355416e-01 1.950275e-01 5.543908e-02 -8.672079e-02 -4.422896e-02 -1.253552e-02 7.157184e-02 -6.443641e-02
<VARIANCE> 39
 7.431632e+00 2.062297e+01 1.739160e+01 2.627826e+01 5.929512e+01 4.051470e+01 3.222738e+01 4.421710e+01 3.111075e+01 3.032407e+01 3.453783e+01 5.111523e+01 1.093151e+00 4.425110e-01 1.626090e+00 8.036151e-01 2.615594e+00 1.742331e+00 2.528420e+00 1.685188e+00 1.421390e+00 1.341201e+00 1.178133e+00 1.107365e+00 1.320318e+00 6.295473e-02 5.150051e-02 1.129229e-01 1.260713e-01 1.802509e-01 2.454430e-01 4.092369e-01 2.257646e-01 2.479123e-01 2.120668e-01 1.745929e-01 1.724381e-01 2.174389e-01 4.557580e-03
<GCONST> 8.705368e+01
<STATE> 4
<MEAN> 39
 -1.604670e+00 -1.051294e+01 -4.389611e+00 -9.816680e+00 -9.685758e+00 -8.037476e+00 5.588700e-01 -4.106711e+00 -1.751691e-01 -6.699812e+00 -1.003920e+00 -5.666540e+00 1.854219e+01 8.293860e-02 1.104282e-02 -5.494514e-01 1.635766e-01 6.661558e-01 -1.770727e-01 -1.628399e-02 2.073158e-01 -6.450243e-02 -1.487505e-01 -9.261090e-02 -7.456205e-03 -5.366436e-02 -5.978341e-02 1.431403e-01 6.303419e-02 -8.616367e-02 8.701639e-02 4.108885e-02 -9.756345e-02 -8.204409e-02 -2.056825e-02 3.421532e-02 2.039398e-02 -8.786281e-03 -1.775899e-02
<VARIANCE> 39
 6.464283e+00 1.774457e+01 2.652834e+01 2.680006e+01 6.272066e+01 5.437322e+01 3.558273e+01 3.644806e+01 4.418903e+01 3.497676e+01 2.490719e+01 3.291676e+01 1.494901e+00 2.247206e-01 8.380507e-01 6.307469e-01 1.038052e+00 1.227559e+00 1.669717e+00 1.529354e+00 1.766565e+00 1.573437e+00 1.377147e+00 1.023349e+00 9.264811e-01 1.577166e-02 2.391128e-02 3.502865e-02 7.641632e-02 1.110536e-01 1.911524e-01 2.326689e-01 1.870193e-01 1.959327e-01 2.165190e-01 1.823270e-01 1.466956e-01 1.334367e-01 1.767118e-03
<GCONST> 7.715422e+01
<TRANSP> 5
 0.000000e+00 1.000000e+00 0.000000e+00 0.000000e+00 0.000000e+00
 0.000000e+00 7.332850e-01 2.667150e-01 0.000000e+00 0.000000e+00
 0.000000e+00 0.000000e+00 8.921844e-01 1.078156e-01 0.000000e+00
 0.000000e+00 0.000000e+00 0.000000e+00 9.397928e-01 6.020727e-02
 0.000000e+00 0.000000e+00 0.000000e+00 0.000000e+00 0.000000e+00
<ENDHMM>
