~o
<STREAMINFO> 1 39
<VECSIZE> 39<NULLD><MFCC_E_D_A><DIAGC>
~s "silst"
<MEAN> 39
 -5.089391e+00 -3.747215e+00 -3.214197e+00 -8.842978e+00 -1.245668e+00 -5.747885e+00 -1.824375e+00 -9.463279e+00 -3.498593e+00 -6.420642e+00 -3.620316e-01 -5.632148e+00 1.585393e+01 -6.631028e-01 -4.429976e-01 -4.522668e-01 1.670613e-01 3.060178e-01 7.052187e-01 3.752226e-01 1.102632e-01 1.450091e-01 1.511212e-01 3.339045e-01 3.711897e-01 -3.627920e-01 -2.656606e-02 -6.914926e-02 -1.090346e-01 -1.273173e-01 -9.639487e-02 -7.304434e-02 2.418126e-04 7.247556e-02 3.781340e-02 9.301818e-03 -1.500159e-02 3.998456e-03 2.680087e-02
<VARIANCE> 39
 1.122223e+01 1.073205e+01 1.342281e+01 1.340369e+01 2.076765e+01 2.466020e+01 2.381936e+01 2.473029e+01 2.788515e+01 2.727572e+01 2.578863e+01 2.355966e+01 2.022737e+00 3.750352e-01 7.432486e-01 8.193187e-01 8.114792e-01 1.144863e+00 1.289804e+00 1.255553e+00 1.300492e+00 1.409007e+00 1.271958e+00 1.245735e+00 1.114356e+00 5.123169e-02 6.989891e-02 1.004847e-01 1.068426e-01 1.139880e-01 1.562599e-01 2.205052e-01 1.943383e-01 1.871328e-01 2.096469e-01 1.843454e-01 1.821182e-01 1.530568e-01 9.223606e-03
<GCONST> 7.759250e+01
~h "eight"
<BEGINHMM>
<NUMSTATES> 5
<STATE> 2
<MEAN> 39
 -8.238318e+00 -2.995801e+00 -5.884840e+00 -1.822383e+01 2.102177e-01 -4.905602e+00 8.326983e-01 -6.813743e+00 -1.626702e+00 -7.443698e+00 -1.712213e+00 -5.720295e+00 1.740465e+01 -1.693468e-01 1.034735e+00 -9.537595e-02 -1.074263e+00 -5.134831e-02 -5.833968e-01 9.214319e-02 4.703909e-01 3.853935e-01 -1.064389e-02 -1.833085e-01 -2.425373e-01 3.344169e-01 2.893944e-02 8.987576e-02 5.116188e-03 1.397673e-01 -6.265592e-02 -1.923299e-01 -8.332216e-02 -1.748629e-02 2.616786e-02 9.247761e-02 1.131756e-01 -8.030537e-04 -1.706136e-02
<VARIANCE> 39
 7.936774e+00 2.033611e+01 1.877654e+01 3.168266e+01 4.182524e+01 2.220139e+01 2.467776e+01 2.263105e+01 3.069210e+01 2.348689e+01 2.465447e+01 2.549952e+01 3.282474e+00 3.466612e-01 7.506124e-01 6.582683e-01 1.286762e+00 1.208625e+00 1.363069e+00 1.443268e+00 9.984460e-01 1.350508e+00 1.119327e+00 1.070355e+00 9.608935e-01 1.025706e-01 4.199750e-02 8.033351e-02 7.528504e-02 1.955841e-01 1.375347e-01 1.691663e-01 1.485082e-01 1.685805e-01 2.268846e-01 1.638280e-01 1.704176e-01 1.470966e-01 1.304845e-02
<GCONST> 7.936177e+01
<STATE> 3
<MEAN> 39
 -8.394461e+00 5.771021e+00 -5.519140e+00 -1.924324e+01 -2.893338e+00 -1.374165e+01 -1.638299e+00 -5.947553e+00 7.446750e-01 -4.029939e+00 7.559820e-01 -5.694170e+00 1.854688e+01 1.001673e-01 5.035987e-01 2.027319e-01 8.252574e-01 -1.152736e-02 -9.373894e-01 -6.096387e-01 -8.099557e-01 -3.583076e-01 3.270903e-01 4.646901e-01 2.249582e-01 -7.165772e-02 4.940663e-02 -2.805646e-01 2.302475e-02 1.896370e-01 8.654220e-02 2.711765e-01 2.055413e-02 -1.588127e-01 -1.940138e-01 -1.392780e-01 -7.096050e-02 3.691663e-02 -6.158234e-02
<VARIANCE> 39
 1.001517e+01 1.133441e+01 2.487382e+01 2.642132e+01 2.101200e+01 2.371947e+01 5.644099e+01 2.710330e+01 2.950264e+01 2.182016e+01 3.273558e+01 2.503003e+01 1.477148e+00 1.827145e-01 5.047852e-01 2.620966e-01 6.266070e-01 8.219442e-01 1.014639e+00 7.516280e-01 8.257232e-01 1.767990e+00 1.022438e+00 1.190498e+00 8.481074e-01 2.539068e-02 2.770388e-02 7.067615e-02 4.949541e-02 9.903665e-02 8.105876e-02 1.528060e-01 1.404371e-01 1.337849e-01 1.675195e-01 1.386370e-01 1.858866e-01 1.361169e-01 3.380224e-03
<GCONST> 6.903826e+01
<STATE> 4
<MEAN> 39
 -6.984125e+00 1.125873e+00 -4.081608e+00 -1.221548e+01 -1.205027e+00 -1.173152e+01 -4.083283e+00 -1.160464e+01 -4.449675e+00 -5.780704e+00 8.149160e-01 -4.551258e+00 1.652434e+01 2.184733e-01 -1.854532e+00 5.712545e-04 8.878459e-01 2.211670e-01 1.602439e+00 3.190267e-01 -3.123171e-02 -3.291478e-01 -3.992974e-01 -1.453100e-01 9.684688e-02 -4.692041e-01 -7.003035e-02 -1.012118e-01 -9.850907e-02 -1.303347e-01 -4.591023e-02 1.610866e-01 1.929155e-01 2.728779e-01 2.062197e-01 6.426517e-02 2.207399e-02 -3.139324e-02 -6.690413e-03
<VARIANCE> 39
 6.054687e+00 3.354227e+01 1.484986e+01 1.934293e+01 1.615581e+01 3.814815e+01 3.283905e+01 2.463030e+01 3.947530e+01 2.741565e+01 2.595279e+01 2.419091e+01 2.806403e+00 3.507873e-01 7.454199e-01 6.176651e-01 1.035571e+00 6.513113e-01 1.246486e+00 1.757675e+00 1.481011e+00 2.021322e+00 1.219082e+00 1.376203e+00 1.140631e+00 3.566359e-02 4.192966e-02 2.585156e-01 6.970337e-02 1.185390e-01 9.771618e-02 3.261999e-01 1.808290e-01 1.961380e-01 2.998024e-01 1.796760e-01 1.979050e-01 1.935183e-01 1.053657e-02
<GCONST> 8.036850e+01
<TRANSP> 5
 0.000000e+00 1.000000e+00 0.000000e+00 0.000000e+00 0.000000e+00
 0.000000e+00 8.672460e-01 1.327540e-01 0.000000e+00 0.000000e+00
 0.000000e+00 0.000000e+00 8.556293e-01 1.443707e-01 0.000000e+00
 0.000000e+00 0.000000e+00 0.000000e+00 8.207201e-01 1.792798e-01
 0.000000e+00 0.000000e+00 0.000000e+00 0.000000e+00 0.000000e+00
<ENDHMM>
~h "oh"
<BEGINHMM>
<NUMSTATES> 5
<STATE> 2
<MEAN> 39
 -4.364221e+00 -1.037407e+01 -8.314701e+00 -8.585141e+00 -2.637308e+00 -7.654266e+00 3.578423e+00 -7.386201e+00 -5.239931e+00 -7.111452e+00 -2.440225e+00 -5.427189e+00 1.781889e+01 5.457615e-01 -2.060416e-01 -6.071359e-01 1.665895e-01 9.199227e-02 -6.957759e-01 1.444219e-01 7.355134e-01 -1.593164e-02 -4.302391e-01 -4.104652e-01 -1.514248e-01 3.516507e-01 1.006203e-02 1.037371e-01 2.122809e-03 -5.234579e-02 3.832633e-02 -1.068027e-02 -1.518579e-01 8.267177e-03 1.329147e-01 2.593290e-02 -9.914443e-03 -2.758031e-02 -2.150298e-02
<VARIANCE> 39
 8.670983e+00 1.233354e+01 1.667962e+01 1.820363e+01 2.296568e+01 2.454182e+01 3.069533e+01 6.477458e+01 3.832441e+01 3.401158e+01 2.703927e+01 3.144674e+01 3.003201e+00 2.969413e-01 5.784611e-01 6.303968e-01 6.403024e-01 6.851648e-01 9.311205e-01 1.330060e+00 1.789506e+00 1.556978e+00 1.262269e+00 1.250504e+00 1.052510e+00 9.577134e-02 3.983893e-02 6.286339e-02 7.489482e-02 7.981384e-02 9.169266e-02 1.300437e-01 1.558386e-01 2.153800e-01 1.872360e-01 1.964744e-01 1.841840e-01 1.403026e-01 1.333620e-02
<GCONST> 7.715768e+01
<STATE> 3
<MEAN> 39
 -5.713035e-01 -8.246482e+00 -1.317603e+01 -9.926838e+00 -7.017322e-01 -1.204496e+01 -7.992938e-01 -7.823465e-01 1.261585e-01 -8.233912e+00 -5.127709e+00 -6.598625e+00 1.903713e+01 2.232693e-01 4.045310e-01 -2.854375e-02 -3.469806e-01 -3.596289e-02 -4.524293e-03 -6.741093e-01 -2.440651e-01 6.659026e-01 6.028432e-01 -3.302563e-02 -3.512096e-01 -9.588068e-03 -4.125128e-02 2.443136e-02 1.011178e-01 -2.062743e-02 -5.718100e-02 9.292758e-02 1.140624e-02 -1.582306e-01 -8.101020e-02 9.183960e-02 1.210370e-01 1.119289e-02 -2.522608e-02
<VARIANCE> 39
 6.095574e+00 8.381655e+00 1.533450e+01 1.468924e+01 1.920963e+01 2.241274e+01 4.166739e+01 3.074850e+01 3.925056e+01 3.570812e+01 3.180155e+01 4.015712e+01 1.216261e+00 8.017008e-02 1.367613e-01 2.627717e-01 2.767735e-01 3.852615e-01 5.149775e-01 7.295964e-01 1.010561e+00 7.301844e-01 8.551012e-01 7.854661e-01 6.994696e-01 1.316990e-02 1.110995e-02 1.421655e-02 3.351305e-02 3.312263e-02 4.700480e-02 6.866149e-02 7.738563e-02 9.580182e-02 1.049987e-01 1.013380e-01 9.153266e-02 8.860941e-02 1.198653e-03
<GCONST> 5.210464e+01
<STATE> 4
<MEAN> 39
 1.785603e-01 -3.749003e+00 -9.932563e+00 -1.348481e+01 -3.319901e+00 -1.008011e+01 -4.949770e+00 -7.354235e+00 1.046834e+00 -2.363571e+00 -1.878359e-01 -7.008135e+00 1.844905e+01 -3.484215e-01 2.885543e-01 8.521203e-01 1.501496e-01 -2.190804e-01 3.723615e-01 2.093954e-01 -5.765964e-01 -5.863715e-01 -1.030540e-01 5.096298e-01 4.126801e-01 -2.308213e-01 -1.310925e-01 -1.055617e-01 5.190437e-02 1.419328e-01 1.060447e-01 8.453746e-02 1.855627e-01 8.510540e-02 -1.053792e-01 -1.823736e-01 -7.786392e-02 8.010107e-02 -4.429321e-02
<VARIANCE> 39
 6.297733e+00 7.046765e+00 1.859657e+01 1.557255e+01 1.891730e+01 2.848335e+01 3.125743e+01 2.745314e+01 3.058188e+01 3.710141e+01 3.966191e+01 3.647042e+01 1.764323e+00 2.387344e-01 3.545917e-01 4.246889e-01 5.884467e-01 6.858938e-01 8.700111e-01 1.175327e+00 1.224722e+00 1.193943e+00 1.308120e+00 1.201082e+00 1.026522e+00 3.050370e-02 2.295320e-02 3.295500e-02 6.555177e-02 6.525372e-02 9.788745e-02 1.569862e-01 1.653230e-01 1.871080e-01 2.026537e-01 1.904327e-01 1.711819e-01 1.630144e-01 2.734212e-03
<GCONST> 6.919044e+01
<TRANSP> 5
 0.000000e+00 1.000000e+00 0.000000e+00 0.000000e+00 0.000000e+00
 0.000000e+00 8.831335e-01 1.168664e-01 0.000000e+00 0.000000e+00
 0.000000e+00 0.000000e+00 8.921247e-01 1.078753e-01 0.000000e+00
 0.000000e+00 0.000000e+00 0.000000e+00 8.563724e-01 1.436276e-01
 0.000000e+00 0.000000e+00 0.000000e+00 0.000000e+00 0.000000e+00
<ENDHMM>
~h "sp"
<BEGINHMM>
<NUMSTATES> 5
<STATE> 2
~s "silst"
<STATE> 3
<MEAN> 39
 -7.709070e+00 -6.471916e+00 -6.100813e+00 -9.708581e+00 -1.335873e+00 -4.072338e+00 -6.378877e-01 -8.568455e+00 -2.838003e+00 -5.608819e+00 9.600453e-01 -4.088429e+00 1.480015e+01 -9.951408e-02 -1.746197e-02 -1.130908e-01 -5.241671e-03 -2.987986e-02 2.982231e-02 -6.884939e-03 3.486947e-02 2.709550e-03 2.041944e-02 3.501467e-02 4.010003e-02 -1.346527e-02 6.153647e-02 8.238194e-02 6.159183e-02 -1.149978e-02 -9.625783e-03 -5.697543e-02 -4.105110e-02 -1.851447e-02 -9.157846e-03 -1.627950e-02 -3.384220e-02 -3.259598e-02 4.432369e-02
<VARIANCE> 39
 5.203345e+00 5.813972e+00 8.383217e+00 1.000827e+01 1.421602e+01 1.534085e+01 1.547603e+01 1.657392e+01 1.760846e+01 1.636511e+01 1.594028e+01 1.372659e+01 1.090742e+00 1.560655e-01 2.339346e-01 3.573272e-01 4.284605e-01 5.672455e-01 6.772706e-01 6.517066e-01 7.189300e-01 7.407127e-01 6.607282e-01 6.509864e-01 5.695624e-01 7.384117e-03 3.307727e-02 5.305592e-02 7.093102e-02 9.039861e-02 1.139096e-01 1.431420e-01 1.320917e-01 1.439218e-01 1.466645e-01 1.252115e-01 1.242118e-01 1.145352e-01 4.107587e-03
<GCONST> 5.485139e+01
<STATE> 4
<MEAN> 39
 -8.548885e+00 -4.941570e+00 -6.265553e+00 -8.991171e+00 -2.031026e+00 -3.799552e+00 -1.067023e+00 -8.412001e+00 -2.904566e+00 -5.485739e+00 6.348042e-01 -4.047523e+00 1.505765e+01 2.851259e-01 1.764161e-01 1.022364e-01 -1.362485e-01 -1.966241e-01 -3.122278e-01 -7.917671e-02 7.365731e-02 -3.491885e-02 -5.236784e-02 -2.039685e-01 -8.438776e-02 2.219381e-01 2.165929e-01 3.982734e-03 6.062977e-02 -1.476384e-01 -1.330466e-01 -2.132709e-01 -5.147859e-03 1.883737e-02 7.067416e-03 -1.344317e-03 -1.017958e-01 -8.390145e-02 1.109605e-01
<VARIANCE> 39
 1.194762e+01 1.154670e+01 1.732518e+01 1.579695e+01 1.925950e+01 1.877234e+01 1.803220e+01 2.026169e+01 2.116100e+01 1.991520e+01 1.870807e+01 1.701107e+01 1.497527e+00 5.904518e-01 5.340452e-01 7.471833e-01 7.921026e-01 9.754524e-01 1.010608e+00 8.552201e-01 1.189493e+00 1.046649e+00 9.299400e-01 9.474355e-01 7.704983e-01 5.387786e-02 7.102986e-02 1.105264e-01 1.692980e-01 1.491116e-01 2.009481e-01 1.931563e-01 1.687862e-01 2.264768e-01 2.046846e-01 1.798312e-01 1.802623e-01 1.555646e-01 9.427925e-03
<GCONST> 7.469943e+01
<TRANSP> 5
 0.000000e+00 8.230617e-01 1.769383e-01 0.000000e+00 0.000000e+00
 0.000000e+00 7.937821e-01 2.062179e-01 0.000000e+00 0.000000e+00
 0.000000e+00 0.000000e+00 8.501485e-01 1.498515e-01 0.000000e+00
 0.000000e+00 0.000000e+00 0.000000e+00 5.815020e-01 4.184979e-01
 0.000000e+00 0.000000e+00 0.000000e+00 0.000000e+00 0.000000e+00
<ENDHMM>
~h "seven"
<BEGINHMM>
<NUMSTATES> 5
<STATE> 2
<MEAN> 39
 -7.237648e+00 -4.293475e+00 -5.696323e+00 -1.010216e+01 -4.057180e+00 -5.319249e+00 -3.497270e-01 -8.215489e+00 -2.331677e+00 -4.239447e+00 -5.862896e-01 -4.062304e+00 1.570673e+01 8.720984e-01 7.954381e-02 6.830205e-01 -1.430992e+00 -1.134999e+00 -8.243534e-01 9.913270e-01 -7.514162e-02 3.629083e-01 -1.124624e-02 -8.064070e-01 -7.090926e-01 7.033363e-01 -1.571003e-02 -1.250506e-01 -9.620848e-02 -2.152389e-01 -1.274505e-01 1.256052e-01 2.298871e-01 5.966253e-02 -2.682767e-02 -1.537033e-01 -1.492926e-01 -1.311890e-01 1.144882e-01
<VARIANCE> 39
 1.067863e+01 6.323835e+00 1.252174e+01 1.354284e+01 2.244000e+01 2.468946e+01 1.921279e+01 1.931804e+01 1.798734e+01 2.834809e+01 1.863675e+01 1.691094e+01 2.698370e+00 4.665868e-01 4.698344e-01 6.586244e-01 9.641001e-01 1.297444e+00 1.650746e+00 1.385812e+00 1.269012e+00 1.288952e+00 2.366818e+00 1.120276e+00 1.251640e+00 6.759763e-02 8.686940e-02 5.473689e-02 1.029103e-01 1.348697e-01 2.348927e-01 2.174323e-01 1.582767e-01 1.499440e-01 1.595921e-01 1.991004e-01 1.403618e-01 1.870207e-01 1.408449e-02
<GCONST> 7.665728e+01
<STATE> 3
<MEAN> 39
 -5.819643e+00 -7.598775e+00 -5.440803e+00 -1.623791e+01 -6.038300e+00 -4.195872e+00 5.102380e+00 -8.688239e+00 -2.735805e+00 -7.205291e+00 -4.213536e+00 -6.602097e+00 1.906651e+01 1.174968e-01 -3.003879e-01 6.238798e-02 1.962498e-01 6.943437e-02 -2.144269e-02 1.603952e-01 2.593780e-01 -3.627267e-01 -3.511444e-02 1.993550e-02 -2.944582e-02 6.199085e-02 -1.116739e-02 1.108599e-01 4.912768e-02 3.174216e-01 1.360428e-01 -9.137947e-02 -2.871451e-01 5.124389e-02 -1.182771e-02 4.467481e-02 2.041910e-01 6.288595e-02 -1.369783e-01
<VARIANCE> 39
 9.397310e+00 1.149915e+01 8.795398e+00 1.787578e+01 4.855559e+01 3.749368e+01 3.166664e+01 3.910759e+01 4.930275e+01 5.795725e+01 3.365193e+01 3.308389e+01 1.176336e+00 3.836349e-01 5.669358e-01 4.423666e-01 1.232185e+00 1.453032e+00 1.575918e+00 1.589467e+00 1.035656e+00 1.250308e+00 1.714964e+00 1.730724e+00 1.201022e+00 1.647289e-01 7.947399e-02 8.330507e-02 8.354212e-02 1.121187e-01 2.657003e-01 2.556958e-01 1.742212e-01 1.631121e-01 2.093000e-01 2.401987e-01 2.354992e-01 1.910656e-01 5.554416e-03
<GCONST> 8.284412e+01
<STATE> 4
<MEAN> 39
 -3.257311e+00 -4.143991e+00 -2.035299e+00 -9.792785e+00 -3.969777e+00 -7.905661e+00 -4.633312e-01 -7.894631e+00 -3.873870e+00 -6.631227e+00 -1.627910e+00 -6.945550e+00 1.713461e+01 1.046055e-01 3.679348e-01 2.308532e-01 2.349837e-01 3.769807e-01 -3.258843e-02 -4.263831e-01 -3.491294e-01 3.261751e-02 -6.871270e-02 8.080032e-02 -1.483802e-02 -8.831520e-02 -4.002661e-02 -5.799527e-02 -5.461599e-02 -7.399679e-02 1.852489e-03 1.091042e-01 9.034886e-02 -4.316536e-02 -1.117023e-03 -7.986089e-04 -4.304921e-02 3.136603e-02 1.960759e-02
<VARIANCE> 39
 4.901999e+00 1.046785e+01 9.992576e+00 1.376981e+01 2.817017e+01 3.249341e+01 2.625832e+01 4.100385e+01 3.226595e+01 3.548206e+01 3.233445e+01 2.882362e+01 1.690676e+00 1.923212e-01 4.157583e-01 4.786203e-01 9.077168e-01 1.391854e+00 1.174970e+00 1.649435e+00 1.273228e+00 1.391370e+00 1.391027e+00 1.265737e+00 9.338170e-01 8.959088e-02 3.493729e-02 7.897592e-02 8.618147e-02 1.531006e-01 2.485881e-01 2.058161e-01 2.860236e-01 2.269724e-01 2.303457e-01 2.391138e-01 2.143502e-01 1.482971e-01 1.491748e-02
<GCONST> 7.855390e+01
<TRANSP> 5
 0.000000e+00 1.000000e+00 0.000000e+00 0.000000e+00 0.000000e+00
 0.000000e+00 7.270176e-01 2.729823e-01 0.000000e+00 0.000000e+00
 0.000000e+00 0.000000e+00 8.894925e-01 1.105076e-01 0.000000e+00
 0.000000e+00 0.000000e+00 0.000000e+00 9.307823e-01 6.921773e-02
 0.000000e+00 0.000000e+00 0.000000e+00 0.000000e+00 0.000000e+00
<ENDHMM>
~h "three"
<BEGINHMM>
<NUMSTATES> 5
<STATE> 2
<MEAN> 39
 -3.084593e+00 -6.937661e+00 -3.656404e-01 -8.984634e+00 -1.033401e+01 -1.089151e+01 -1.256507e+00 -8.759772e+00 -1.824145e+00 -5.112019e+00 -2.501125e-01 -5.329981e+00 1.738189e+01 4.878206e-01 -1.474966e-01 9.489928e-01 -2.555477e-01 -1.594931e+00 -1.167243e-01 -2.394777e-01 -2.372836e-01 4.023039e-01 1.010936e-01 -3.604149e-02 -2.414222e-01 3.713164e-01 -1.762330e-01 1.150026e-01 8.089214e-03 -2.916271e-01 2.074518e-01 3.088085e-01 -1.606163e-01 1.242814e-02 8.442812e-02 -1.637197e-02 4.763637e-02 8.867614e-03 -3.092429e-02
<VARIANCE> 39
 1.171251e+01 1.267792e+01 1.678418e+01 2.983500e+01 5.275880e+01 4.902332e+01 2.344952e+01 2.627262e+01 2.817570e+01 2.591165e+01 3.394504e+01 3.192864e+01 2.761002e+00 7.820008e-01 6.825498e-01 8.026300e-01 2.075608e+00 1.920373e+00 3.459952e+00 1.412123e+00 1.552002e+00 1.260372e+00 1.074827e+00 1.378227e+00 1.287207e+00 6.029616e-02 1.137545e-01 1.460717e-01 1.330672e-01 3.013777e-01 4.678556e-01 4.275923e-01 2.912028e-01 2.395925e-01 1.933889e-01 1.820345e-01 1.986148e-01 1.942865e-01 1.002142e-02
<GCONST> 8.961172e+01
<STATE> 3
<MEAN> 39
 -5.043074e+00 -3.646657e+00 5.587561e+00 -1.895960e+01 -1.243220e+01 -4.194539e+00 -8.657561e+00 -8.746822e+00 1.912724e+00 -5.773049e+00 1.106520e+00 -5.941355e+00 1.865176e+01 -8.442745e-01 1.786968e+00 -2.581500e-01 -1.722048e+00 2.351087e+00 -1.193801e-01 -1.465029e+00 9.106407e-01 -4.127044e-01 -2.289697e-01 1.242920e-01 2.113656e-02 -2.114723e-02 4.173645e-02 1.258367e-01 -4.630634e-01 5.111436e-01 3.995567e-01 -6.709797e-01 4.242134e-01 6.051747e-02 -3.722152e-01 7.435927e-02 -5.810937e-02 3.792996e-02 -5.439473e-02
<VARIANCE> 39
 7.798203e+00 2.368420e+01 1.155048e+01 3.219110e+01 6.004971e+01 2.842802e+01 4.214161e+01 6.381760e+01 2.604119e+01 2.800535e+01 3.821024e+01 2.957463e+01 1.288891e+00 2.539727e-01 6.115266e-01 1.029463e+00 1.778292e+00 1.400209e+00 3.646036e+00 2.023711e+00 1.379713e+00 1.411771e+00 1.078285e+00 7.267222e-01 7.961282e-01 2.065044e-02 5.233448e-02 1.576643e-01 9.252218e-02 2.466959e-01 5.020002e-01 2.349593e-01 3.941315e-01 3.772589e-01 1.653594e-01 1.493071e-01 1.327557e-01 1.100739e-01 2.240343e-03
<GCONST> 8.277321e+01
<STATE> 4
<MEAN> 39
 -6.747906e+00 4.090335e+00 -1.716050e+00 -1.636605e+01 -1.329425e+00 -1.256233e+01 -5.470037e+00 -8.140903e+00 -3.432416e+00 -4.969231e+00 -2.606607e-01 -6.250373e+00 1.787088e+01 1.459505e-01 -8.668240e-02 -5.645453e-01 9.703041e-01 4.209000e-01 -1.303693e-01 7.106228e-01 -3.725957e-01 -3.100505e-01 -2.127054e-02 -1.990486e-01 2.274463e-03 -1.794957e-01 6.481761e-02 -3.144222e-01 9.425677e-02 8.368987e-02 -2.308701e-01 3.105786e-01 3.788162e-02 -3.442251e-02 1.387180e-01 -3.325556e-02 2.225439e-02 1.256750e-02 -2.593305e-02
<VARIANCE> 39
 7.443684e+00 1.525633e+01 1.625456e+01 3.042529e+01 2.261732e+01 2.551726e+01 4.762278e+01 4.512724e+01 3.211737e+01 4.072971e+01 4.082470e+01 3.687935e+01 1.619512e+00 2.188803e-01 1.353628e+00 6.427653e-01 8.470643e-01 1.209865e+00 2.049900e+00 1.287960e+00 1.477144e+00 1.223628e+00 1.180594e+00 8.501048e-01 8.668453e-01 2.464577e-02 3.731652e-02 9.130570e-02 7.188439e-02 1.621298e-01 1.832746e-01 1.716789e-01 2.119385e-01 2.213223e-01 1.726239e-01 1.652137e-01 1.335686e-01 1.303511e-01 2.672603e-03
<GCONST> 7.752103e+01
<TRANSP> 5
 0.000000e+00 1.000000e+00 0.000000e+00 0.000000e+00 0.000000e+00
 0.000000e+00 8.777251e-01 1.222749e-01 0.000000e+00 0.000000e+00
 0.000000e+00 0.000000e+00 7.879975e-01 2.120025e-01 0.000000e+00
 0.000000e+00 0.000000e+00 0.000000e+00 8.906873e-01 1.093127e-01
 0.000000e+00 0.000000e+00 0.000000e+00 0.000000e+00 0.000000e+00
<ENDHMM>
~h "one"
<BEGINHMM>
<NUMSTATES> 5
<STATE> 2
<MEAN> 39
 -5.683980e-01 -3.776552e+00 -9.274239e+00 -1.281662e+01 -1.656992e+00 -5.564103e+00 -2.021091e+00 -8.864686e+00 -2.706303e+00 -6.731302e+00 -1.545475e+00 -7.288226e+00 1.774546e+01 2.781049e-01 -4.049020e-01 -8.721042e-01 4.567459e-01 4.871333e-01 3.937287e-02 -2.918178e-01 2.270058e-01 2.032847e-01 -3.066979e-01 -3.900182e-01 -2.719667e-01 2.375508e-01 -1.189229e-01 -1.462173e-01 5.394094e-02 2.646512e-01 7.824720e-03 -1.161289e-01 -1.489187e-02 9.381457e-02 -1.093820e-02 -9.033211e-02 1.100929e-02 8.288296e-02 -2.098959e-02
<VARIANCE> 39
 7.577841e+00 9.249359e+00 2.887505e+01 2.285593e+01 2.888692e+01 2.532890e+01 2.281365e+01 2.064560e+01 2.828326e+01 2.394020e+01 2.967620e+01 2.876659e+01 2.270953e+00 4.574630e-01 7.998570e-01 8.724816e-01 2.245237e+00 1.372567e+00 1.442845e+00 1.267727e+00 1.065940e+00 1.134308e+00 1.022028e+00 1.095245e+00 1.044888e+00 4.812043e-02 4.483735e-02 6.135236e-02 1.908344e-01 2.175051e-01 2.626944e-01 2.523845e-01 2.367328e-01 1.810119e-01 2.006647e-01 1.693347e-01 1.888922e-01 1.838924e-01 5.007586e-03
<GCONST> 8.017693e+01
<STATE> 3
<MEAN> 39
 -2.365600e+00 -1.071516e+01 -1.090222e+01 -1.689144e+00 -4.435663e-01 -9.494658e+00 -2.447571e+00 -4.207114e+00 -3.535644e+00 -1.172797e+01 -2.378486e+00 -6.055943e+00 1.853595e+01 -6.083322e-01 -3.738947e-01 1.339207e+00 5.727423e-01 -1.353415e+00 -3.281537e-01 1.195663e+00 -8.896647e-02 -9.245759e-01 -9.242592e-02 5.862113e-01 1.198124e-01 -4.916377e-02 2.358153e-02 3.139408e-01 2.517938e-01 -5.823200e-01 -1.343030e-01 3.766012e-01 9.205373e-02 -4.376784e-01 -2.276604e-04 3.805107e-01 4.408491e-02 -1.768165e-01 -2.978567e-02
<VARIANCE> 39
 6.138775e+00 9.607567e+00 1.865579e+01 2.375563e+01 2.701048e+01 1.740404e+01 3.766814e+01 3.138985e+01 4.646088e+01 3.755318e+01 3.383828e+01 3.321659e+01 1.544180e+00 1.544818e-01 5.159649e-01 6.043830e-01 1.832077e+00 7.393756e-01 1.711838e+00 1.007593e+00 2.247514e+00 1.165787e+00 1.864492e+00 1.028589e+00 1.293531e+00 8.478033e-03 2.364730e-02 5.254901e-02 1.008173e-01 1.224797e-01 2.853072e-01 1.528421e-01 3.759777e-01 1.781981e-01 3.358847e-01 2.003593e-01 2.674365e-01 1.680875e-01 8.554016e-04
<GCONST> 7.513218e+01
<STATE> 4
<MEAN> 39
 -4.105443e+00 -5.415358e+00 -1.636597e+00 -8.752236e+00 -4.065239e+00 -5.855679e+00 -1.671559e+00 -1.194578e+01 -4.646135e+00 -8.685220e+00 -2.576871e+00 -8.293656e+00 1.778421e+01 1.510086e-01 9.694192e-01 6.239462e-01 -7.276652e-01 4.267249e-01 -6.541651e-02 -6.296836e-01 -4.444290e-01 8.180646e-02 2.297282e-01 -1.766428e-01 5.023967e-02 -1.278719e-01 4.422369e-02 -6.868806e-02 -2.142889e-01 1.672087e-01 1.609957e-01 -6.842865e-02 -6.796982e-02 1.652360e-01 1.354489e-02 -1.166005e-01 1.014810e-02 7.499088e-02 -5.521339e-03
<VARIANCE> 39
 6.947005e+00 2.328737e+01 1.104461e+01 2.143086e+01 1.960912e+01 4.664616e+01 3.616339e+01 3.531849e+01 4.120600e+01 4.573033e+01 3.327620e+01 3.777550e+01 1.325411e+00 2.764374e-01 6.149344e-01 8.083841e-01 1.205940e+00 9.140544e-01 1.966775e+00 1.137696e+00 1.444047e+00 1.607375e+00 1.540522e+00 9.442949e-01 9.591004e-01 1.267367e-02 4.883204e-02 1.199577e-01 8.185901e-02 1.339169e-01 2.006683e-01 3.081788e-01 2.741121e-01 1.857767e-01 2.301558e-01 2.256871e-01 1.685925e-01 1.675440e-01 1.604544e-03
<GCONST> 7.851255e+01
<TRANSP> 5
 0.000000e+00 1.000000e+00 0.000000e+00 0.000000e+00 0.000000e+00
 0.000000e+00 8.983096e-01 1.016904e-01 0.000000e+00 0.000000e+00
 0.000000e+00 0.000000e+00 8.248847e-01 1.751153e-01 0.000000e+00
 0.000000e+00 0.000000e+00 0.000000e+00 8.843569e-01 1.156431e-01
 0.000000e+00 0.000000e+00 0.000000e+00 0.000000e+00 0.000000e+00
<ENDHMM>
~h "sil"
<BEGINHMM>
<NUMSTATES> 5
<STATE> 2
<MEAN> 39
 -6.782979e+00 -6.747853e+00 -5.112679e+00 -9.108891e+00 -7.872169e-03 -3.375502e+00 1.775400e-01 -8.537357e+00 -2.612308e+00 -5.764857e+00 5.595582e-01 -4.305749e+00 1.461652e+01 -3.781736e-02 -2.541477e-03 -3.462066e-03 3.259321e-02 4.059893e-02 2.628012e-02 4.874307e-02 4.270707e-03 -1.801811e-02 5.860931e-03 1.537291e-02 1.213122e-02 -1.229883e-02 -2.587014e-02 -3.340296e-02 -7.331038e-02 -1.088961e-01 -1.200135e-01 -1.176153e-01 -6.179367e-02 -8.747713e-03 -2.239882e-02 1.051676e-02 3.749152e-02 3.026847e-02 1.905944e-03
<VARIANCE> 39
 3.617805e+00 4.347035e+00 6.005399e+00 7.598488e+00 1.192820e+01 1.364491e+01 1.466465e+01 1.632905e+01 1.576386e+01 1.373805e+01 1.579065e+01 1.311846e+01 1.165822e+00 7.832436e-02 1.588152e-01 2.708170e-01 3.725107e-01 4.934942e-01 6.561437e-01 6.806178e-01 7.133881e-01 6.939774e-01 5.753731e-01 6.356747e-01 5.634094e-01 5.013042e-03 1.094776e-02 2.405756e-02 4.041991e-02 5.007276e-02 7.037611e-02 1.013320e-01 1.067593e-01 1.304393e-01 1.118015e-01 9.222942e-02 1.051280e-01 9.906837e-02 6.352650e-04
<GCONST> 4.375477e+01
<STATE> 3
~s "silst"
<STATE> 4
<MEAN> 39
 -7.599230e+00 -7.340601e+00 -6.608618e+00 -1.117316e+01 -2.178261e+00 -5.399590e+00 -9.997300e-01 -8.642709e+00 -2.703512e+00 -5.401748e+00 1.454063e+00 -3.841990e+00 1.448343e+01 -3.253254e-03 7.385727e-03 -2.690450e-02 -2.776990e-02 -5.308031e-02 -2.021828e-02 -6.051173e-02 -7.302541e-03 -3.254118e-03 -6.276275e-03 -1.980971e-02 -1.909580e-02 -8.184634e-05 3.824381e-02 5.788036e-02 9.509534e-02 1.261787e-01 1.328788e-01 1.266162e-01 6.174764e-02 1.573391e-02 2.631076e-02 -1.739423e-02 -5.623814e-02 -4.042257e-02 8.596112e-03
<VARIANCE> 39
 3.526194e+00 4.153880e+00 6.410612e+00 7.832325e+00 1.126302e+01 1.257463e+01 1.497494e+01 1.594291e+01 1.767601e+01 1.532930e+01 1.513595e+01 1.339841e+01 9.982156e-01 7.718813e-02 1.684391e-01 2.881152e-01 4.166749e-01 5.056081e-01 6.762632e-01 5.954307e-01 7.421587e-01 7.101237e-01 6.072699e-01 7.001837e-01 6.123565e-01 3.253406e-03 1.431381e-02 2.892059e-02 4.220136e-02 5.698667e-02 7.290016e-02 1.084609e-01 1.039955e-01 1.280815e-01 1.330691e-01 1.059497e-01 1.175511e-01 1.099453e-01 1.087358e-03
<GCONST> 4.543747e+01
<TRANSP> 5
 0.000000e+00 1.000000e+00 0.000000e+00 0.000000e+00 0.000000e+00
 0.000000e+00 7.689949e-01 2.421972e-02 2.067853e-01 0.000000e+00
 0.000000e+00 0.000000e+00 8.274652e-01 1.725348e-01 0.000000e+00
 0.000000e+00 1.873526e-01 0.000000e+00 7.429389e-01 6.970850e-02
 0.000000e+00 0.000000e+00 0.000000e+00 0.000000e+00 0.000000e+00
<ENDHMM>
~h "six"
<BEGINHMM>
<NUMSTATES> 5
<STATE> 2
<MEAN> 39
 -8.683179e+00 -4.257748e+00 -6.989708e+00 -8.732960e+00 -3.097421e+00 -4.234304e+00 -1.959065e+00 -8.232379e+00 -3.552633e+00 -4.006909e+00 1.243466e-01 -3.143961e+00 1.495266e+01 6.796511e-01 6.791074e-01 1.201728e+00 -1.381710e+00 -1.157174e+00 -1.212176e+00 4.107323e-02 -1.334553e-01 4.208118e-01 3.496383e-01 -5.170334e-01 -4.729408e-01 6.299607e-01 6.689804e-02 1.148744e-01 2.267282e-01 -4.788839e-01 -2.792724e-01 -1.694240e-01 4.331044e-02 7.595523e-02 2.039946e-01 5.697985e-04 -1.367000e-01 -2.378815e-01 1.450140e-01
<VARIANCE> 39
 7.477851e+00 7.797940e+00 1.270057e+01 1.147773e+01 1.901220e+01 2.001820e+01 1.518098e+01 1.807039e+01 2.003549e+01 2.963459e+01 1.917755e+01 1.709037e+01 1.867326e+00 3.582068e-01 4.709831e-01 8.829230e-01 1.147747e+00 1.075006e+00 1.323303e+00 1.003817e+00 8.101537e-01 1.418723e+00 2.237214e+00 1.075480e+00 1.323011e+00 7.677441e-02 6.203998e-02 5.631736e-02 1.156664e-01 9.794328e-02 2.032733e-01 2.091576e-01 1.477666e-01 1.766682e-01 1.850585e-01 2.379318e-01 1.708844e-01 1.682961e-01 8.854637e-03
<GCONST> 7.406545e+01
<STATE> 3
<MEAN> 39
 -6.470895e+00 -1.099818e+00 -8.569195e-01 -2.012132e+01 -7.860817e+00 -8.735531e+00 -2.436769e+00 -6.380346e+00 2.466070e-01 -3.795186e+00 -2.524512e+00 -7.321803e+00 1.832898e+01 2.409311e-02 -8.682721e-02 2.209005e-01 -2.817346e-01 3.754117e-01 2.131068e-01 -2.750247e-01 1.720219e-01 3.744436e-02 -1.962047e-01 1.702741e-01 7.193609e-03 -4.778324e-02 -5.674656e-02 -2.052454e-01 -2.669503e-01 4.876323e-01 2.882120e-01 2.212073e-01 6.797094e-02 -9.107813e-02 -1.466956e-01 -5.877539e-02 1.515988e-01 1.659624e-01 -1.670591e-01
<VARIANCE> 39
 7.692143e+00 9.747885e+00 1.662969e+01 2.305778e+01 5.850704e+01 3.110738e+01 3.719504e+01 2.460411e+01 3.462942e+01 5.833779e+01 3.542990e+01 3.743089e+01 1.432419e+00 3.495798e-01 6.525996e-01 1.075554e+00 3.229403e+00 2.397175e+00 1.760748e+00 1.734449e+00 1.341336e+00 1.887746e+00 2.010844e+00 1.867452e+00 1.897126e+00 2.937849e-01 6.819957e-02 6.606989e-02 1.609268e-01 2.258998e-01 3.061823e-01 3.193524e-01 3.835989e-01 2.241296e-01 2.868536e-01 3.401668e-01 2.636270e-01 2.553142e-01 1.166319e-02
<GCONST> 9.188291e+01
<STATE> 4
<MEAN> 39
 -6.563028e+00 -6.248683e+00 -4.680872e+00 -1.081214e+01 -1.002010e+00 -3.978822e+00 -1.435513e+00 -8.753968e+00 -2.164221e+00 -5.868210e+00 1.164198e+00 -4.220224e+00 1.475300e+01 -2.336267e-01 -9.110551e-01 -1.005324e+00 1.461884e+00 4.138183e-01 4.084448e-01 9.076942e-01 -4.571048e-01 -2.820452e-01 -4.058847e-02 2.005949e-01 2.988228e-01 -4.645359e-01 -1.053022e-01 1.689358e-01 2.071445e-01 -4.381283e-01 -3.787744e-01 -1.607952e-01 -8.516400e-02 1.722071e-01 1.161204e-01 1.035649e-01 -1.795936e-01 -1.430263e-01 1.499686e-01
<VARIANCE> 39
 3.292203e+00 5.440886e+00 9.445483e+00 1.107061e+01 1.464011e+01 1.564928e+01 1.950556e+01 1.858439e+01 1.688017e+01 1.706351e+01 1.862083e+01 1.491661e+01 1.491519e+00 2.673905e-01 4.866585e-01 8.965446e-01 1.309452e+00 2.110302e+00 1.651619e+00 1.602787e+00 1.249554e+00 1.214196e+00 1.204864e+00 1.177961e+00 1.023272e+00 7.933295e-02 3.888036e-02 6.514278e-02 1.378322e-01 1.468800e-01 2.331656e-01 1.805111e-01 2.655314e-01 1.923622e-01 1.854448e-01 1.735372e-01 1.976780e-01 1.825095e-01 5.796521e-03
<GCONST> 7.239722e+01
<TRANSP> 5
 0.000000e+00 1.000000e+00 0.000000e+00 0.000000e+00 0.000000e+00
 0.000000e+00 7.185274e-01 2.814726e-01 0.000000e+00 0.000000e+00
 0.000000e+00 0.000000e+00 8.891447e-01 1.108552e-01 0.000000e+00
 0.000000e+00 0.000000e+00 0.000000e+00 7.504345e-01 2.495655e-01
 0.000000e+00 0.000000e+00 0.000000e+00 0.000000e+00 0.000000e+00
<ENDHMM>
~h "two"
<BEGINHMM>
<NUMSTATES> 5
<STATE> 2
<MEAN> 39
 -1.095845e+01 -3.268332e+00 -6.723499e+00 -1.062408e+01 -9.787077e-01 -3.866304e+00 -1.962067e+00 -7.508100e+00 -2.326375e+00 -5.680711e+00 1.128423e+00 -3.371647e+00 1.506390e+01 5.065401e-01 6.186428e-01 1.014518e+00 -5.887104e-01 -2.662204e-01 -3.644770e-01 -4.634737e-01 -2.129430e-01 7.161881e-02 -5.543464e-02 -2.287003e-01 -3.620691e-01 3.244907e-01 2.970568e-01 6.408238e-02 2.880007e-01 -1.312904e-01 -2.118688e-01 -2.432523e-01 -1.185985e-01 -1.271566e-01 -2.633361e-02 2.774210e-03 -7.906071e-02 -1.702734e-01 9.393033e-02
<VARIANCE> 39
 8.834560e+00 8.090467e+00 1.268675e+01 1.231399e+01 1.844425e+01 2.274720e+01 1.921416e+01 2.112728e+01 2.144067e+01 2.399834e+01 2.472670e+01 1.985350e+01 9.028555e-01 1.367991e+00 5.605546e-01 1.276245e+00 8.302172e-01 1.349215e+00 1.288322e+00 9.890882e-01 1.190169e+00 1.171664e+00 1.294007e+00 1.875243e+00 1.105456e+00 7.280747e-02 1.264216e-01 1.094253e-01 1.343143e-01 1.307788e-01 2.277702e-01 1.980926e-01 1.761011e-01 2.234729e-01 2.274789e-01 2.033023e-01 3.598576e-01 1.595310e-01 7.841312e-03
<GCONST> 7.897845e+01
<STATE> 3
<MEAN> 39
 -4.601854e+00 1.269602e+00 1.860903e+00 -1.552066e+01 -6.951161e+00 -9.943066e+00 -6.700883e+00 -1.043952e+01 -2.408163e+00 -5.176628e+00 -1.124362e+00 -7.306908e+00 1.840672e+01 6.637753e-01 5.437051e-01 7.427505e-01 -5.414045e-01 -1.162952e+00 -1.105880e+00 -5.670486e-01 -2.813607e-01 -6.589010e-02 1.260107e-01 -2.156918e-01 -6.239381e-01 4.514641e-01 -2.501563e-01 -2.350206e-01 -4.262478e-01 2.989770e-01 2.728540e-01 2.324963e-01 2.358674e-01 1.461093e-01 -1.897206e-02 -9.828649e-03 1.532722e-01 1.828508e-01 -1.450969e-01
<VARIANCE> 39
 7.462783e+00 8.106116e+00 1.363378e+01 2.232786e+01 3.964405e+01 2.561190e+01 2.821845e+01 2.453402e+01 3.158100e+01 5.527660e+01 4.393048e+01 4.851588e+01 1.036635e+00 5.677009e-01 6.281186e-01 9.859830e-01 1.463992e+00 1.293265e+00 1.206028e+00 1.681345e+00 1.515884e+00 1.844904e+00 1.989563e+00 2.390571e+00 1.875255e+00 8.953751e-02 6.149909e-02 5.350175e-02 8.131292e-02 1.250165e-01 2.045060e-01 1.805370e-01 2.040829e-01 1.910071e-01 2.121191e-01 2.734981e-01 2.891985e-01 2.222009e-01 6.521066e-03
<GCONST> 8.375624e+01
<STATE> 4
<MEAN> 39
 -3.233437e+00 -5.729090e-02 -4.401394e-02 -1.366197e+01 -7.122153e+00 -1.157423e+01 -5.646058e+00 -9.635946e+00 -2.711062e+00 -5.308180e+00 -1.585025e-01 -7.597945e+00 1.823969e+01 1.668844e-01 -2.230917e-01 -2.386507e-01 5.386068e-01 3.371045e-01 8.594178e-02 9.874657e-02 -5.503127e-02 -1.924763e-01 -8.644225e-02 7.783660e-02 1.595487e-01 -1.201007e-01 -4.358910e-02 -3.794397e-02 -2.656153e-02 2.438179e-02 9.557042e-02 1.093793e-01 5.193113e-02 5.002814e-03 2.015413e-02 1.259716e-03 -5.761871e-03 4.456169e-02 -3.521721e-02
<VARIANCE> 39
 5.895720e+00 7.956184e+00 1.253971e+01 2.981854e+01 3.400509e+01 2.156759e+01 3.316208e+01 3.370634e+01 3.984742e+01 4.293847e+01 5.472951e+01 4.156105e+01 1.359737e+00 1.336892e-01 1.530604e-01 3.769312e-01 6.211821e-01 9.129303e-01 8.561359e-01 8.809757e-01 1.029108e+00 9.039668e-01 9.880860e-01 1.046033e+00 9.316620e-01 1.452475e-02 2.163151e-02 2.515974e-02 5.075047e-02 8.855302e-02 1.056755e-01 1.240937e-01 1.293084e-01 1.601973e-01 1.488064e-01 1.527156e-01 1.592950e-01 1.459148e-01 2.344263e-03
<GCONST> 6.575791e+01
<TRANSP> 5
 0.000000e+00 1.000000e+00 0.000000e+00 0.000000e+00 0.000000e+00
 0.000000e+00 8.205943e-01 1.794058e-01 0.000000e+00 0.000000e+00
 0.000000e+00 0.000000e+00 7.671075e-01 2.328925e-01 0.000000e+00
 0.000000e+00 0.000000e+00 0.000000e+00 9.014127e-01 9.858727e-02
 0.000000e+00 0.000000e+00 0.000000e+00 0.000000e+00 0.000000e+00
<ENDHMM>
~h "nine"
<BEGINHMM>
<NUMSTATES> 5
<STATE> 2
<MEAN> 39
 -4.469613e+00 -4.321299e+00 -2.080685e+00 -8.923485e+00 -3.035368e+00 -6.192769e+00 -1.516138e+00 -1.117497e+01 -5.008210e+00 -8.078840e+00 -2.947178e+00 -7.809768e+00 1.756821e+01 -1.373312e-01 -6.732011e-01 -2.215787e-01 4.958029e-01 -4.931687e-01 1.731723e-01 3.881766e-01 -1.973524e-01 -3.944820e-02 -1.524272e-01 -1.780301e-01 -1.448787e-01 2.491526e-01 -3.840530e-02 -1.262721e-01 -7.488112e-02 1.145659e-01 1.833252e-02 -6.607136e-03 3.854095e-02 3.138168e-02 9.765748e-03 6.355461e-03 7.994675e-02 3.485209e-02 -1.056517e-02
<VARIANCE> 39
 8.940267e+00 2.038130e+01 1.533106e+01 1.683603e+01 2.863113e+01 2.887117e+01 3.201527e+01 2.750888e+01 4.720864e+01 3.538983e+01 3.016313e+01 3.277719e+01 2.304284e+00 5.318775e-01 1.578737e+00 1.145027e+00 1.117547e+00 1.137606e+00 1.424527e+00 1.645625e+00 1.277730e+00 1.528925e+00 1.154380e+00 1.245967e+00 1.038497e+00 3.757579e-02 6.492908e-02 1.814197e-01 1.346259e-01 1.401193e-01 2.020052e-01 2.218747e-01 2.431404e-01 1.863323e-01 1.997649e-01 1.612351e-01 1.738755e-01 1.449599e-01 4.939983e-03
<GCONST> 8.289026e+01
<STATE> 3
<MEAN> 39
 -6.290587e+00 -1.167303e+01 -4.987211e+00 -2.493131e+00 -5.655574e+00 -5.431716e+00 1.785276e+00 -1.126514e+01 -5.678979e+00 -9.068552e+00 -1.604776e+00 -7.685177e+00 1.862176e+01 -1.082546e-01 6.584585e-02 2.330336e-01 -2.054006e-01 -4.688974e-02 2.054690e-01 -7.338554e-02 -1.009318e-01 1.717071e-01 6.970605e-02 -3.999889e-02 3.044415e-02 -1.980004e-02 -2.992667e-03 1.878723e-01 7.741706e-02 -2.486223e-01 3.303617e-02 8.098631e-02 -1.012113e-01 -1.936396e-03 8.307603e-02 -5.388882e-03 -7.942247e-02 2.507183e-02 -1.439796e-02
<VARIANCE> 39
 7.197980e+00 8.451513e+00 2.463044e+01 3.136939e+01 1.880464e+01 3.042562e+01 3.088253e+01 3.410221e+01 4.310459e+01 4.184180e+01 2.805869e+01 3.031918e+01 1.011873e+00 8.114977e-02 3.212804e-01 4.020925e-01 1.031994e+00 4.633791e-01 6.109974e-01 5.232021e-01 4.996178e-01 6.120791e-01 6.482528e-01 6.582806e-01 5.176430e-01 4.581089e-03 1.054582e-02 2.931953e-02 3.925582e-02 5.256572e-02 6.928822e-02 6.527022e-02 7.263353e-02 7.667796e-02 7.950249e-02 8.554905e-02 7.634094e-02 7.776388e-02 3.925021e-04
<GCONST> 5.266843e+01
<STATE> 4
<MEAN> 39
 -6.218768e+00 -3.173935e+00 -1.624565e+00 -1.203678e+01 -1.903276e+00 -4.490442e+00 -3.313970e+00 -1.019639e+01 -2.792622e+00 -8.219490e+00 -3.087974e+00 -6.512069e+00 1.789944e+01 3.931895e-01 8.493609e-01 1.535769e-01 -3.096321e-01 5.438559e-01 -4.755006e-01 -4.736717e-01 3.273839e-01 -1.991418e-01 5.492425e-02 9.752524e-02 5.330423e-02 -1.226740e-01 4.357300e-02 -1.235642e-01 -3.721596e-02 2.354728e-01 -1.478748e-02 -7.301811e-02 1.047326e-01 -3.501999e-02 -1.089062e-01 2.563392e-02 7.957417e-02 -2.932598e-02 -1.027039e-02
<VARIANCE> 39
 1.145280e+01 2.010591e+01 1.220137e+01 2.401866e+01 3.582207e+01 3.414936e+01 3.366057e+01 2.992045e+01 4.905721e+01 3.962018e+01 3.857101e+01 4.244806e+01 1.076261e+00 4.062091e-01 9.275742e-01 5.741491e-01 1.873527e+00 1.354182e+00 1.383208e+00 1.360839e+00 1.284885e+00 1.675343e+00 1.184670e+00 1.059391e+00 1.024034e+00 9.887544e-03 5.706269e-02 9.913342e-02 8.654651e-02 1.494516e-01 1.941789e-01 2.405361e-01 1.805348e-01 1.979211e-01 2.316268e-01 1.955597e-01 1.707190e-01 1.415348e-01 1.008955e-03
<GCONST> 7.866671e+01
<TRANSP> 5
 0.000000e+00 1.000000e+00 0.000000e+00 0.000000e+00 0.000000e+00
 0.000000e+00 8.954856e-01 1.045144e-01 0.000000e+00 0.000000e+00
 0.000000e+00 0.000000e+00 9.109164e-01 8.908352e-02 0.000000e+00
 0.000000e+00 0.000000e+00 0.000000e+00 8.981069e-01 1.018931e-01
 0.000000e+00 0.000000e+00 0.000000e+00 0.000000e+00 0.000000e+00
<ENDHMM>
~h "five"
<BEGINHMM>
<NUMSTATES> 5
<STATE> 2
<MEAN> 39
 -4.178140e+00 -1.134254e+01 -1.006745e+01 -8.262485e+00 4.872919e-01 -8.133532e+00 3.466599e-01 -4.673626e+00 -5.247093e+00 -7.947803e+00 -1.818712e+00 -4.905722e+00 1.797615e+01 3.621437e-01 -1.175321e+00 -7.172654e-01 7.824727e-01 5.141870e-01 -6.409905e-01 3.323383e-01 4.001192e-01 -7.480602e-01 -2.212286e-01 -3.005621e-01 -5.204519e-03 5.643628e-01 -1.909656e-01 2.494473e-02 1.750061e-01 9.172438e-02 -1.344340e-02 1.043035e-01 2.999239e-02 -2.037630e-01 2.559774e-02 1.384303e-01 1.593282e-01 4.972462e-02 -7.409589e-02
<VARIANCE> 39
 1.085557e+01 1.965924e+01 2.370904e+01 1.674699e+01 1.900317e+01 2.061126e+01 2.526849e+01 5.152976e+01 3.221568e+01 2.802953e+01 2.497619e+01 1.990553e+01 4.367878e+00 7.731243e-01 5.612248e-01 1.172286e+00 9.069550e-01 7.891716e-01 9.864234e-01 9.740741e-01 2.246292e+00 1.725345e+00 1.724634e+00 1.363510e+00 1.026885e+00 1.227632e-01 9.457817e-02 1.335506e-01 1.780170e-01 1.234618e-01 1.362261e-01 1.447406e-01 1.544396e-01 3.007725e-01 2.737643e-01 1.932732e-01 1.759804e-01 1.403595e-01 2.819583e-02
<GCONST> 8.435046e+01
<STATE> 3
<MEAN> 39
 -5.809446e+00 -1.545244e+01 -8.556184e+00 -3.643863e+00 1.425902e+00 -9.175193e+00 2.534832e+00 -7.496830e+00 -7.217836e+00 -5.455370e+00 -4.663679e-01 -4.503229e+00 1.904693e+01 -1.661214e-01 8.371672e-02 4.906833e-01 -2.574954e-01 -2.713499e-01 4.343473e-01 6.884465e-02 -3.989121e-01 2.710416e-02 3.039071e-01 6.112431e-02 -8.455841e-02 -4.852933e-02 4.021094e-02 1.144370e-01 1.143975e-02 -1.967195e-01 -5.495811e-02 9.328336e-02 -2.900561e-02 2.470119e-02 5.654249e-02 -4.899347e-02 -7.774059e-02 -1.875427e-02 -1.498810e-02
<VARIANCE> 39
 9.174241e+00 9.379661e+00 2.484581e+01 2.081428e+01 1.875034e+01 2.311815e+01 1.751833e+01 3.905666e+01 4.700890e+01 4.450257e+01 2.689144e+01 2.552016e+01 1.356920e+00 8.788548e-02 1.530779e-01 2.696566e-01 6.340243e-01 4.960059e-01 5.514522e-01 4.976503e-01 4.933083e-01 6.132652e-01 5.707070e-01 5.685390e-01 4.732507e-01 5.857525e-03 1.174301e-02 2.421160e-02 3.031072e-02 4.809530e-02 5.120986e-02 5.160589e-02 5.703504e-02 6.415887e-02 8.528899e-02 8.423938e-02 6.651252e-02 7.042388e-02 9.077559e-04
<GCONST> 4.963803e+01
<STATE> 4
<MEAN> 39
 -5.752608e+00 -9.409678e+00 -3.941325e+00 -1.391095e+01 -3.281007e+00 -2.813559e+00 1.869936e+00 -8.422614e+00 -4.205010e+00 -5.238796e+00 -2.265965e+00 -5.520339e+00 1.830211e+01 2.169785e-01 1.206782e+00 3.703305e-01 -6.418415e-01 -3.922745e-01 -1.027191e-01 -3.102345e-01 2.566906e-01 5.542891e-01 -2.123448e-01 -7.208266e-02 -8.901910e-02 -2.459620e-01 -1.746515e-02 -2.161564e-02 -5.271397e-02 3.437227e-01 1.402825e-01 -1.802802e-01 -6.276455e-02 -1.005233e-02 -4.290107e-02 1.677165e-02 1.215701e-01 3.983944e-02 -4.834519e-02
<VARIANCE> 39
 7.867523e+00 2.309204e+01 1.221072e+01 3.191469e+01 4.211967e+01 1.957504e+01 2.462958e+01 3.666104e+01 5.312044e+01 2.795938e+01 2.708158e+01 3.009076e+01 1.837476e+00 2.146210e-01 4.987089e-01 5.737350e-01 2.637262e+00 1.470858e+00 1.620963e+00 9.744182e-01 1.331201e+00 1.638501e+00 1.337532e+00 1.268734e+00 9.162499e-01 4.136153e-02 4.304750e-02 9.685328e-02 7.583942e-02 2.402890e-01 2.361705e-01 2.300480e-01 1.663368e-01 2.294320e-01 2.225664e-01 1.790858e-01 2.066344e-01 1.646876e-01 4.442952e-03
<GCONST> 8.035539e+01
<TRANSP> 5
 0.000000e+00 1.000000e+00 0.000000e+00 0.000000e+00 0.000000e+00
 0.000000e+00 8.481140e-01 1.518860e-01 0.000000e+00 0.000000e+00
 0.000000e+00 0.000000e+00 9.124671e-01 8.753291e-02 0.000000e+00
 0.000000e+00 0.000000e+00 0.000000e+00 8.642325e-01 1.357675e-01
 0.000000e+00 0.000000e+00 0.000000e+00 0.000000e+00 0.000000e+00
<ENDHMM>
~h "four"
<BEGINHMM>
<NUMSTATES> 5
<STATE> 2
<MEAN> 39
 -6.749430e+00 -6.547631e+00 -5.530884e+00 -9.758218e+00 -1.578332e+00 -5.556628e+00 -1.216704e+00 -8.398840e+00 -2.002862e+00 -5.575157e+00 9.723352e-01 -4.273106e+00 1.536056e+01 1.570457e+00 5.369272e-01 -9.037519e-01 -8.587911e-01 -3.064523e-01 -5.349715e-01 -6.946806e-01 -1.924036e-01 1.939988e-01 2.014365e-01 -3.441382e-01 -4.874177e-01 6.440249e-01 3.500695e-01 1.254556e-01 -3.368868e-01 -3.171906e-01 -5.843306e-02 -6.937223e-03 -8.038305e-02 -1.770392e-02 2.267133e-03 5.405082e-02 -7.898733e-02 -1.320769e-01 1.430755e-01
<VARIANCE> 39
 7.605711e+00 5.412382e+00 5.412377e+00 7.831807e+00 1.003420e+01 1.245417e+01 1.450915e+01 1.363749e+01 1.606176e+01 1.350113e+01 1.609386e+01 1.222068e+01 1.727635e+00 5.130805e-01 4.338518e-01 6.018038e-01 7.388149e-01 7.134190e-01 9.068571e-01 7.507712e-01 8.223004e-01 1.016973e+00 1.087320e+00 1.524315e+00 1.227781e+00 5.779267e-02 6.782467e-02 5.343571e-02 6.064485e-02 8.256020e-02 1.013006e-01 1.525872e-01 1.212014e-01 1.516007e-01 1.398903e-01 1.608733e-01 1.994344e-01 1.872161e-01 7.161955e-03
<GCONST> 6.400632e+01
<STATE> 3
<MEAN> 39
 1.596507e+00 -3.480307e+00 -1.216687e+01 -1.704970e+01 -4.000865e+00 -6.177215e+00 -3.167109e+00 -8.953088e+00 -1.398900e+00 -3.856017e+00 4.296444e-01 -6.775875e+00 1.891435e+01 3.036914e-01 -1.867717e-01 -3.246677e-01 -3.692055e-02 7.412115e-02 -1.811446e-02 -2.192010e-01 1.749661e-01 3.532567e-01 9.303335e-02 -2.296688e-01 -2.201555e-01 1.428301e-01 -1.735042e-01 -1.542075e-01 1.499225e-01 2.361370e-01 3.835454e-02 -3.653778e-02 3.799222e-02 1.109212e-01 4.731098e-02 -8.558881e-02 -5.581243e-02 5.674233e-02 -6.754562e-02
<VARIANCE> 39
 4.139221e+00 1.026547e+01 9.598837e+00 1.373073e+01 2.439458e+01 1.715045e+01 1.857323e+01 1.714567e+01 2.362455e+01 2.482041e+01 3.809585e+01 3.757055e+01 1.087321e+00 5.220714e-01 7.270496e-01 6.851422e-01 1.213633e+00 9.697751e-01 7.717403e-01 9.086361e-01 9.567091e-01 1.309216e+00 1.175200e+00 1.338171e+00 1.241877e+00 9.285817e-02 4.949439e-02 4.573340e-02 9.588253e-02 8.014530e-02 1.357985e-01 1.434429e-01 1.560625e-01 1.411981e-01 1.814868e-01 1.920435e-01 1.991496e-01 1.869994e-01 7.208220e-03
<GCONST> 7.251831e+01
<STATE> 4
<MEAN> 39
 -2.658492e-01 -1.130987e+01 -7.977982e+00 -8.561524e+00 -5.377215e+00 -8.944819e+00 -2.201980e+00 -4.232438e+00 6.462781e-01 -7.567048e+00 -3.909680e+00 -7.362142e+00 1.854908e+01 -5.527830e-01 -3.235158e-02 1.188482e+00 5.176943e-01 -5.918590e-01 2.945060e-02 6.830884e-01 -1.587789e-01 -6.804438e-01 -3.919789e-01 1.340363e-01 2.575897e-01 -2.039328e-01 -8.726031e-02 3.019758e-01 6.292610e-04 -2.178391e-01 1.358080e-01 2.153696e-01 1.403790e-02 -2.457468e-01 -1.509957e-01 1.212463e-01 1.773835e-01 3.068248e-02 -5.096858e-02
<VARIANCE> 39
 6.989284e+00 1.431449e+01 2.849839e+01 1.842305e+01 4.717987e+01 3.737895e+01 3.524715e+01 3.892188e+01 4.504519e+01 3.449852e+01 3.468204e+01 3.194116e+01 1.578239e+00 2.193728e-01 1.523594e+00 6.632617e-01 1.663601e+00 2.091001e+00 2.163187e+00 1.565984e+00 2.596794e+00 1.820183e+00 1.725802e+00 1.796185e+00 1.076625e+00 4.096447e-02 2.920068e-02 9.483941e-02 1.879086e-01 1.662958e-01 4.425429e-01 3.014601e-01 3.549843e-01 3.383918e-01 3.790765e-01 2.796678e-01 3.072194e-01 2.166490e-01 3.209604e-03
<GCONST> 8.839998e+01
<TRANSP> 5
 0.000000e+00 1.000000e+00 0.000000e+00 0.000000e+00 0.000000e+00
 0.000000e+00 7.026698e-01 2.973302e-01 0.000000e+00 0.000000e+00
 0.000000e+00 0.000000e+00 9.182522e-01 8.174781e-02 0.000000e+00
 0.000000e+00 0.000000e+00 0.000000e+00 8.713982e-01 1.286019e-01
 0.000000e+00 0.000000e+00 0.000000e+00 0.000000e+00 0.000000e+00
<ENDHMM>
~h "zero"
<BEGINHMM>
<NUMSTATES> 5
<STATE> 2
<MEAN> 39
 -6.853826e+00 -1.897711e+00 -4.587576e+00 -7.679299e+00 -2.512614e+00 -4.670109e+00 -2.830798e+00 -8.907279e+00 -3.636167e+00 -4.170692e+00 1.337517e-01 -4.374905e+00 1.565213e+01 2.806341e-01 1.045220e+00 9.708019e-01 -1.154911e+00 -8.271496e-01 -1.404189e+00 -6.262795e-01 -6.009224e-01 3.209921e-01 3.346030e-01 -1.323155e-01 -2.387817e-01 4.904228e-01 3.797575e-02 9.697022e-02 1.844380e-01 -3.602811e-01 -1.736138e-01 -2.333752e-01 3.189424e-03 -2.381219e-02 1.693612e-01 1.449264e-03 3.102401e-02 -8.994135e-02 9.283447e-02
<VARIANCE> 39
 6.897501e+00 1.045304e+01 1.552997e+01 1.461576e+01 2.098406e+01 2.209933e+01 1.923596e+01 1.977284e+01 2.957423e+01 2.444452e+01 2.237112e+01 1.991183e+01 1.479804e+00 3.156317e-01 4.249147e-01 7.568086e-01 9.352530e-01 8.452944e-01 1.288269e+00 9.701244e-01 1.180330e+00 1.341052e+00 9.783590e-01 1.203802e+00 1.528005e+00 4.251111e-02 4.659223e-02 1.027155e-01 1.271818e-01 1.079929e-01 1.312029e-01 2.170004e-01 1.590095e-01 1.926841e-01 1.620772e-01 1.501645e-01 1.803361e-01 1.680615e-01 6.423864e-03
<GCONST> 7.318980e+01
<STATE> 3
<MEAN> 39
 -5.561449e+00 3.168582e-01 9.437981e-01 -1.693467e+01 -7.856353e+00 -9.191452e+00 -4.572953e+00 -8.444719e+00 1.729637e-01 -3.747878e+00 1.709760e-01 -6.830127e+00 1.840701e+01 3.373664e-01 -7.420360e-01 4.422881e-01 -1.718576e-01 -1.080067e+00 2.623731e-01 2.049061e-01 1.948139e-01 3.210900e-01 -7.720366e-02 4.337098e-02 -1.248702e-01 1.664865e-01 5.148066e-02 -2.691458e-01 -1.736282e-01 3.716361e-01 1.644732e-02 1.357716e-01 1.949528e-01 5.558284e-02 -8.657654e-02 -4.434938e-02 -1.244914e-02 7.146955e-02 -6.442946e-02
<VARIANCE> 39
 7.430167e+00 2.060515e+01 1.739138e+01 2.628863e+01 5.927402e+01 4.049369e+01 3.221779e+01 4.420953e+01 3.111655e+01 3.033346e+01 3.453350e+01 5.111634e+01 1.093683e+00 4.425144e-01 1.627667e+00 8.040472e-01 2.616010e+00 1.742119e+00 2.530106e+00 1.684848e+00 1.421215e+00 1.341288e+00 1.178513e+00 1.107587e+00 1.320858e+00 6.307007e-02 5.152176e-02 1.128718e-01 1.260574e-01 1.802849e-01 2.453596e-01 4.090597e-01 2.257576e-01 2.479061e-01 2.121018e-01 1.746659e-01 1.724568e-01 2.174460e-01 4.556267e-03
<GCONST> 8.705692e+01
<STATE> 4
<MEAN> 39
 -1.604736e+00 -1.051305e+01 -4.388984e+00 -9.816940e+00 -9.687088e+00 -8.037269e+00 5.589896e-01 -4.106472e+00 -1.749582e-01 -6.699329e+00 -1.003790e+00 -5.666581e+00 1.854231e+01 8.298522e-02 1.084411e-02 -5.495415e-01 1.636983e-01 6.660919e-01 -1.770523e-01 -1.617758e-02 2.072920e-01 -6.445004e-02 -1.487450e-01 -9.264459e-02 -7.439292e-03 -5.365184e-02 -5.978681e-02 1.431625e-01 6.299902e-02 -8.616758e-02 8.705504e-02 4.103662e-02 -9.756756e-02 -8.202641e-02 -2.057311e-02 3.422411e-02 2.039875e-02 -8.779233e-03 -1.775671e-02
<VARIANCE> 39
 6.464780e+00 1.774361e+01 2.653179e+01 2.680275e+01 6.271558e+01 5.437541e+01 3.558149e+01 3.644390e+01 4.418871e+01 3.497244e+01 2.490714e+01 3.291756e+01 1.494770e+00 2.247543e-01 8.381540e-01 6.306424e-01 1.038312e+00 1.227770e+00 1.669769e+00 1.529557e+00 1.766642e+00 1.573389e+00 1.377162e+00 1.023343e+00 9.265208e-01 1.576886e-02 2.391032e-02 3.502352e-02 7.642673e-02 1.110459e-01 1.911738e-01 2.326898e-01 1.870196e-01 1.959389e-01 2.165283e-01 1.823186e-01 1.466871e-01 1.334448e-01 1.766805e-03
<GCONST> 7.715457e+01
<TRANSP> 5
 0.000000e+00 1.000000e+00 0.000000e+00 0.000000e+00 0.000000e+00
 0.000000e+00 7.339551e-01 2.660449e-01 0.000000e+00 0.000000e+00
 0.000000e+00 0.000000e+00 8.922352e-01 1.077648e-01 0.000000e+00
 0.000000e+00 0.000000e+00 0.000000e+00 9.397932e-01 6.020684e-02
 0.000000e+00 0.000000e+00 0.000000e+00 0.000000e+00 0.000000e+00
<ENDHMM>
