~o
<STREAMINFO> 1 39
<VECSIZE> 39<NULLD><MFCC_E_D_A><DIAGC>
~h "eight"
<BEGINHMM>
<NUMSTATES> 5
<STATE> 2
<MEAN> 39
 -7.524250e+00 -3.425477e+00 -5.693403e+00 -1.668126e+01 -6.472232e-01 -5.182421e+00 5.464617e-01 -6.746661e+00 -1.554756e+00 -6.763820e+00 -1.027579e+00 -5.331582e+00 1.714911e+01 -1.900200e-01 7.575284e-01 -8.186720e-02 -7.814756e-01 3.923819e-02 -4.145836e-01 5.498356e-02 2.968001e-01 3.011550e-01 4.553852e-02 -9.449609e-02 -9.567280e-02 2.139843e-01 3.509385e-02 8.254591e-02 1.092661e-02 8.963287e-02 -4.104007e-02 -1.680771e-01 -8.082497e-02 -2.284085e-02 2.705563e-02 6.061808e-02 5.858065e-02 -4.580873e-03 3.466631e-03
<VARIANCE> 39
 1.075577e+01 2.305833e+01 1.835777e+01 3.944753e+01 4.045810e+01 2.353714e+01 2.441503e+01 2.433811e+01 3.137293e+01 2.547064e+01 2.575902e+01 2.447310e+01 3.380898e+00 3.360930e-01 9.651083e-01 6.847405e-01 1.411190e+00 1.254018e+00 1.634324e+00 1.348156e+00 1.128211e+00 1.374384e+00 1.216730e+00 1.140043e+00 1.007758e+00 1.229796e-01 4.082863e-02 8.491877e-02 8.461758e-02 2.011357e-01 1.478592e-01 1.778296e-01 1.529719e-01 1.814240e-01 2.320961e-01 1.695073e-01 1.833575e-01 1.573080e-01 1.323970e-02
<GCONST> 8.183727e+01
<STATE> 3
<MEAN> 39
 -7.935270e+00 5.475982e+00 -4.908609e+00 -1.664729e+01 -2.357275e+00 -1.441936e+01 -3.035208e+00 -8.590783e+00 -1.333270e+00 -4.426885e+00 9.894361e-01 -5.287223e+00 1.807283e+01 2.038410e-01 -4.290137e-01 1.808106e-01 9.720481e-01 1.361369e-01 6.933726e-02 -3.419806e-01 -6.694545e-01 -5.148327e-01 -4.112940e-02 2.100348e-01 1.945940e-01 -2.363274e-01 1.021291e-02 -3.328927e-01 -3.043243e-02 6.396174e-02 4.254456e-02 3.532503e-01 1.234170e-01 5.585675e-02 -2.347418e-02 -9.194022e-02 -6.257273e-02 3.917642e-03 -6.257654e-02
<VARIANCE> 39
 9.284458e+00 1.350717e+01 2.250876e+01 3.248520e+01 1.967650e+01 2.420524e+01 5.254560e+01 3.438115e+01 4.415730e+01 2.637299e+01 3.191333e+01 2.703312e+01 1.959813e+00 2.642206e-01 1.895689e+00 4.088293e-01 7.647224e-01 7.868133e-01 2.502149e+00 1.307327e+00 1.116771e+00 1.804251e+00 1.195110e+00 1.398759e+00 1.008693e+00 6.759369e-02 3.641363e-02 9.029842e-02 5.905554e-02 1.265767e-01 9.250861e-02 1.745032e-01 1.630073e-01 2.078774e-01 2.767939e-01 1.690442e-01 1.958873e-01 1.643071e-01 4.024226e-03
<GCONST> 7.874338e+01
<STATE> 4
<MEAN> 39
 -7.116767e+00 -6.541066e+00 -5.514879e+00 -1.004293e+01 -1.215374e+00 -4.682480e+00 -8.409410e-01 -8.921490e+00 -3.019660e+00 -5.935845e+00 9.428729e-01 -4.004976e+00 1.468662e+01 -7.179789e-02 -3.660488e-01 -1.176299e-01 1.204243e-01 -4.112488e-02 3.696104e-01 1.855421e-01 1.810012e-01 1.167377e-01 8.797241e-03 1.649066e-02 9.387963e-03 -9.300598e-02 -5.685304e-03 1.757349e-01 1.039999e-02 -6.684013e-02 -1.211833e-02 -1.464314e-01 -4.599060e-02 -1.503945e-02 -6.331475e-03 2.179368e-02 -5.186084e-03 -1.391517e-02 4.871765e-02
<VARIANCE> 39
 4.560893e+00 6.159153e+00 8.314758e+00 9.574123e+00 1.262567e+01 1.589435e+01 1.697651e+01 1.696682e+01 1.732072e+01 1.627313e+01 1.523352e+01 1.399438e+01 1.034501e+00 2.099294e-01 8.405248e-01 4.288092e-01 5.955232e-01 4.862397e-01 1.170447e+00 9.931199e-01 8.546664e-01 9.812965e-01 7.909760e-01 7.432475e-01 7.057066e-01 4.874193e-02 3.460032e-02 9.647734e-02 7.128507e-02 1.091524e-01 9.177043e-02 1.887645e-01 1.756934e-01 1.504275e-01 1.623781e-01 1.354730e-01 1.324254e-01 1.272722e-01 4.818404e-03
<GCONST> 6.216208e+01
<TRANSP> 5
 0.000000e+00 1.000000e+00 0.000000e+00 0.000000e+00 0.000000e+00
 0.000000e+00 9.121923e-01 8.780769e-02 0.000000e+00 0.000000e+00
 0.000000e+00 0.000000e+00 8.976274e-01 1.023726e-01 0.000000e+00
 0.000000e+00 0.000000e+00 0.000000e+00 9.213892e-01 7.861089e-02
 0.000000e+00 0.000000e+00 0.000000e+00 0.000000e+00 0.000000e+00
<ENDHMM>
~h "oh"
<BEGINHMM>
<NUMSTATES> 5
<STATE> 2
<MEAN> 39
 -5.072906e+00 -9.817537e+00 -7.833377e+00 -8.759861e+00 -2.347718e+00 -7.078435e+00 2.847755e+00 -7.616875e+00 -4.773004e+00 -6.878154e+00 -1.687973e+00 -4.955315e+00 1.721407e+01 4.015585e-01 -2.821495e-01 -5.485502e-01 2.171545e-01 1.401627e-01 -4.945689e-01 2.322910e-01 5.781039e-01 -1.037487e-01 -3.932609e-01 -3.404421e-01 -6.349501e-02 2.903814e-01 6.013421e-02 8.892393e-02 -1.210266e-02 -5.544873e-02 1.547173e-02 -6.012470e-02 -1.276604e-01 1.861855e-02 1.092551e-01 1.494747e-03 -5.272238e-02 -5.050195e-02 1.424376e-02
<VARIANCE> 39
 8.382306e+00 1.228220e+01 1.538583e+01 1.591970e+01 2.185689e+01 2.340161e+01 2.846190e+01 5.757658e+01 3.748621e+01 3.054211e+01 2.663984e+01 2.711323e+01 3.812014e+00 4.045049e-01 5.595051e-01 6.603169e-01 6.405976e-01 7.460980e-01 1.180177e+00 1.235326e+00 1.815302e+00 1.533159e+00 1.309645e+00 1.311777e+00 1.082004e+00 1.254167e-01 4.813059e-02 7.023270e-02 8.521730e-02 8.555459e-02 1.118070e-01 1.482320e-01 1.609972e-01 2.226749e-01 2.095436e-01 1.953586e-01 2.000352e-01 1.548820e-01 1.713554e-02
<GCONST> 7.894449e+01
<STATE> 3
<MEAN> 39
 -4.965996e-01 -8.085562e+00 -1.303811e+01 -1.018378e+01 -8.909652e-01 -1.201037e+01 -8.892375e-01 -1.284799e+00 1.939148e-01 -7.884273e+00 -5.009706e+00 -6.855097e+00 1.903839e+01 2.239072e-01 4.083353e-01 -6.301394e-03 -3.375470e-01 -6.150923e-02 -1.964758e-02 -6.569722e-01 -2.515008e-01 6.164273e-01 5.838703e-01 3.178521e-02 -3.234859e-01 -1.058154e-02 -4.688026e-02 2.213278e-02 1.000644e-01 -1.014053e-02 -5.009494e-02 8.897686e-02 1.630272e-02 -1.447877e-01 -8.520338e-02 7.581966e-02 1.148444e-01 2.391838e-02 -2.662398e-02
<VARIANCE> 39
 6.028921e+00 9.347388e+00 1.555831e+01 1.589684e+01 1.975419e+01 2.333680e+01 4.428231e+01 3.314378e+01 4.055783e+01 3.755698e+01 3.123152e+01 3.914725e+01 1.183734e+00 8.543304e-02 1.427004e-01 2.976719e-01 2.936640e-01 3.913098e-01 5.535881e-01 7.245919e-01 1.116325e+00 7.998046e-01 8.947312e-01 8.656508e-01 6.944234e-01 1.391791e-02 1.175630e-02 1.537127e-02 3.537053e-02 3.572029e-02 4.852974e-02 7.178193e-02 8.156145e-02 1.012436e-01 1.109301e-01 1.074998e-01 9.628417e-02 9.289260e-02 1.245801e-03
<GCONST> 5.396379e+01
<STATE> 4
<MEAN> 39
 -7.418177e-01 -3.730195e+00 -8.383332e+00 -1.248796e+01 -3.622055e+00 -9.300145e+00 -4.000159e+00 -8.066671e+00 -2.979424e-01 -3.366245e+00 3.569717e-01 -6.248672e+00 1.795417e+01 -5.069020e-01 1.203025e-01 7.350001e-01 2.727177e-01 1.213547e-02 5.559242e-01 3.365018e-01 -4.405237e-01 -5.363584e-01 -1.885733e-01 3.968890e-01 4.349112e-01 -2.802318e-01 -1.126523e-01 -1.140014e-01 -2.907863e-02 7.595470e-02 9.950958e-02 8.985817e-02 1.345923e-01 9.031343e-02 -3.953851e-02 -1.066726e-01 -6.855575e-02 5.315378e-02 -3.464303e-02
<VARIANCE> 39
 9.361490e+00 7.810179e+00 2.079552e+01 1.825480e+01 1.941330e+01 2.692006e+01 3.110310e+01 2.683558e+01 3.199027e+01 4.008418e+01 3.906120e+01 3.790240e+01 2.412500e+00 3.826951e-01 4.593657e-01 5.507360e-01 6.217664e-01 8.842406e-01 1.264738e+00 1.251874e+00 1.298648e+00 1.305791e+00 1.263465e+00 1.279160e+00 1.245754e+00 5.453464e-02 3.299579e-02 4.469835e-02 8.896651e-02 8.728101e-02 1.096992e-01 1.661355e-01 1.871797e-01 1.997285e-01 2.127136e-01 2.068776e-01 1.755926e-01 1.748503e-01 4.194857e-03
<GCONST> 7.532735e+01
<TRANSP> 5
 0.000000e+00 1.000000e+00 0.000000e+00 0.000000e+00 0.000000e+00
 0.000000e+00 9.027607e-01 9.723924e-02 0.000000e+00 0.000000e+00
 0.000000e+00 0.000000e+00 9.042471e-01 9.575286e-02 0.000000e+00
 0.000000e+00 0.000000e+00 0.000000e+00 8.838429e-01 1.161570e-01
 0.000000e+00 0.000000e+00 0.000000e+00 0.000000e+00 0.000000e+00
<ENDHMM>
~h "seven"
<BEGINHMM>
<NUMSTATES> 5
<STATE> 2
<MEAN> 39
 -8.806630e+00 -4.769281e+00 -7.050016e+00 -8.596656e+00 -2.107394e+00 -3.131447e+00 -1.276509e+00 -8.136147e+00 -2.909429e+00 -5.214480e+00 6.799272e-01 -3.793395e+00 1.484347e+01 4.741055e-02 -4.084796e-02 -4.356897e-02 -3.256980e-01 -2.671273e-01 -1.353342e-01 2.667653e-01 1.513756e-02 1.375778e-01 -7.738486e-04 -2.047791e-01 -6.332368e-02 1.080878e-01 1.303975e-01 9.204531e-03 8.983020e-02 -1.476355e-01 -1.309363e-01 -1.120195e-01 8.732994e-02 -1.238423e-02 2.002494e-02 -2.644498e-02 -8.712243e-02 -9.269764e-02 9.199267e-02
<VARIANCE> 39
 8.340010e+00 1.013035e+01 1.380078e+01 1.310765e+01 1.612601e+01 1.582008e+01 1.759687e+01 1.745255e+01 1.826360e+01 1.723364e+01 1.706742e+01 1.463344e+01 9.047275e-01 7.144134e-01 4.608479e-01 8.613428e-01 9.991095e-01 9.701380e-01 1.283294e+00 9.959623e-01 8.575957e-01 1.029544e+00 1.155908e+00 9.210114e-01 9.517399e-01 1.512429e-01 5.368429e-02 6.783886e-02 9.750190e-02 1.360510e-01 1.662413e-01 1.770663e-01 1.648983e-01 1.456986e-01 1.700096e-01 1.546173e-01 1.450091e-01 1.504834e-01 8.093953e-03
<GCONST> 7.123421e+01
<STATE> 3
<MEAN> 39
 -5.558075e+00 -7.172778e+00 -5.193472e+00 -1.591174e+01 -6.355659e+00 -4.897009e+00 4.772487e+00 -8.475010e+00 -2.770160e+00 -6.761119e+00 -3.975050e+00 -6.626519e+00 1.896182e+01 1.894532e-01 -2.722632e-01 1.233810e-01 3.882809e-02 -6.137381e-02 -1.088002e-01 2.446589e-01 2.681849e-01 -2.807252e-01 -5.543006e-02 -6.964491e-02 -1.107269e-01 1.236368e-01 -4.177998e-02 7.839748e-02 1.111910e-02 2.926458e-01 1.553699e-01 -2.480878e-02 -2.548968e-01 3.867893e-02 -2.091178e-02 1.592025e-02 1.771704e-01 7.159714e-02 -1.270850e-01
<VARIANCE> 39
 9.614646e+00 1.303328e+01 9.436707e+00 1.827779e+01 4.580248e+01 3.937847e+01 3.187667e+01 3.950835e+01 4.652962e+01 5.849231e+01 3.255419e+01 3.130153e+01 1.240813e+00 4.410258e-01 5.954198e-01 4.993327e-01 1.548395e+00 1.671524e+00 1.672650e+00 1.827650e+00 1.089302e+00 1.392667e+00 1.776832e+00 1.809613e+00 1.326400e+00 2.114268e-01 8.204690e-02 9.001198e-02 9.646609e-02 1.114838e-01 2.523419e-01 2.721471e-01 1.781217e-01 1.666769e-01 2.018927e-01 2.407534e-01 2.262372e-01 1.834979e-01 6.062319e-03
<GCONST> 8.474816e+01
<STATE> 4
<MEAN> 39
 -3.244347e+00 -3.881843e+00 -1.891207e+00 -9.521952e+00 -3.365988e+00 -8.015697e+00 -1.088914e+00 -8.732973e+00 -4.324260e+00 -7.120053e+00 -1.906874e+00 -7.105269e+00 1.713248e+01 1.768520e-02 2.205678e-01 1.049622e-01 2.065503e-01 3.193776e-01 1.039529e-01 -2.925326e-01 -2.637353e-01 8.569295e-02 -1.439432e-02 1.277888e-01 4.227578e-02 -1.184134e-01 -5.595604e-02 -7.367291e-02 -7.384456e-02 -8.778008e-02 -2.233357e-02 9.372201e-02 1.106988e-01 -4.596852e-03 1.866149e-02 1.745089e-02 -3.220640e-02 2.023126e-02 1.415730e-02
<VARIANCE> 39
 4.974843e+00 1.019479e+01 9.926722e+00 1.395349e+01 2.822470e+01 3.043305e+01 2.586529e+01 4.089539e+01 3.293282e+01 3.570397e+01 3.328820e+01 2.974882e+01 1.533693e+00 2.533935e-01 5.250468e-01 5.539057e-01 8.538670e-01 1.339955e+00 1.253491e+00 1.628739e+00 1.363173e+00 1.438485e+00 1.411172e+00 1.273564e+00 9.896296e-01 9.358779e-02 3.738633e-02 7.812217e-02 8.698367e-02 1.507716e-01 2.341878e-01 2.027751e-01 2.726199e-01 2.366434e-01 2.360255e-01 2.409610e-01 2.174078e-01 1.500707e-01 1.437088e-02
<GCONST> 7.928016e+01
<TRANSP> 5
 0.000000e+00 1.000000e+00 0.000000e+00 0.000000e+00 0.000000e+00
 0.000000e+00 9.125739e-01 8.742609e-02 0.000000e+00 0.000000e+00
 0.000000e+00 0.000000e+00 9.003658e-01 9.963423e-02 0.000000e+00
 0.000000e+00 0.000000e+00 0.000000e+00 9.365581e-01 6.344190e-02
 0.000000e+00 0.000000e+00 0.000000e+00 0.000000e+00 0.000000e+00
<ENDHMM>
~h "three"
<BEGINHMM>
<NUMSTATES> 5
<STATE> 2
<MEAN> 39
 -7.753081e+00 -6.035266e+00 -4.949137e+00 -1.011976e+01 -8.176898e-01 -4.845856e+00 -5.887958e-01 -8.498262e+00 -2.602043e+00 -5.425550e+00 9.830296e-01 -3.779383e+00 1.488863e+01 1.181817e-01 -8.363593e-02 2.207188e-01 -4.797686e-02 -4.167404e-01 -2.858677e-01 -6.849112e-02 1.494109e-02 7.425296e-02 3.189596e-02 1.361435e-02 4.315185e-04 9.208681e-02 1.742197e-01 2.254012e-02 1.428289e-01 1.951405e-03 -2.577675e-01 -1.755563e-01 -7.574128e-02 -1.877701e-02 1.537907e-02 -9.218397e-03 -3.924777e-02 -7.054537e-02 8.471629e-02
<VARIANCE> 39
 5.400870e+00 6.329596e+00 9.779344e+00 1.060192e+01 1.435539e+01 1.431226e+01 1.606517e+01 1.761143e+01 1.951330e+01 1.776078e+01 1.686059e+01 1.459230e+01 1.170455e+00 7.019925e-01 5.235445e-01 8.963120e-01 7.510100e-01 1.499185e+00 1.312560e+00 9.016345e-01 1.036179e+00 9.999577e-01 9.323085e-01 9.825643e-01 9.153206e-01 1.193093e-01 5.916817e-02 9.076455e-02 9.846701e-02 1.380231e-01 2.011591e-01 1.855363e-01 1.564496e-01 2.030750e-01 1.781607e-01 1.662449e-01 1.641534e-01 1.611113e-01 4.958383e-03
<GCONST> 7.052038e+01
<STATE> 3
<MEAN> 39
 -2.518136e+00 -6.783541e+00 2.449298e+00 -1.140187e+01 -1.369865e+01 -9.363333e+00 -3.152536e+00 -9.428355e+00 -9.455255e-03 -5.130504e+00 1.270092e-01 -5.735048e+00 1.823541e+01 -6.862403e-02 4.227092e-01 6.951847e-01 -1.049856e+00 -3.996577e-01 3.060280e-01 -8.254075e-01 1.096437e-01 3.076174e-01 -2.807259e-02 6.153166e-02 -1.674224e-01 2.367504e-01 -2.156734e-01 2.146464e-01 -2.005198e-01 -1.428206e-01 5.230278e-01 4.712696e-02 -5.942066e-02 1.143476e-01 -1.140713e-01 -2.023171e-02 2.135189e-02 3.956065e-02 -6.774376e-02
<VARIANCE> 39
 6.507144e+00 1.457567e+01 2.008426e+01 4.937636e+01 4.245367e+01 6.100885e+01 3.522880e+01 3.826533e+01 3.064140e+01 2.820659e+01 3.707789e+01 3.334343e+01 1.447084e+00 9.619798e-01 1.476627e+00 9.228625e-01 2.725314e+00 4.895083e+00 3.382431e+00 2.206999e+00 1.969151e+00 1.296619e+00 1.095892e+00 1.152278e+00 1.164600e+00 6.899486e-02 6.798207e-02 1.290743e-01 1.773857e-01 3.907520e-01 3.806304e-01 6.812702e-01 3.772546e-01 2.755093e-01 2.400974e-01 1.746557e-01 1.705918e-01 1.637534e-01 3.908583e-03
<GCONST> 9.265437e+01
<STATE> 4
<MEAN> 39
 -6.590552e+00 3.298163e+00 -7.803046e-01 -1.672948e+01 -2.106746e+00 -1.135582e+01 -6.399225e+00 -7.962152e+00 -3.159434e+00 -5.505670e+00 -3.370705e-01 -6.525783e+00 1.789479e+01 -2.820228e-02 6.330374e-02 -6.391536e-01 7.253037e-01 7.234861e-01 -1.648783e-01 5.492607e-01 -8.268338e-02 -3.564607e-01 1.203076e-02 -7.059455e-02 5.073461e-02 -1.956445e-01 5.814832e-02 -2.881114e-01 2.508506e-03 1.697355e-01 -2.211509e-01 1.819720e-01 1.647819e-01 -6.734923e-02 9.742320e-02 8.240832e-03 2.041612e-02 2.496869e-02 -3.092087e-02
<VARIANCE> 39
 7.580473e+00 1.700897e+01 1.909990e+01 3.484708e+01 2.704758e+01 2.948790e+01 4.823341e+01 4.778470e+01 3.321847e+01 3.976920e+01 4.240158e+01 3.677536e+01 1.619884e+00 3.151343e-01 1.882922e+00 6.700023e-01 1.043734e+00 1.834891e+00 2.559861e+00 1.467142e+00 1.693772e+00 1.384672e+00 1.287924e+00 1.031998e+00 9.705020e-01 3.582554e-02 4.748385e-02 9.098800e-02 9.640402e-02 2.205423e-01 1.814732e-01 2.352879e-01 2.696369e-01 2.497843e-01 1.837021e-01 1.709958e-01 1.443272e-01 1.353045e-01 2.469564e-03
<GCONST> 8.276377e+01
<TRANSP> 5
 0.000000e+00 1.000000e+00 0.000000e+00 0.000000e+00 0.000000e+00
 0.000000e+00 9.016224e-01 9.837762e-02 0.000000e+00 0.000000e+00
 0.000000e+00 0.000000e+00 8.936676e-01 1.063323e-01 0.000000e+00
 0.000000e+00 0.000000e+00 0.000000e+00 9.153336e-01 8.466640e-02
 0.000000e+00 0.000000e+00 0.000000e+00 0.000000e+00 0.000000e+00
<ENDHMM>
~h "one"
<BEGINHMM>
<NUMSTATES> 5
<STATE> 2
<MEAN> 39
 -4.518797e-01 -3.402783e+00 -8.443934e+00 -1.270263e+01 -1.875606e+00 -5.987661e+00 -2.275723e+00 -8.867911e+00 -2.601642e+00 -6.646010e+00 -1.475403e+00 -7.365994e+00 1.769859e+01 2.103998e-01 -3.606904e-01 -7.771859e-01 3.866610e-01 4.274687e-01 9.435675e-02 -2.048135e-01 2.134636e-01 1.819849e-01 -2.419252e-01 -3.084224e-01 -2.085045e-01 1.796984e-01 -1.118917e-01 -1.460599e-01 2.928785e-02 2.153364e-01 1.225145e-02 -9.389180e-02 -2.919298e-03 1.044305e-01 5.143858e-03 -7.578704e-02 2.515482e-03 7.602520e-02 -1.570836e-02
<VARIANCE> 39
 5.495450e+00 8.375303e+00 3.133022e+01 2.276519e+01 2.856288e+01 2.622849e+01 2.260917e+01 2.060509e+01 2.743981e+01 2.315637e+01 3.019644e+01 3.007906e+01 2.038591e+00 4.331117e-01 7.311465e-01 9.486063e-01 2.139369e+00 1.343967e+00 1.366099e+00 1.271947e+00 1.039806e+00 1.139394e+00 9.681922e-01 1.111004e+00 9.685555e-01 5.947197e-02 3.949682e-02 5.502414e-02 1.856310e-01 2.318593e-01 2.499857e-01 2.470844e-01 2.300212e-01 1.749950e-01 1.963440e-01 1.583901e-01 1.854133e-01 1.750184e-01 4.527906e-03
<GCONST> 7.904118e+01
<STATE> 3
<MEAN> 39
 -2.465532e+00 -1.063755e+01 -1.057806e+01 -1.816900e+00 -8.205519e-01 -9.426733e+00 -2.030189e+00 -4.359922e+00 -3.708465e+00 -1.158850e+01 -2.280303e+00 -6.159982e+00 1.852691e+01 -5.923280e-01 -3.130907e-01 1.360808e+00 4.865192e-01 -1.327708e+00 -2.683870e-01 1.140204e+00 -1.565541e-01 -8.915408e-01 -1.471395e-02 5.522612e-01 9.288768e-02 -5.213566e-02 3.157377e-02 3.182565e-01 2.336368e-01 -5.691901e-01 -9.458833e-02 3.616264e-01 5.219135e-02 -4.228625e-01 2.293663e-02 3.597822e-01 2.881053e-02 -1.620904e-01 -2.971558e-02
<VARIANCE> 39
 6.425573e+00 9.764835e+00 1.981017e+01 2.419558e+01 2.885874e+01 1.776315e+01 3.884035e+01 3.255223e+01 4.659215e+01 3.887000e+01 3.430858e+01 3.411103e+01 1.525048e+00 1.633406e-01 5.914713e-01 6.367460e-01 1.980046e+00 7.715700e-01 1.823208e+00 1.053303e+00 2.307829e+00 1.240627e+00 1.946858e+00 1.064869e+00 1.293228e+00 8.977593e-03 2.596245e-02 5.244818e-02 1.077559e-01 1.227772e-01 3.162029e-01 1.590554e-01 4.062644e-01 1.859148e-01 3.425929e-01 2.133325e-01 2.683240e-01 1.720577e-01 8.707186e-04
<GCONST> 7.673699e+01
<STATE> 4
<MEAN> 39
 -3.841180e+00 -4.380179e+00 -1.380852e+00 -8.920088e+00 -3.196715e+00 -6.281981e+00 -2.462188e+00 -1.221242e+01 -5.214602e+00 -8.497524e+00 -2.664973e+00 -8.175469e+00 1.759471e+01 -3.696629e-03 5.640360e-01 2.622677e-01 -4.548990e-01 4.116560e-01 1.698909e-01 -3.735680e-01 -2.333215e-01 1.575197e-01 1.861188e-01 -2.807057e-02 1.649841e-01 -1.759986e-01 -2.107776e-02 -1.171217e-01 -2.145142e-01 1.096547e-01 8.704737e-02 -2.722261e-02 2.045612e-02 1.849960e-01 4.517064e-02 -7.363623e-02 3.749548e-02 8.076188e-02 -1.677499e-02
<VARIANCE> 39
 6.725616e+00 2.077660e+01 9.946248e+00 1.740463e+01 2.093879e+01 4.195578e+01 3.341080e+01 3.282930e+01 4.008434e+01 4.409937e+01 3.259618e+01 3.568710e+01 1.337940e+00 3.443298e-01 1.010751e+00 9.863693e-01 1.216703e+00 8.805143e-01 1.865041e+00 1.353860e+00 1.411842e+00 1.573529e+00 1.478436e+00 1.085054e+00 1.050132e+00 2.735215e-02 5.694387e-02 1.045753e-01 8.382140e-02 1.278463e-01 1.951442e-01 2.806747e-01 2.505352e-01 1.784448e-01 2.218369e-01 2.216927e-01 1.661902e-01 1.590880e-01 2.928949e-03
<GCONST> 7.987355e+01
<TRANSP> 5
 0.000000e+00 1.000000e+00 0.000000e+00 0.000000e+00 0.000000e+00
 0.000000e+00 9.096045e-01 9.039541e-02 0.000000e+00 0.000000e+00
 0.000000e+00 0.000000e+00 8.314074e-01 1.685926e-01 0.000000e+00
 0.000000e+00 0.000000e+00 0.000000e+00 9.086885e-01 9.131157e-02
 0.000000e+00 0.000000e+00 0.000000e+00 0.000000e+00 0.000000e+00
<ENDHMM>
~h "sil"
<BEGINHMM>
<NUMSTATES> 5
<STATE> 2
<MEAN> 39
 -5.629638e+00 -5.381878e+00 -3.959651e+00 -9.043993e+00 -2.191855e-01 -4.181952e+00 -1.412912e-01 -8.546722e+00 -2.498070e+00 -5.830969e+00 5.865725e-01 -4.487363e+00 1.512057e+01 -2.989973e-01 -2.485851e-01 -1.857903e-01 -5.062585e-02 6.953612e-02 1.348615e-01 8.168849e-02 -1.643466e-03 1.418114e-02 1.866471e-02 1.135565e-01 5.824581e-02 -1.518555e-01 2.366617e-02 -7.472739e-03 -3.844202e-02 -6.360444e-02 -7.384085e-02 -6.419974e-02 -4.217742e-02 -1.949302e-03 -3.811443e-03 -6.770038e-03 -1.693800e-02 -5.217303e-03 2.531351e-02
<VARIANCE> 39
 6.971162e+00 8.607510e+00 9.564874e+00 1.168487e+01 1.486951e+01 1.538815e+01 1.765944e+01 1.877704e+01 2.046499e+01 1.954520e+01 1.858395e+01 1.638750e+01 1.209580e+00 1.686658e-01 3.746073e-01 4.430736e-01 5.866185e-01 7.339912e-01 8.284979e-01 8.455005e-01 9.076098e-01 9.109293e-01 8.356497e-01 9.046667e-01 7.998163e-01 2.155277e-02 2.201152e-02 4.568582e-02 6.338255e-02 7.749969e-02 1.032744e-01 1.189166e-01 1.186155e-01 1.276628e-01 1.369567e-01 1.216473e-01 1.281470e-01 1.153788e-01 2.526397e-03
<GCONST> 5.922249e+01
<STATE> 3
<MEAN> 39
 -7.156939e+00 -7.236734e+00 -5.866395e+00 -1.018522e+01 -1.012347e+00 -4.339154e+00 -3.654399e-01 -8.603598e+00 -2.680012e+00 -5.571365e+00 1.005066e+00 -4.037417e+00 1.452098e+01 -3.584239e-03 4.973490e-03 -6.192417e-03 3.801542e-03 1.879203e-03 4.715816e-03 1.254866e-03 -9.876044e-03 -4.555688e-03 1.094673e-02 -2.631691e-04 2.492689e-03 -1.193110e-03 -2.367712e-04 4.887858e-03 2.877425e-03 5.286403e-03 1.315758e-03 2.870241e-03 5.486081e-04 5.853324e-03 2.717688e-03 -8.293740e-04 -4.062816e-03 -3.430446e-03 1.585001e-03
<VARIANCE> 39
 3.027166e+00 3.564783e+00 6.172708e+00 8.254447e+00 1.253747e+01 1.387374e+01 1.474216e+01 1.582845e+01 1.623779e+01 1.398252e+01 1.548318e+01 1.300188e+01 1.028432e+00 5.842908e-02 1.319094e-01 2.563353e-01 3.600306e-01 4.751973e-01 6.449597e-01 6.224143e-01 6.900986e-01 6.643434e-01 5.534236e-01 6.422849e-01 5.676932e-01 2.417421e-03 1.073369e-02 2.426564e-02 4.638900e-02 6.443690e-02 8.854956e-02 1.218526e-01 1.105601e-01 1.289115e-01 1.215520e-01 9.644403e-02 1.150024e-01 1.070999e-01 5.051137e-04
<GCONST> 4.276596e+01
<STATE> 4
<MEAN> 39
 -8.044107e+00 -6.369842e+00 -6.079111e+00 -1.016942e+01 -1.188544e+00 -4.700866e+00 -5.106553e-01 -8.720682e+00 -2.519547e+00 -5.941777e+00 9.985307e-01 -4.417085e+00 1.453677e+01 3.423433e-03 1.545876e-01 2.794369e-02 1.227893e-02 -7.638067e-02 -6.393964e-02 -6.564840e-02 4.921002e-02 -5.532654e-02 -8.987773e-02 -1.027087e-01 -6.833782e-02 4.891994e-02 4.561822e-02 5.645909e-02 2.690597e-02 -6.751003e-03 -2.035863e-03 -2.716322e-02 -1.659572e-02 -1.573692e-02 -1.398935e-02 -1.821263e-02 -3.889870e-02 -1.456901e-02 3.347782e-02
<VARIANCE> 39
 5.361446e+00 5.850629e+00 7.452220e+00 1.031433e+01 1.202342e+01 1.461872e+01 1.655215e+01 1.791415e+01 1.851075e+01 1.737204e+01 1.645255e+01 1.416318e+01 1.276580e+00 2.534414e-01 3.365528e-01 3.772618e-01 5.664120e-01 6.053327e-01 7.375281e-01 7.088111e-01 9.202839e-01 8.939191e-01 7.990486e-01 7.762731e-01 6.718945e-01 2.073158e-02 3.954311e-02 5.724532e-02 6.069191e-02 9.818342e-02 9.287854e-02 1.226491e-01 1.060877e-01 1.502723e-01 1.416595e-01 1.225171e-01 1.118091e-01 9.929994e-02 4.412923e-03
<GCONST> 5.788786e+01
<TRANSP> 5
 0.000000e+00 1.000000e+00 0.000000e+00 0.000000e+00 0.000000e+00
 0.000000e+00 7.692422e-01 2.307578e-01 0.000000e+00 0.000000e+00
 0.000000e+00 0.000000e+00 9.590835e-01 4.091652e-02 0.000000e+00
 0.000000e+00 0.000000e+00 0.000000e+00 7.109240e-01 2.890759e-01
 0.000000e+00 0.000000e+00 0.000000e+00 0.000000e+00 0.000000e+00
<ENDHMM>
~h "six"
<BEGINHMM>
<NUMSTATES> 5
<STATE> 2
<MEAN> 39
 -9.124295e+00 -4.836953e+00 -7.749949e+00 -8.266639e+00 -2.438857e+00 -2.834769e+00 -1.487292e+00 -7.798928e+00 -3.116518e+00 -4.969313e+00 3.618690e-01 -3.493940e+00 1.461232e+01 2.726811e-02 1.591592e-01 1.185999e-01 -3.531424e-01 -3.868238e-01 -2.528210e-01 -1.307456e-02 8.920124e-03 1.418941e-01 1.896523e-01 -1.204984e-01 9.512877e-03 1.277529e-01 1.224180e-01 8.574617e-02 1.920704e-01 -2.156928e-01 -1.443491e-01 -1.911087e-01 -1.348150e-02 -1.142855e-02 4.335987e-02 1.788300e-02 -7.846191e-02 -1.185633e-01 9.579258e-02
<VARIANCE> 39
 5.881857e+00 7.824515e+00 1.145771e+01 1.170149e+01 1.691563e+01 1.670037e+01 1.585943e+01 1.681437e+01 1.957148e+01 2.023767e+01 1.844873e+01 1.536605e+01 1.012899e+00 5.537620e-01 4.715973e-01 1.205764e+00 1.010493e+00 1.007775e+00 1.470687e+00 8.038239e-01 8.137798e-01 1.030869e+00 1.294180e+00 9.459646e-01 9.358562e-01 1.411679e-01 4.636098e-02 5.967520e-02 9.845395e-02 1.366895e-01 1.730452e-01 1.833199e-01 1.418879e-01 1.549592e-01 1.804593e-01 1.774092e-01 1.522814e-01 1.540163e-01 7.503505e-03
<GCONST> 7.075550e+01
<STATE> 3
<MEAN> 39
 -6.389795e+00 -1.255084e+00 -8.810617e-01 -1.937228e+01 -7.577193e+00 -8.493302e+00 -2.595068e+00 -6.569140e+00 3.325144e-02 -3.820272e+00 -2.226169e+00 -7.108535e+00 1.817332e+01 6.033788e-02 -1.004579e-01 1.973095e-01 -2.318164e-01 3.399071e-01 1.645808e-01 -1.732649e-01 1.224701e-01 4.917457e-02 -1.716382e-01 1.772008e-01 -6.580663e-03 -4.431782e-02 -7.081279e-02 -1.914884e-01 -2.624974e-01 4.212634e-01 2.477779e-01 2.067547e-01 8.841414e-02 -7.030384e-02 -1.214316e-01 -5.252285e-02 1.186420e-01 1.339913e-01 -1.487445e-01
<VARIANCE> 39
 7.367368e+00 9.635597e+00 1.569742e+01 2.776347e+01 5.692444e+01 3.167277e+01 3.629292e+01 2.495915e+01 3.438404e+01 5.661712e+01 3.469409e+01 3.674877e+01 1.645046e+00 3.757044e-01 7.674608e-01 1.271301e+00 3.640178e+00 2.695807e+00 1.950656e+00 1.896175e+00 1.366034e+00 1.928482e+00 2.033425e+00 1.879827e+00 2.011310e+00 3.396144e-01 6.646573e-02 6.525157e-02 1.520792e-01 2.585392e-01 3.130457e-01 3.120062e-01 3.695939e-01 2.303204e-01 2.922211e-01 3.375136e-01 2.687100e-01 2.614650e-01 1.433633e-02
<GCONST> 9.337854e+01
<STATE> 4
<MEAN> 39
 -8.222577e+00 -6.451437e+00 -6.277396e+00 -9.275581e+00 -2.415956e+00 -3.256267e+00 -9.182798e-01 -8.615625e+00 -2.795307e+00 -5.153825e+00 7.408612e-01 -4.248632e+00 1.464348e+01 -7.442132e-02 -1.118081e-01 -2.389876e-01 2.870741e-01 3.500250e-02 6.666949e-02 1.390738e-01 -4.188104e-02 -8.121277e-02 -2.483557e-03 7.366369e-03 3.130446e-02 -6.889643e-02 2.173759e-02 7.154374e-02 7.432570e-02 -1.248943e-01 -5.118546e-02 -6.603873e-02 -5.131231e-02 3.815522e-02 2.469895e-02 6.733113e-03 -2.995416e-02 -2.922748e-02 4.497595e-02
<VARIANCE> 39
 7.836409e+00 8.036999e+00 1.202002e+01 1.253898e+01 1.775490e+01 1.684577e+01 1.688476e+01 1.718216e+01 1.742180e+01 1.762554e+01 1.547864e+01 1.427368e+01 1.310077e+00 3.471872e-01 5.518962e-01 7.463474e-01 9.087883e-01 9.875025e-01 1.059264e+00 1.026785e+00 9.108874e-01 8.760957e-01 8.051557e-01 7.558448e-01 6.350737e-01 5.456964e-02 4.509161e-02 7.355036e-02 1.100384e-01 1.327706e-01 1.825924e-01 1.706938e-01 1.655958e-01 1.667245e-01 1.581870e-01 1.441439e-01 1.370199e-01 1.246721e-01 7.388055e-03
<GCONST> 6.779649e+01
<TRANSP> 5
 0.000000e+00 1.000000e+00 0.000000e+00 0.000000e+00 0.000000e+00
 0.000000e+00 9.049472e-01 9.505282e-02 0.000000e+00 0.000000e+00
 0.000000e+00 0.000000e+00 8.983328e-01 1.016671e-01 0.000000e+00
 0.000000e+00 0.000000e+00 0.000000e+00 9.437303e-01 5.626972e-02
 0.000000e+00 0.000000e+00 0.000000e+00 0.000000e+00 0.000000e+00
<ENDHMM>
~h "two"
<BEGINHMM>
<NUMSTATES> 5
<STATE> 2
<MEAN> 39
 -9.639380e+00 -4.513417e+00 -6.580734e+00 -9.863549e+00 -9.720715e-01 -4.070689e+00 -1.373342e+00 -8.179422e+00 -2.537153e+00 -5.722522e+00 1.014189e+00 -3.721768e+00 1.495430e+01 -3.758506e-02 2.631132e-01 2.263372e-01 -3.008479e-01 -8.029162e-02 -1.059108e-02 -1.952108e-01 2.048015e-02 1.192919e-01 3.786836e-02 -4.394624e-03 -2.839592e-02 9.347273e-02 1.950326e-01 9.726077e-02 2.115304e-01 -1.064899e-01 -1.587307e-01 -1.867032e-01 -1.174413e-01 -6.690831e-02 -2.515928e-02 -1.346574e-03 -7.481469e-02 -1.170505e-01 8.904145e-02
<VARIANCE> 39
 9.732284e+00 8.411868e+00 1.057139e+01 1.130263e+01 1.669864e+01 1.858915e+01 1.761610e+01 1.993474e+01 2.015007e+01 2.109536e+01 2.063022e+01 1.756303e+01 9.683680e-01 1.154743e+00 7.385865e-01 1.484535e+00 7.320566e-01 1.243841e+00 1.212138e+00 9.533134e-01 1.050649e+00 1.054677e+00 1.129718e+00 1.398421e+00 9.929955e-01 1.174519e-01 1.107615e-01 1.110960e-01 1.232448e-01 1.199815e-01 2.136392e-01 1.859784e-01 1.655751e-01 1.895574e-01 1.984027e-01 1.764035e-01 2.621551e-01 1.380706e-01 7.422641e-03
<GCONST> 7.620221e+01
<STATE> 3
<MEAN> 39
 -4.756927e+00 1.149320e+00 1.778226e+00 -1.527068e+01 -6.598805e+00 -9.672951e+00 -6.598327e+00 -1.044179e+01 -2.516045e+00 -5.320362e+00 -1.030022e+00 -7.239760e+00 1.830119e+01 7.193316e-01 5.999753e-01 8.360482e-01 -6.091869e-01 -1.201094e+00 -1.150002e+00 -6.212712e-01 -3.241047e-01 -7.638549e-02 1.074631e-01 -2.783293e-01 -6.924760e-01 4.804430e-01 -2.461664e-01 -2.219688e-01 -4.234547e-01 2.838060e-01 2.397684e-01 2.108274e-01 2.293689e-01 1.474371e-01 -1.436216e-02 5.922079e-03 1.442221e-01 1.762003e-01 -1.356786e-01
<VARIANCE> 39
 7.637056e+00 8.201180e+00 1.359603e+01 2.286914e+01 4.094154e+01 2.664879e+01 2.842987e+01 2.392866e+01 3.044524e+01 5.369550e+01 4.334023e+01 4.700752e+01 1.220934e+00 6.002336e-01 6.134156e-01 9.871257e-01 1.413978e+00 1.245543e+00 1.154155e+00 1.636979e+00 1.535898e+00 1.877875e+00 2.038629e+00 2.554882e+00 1.859359e+00 8.416659e-02 6.196137e-02 5.703237e-02 8.188551e-02 1.318224e-01 2.159619e-01 1.828538e-01 2.050726e-01 1.926454e-01 2.096132e-01 2.724445e-01 2.909154e-01 2.224143e-01 8.053107e-03
<GCONST> 8.427509e+01
<STATE> 4
<MEAN> 39
 -3.074160e+00 -2.498501e-01 -1.582089e-01 -1.281028e+01 -6.631961e+00 -1.135589e+01 -5.742242e+00 -1.003087e+01 -3.079259e+00 -5.508291e+00 -1.510168e-01 -7.402941e+00 1.806439e+01 2.856438e-02 -3.108901e-01 -3.225634e-01 4.777231e-01 4.160339e-01 2.897203e-01 2.823397e-01 6.164471e-02 -7.978728e-02 -2.571195e-03 1.468312e-01 2.523625e-01 -1.813450e-01 -7.879078e-02 -6.534903e-02 -4.715158e-02 -2.746998e-03 8.374634e-02 1.333991e-01 8.168755e-02 3.501742e-02 2.799210e-02 -2.889513e-03 -1.431958e-02 4.589153e-02 -4.147515e-02
<VARIANCE> 39
 6.126969e+00 7.980876e+00 1.202322e+01 3.019343e+01 3.252041e+01 2.281902e+01 3.197463e+01 3.246532e+01 4.006976e+01 4.282231e+01 5.143119e+01 4.045087e+01 1.492822e+00 2.866627e-01 2.399527e-01 4.425736e-01 6.655245e-01 9.312072e-01 1.150723e+00 1.105539e+00 1.194716e+00 1.057023e+00 1.124072e+00 1.145986e+00 1.082552e+00 3.967652e-02 3.091886e-02 3.306121e-02 5.466450e-02 9.506744e-02 1.114157e-01 1.450114e-01 1.389046e-01 1.749011e-01 1.699729e-01 1.672947e-01 1.672982e-01 1.557807e-01 3.008824e-03
<GCONST> 7.111190e+01
<TRANSP> 5
 0.000000e+00 1.000000e+00 0.000000e+00 0.000000e+00 0.000000e+00
 0.000000e+00 9.084745e-01 9.152546e-02 0.000000e+00 0.000000e+00
 0.000000e+00 0.000000e+00 7.698596e-01 2.301404e-01 0.000000e+00
 0.000000e+00 0.000000e+00 0.000000e+00 9.201574e-01 7.984255e-02
 0.000000e+00 0.000000e+00 0.000000e+00 0.000000e+00 0.000000e+00
<ENDHMM>
~h "nine"
<BEGINHMM>
<NUMSTATES> 5
<STATE> 2
<MEAN> 39
 -4.077331e+00 -3.898046e+00 -1.677266e+00 -8.971155e+00 -2.804492e+00 -6.378209e+00 -1.642721e+00 -1.116134e+01 -5.117402e+00 -8.041976e+00 -2.887750e+00 -7.734883e+00 1.762904e+01 -1.811327e-01 -6.858036e-01 -2.834642e-01 4.408271e-01 -4.285432e-01 2.355706e-01 4.030291e-01 -1.731194e-01 -1.880381e-02 -1.236191e-01 -8.592721e-02 -8.366857e-02 2.069312e-01 -5.922492e-02 -1.590376e-01 -1.030369e-01 1.132273e-01 -5.453339e-03 -1.169228e-03 5.204878e-02 4.893638e-02 3.952454e-02 9.370363e-03 7.326273e-02 3.877680e-02 -9.215225e-03
<VARIANCE> 39
 8.090952e+00 1.916343e+01 1.444466e+01 1.669296e+01 2.834809e+01 2.875757e+01 3.145666e+01 2.650790e+01 4.734474e+01 3.538876e+01 3.033127e+01 3.281607e+01 1.829773e+00 4.871428e-01 1.494063e+00 1.080494e+00 1.097171e+00 1.264090e+00 1.393837e+00 1.627391e+00 1.205140e+00 1.553540e+00 1.157374e+00 1.183340e+00 1.006628e+00 4.894993e-02 6.265620e-02 1.682044e-01 1.288503e-01 1.425365e-01 2.181607e-01 2.178717e-01 2.447257e-01 1.814127e-01 2.032964e-01 1.691315e-01 1.711285e-01 1.443605e-01 4.463008e-03
<GCONST> 8.221025e+01
<STATE> 3
<MEAN> 39
 -6.347527e+00 -1.160442e+01 -4.860510e+00 -2.734690e+00 -5.693743e+00 -5.250024e+00 1.736060e+00 -1.135922e+01 -5.539679e+00 -9.015328e+00 -1.699770e+00 -7.646741e+00 1.861514e+01 -1.102202e-01 9.686063e-02 2.307477e-01 -2.420476e-01 -2.305188e-02 2.140791e-01 -1.050664e-01 -8.696251e-02 1.959001e-01 5.474262e-02 -5.526773e-02 4.596742e-02 -2.113689e-02 2.517111e-03 1.935468e-01 6.929503e-02 -2.402585e-01 4.426290e-02 6.240287e-02 -1.060978e-01 1.121205e-02 7.537672e-02 -1.084901e-02 -6.778220e-02 2.441988e-02 -1.480030e-02
<VARIANCE> 39
 7.253240e+00 8.472352e+00 2.450037e+01 3.236936e+01 1.900658e+01 3.083623e+01 3.095137e+01 3.397374e+01 4.391690e+01 4.150163e+01 2.842895e+01 3.075455e+01 1.006126e+00 8.384608e-02 3.840282e-01 4.111280e-01 1.132712e+00 5.000370e-01 6.241732e-01 5.587699e-01 5.153652e-01 6.511036e-01 6.707069e-01 6.806694e-01 5.420508e-01 4.827252e-03 1.133341e-02 3.005360e-02 4.127556e-02 5.547937e-02 7.264969e-02 7.246985e-02 7.391032e-02 8.095077e-02 8.281079e-02 8.716507e-02 7.873288e-02 7.922964e-02 3.983416e-04
<GCONST> 5.405605e+01
<STATE> 4
<MEAN> 39
 -5.408938e+00 -2.488682e+00 -1.320186e+00 -1.141012e+01 -1.443078e+00 -5.341778e+00 -3.676828e+00 -1.048140e+01 -3.509035e+00 -8.117117e+00 -2.930945e+00 -6.527739e+00 1.769446e+01 2.317152e-01 5.105908e-01 -3.092810e-03 -1.016927e-01 4.411193e-01 -2.479252e-01 -2.011422e-01 2.756161e-01 -1.277939e-01 8.107454e-02 2.108436e-01 1.169408e-01 -1.723584e-01 -2.715099e-02 -1.583067e-01 -8.625384e-02 1.474568e-01 -3.839150e-02 -6.090455e-03 1.204325e-01 1.985707e-02 -5.447886e-02 4.231452e-02 7.832292e-02 -9.554877e-03 -2.023009e-02
<VARIANCE> 39
 1.166846e+01 1.632528e+01 1.132169e+01 2.321636e+01 3.171842e+01 3.320290e+01 3.064791e+01 2.993113e+01 4.733530e+01 3.817849e+01 3.626938e+01 3.985386e+01 1.211661e+00 5.065153e-01 1.171872e+00 6.359946e-01 1.643074e+00 1.303741e+00 1.550628e+00 1.528432e+00 1.269756e+00 1.658819e+00 1.184174e+00 1.105880e+00 1.068940e+00 2.538143e-02 7.071386e-02 8.681948e-02 9.031533e-02 1.779846e-01 1.819096e-01 2.449436e-01 1.820612e-01 2.039851e-01 2.436527e-01 1.943311e-01 1.735394e-01 1.451956e-01 2.221678e-03
<GCONST> 8.083681e+01
<TRANSP> 5
 0.000000e+00 1.000000e+00 0.000000e+00 0.000000e+00 0.000000e+00
 0.000000e+00 9.012508e-01 9.874921e-02 0.000000e+00 0.000000e+00
 0.000000e+00 0.000000e+00 9.153502e-01 8.464981e-02 0.000000e+00
 0.000000e+00 0.000000e+00 0.000000e+00 9.176029e-01 8.239716e-02
 0.000000e+00 0.000000e+00 0.000000e+00 0.000000e+00 0.000000e+00
<ENDHMM>
~h "five"
<BEGINHMM>
<NUMSTATES> 5
<STATE> 2
<MEAN> 39
 -6.145301e+00 -8.579067e+00 -7.592479e+00 -9.225047e+00 -4.230649e-01 -6.121465e+00 6.970099e-03 -6.825415e+00 -3.778210e+00 -6.490661e+00 -3.219441e-01 -4.546302e+00 1.643808e+01 1.117981e-01 -6.872115e-01 -4.785921e-01 3.255059e-01 2.195613e-01 -2.712120e-01 2.421208e-01 2.802700e-01 -3.435880e-01 -1.302723e-01 -1.266205e-01 1.667020e-02 2.472800e-01 -1.687888e-03 -5.660873e-03 5.737715e-02 4.688837e-02 -1.725670e-02 -3.236458e-02 -1.989582e-02 -4.941046e-02 -1.732890e-02 2.411538e-02 1.546288e-02 -1.459347e-02 2.061851e-02
<VARIANCE> 39
 1.125221e+01 1.815386e+01 1.972011e+01 1.332428e+01 1.796993e+01 2.025479e+01 1.944230e+01 3.697227e+01 2.612188e+01 2.326819e+01 2.203222e+01 1.616224e+01 4.948134e+00 7.423179e-01 6.844233e-01 8.868368e-01 8.866003e-01 8.226770e-01 1.096098e+00 9.428279e-01 1.701123e+00 1.496832e+00 1.271830e+00 1.231869e+00 8.357611e-01 2.129116e-01 1.004225e-01 1.065271e-01 1.570922e-01 1.148708e-01 1.338450e-01 1.695189e-01 1.473376e-01 2.760081e-01 2.348384e-01 1.802754e-01 1.906099e-01 1.286198e-01 2.516604e-02
<GCONST> 8.141045e+01
<STATE> 3
<MEAN> 39
 -5.829909e+00 -1.543208e+01 -8.489592e+00 -3.791502e+00 1.364197e+00 -9.061790e+00 2.480586e+00 -7.543463e+00 -7.266443e+00 -5.482923e+00 -5.596442e-01 -4.576599e+00 1.903887e+01 -1.610333e-01 9.881289e-02 4.891212e-01 -2.808343e-01 -2.718478e-01 4.465794e-01 6.804520e-02 -3.852472e-01 3.469783e-02 2.820537e-01 5.019219e-02 -7.338861e-02 -4.962919e-02 4.119490e-02 1.198991e-01 1.074242e-02 -1.944130e-01 -5.746679e-02 8.541079e-02 -2.819498e-02 2.903878e-02 6.260718e-02 -5.057391e-02 -7.345669e-02 -1.855370e-02 -1.597168e-02
<VARIANCE> 39
 9.235520e+00 9.516521e+00 2.487405e+01 2.134832e+01 1.890436e+01 2.361057e+01 1.802779e+01 4.020387e+01 4.783451e+01 4.513330e+01 2.691066e+01 2.542697e+01 1.368736e+00 9.077754e-02 1.726024e-01 2.727430e-01 6.954148e-01 5.202825e-01 5.777696e-01 5.082269e-01 5.121690e-01 6.401093e-01 6.122527e-01 5.999652e-01 4.835856e-01 5.997586e-03 1.192115e-02 2.521031e-02 3.123387e-02 4.833078e-02 5.224700e-02 5.349388e-02 5.804963e-02 6.689398e-02 9.045377e-02 8.805466e-02 6.807323e-02 7.103813e-02 9.688305e-04
<GCONST> 5.083685e+01
<STATE> 4
<MEAN> 39
 -5.452401e+00 -7.798195e+00 -3.664724e+00 -1.292934e+01 -3.057850e+00 -3.760870e+00 1.120414e+00 -8.346091e+00 -3.888039e+00 -5.631059e+00 -1.734032e+00 -5.653007e+00 1.761938e+01 6.896103e-02 9.293821e-01 2.307977e-01 -1.987882e-01 -1.315928e-01 -8.908890e-02 -2.932281e-01 7.891059e-02 3.928494e-01 -1.370573e-01 7.672831e-02 1.233725e-02 -2.762189e-01 -4.002640e-02 -7.254066e-02 -8.900338e-02 1.945952e-01 1.092603e-01 -8.830160e-02 -1.665548e-02 -4.516125e-03 -4.075461e-02 1.309684e-02 7.345106e-02 3.240536e-02 -1.782531e-02
<VARIANCE> 39
 7.533137e+00 2.308251e+01 1.185585e+01 2.986159e+01 3.748623e+01 2.150838e+01 2.415422e+01 3.057126e+01 4.223595e+01 2.629448e+01 2.688212e+01 2.787959e+01 2.629519e+00 3.400312e-01 7.374029e-01 6.409168e-01 2.733145e+00 1.682087e+00 1.393089e+00 9.393059e-01 1.417221e+00 1.594574e+00 1.266554e+00 1.316848e+00 1.013080e+00 6.819270e-02 5.715514e-02 1.022110e-01 9.524719e-02 3.009314e-01 2.342666e-01 2.509230e-01 1.675266e-01 2.084453e-01 2.011775e-01 1.717467e-01 2.163429e-01 1.726192e-01 9.082112e-03
<GCONST> 8.298357e+01
<TRANSP> 5
 0.000000e+00 1.000000e+00 0.000000e+00 0.000000e+00 0.000000e+00
 0.000000e+00 9.300392e-01 6.996085e-02 0.000000e+00 0.000000e+00
 0.000000e+00 0.000000e+00 9.152319e-01 8.476809e-02 0.000000e+00
 0.000000e+00 0.000000e+00 0.000000e+00 8.980054e-01 1.019946e-01
 0.000000e+00 0.000000e+00 0.000000e+00 0.000000e+00 0.000000e+00
<ENDHMM>
~h "four"
<BEGINHMM>
<NUMSTATES> 5
<STATE> 2
<MEAN> 39
 -7.667614e+00 -6.677808e+00 -5.470642e+00 -9.688792e+00 -1.112550e+00 -4.543476e+00 -5.189728e-01 -8.559962e+00 -2.271121e+00 -5.732478e+00 1.121440e+00 -4.080834e+00 1.494338e+01 3.138357e-01 1.474958e-02 -3.778507e-01 -2.939831e-01 -1.125255e-01 -9.205823e-02 -1.320306e-01 -8.569828e-03 1.231802e-01 1.055109e-01 -1.625160e-02 -4.077198e-02 1.258386e-01 2.438173e-01 9.813483e-02 -1.170318e-01 -1.288143e-01 -5.303990e-02 -1.112579e-01 -1.097986e-01 -1.808098e-02 -8.184095e-03 7.009566e-03 -7.390760e-02 -1.029496e-01 1.065350e-01
<VARIANCE> 39
 4.657703e+00 4.193451e+00 6.876489e+00 8.704023e+00 1.156782e+01 1.418993e+01 1.488089e+01 1.611071e+01 1.489992e+01 1.410062e+01 1.539704e+01 1.167687e+01 9.116805e-01 1.047066e+00 4.639236e-01 5.766308e-01 6.437172e-01 6.049650e-01 9.842696e-01 9.577664e-01 8.519986e-01 8.544640e-01 7.821124e-01 1.037500e+00 8.674544e-01 1.654569e-01 5.929432e-02 5.711766e-02 1.015155e-01 1.069120e-01 1.041820e-01 1.638891e-01 1.311690e-01 1.613808e-01 1.551103e-01 1.347689e-01 1.544513e-01 1.329648e-01 6.555353e-03
<GCONST> 6.410861e+01
<STATE> 3
<MEAN> 39
 1.545542e+00 -3.506071e+00 -1.204609e+01 -1.693926e+01 -4.004881e+00 -6.246487e+00 -3.255047e+00 -8.958976e+00 -1.451340e+00 -3.992062e+00 3.068373e-01 -6.856421e+00 1.889500e+01 3.433107e-01 -1.623348e-01 -3.558477e-01 -7.217047e-02 6.820398e-02 -2.290268e-02 -2.270717e-01 1.736721e-01 3.472252e-01 1.047987e-01 -2.364446e-01 -2.329478e-01 1.594964e-01 -1.728062e-01 -1.511379e-01 1.446060e-01 2.267973e-01 4.013358e-02 -2.949183e-02 4.305370e-02 1.087216e-01 4.690734e-02 -7.877220e-02 -5.253191e-02 5.703612e-02 -6.698091e-02
<VARIANCE> 39
 4.227960e+00 1.022245e+01 1.029036e+01 1.432916e+01 2.460276e+01 1.721146e+01 1.818636e+01 1.709347e+01 2.334695e+01 2.481169e+01 3.750480e+01 3.594286e+01 1.115800e+00 5.912059e-01 7.438595e-01 7.231894e-01 1.240829e+00 9.895772e-01 7.948632e-01 9.115146e-01 9.642964e-01 1.307602e+00 1.180656e+00 1.372135e+00 1.243437e+00 1.038316e-01 4.871600e-02 4.642922e-02 9.628294e-02 8.305278e-02 1.340594e-01 1.435021e-01 1.544317e-01 1.396361e-01 1.799932e-01 1.932645e-01 2.021902e-01 1.820074e-01 7.090523e-03
<GCONST> 7.298954e+01
<STATE> 4
<MEAN> 39
 -5.429473e-01 -1.072220e+01 -7.323117e+00 -8.565815e+00 -5.391744e+00 -8.704765e+00 -2.323945e+00 -4.895530e+00 1.832058e-01 -7.540123e+00 -3.910873e+00 -7.426217e+00 1.840887e+01 -6.129127e-01 7.465051e-02 1.055966e+00 4.896524e-01 -3.433494e-01 7.616257e-02 5.981664e-01 -1.811748e-01 -6.240195e-01 -3.440995e-01 1.658252e-01 3.014709e-01 -2.432765e-01 -9.001636e-02 2.380778e-01 -4.453155e-02 -1.996030e-01 1.165280e-01 1.960449e-01 3.099996e-02 -1.858952e-01 -1.287929e-01 1.032561e-01 1.745549e-01 4.439848e-02 -4.962717e-02
<VARIANCE> 39
 7.333426e+00 1.779958e+01 3.181578e+01 1.828339e+01 4.522203e+01 3.700930e+01 3.509687e+01 4.319410e+01 4.621208e+01 3.482880e+01 3.460003e+01 3.076935e+01 1.741630e+00 2.971708e-01 1.587486e+00 9.179296e-01 1.626264e+00 2.564564e+00 2.221741e+00 1.718491e+00 2.564770e+00 1.885271e+00 1.705947e+00 1.829050e+00 1.123808e+00 5.832912e-02 2.926799e-02 1.346432e-01 2.064868e-01 1.690598e-01 4.288346e-01 2.940586e-01 3.516556e-01 3.668475e-01 3.851870e-01 2.816707e-01 3.092501e-01 2.124644e-01 3.411653e-03
<GCONST> 9.085587e+01
<TRANSP> 5
 0.000000e+00 1.000000e+00 0.000000e+00 0.000000e+00 0.000000e+00
 0.000000e+00 9.011176e-01 9.888238e-02 0.000000e+00 0.000000e+00
 0.000000e+00 0.000000e+00 9.186852e-01 8.131474e-02 0.000000e+00
 0.000000e+00 0.000000e+00 0.000000e+00 8.810120e-01 1.189880e-01
 0.000000e+00 0.000000e+00 0.000000e+00 0.000000e+00 0.000000e+00
<ENDHMM>
~h "zero"
<BEGINHMM>
<NUMSTATES> 5
<STATE> 2
<MEAN> 39
 -6.758179e+00 -3.060532e+00 -4.886795e+00 -7.466865e+00 -1.265790e+00 -3.807550e+00 -1.414101e+00 -8.519996e+00 -3.457351e+00 -5.106209e+00 5.901234e-01 -4.556122e+00 1.523185e+01 -8.170421e-02 3.317769e-01 1.413702e-01 -3.041199e-01 -2.133215e-01 -2.737620e-01 -1.777334e-01 -1.205104e-01 1.233106e-01 2.201347e-01 -1.254883e-02 -1.804082e-04 1.060422e-01 6.806290e-02 1.068909e-01 1.512872e-01 -2.256988e-01 -1.459336e-01 -2.462536e-01 -6.497105e-02 -7.538822e-02 6.202390e-02 1.080057e-02 -2.262751e-02 -5.403174e-02 8.252086e-02
<VARIANCE> 39
 7.745591e+00 1.028861e+01 1.429243e+01 1.360916e+01 1.783329e+01 1.930371e+01 1.877952e+01 1.949849e+01 2.377085e+01 2.085609e+01 1.977659e+01 1.678327e+01 1.208743e+00 4.211676e-01 7.290796e-01 1.003666e+00 9.500206e-01 8.893794e-01 1.750821e+00 9.589468e-01 1.102063e+00 1.068044e+00 8.963276e-01 1.006095e+00 1.001625e+00 1.192540e-01 5.258035e-02 9.179009e-02 1.144091e-01 1.198336e-01 1.237963e-01 1.946421e-01 1.597987e-01 1.730611e-01 1.607244e-01 1.399860e-01 1.706399e-01 1.584597e-01 7.959138e-03
<GCONST> 7.320314e+01
<STATE> 3
<MEAN> 39
 -5.592280e+00 3.953847e-01 8.077894e-01 -1.662424e+01 -7.707404e+00 -9.224921e+00 -4.660026e+00 -8.628919e+00 -4.993887e-02 -3.802479e+00 1.258503e-01 -6.759886e+00 1.834423e+01 3.379210e-01 -6.248118e-01 4.887646e-01 -2.656808e-01 -1.102034e+00 1.290257e-01 1.548317e-01 1.538479e-01 3.349237e-01 -5.399850e-02 2.664688e-02 -1.553081e-01 1.949265e-01 4.521257e-02 -2.660679e-01 -1.692042e-01 3.433203e-01 9.407219e-03 1.403176e-01 1.908130e-01 7.234903e-02 -7.128618e-02 -4.766089e-02 -7.066753e-03 6.281568e-02 -6.164955e-02
<VARIANCE> 39
 7.281340e+00 1.916018e+01 1.718725e+01 2.744030e+01 5.847443e+01 3.936568e+01 3.189033e+01 4.336203e+01 3.246227e+01 3.001793e+01 3.379687e+01 4.994975e+01 1.156445e+00 4.295137e-01 1.775862e+00 8.555306e-01 2.664667e+00 1.664691e+00 2.654125e+00 1.727412e+00 1.475456e+00 1.340082e+00 1.175752e+00 1.141510e+00 1.379967e+00 7.314185e-02 5.099229e-02 1.107174e-01 1.223842e-01 1.857544e-01 2.375497e-01 3.918662e-01 2.244553e-01 2.434561e-01 2.200179e-01 1.773837e-01 1.724203e-01 2.131529e-01 4.550983e-03
<GCONST> 8.729044e+01
<STATE> 4
<MEAN> 39
 -1.649546e+00 -9.930134e+00 -4.550372e+00 -9.837043e+00 -9.202842e+00 -8.373510e+00 4.405713e-02 -4.373017e+00 -3.070487e-01 -6.662835e+00 -1.066621e+00 -5.913476e+00 1.846299e+01 -1.724821e-03 4.106162e-02 -4.249432e-01 2.122095e-01 6.903626e-01 -3.667437e-02 1.308700e-02 7.659516e-02 -1.453032e-01 -9.953666e-02 -4.258858e-02 5.560933e-02 -9.980668e-02 -8.147363e-02 1.027271e-01 5.155025e-02 -8.308244e-02 8.996282e-02 7.160254e-02 -5.898363e-02 -6.223365e-02 -2.369715e-02 2.519754e-02 2.528129e-02 8.756340e-03 -2.410414e-02
<VARIANCE> 39
 6.049094e+00 2.022758e+01 2.591763e+01 2.576295e+01 6.116869e+01 5.180303e+01 3.776223e+01 3.636238e+01 4.391735e+01 3.594057e+01 2.597993e+01 3.311921e+01 1.509342e+00 3.012014e-01 8.277278e-01 7.833890e-01 1.013862e+00 1.236885e+00 1.841348e+00 1.590067e+00 1.897713e+00 1.647470e+00 1.476170e+00 1.053241e+00 9.581064e-01 3.797229e-02 2.902775e-02 5.182420e-02 8.361114e-02 1.130990e-01 1.905664e-01 2.371243e-01 2.060667e-01 2.034614e-01 2.219549e-01 2.011822e-01 1.522519e-01 1.418979e-01 2.415675e-03
<GCONST> 8.034353e+01
<TRANSP> 5
 0.000000e+00 1.000000e+00 0.000000e+00 0.000000e+00 0.000000e+00
 0.000000e+00 8.903299e-01 1.096701e-01 0.000000e+00 0.000000e+00
 0.000000e+00 0.000000e+00 8.972698e-01 1.027302e-01 0.000000e+00
 0.000000e+00 0.000000e+00 0.000000e+00 9.447604e-01 5.523952e-02
 0.000000e+00 0.000000e+00 0.000000e+00 0.000000e+00 0.000000e+00
<ENDHMM>
