~o
<STREAMINFO> 1 39
<VECSIZE> 39<NULLD><MFCC_E_D_A><DIAGC>
~h "eight"
<BEGINHMM>
<NUMSTATES> 5
<STATE> 2
<MEAN> 39
 -7.524252e+00 -3.425463e+00 -5.693404e+00 -1.668127e+01 -6.472253e-01 -5.182429e+00 5.464617e-01 -6.746654e+00 -1.554750e+00 -6.763817e+00 -1.027580e+00 -5.331584e+00 1.714911e+01 -1.900195e-01 7.575288e-01 -8.186709e-02 -7.814739e-01 3.923779e-02 -4.145851e-01 5.498272e-02 2.967995e-01 3.011552e-01 4.553986e-02 -9.449533e-02 -9.567267e-02 2.139843e-01 3.509391e-02 8.254551e-02 1.092675e-02 8.963347e-02 -4.103995e-02 -1.680769e-01 -8.082498e-02 -2.284138e-02 2.705533e-02 6.061800e-02 5.858084e-02 -4.580637e-03 3.466474e-03
<VARIANCE> 39
 1.075576e+01 2.305837e+01 1.835780e+01 3.944752e+01 4.045809e+01 2.353716e+01 2.441507e+01 2.433811e+01 3.137290e+01 2.547061e+01 2.575901e+01 2.447309e+01 3.380896e+00 3.360932e-01 9.651077e-01 6.847398e-01 1.411189e+00 1.254018e+00 1.634325e+00 1.348156e+00 1.128210e+00 1.374383e+00 1.216730e+00 1.140045e+00 1.007758e+00 1.229794e-01 4.082861e-02 8.491884e-02 8.461758e-02 2.011356e-01 1.478591e-01 1.778295e-01 1.529717e-01 1.814240e-01 2.320960e-01 1.695072e-01 1.833573e-01 1.573080e-01 1.323969e-02
<GCONST> 8.183726e+01
<STATE> 3
<MEAN> 39
 -7.935268e+00 5.475986e+00 -4.908605e+00 -1.664728e+01 -2.357276e+00 -1.441937e+01 -3.035215e+00 -8.590793e+00 -1.333275e+00 -4.426883e+00 9.894412e-01 -5.287220e+00 1.807283e+01 2.038413e-01 -4.290164e-01 1.808108e-01 9.720495e-01 1.361375e-01 6.933974e-02 -3.419802e-01 -6.694552e-01 -5.148339e-01 -4.113091e-02 2.100342e-01 1.945945e-01 -2.363280e-01 1.021282e-02 -3.328930e-01 -3.043266e-02 6.396115e-02 4.254456e-02 3.532510e-01 1.234173e-01 5.585733e-02 -2.347391e-02 -9.194040e-02 -6.257313e-02 3.917381e-03 -6.257652e-02
<VARIANCE> 39
 9.284462e+00 1.350719e+01 2.250873e+01 3.248519e+01 1.967649e+01 2.420522e+01 5.254553e+01 3.438113e+01 4.415733e+01 2.637302e+01 3.191332e+01 2.703314e+01 1.959815e+00 2.642207e-01 1.895688e+00 4.088293e-01 7.647217e-01 7.868131e-01 2.502150e+00 1.307328e+00 1.116772e+00 1.804253e+00 1.195110e+00 1.398758e+00 1.008694e+00 6.759359e-02 3.641365e-02 9.029847e-02 5.905547e-02 1.265766e-01 9.250860e-02 1.745031e-01 1.630074e-01 2.078774e-01 2.767941e-01 1.690442e-01 1.958874e-01 1.643072e-01 4.024227e-03
<GCONST> 7.874339e+01
<STATE> 4
<MEAN> 39
 -7.116767e+00 -6.541067e+00 -5.514878e+00 -1.004293e+01 -1.215375e+00 -4.682480e+00 -8.409405e-01 -8.921490e+00 -3.019660e+00 -5.935846e+00 9.428729e-01 -4.004976e+00 1.468662e+01 -7.179783e-02 -3.660489e-01 -1.176298e-01 1.204242e-01 -4.112491e-02 3.696103e-01 1.855421e-01 1.810011e-01 1.167377e-01 8.797117e-03 1.649083e-02 9.387966e-03 -9.300598e-02 -5.685297e-03 1.757349e-01 1.039991e-02 -6.684013e-02 -1.211832e-02 -1.464314e-01 -4.599055e-02 -1.503947e-02 -6.331516e-03 2.179371e-02 -5.186068e-03 -1.391517e-02 4.871764e-02
<VARIANCE> 39
 4.560893e+00 6.159153e+00 8.314757e+00 9.574124e+00 1.262566e+01 1.589435e+01 1.697651e+01 1.696683e+01 1.732072e+01 1.627313e+01 1.523352e+01 1.399439e+01 1.034501e+00 2.099293e-01 8.405244e-01 4.288090e-01 5.955232e-01 4.862396e-01 1.170447e+00 9.931199e-01 8.546665e-01 9.812967e-01 7.909757e-01 7.432474e-01 7.057065e-01 4.874192e-02 3.460032e-02 9.647737e-02 7.128502e-02 1.091523e-01 9.177043e-02 1.887645e-01 1.756934e-01 1.504275e-01 1.623781e-01 1.354729e-01 1.324254e-01 1.272722e-01 4.818404e-03
<GCONST> 6.216207e+01
<TRANSP> 5
 0.000000e+00 1.000000e+00 0.000000e+00 0.000000e+00 0.000000e+00
 0.000000e+00 9.121924e-01 8.780762e-02 0.000000e+00 0.000000e+00
 0.000000e+00 0.000000e+00 8.976272e-01 1.023728e-01 0.000000e+00
 0.000000e+00 0.000000e+00 0.000000e+00 9.213891e-01 7.861093e-02
 0.000000e+00 0.000000e+00 0.000000e+00 0.000000e+00 0.000000e+00
<ENDHMM>
~h "oh"
<BEGINHMM>
<NUMSTATES> 5
<STATE> 2
<MEAN> 39
 -5.072906e+00 -9.817537e+00 -7.833377e+00 -8.759861e+00 -2.347719e+00 -7.078436e+00 2.847755e+00 -7.616875e+00 -4.773004e+00 -6.878155e+00 -1.687974e+00 -4.955315e+00 1.721407e+01 4.015585e-01 -2.821494e-01 -5.485501e-01 2.171545e-01 1.401627e-01 -4.945689e-01 2.322910e-01 5.781040e-01 -1.037486e-01 -3.932610e-01 -3.404420e-01 -6.349499e-02 2.903814e-01 6.013421e-02 8.892392e-02 -1.210266e-02 -5.544873e-02 1.547173e-02 -6.012468e-02 -1.276604e-01 1.861857e-02 1.092551e-01 1.494775e-03 -5.272238e-02 -5.050196e-02 1.424376e-02
<VARIANCE> 39
 8.382305e+00 1.228220e+01 1.538583e+01 1.591971e+01 2.185689e+01 2.340161e+01 2.846190e+01 5.757658e+01 3.748622e+01 3.054211e+01 2.663984e+01 2.711323e+01 3.812012e+00 4.045049e-01 5.595052e-01 6.603168e-01 6.405978e-01 7.460980e-01 1.180177e+00 1.235327e+00 1.815301e+00 1.533159e+00 1.309644e+00 1.311777e+00 1.082004e+00 1.254167e-01 4.813058e-02 7.023268e-02 8.521729e-02 8.555458e-02 1.118070e-01 1.482320e-01 1.609972e-01 2.226749e-01 2.095436e-01 1.953586e-01 2.000352e-01 1.548820e-01 1.713554e-02
<GCONST> 7.894449e+01
<STATE> 3
<MEAN> 39
 -4.965995e-01 -8.085562e+00 -1.303811e+01 -1.018378e+01 -8.909649e-01 -1.201037e+01 -8.892388e-01 -1.284799e+00 1.939154e-01 -7.884273e+00 -5.009707e+00 -6.855098e+00 1.903839e+01 2.239072e-01 4.083353e-01 -6.301285e-03 -3.375471e-01 -6.150927e-02 -1.964746e-02 -6.569722e-01 -2.515010e-01 6.164272e-01 5.838704e-01 3.178533e-02 -3.234859e-01 -1.058156e-02 -4.688026e-02 2.213277e-02 1.000644e-01 -1.014051e-02 -5.009494e-02 8.897687e-02 1.630278e-02 -1.447877e-01 -8.520344e-02 7.581963e-02 1.148444e-01 2.391841e-02 -2.662398e-02
<VARIANCE> 39
 6.028922e+00 9.347387e+00 1.555831e+01 1.589685e+01 1.975419e+01 2.333680e+01 4.428231e+01 3.314378e+01 4.055783e+01 3.755700e+01 3.123152e+01 3.914726e+01 1.183734e+00 8.543303e-02 1.427004e-01 2.976720e-01 2.936640e-01 3.913098e-01 5.535881e-01 7.245919e-01 1.116325e+00 7.998048e-01 8.947310e-01 8.656508e-01 6.944234e-01 1.391791e-02 1.175630e-02 1.537127e-02 3.537053e-02 3.572029e-02 4.852976e-02 7.178194e-02 8.156148e-02 1.012436e-01 1.109302e-01 1.074998e-01 9.628417e-02 9.289260e-02 1.245801e-03
<GCONST> 5.396379e+01
<STATE> 4
<MEAN> 39
 -7.418182e-01 -3.730195e+00 -8.383331e+00 -1.248796e+01 -3.622055e+00 -9.300144e+00 -4.000158e+00 -8.066672e+00 -2.979431e-01 -3.366245e+00 3.569725e-01 -6.248671e+00 1.795417e+01 -5.069021e-01 1.203024e-01 7.350001e-01 2.727177e-01 1.213553e-02 5.559242e-01 3.365020e-01 -4.405236e-01 -5.363584e-01 -1.885734e-01 3.968889e-01 4.349113e-01 -2.802318e-01 -1.126523e-01 -1.140013e-01 -2.907868e-02 7.595467e-02 9.950960e-02 8.985814e-02 1.345922e-01 9.031347e-02 -3.953842e-02 -1.066726e-01 -6.855579e-02 5.315372e-02 -3.464302e-02
<VARIANCE> 39
 9.361494e+00 7.810181e+00 2.079552e+01 1.825480e+01 1.941330e+01 2.692006e+01 3.110310e+01 2.683559e+01 3.199027e+01 4.008419e+01 3.906120e+01 3.790241e+01 2.412501e+00 3.826953e-01 4.593658e-01 5.507361e-01 6.217663e-01 8.842408e-01 1.264738e+00 1.251874e+00 1.298648e+00 1.305791e+00 1.263465e+00 1.279160e+00 1.245754e+00 5.453465e-02 3.299579e-02 4.469838e-02 8.896656e-02 8.728103e-02 1.096993e-01 1.661356e-01 1.871798e-01 1.997285e-01 2.127136e-01 2.068777e-01 1.755926e-01 1.748503e-01 4.194858e-03
<GCONST> 7.532736e+01
<TRANSP> 5
 0.000000e+00 1.000000e+00 0.000000e+00 0.000000e+00 0.000000e+00
 0.000000e+00 9.027608e-01 9.723923e-02 0.000000e+00 0.000000e+00
 0.000000e+00 0.000000e+00 9.042472e-01 9.575286e-02 0.000000e+00
 0.000000e+00 0.000000e+00 0.000000e+00 8.838429e-01 1.161571e-01
 0.000000e+00 0.000000e+00 0.000000e+00 0.000000e+00 0.000000e+00
<ENDHMM>
~h "seven"
<BEGINHMM>
<NUMSTATES> 5
<STATE> 2
<MEAN> 39
 -8.806631e+00 -4.769281e+00 -7.050017e+00 -8.596655e+00 -2.107394e+00 -3.131447e+00 -1.276509e+00 -8.136147e+00 -2.909429e+00 -5.214480e+00 6.799268e-01 -3.793395e+00 1.484347e+01 4.741058e-02 -4.084798e-02 -4.356900e-02 -3.256980e-01 -2.671273e-01 -1.353343e-01 2.667653e-01 1.513758e-02 1.375778e-01 -7.737956e-04 -2.047791e-01 -6.332371e-02 1.080878e-01 1.303975e-01 9.204525e-03 8.983021e-02 -1.476355e-01 -1.309363e-01 -1.120196e-01 8.732994e-02 -1.238424e-02 2.002495e-02 -2.644500e-02 -8.712240e-02 -9.269764e-02 9.199267e-02
<VARIANCE> 39
 8.340012e+00 1.013035e+01 1.380078e+01 1.310765e+01 1.612601e+01 1.582008e+01 1.759687e+01 1.745255e+01 1.826360e+01 1.723363e+01 1.706742e+01 1.463345e+01 9.047275e-01 7.144133e-01 4.608480e-01 8.613430e-01 9.991095e-01 9.701381e-01 1.283294e+00 9.959626e-01 8.575957e-01 1.029544e+00 1.155908e+00 9.210114e-01 9.517401e-01 1.512429e-01 5.368429e-02 6.783888e-02 9.750191e-02 1.360510e-01 1.662413e-01 1.770663e-01 1.648983e-01 1.456986e-01 1.700096e-01 1.546174e-01 1.450091e-01 1.504834e-01 8.093953e-03
<GCONST> 7.123421e+01
<STATE> 3
<MEAN> 39
 -5.558075e+00 -7.172778e+00 -5.193472e+00 -1.591174e+01 -6.355660e+00 -4.897009e+00 4.772487e+00 -8.475010e+00 -2.770160e+00 -6.761119e+00 -3.975049e+00 -6.626519e+00 1.896182e+01 1.894533e-01 -2.722632e-01 1.233810e-01 3.882808e-02 -6.137383e-02 -1.088002e-01 2.446589e-01 2.681849e-01 -2.807252e-01 -5.543005e-02 -6.964494e-02 -1.107269e-01 1.236368e-01 -4.177998e-02 7.839748e-02 1.111910e-02 2.926458e-01 1.553699e-01 -2.480878e-02 -2.548968e-01 3.867894e-02 -2.091179e-02 1.592026e-02 1.771704e-01 7.159714e-02 -1.270850e-01
<VARIANCE> 39
 9.614646e+00 1.303329e+01 9.436707e+00 1.827779e+01 4.580249e+01 3.937848e+01 3.187668e+01 3.950835e+01 4.652962e+01 5.849232e+01 3.255420e+01 3.130154e+01 1.240813e+00 4.410259e-01 5.954198e-01 4.993327e-01 1.548395e+00 1.671524e+00 1.672650e+00 1.827650e+00 1.089302e+00 1.392667e+00 1.776832e+00 1.809613e+00 1.326400e+00 2.114268e-01 8.204691e-02 9.001198e-02 9.646609e-02 1.114838e-01 2.523420e-01 2.721471e-01 1.781217e-01 1.666769e-01 2.018927e-01 2.407534e-01 2.262372e-01 1.834979e-01 6.062320e-03
<GCONST> 8.474817e+01
<STATE> 4
<MEAN> 39
 -3.244347e+00 -3.881843e+00 -1.891207e+00 -9.521952e+00 -3.365987e+00 -8.015697e+00 -1.088915e+00 -8.732973e+00 -4.324260e+00 -7.120052e+00 -1.906874e+00 -7.105269e+00 1.713248e+01 1.768513e-02 2.205677e-01 1.049621e-01 2.065503e-01 3.193775e-01 1.039529e-01 -2.925324e-01 -2.637352e-01 8.569294e-02 -1.439425e-02 1.277888e-01 4.227572e-02 -1.184134e-01 -5.595604e-02 -7.367293e-02 -7.384458e-02 -8.778008e-02 -2.233358e-02 9.372197e-02 1.106988e-01 -4.596798e-03 1.866149e-02 1.745087e-02 -3.220639e-02 2.023125e-02 1.415730e-02
<VARIANCE> 39
 4.974842e+00 1.019479e+01 9.926723e+00 1.395349e+01 2.822469e+01 3.043306e+01 2.586529e+01 4.089539e+01 3.293283e+01 3.570398e+01 3.328819e+01 2.974882e+01 1.533693e+00 2.533935e-01 5.250467e-01 5.539058e-01 8.538668e-01 1.339955e+00 1.253491e+00 1.628739e+00 1.363172e+00 1.438485e+00 1.411172e+00 1.273563e+00 9.896296e-01 9.358775e-02 3.738632e-02 7.812215e-02 8.698368e-02 1.507716e-01 2.341878e-01 2.027750e-01 2.726199e-01 2.366434e-01 2.360255e-01 2.409610e-01 2.174078e-01 1.500707e-01 1.437088e-02
<GCONST> 7.928016e+01
<TRANSP> 5
 0.000000e+00 1.000000e+00 0.000000e+00 0.000000e+00 0.000000e+00
 0.000000e+00 9.125739e-01 8.742609e-02 0.000000e+00 0.000000e+00
 0.000000e+00 0.000000e+00 9.003658e-01 9.963419e-02 0.000000e+00
 0.000000e+00 0.000000e+00 0.000000e+00 9.365582e-01 6.344186e-02
 0.000000e+00 0.000000e+00 0.000000e+00 0.000000e+00 0.000000e+00
<ENDHMM>
~h "three"
<BEGINHMM>
<NUMSTATES> 5
<STATE> 2
<MEAN> 39
 -7.753082e+00 -6.035266e+00 -4.949137e+00 -1.011976e+01 -8.176899e-01 -4.845856e+00 -5.887961e-01 -8.498263e+00 -2.602043e+00 -5.425551e+00 9.830295e-01 -3.779382e+00 1.488863e+01 1.181818e-01 -8.363595e-02 2.207188e-01 -4.797688e-02 -4.167405e-01 -2.858677e-01 -6.849113e-02 1.494114e-02 7.425302e-02 3.189597e-02 1.361429e-02 4.314474e-04 9.208685e-02 1.742197e-01 2.254017e-02 1.428289e-01 1.951446e-03 -2.577675e-01 -1.755563e-01 -7.574128e-02 -1.877700e-02 1.537904e-02 -9.218382e-03 -3.924778e-02 -7.054541e-02 8.471629e-02
<VARIANCE> 39
 5.400868e+00 6.329594e+00 9.779343e+00 1.060192e+01 1.435539e+01 1.431225e+01 1.606517e+01 1.761143e+01 1.951329e+01 1.776078e+01 1.686058e+01 1.459230e+01 1.170455e+00 7.019924e-01 5.235445e-01 8.963120e-01 7.510099e-01 1.499185e+00 1.312560e+00 9.016346e-01 1.036179e+00 9.999574e-01 9.323084e-01 9.825643e-01 9.153207e-01 1.193093e-01 5.916816e-02 9.076452e-02 9.846701e-02 1.380231e-01 2.011591e-01 1.855363e-01 1.564496e-01 2.030750e-01 1.781607e-01 1.662449e-01 1.641534e-01 1.611113e-01 4.958382e-03
<GCONST> 7.052036e+01
<STATE> 3
<MEAN> 39
 -2.518137e+00 -6.783541e+00 2.449299e+00 -1.140187e+01 -1.369865e+01 -9.363332e+00 -3.152537e+00 -9.428354e+00 -9.454907e-03 -5.130504e+00 1.270094e-01 -5.735048e+00 1.823541e+01 -6.862412e-02 4.227094e-01 6.951845e-01 -1.049856e+00 -3.996571e-01 3.060278e-01 -8.254076e-01 1.096438e-01 3.076173e-01 -2.807256e-02 6.153171e-02 -1.674223e-01 2.367503e-01 -2.156734e-01 2.146464e-01 -2.005198e-01 -1.428205e-01 5.230277e-01 4.712688e-02 -5.942056e-02 1.143476e-01 -1.140713e-01 -2.023167e-02 2.135189e-02 3.956065e-02 -6.774376e-02
<VARIANCE> 39
 6.507146e+00 1.457567e+01 2.008426e+01 4.937638e+01 4.245367e+01 6.100885e+01 3.522881e+01 3.826533e+01 3.064140e+01 2.820659e+01 3.707789e+01 3.334344e+01 1.447084e+00 9.619796e-01 1.476627e+00 9.228627e-01 2.725314e+00 4.895083e+00 3.382430e+00 2.206999e+00 1.969152e+00 1.296618e+00 1.095892e+00 1.152278e+00 1.164600e+00 6.899489e-02 6.798208e-02 1.290743e-01 1.773857e-01 3.907520e-01 3.806304e-01 6.812703e-01 3.772548e-01 2.755093e-01 2.400974e-01 1.746557e-01 1.705918e-01 1.637534e-01 3.908583e-03
<GCONST> 9.265437e+01
<STATE> 4
<MEAN> 39
 -6.590551e+00 3.298163e+00 -7.803059e-01 -1.672948e+01 -2.106745e+00 -1.135582e+01 -6.399224e+00 -7.962153e+00 -3.159435e+00 -5.505670e+00 -3.370711e-01 -6.525784e+00 1.789479e+01 -2.820219e-02 6.330343e-02 -6.391534e-01 7.253039e-01 7.234856e-01 -1.648779e-01 5.492609e-01 -8.268347e-02 -3.564603e-01 1.203076e-02 -7.059456e-02 5.073462e-02 -1.956445e-01 5.814826e-02 -2.881114e-01 2.508550e-03 1.697354e-01 -2.211508e-01 1.819721e-01 1.647819e-01 -6.734916e-02 9.742322e-02 8.240809e-03 2.041616e-02 2.496871e-02 -3.092087e-02
<VARIANCE> 39
 7.580473e+00 1.700897e+01 1.909990e+01 3.484708e+01 2.704757e+01 2.948790e+01 4.823341e+01 4.778469e+01 3.321846e+01 3.976920e+01 4.240158e+01 3.677536e+01 1.619884e+00 3.151342e-01 1.882922e+00 6.700023e-01 1.043734e+00 1.834891e+00 2.559861e+00 1.467142e+00 1.693771e+00 1.384672e+00 1.287924e+00 1.031998e+00 9.705021e-01 3.582554e-02 4.748385e-02 9.098803e-02 9.640399e-02 2.205422e-01 1.814733e-01 2.352878e-01 2.696369e-01 2.497842e-01 1.837021e-01 1.709958e-01 1.443272e-01 1.353046e-01 2.469563e-03
<GCONST> 8.276377e+01
<TRANSP> 5
 0.000000e+00 1.000000e+00 0.000000e+00 0.000000e+00 0.000000e+00
 0.000000e+00 9.016224e-01 9.837759e-02 0.000000e+00 0.000000e+00
 0.000000e+00 0.000000e+00 8.936676e-01 1.063324e-01 0.000000e+00
 0.000000e+00 0.000000e+00 0.000000e+00 9.153336e-01 8.466641e-02
 0.000000e+00 0.000000e+00 0.000000e+00 0.000000e+00 0.000000e+00
<ENDHMM>
~h "one"
<BEGINHMM>
<NUMSTATES> 5
<STATE> 2
<MEAN> 39
 -4.518790e-01 -3.402782e+00 -8.443935e+00 -1.270263e+01 -1.875607e+00 -5.987660e+00 -2.275722e+00 -8.867911e+00 -2.601643e+00 -6.646010e+00 -1.475403e+00 -7.365994e+00 1.769859e+01 2.103999e-01 -3.606907e-01 -7.771864e-01 3.866609e-01 4.274689e-01 9.435704e-02 -2.048134e-01 2.134636e-01 1.819852e-01 -2.419251e-01 -3.084227e-01 -2.085048e-01 1.796985e-01 -1.118918e-01 -1.460600e-01 2.928781e-02 2.153366e-01 1.225169e-02 -9.389188e-02 -2.919427e-03 1.044305e-01 5.143907e-03 -7.578714e-02 2.515381e-03 7.602526e-02 -1.570838e-02
<VARIANCE> 39
 5.495447e+00 8.375299e+00 3.133022e+01 2.276518e+01 2.856288e+01 2.622850e+01 2.260918e+01 2.060509e+01 2.743982e+01 2.315639e+01 3.019646e+01 3.007907e+01 2.038591e+00 4.331117e-01 7.311466e-01 9.486063e-01 2.139371e+00 1.343968e+00 1.366099e+00 1.271948e+00 1.039807e+00 1.139394e+00 9.681925e-01 1.111004e+00 9.685559e-01 5.947200e-02 3.949684e-02 5.502414e-02 1.856311e-01 2.318593e-01 2.499858e-01 2.470846e-01 2.300213e-01 1.749951e-01 1.963440e-01 1.583902e-01 1.854134e-01 1.750185e-01 4.527910e-03
<GCONST> 7.904118e+01
<STATE> 3
<MEAN> 39
 -2.465531e+00 -1.063755e+01 -1.057806e+01 -1.816901e+00 -8.205509e-01 -9.426731e+00 -2.030190e+00 -4.359924e+00 -3.708464e+00 -1.158850e+01 -2.280303e+00 -6.159984e+00 1.852691e+01 -5.923280e-01 -3.130909e-01 1.360808e+00 4.865197e-01 -1.327707e+00 -2.683874e-01 1.140204e+00 -1.565538e-01 -8.915404e-01 -1.471422e-02 5.522609e-01 9.288775e-02 -5.213564e-02 3.157372e-02 3.182565e-01 2.336369e-01 -5.691900e-01 -9.458849e-02 3.616262e-01 5.219147e-02 -4.228623e-01 2.293652e-02 3.597820e-01 2.881064e-02 -1.620902e-01 -2.971558e-02
<VARIANCE> 39
 6.425577e+00 9.764838e+00 1.981018e+01 2.419557e+01 2.885875e+01 1.776316e+01 3.884037e+01 3.255225e+01 4.659214e+01 3.887001e+01 3.430859e+01 3.411105e+01 1.525048e+00 1.633406e-01 5.914716e-01 6.367463e-01 1.980048e+00 7.715708e-01 1.823208e+00 1.053305e+00 2.307829e+00 1.240627e+00 1.946858e+00 1.064870e+00 1.293228e+00 8.977598e-03 2.596247e-02 5.244818e-02 1.077560e-01 1.227773e-01 3.162032e-01 1.590555e-01 4.062647e-01 1.859149e-01 3.425930e-01 2.133328e-01 2.683239e-01 1.720578e-01 8.707188e-04
<GCONST> 7.673703e+01
<STATE> 4
<MEAN> 39
 -3.841179e+00 -4.380178e+00 -1.380851e+00 -8.920089e+00 -3.196714e+00 -6.281982e+00 -2.462188e+00 -1.221242e+01 -5.214601e+00 -8.497522e+00 -2.664973e+00 -8.175468e+00 1.759471e+01 -3.696636e-03 5.640358e-01 2.622675e-01 -4.548987e-01 4.116561e-01 1.698905e-01 -3.735679e-01 -2.333214e-01 1.575194e-01 1.861187e-01 -2.807052e-02 1.649840e-01 -1.759986e-01 -2.107783e-02 -1.171218e-01 -2.145142e-01 1.096546e-01 8.704727e-02 -2.722252e-02 2.045624e-02 1.849960e-01 4.517060e-02 -7.363618e-02 3.749548e-02 8.076186e-02 -1.677499e-02
<VARIANCE> 39
 6.725612e+00 2.077659e+01 9.946242e+00 1.740463e+01 2.093879e+01 4.195575e+01 3.341079e+01 3.282929e+01 4.008432e+01 4.409936e+01 3.259617e+01 3.568708e+01 1.337940e+00 3.443296e-01 1.010750e+00 9.863687e-01 1.216703e+00 8.805140e-01 1.865039e+00 1.353860e+00 1.411842e+00 1.573527e+00 1.478436e+00 1.085054e+00 1.050132e+00 2.735214e-02 5.694385e-02 1.045752e-01 8.382137e-02 1.278463e-01 1.951441e-01 2.806747e-01 2.505351e-01 1.784447e-01 2.218368e-01 2.216927e-01 1.661902e-01 1.590879e-01 2.928948e-03
<GCONST> 7.987354e+01
<TRANSP> 5
 0.000000e+00 1.000000e+00 0.000000e+00 0.000000e+00 0.000000e+00
 0.000000e+00 9.096045e-01 9.039549e-02 0.000000e+00 0.000000e+00
 0.000000e+00 0.000000e+00 8.314074e-01 1.685926e-01 0.000000e+00
 0.000000e+00 0.000000e+00 0.000000e+00 9.086884e-01 9.131155e-02
 0.000000e+00 0.000000e+00 0.000000e+00 0.000000e+00 0.000000e+00
<ENDHMM>
~h "sil"
<BEGINHMM>
<NUMSTATES> 5
<STATE> 2
<MEAN> 39
 -5.629637e+00 -5.381876e+00 -3.959650e+00 -9.043991e+00 -2.191841e-01 -4.181951e+00 -1.412904e-01 -8.546722e+00 -2.498070e+00 -5.830968e+00 5.865738e-01 -4.487363e+00 1.512057e+01 -2.989976e-01 -2.485856e-01 -1.857906e-01 -5.062613e-02 6.953587e-02 1.348616e-01 8.168874e-02 -1.643305e-03 1.418116e-02 1.866475e-02 1.135566e-01 5.824587e-02 -1.518556e-01 2.366622e-02 -7.472745e-03 -3.844210e-02 -6.360450e-02 -7.384095e-02 -6.419996e-02 -4.217750e-02 -1.949287e-03 -3.811436e-03 -6.770047e-03 -1.693810e-02 -5.217366e-03 2.531354e-02
<VARIANCE> 39
 6.971160e+00 8.607508e+00 9.564880e+00 1.168487e+01 1.486952e+01 1.538814e+01 1.765943e+01 1.877703e+01 2.046499e+01 1.954520e+01 1.858395e+01 1.638750e+01 1.209579e+00 1.686659e-01 3.746074e-01 4.430738e-01 5.866190e-01 7.339912e-01 8.284977e-01 8.455011e-01 9.076099e-01 9.109295e-01 8.356495e-01 9.046671e-01 7.998167e-01 2.155277e-02 2.201152e-02 4.568583e-02 6.338253e-02 7.749972e-02 1.032744e-01 1.189167e-01 1.186155e-01 1.276628e-01 1.369567e-01 1.216473e-01 1.281471e-01 1.153788e-01 2.526399e-03
<GCONST> 5.922250e+01
<STATE> 3
<MEAN> 39
 -7.156939e+00 -7.236734e+00 -5.866395e+00 -1.018522e+01 -1.012348e+00 -4.339154e+00 -3.654398e-01 -8.603598e+00 -2.680012e+00 -5.571365e+00 1.005066e+00 -4.037417e+00 1.452098e+01 -3.584254e-03 4.973465e-03 -6.192437e-03 3.801547e-03 1.879217e-03 4.715812e-03 1.254866e-03 -9.876001e-03 -4.555677e-03 1.094671e-02 -2.631659e-04 2.492706e-03 -1.193117e-03 -2.367653e-04 4.887864e-03 2.877433e-03 5.286404e-03 1.315757e-03 2.870252e-03 5.485977e-04 5.853314e-03 2.717684e-03 -8.293755e-04 -4.062811e-03 -3.430444e-03 1.585004e-03
<VARIANCE> 39
 3.027166e+00 3.564783e+00 6.172708e+00 8.254449e+00 1.253747e+01 1.387374e+01 1.474216e+01 1.582845e+01 1.623780e+01 1.398252e+01 1.548318e+01 1.300188e+01 1.028432e+00 5.842909e-02 1.319094e-01 2.563354e-01 3.600306e-01 4.751974e-01 6.449597e-01 6.224145e-01 6.900989e-01 6.643435e-01 5.534236e-01 6.422850e-01 5.676933e-01 2.417422e-03 1.073369e-02 2.426565e-02 4.638901e-02 6.443691e-02 8.854957e-02 1.218526e-01 1.105601e-01 1.289115e-01 1.215520e-01 9.644406e-02 1.150024e-01 1.070999e-01 5.051140e-04
<GCONST> 4.276596e+01
<STATE> 4
<MEAN> 39
 -8.044107e+00 -6.369841e+00 -6.079111e+00 -1.016942e+01 -1.188543e+00 -4.700865e+00 -5.106561e-01 -8.720682e+00 -2.519547e+00 -5.941777e+00 9.985310e-01 -4.417085e+00 1.453677e+01 3.423425e-03 1.545876e-01 2.794367e-02 1.227891e-02 -7.638072e-02 -6.393974e-02 -6.564850e-02 4.920990e-02 -5.532654e-02 -8.987760e-02 -1.027087e-01 -6.833771e-02 4.891995e-02 4.561819e-02 5.645904e-02 2.690593e-02 -6.751067e-03 -2.035941e-03 -2.716327e-02 -1.659571e-02 -1.573692e-02 -1.398936e-02 -1.821263e-02 -3.889871e-02 -1.456900e-02 3.347782e-02
<VARIANCE> 39
 5.361449e+00 5.850631e+00 7.452226e+00 1.031434e+01 1.202342e+01 1.461873e+01 1.655216e+01 1.791416e+01 1.851075e+01 1.737205e+01 1.645255e+01 1.416318e+01 1.276581e+00 2.534416e-01 3.365529e-01 3.772620e-01 5.664123e-01 6.053328e-01 7.375284e-01 7.088115e-01 9.202846e-01 8.939193e-01 7.990492e-01 7.762736e-01 6.718951e-01 2.073159e-02 3.954313e-02 5.724537e-02 6.069195e-02 9.818350e-02 9.287859e-02 1.226492e-01 1.060878e-01 1.502724e-01 1.416596e-01 1.225172e-01 1.118091e-01 9.930000e-02 4.412928e-03
<GCONST> 5.788791e+01
<TRANSP> 5
 0.000000e+00 1.000000e+00 0.000000e+00 0.000000e+00 0.000000e+00
 0.000000e+00 7.692418e-01 2.307582e-01 0.000000e+00 0.000000e+00
 0.000000e+00 0.000000e+00 9.590835e-01 4.091652e-02 0.000000e+00
 0.000000e+00 0.000000e+00 0.000000e+00 7.109242e-01 2.890758e-01
 0.000000e+00 0.000000e+00 0.000000e+00 0.000000e+00 0.000000e+00
<ENDHMM>
~h "six"
<BEGINHMM>
<NUMSTATES> 5
<STATE> 2
<MEAN> 39
 -9.124294e+00 -4.836953e+00 -7.749949e+00 -8.266639e+00 -2.438857e+00 -2.834770e+00 -1.487292e+00 -7.798928e+00 -3.116517e+00 -4.969313e+00 3.618689e-01 -3.493940e+00 1.461232e+01 2.726812e-02 1.591592e-01 1.185999e-01 -3.531424e-01 -3.868238e-01 -2.528210e-01 -1.307454e-02 8.920140e-03 1.418941e-01 1.896524e-01 -1.204983e-01 9.512843e-03 1.277529e-01 1.224179e-01 8.574615e-02 1.920704e-01 -2.156928e-01 -1.443491e-01 -1.911087e-01 -1.348149e-02 -1.142855e-02 4.335985e-02 1.788299e-02 -7.846190e-02 -1.185633e-01 9.579257e-02
<VARIANCE> 39
 5.881857e+00 7.824513e+00 1.145771e+01 1.170149e+01 1.691563e+01 1.670037e+01 1.585943e+01 1.681437e+01 1.957148e+01 2.023767e+01 1.844873e+01 1.536605e+01 1.012899e+00 5.537620e-01 4.715972e-01 1.205764e+00 1.010492e+00 1.007774e+00 1.470687e+00 8.038239e-01 8.137797e-01 1.030869e+00 1.294180e+00 9.459646e-01 9.358563e-01 1.411679e-01 4.636098e-02 5.967520e-02 9.845394e-02 1.366895e-01 1.730451e-01 1.833199e-01 1.418879e-01 1.549591e-01 1.804592e-01 1.774091e-01 1.522813e-01 1.540163e-01 7.503505e-03
<GCONST> 7.075549e+01
<STATE> 3
<MEAN> 39
 -6.389795e+00 -1.255084e+00 -8.810620e-01 -1.937228e+01 -7.577194e+00 -8.493302e+00 -2.595069e+00 -6.569140e+00 3.325136e-02 -3.820272e+00 -2.226168e+00 -7.108534e+00 1.817332e+01 6.033788e-02 -1.004580e-01 1.973094e-01 -2.318162e-01 3.399071e-01 1.645808e-01 -1.732649e-01 1.224701e-01 4.917455e-02 -1.716382e-01 1.772009e-01 -6.580607e-03 -4.431787e-02 -7.081279e-02 -1.914884e-01 -2.624974e-01 4.212634e-01 2.477779e-01 2.067547e-01 8.841415e-02 -7.030385e-02 -1.214316e-01 -5.252285e-02 1.186420e-01 1.339913e-01 -1.487445e-01
<VARIANCE> 39
 7.367368e+00 9.635597e+00 1.569742e+01 2.776347e+01 5.692443e+01 3.167277e+01 3.629292e+01 2.495915e+01 3.438404e+01 5.661712e+01 3.469409e+01 3.674877e+01 1.645047e+00 3.757045e-01 7.674610e-01 1.271301e+00 3.640179e+00 2.695807e+00 1.950656e+00 1.896175e+00 1.366034e+00 1.928482e+00 2.033425e+00 1.879827e+00 2.011311e+00 3.396144e-01 6.646574e-02 6.525157e-02 1.520792e-01 2.585392e-01 3.130457e-01 3.120062e-01 3.695939e-01 2.303204e-01 2.922211e-01 3.375136e-01 2.687100e-01 2.614650e-01 1.433633e-02
<GCONST> 9.337854e+01
<STATE> 4
<MEAN> 39
 -8.222577e+00 -6.451437e+00 -6.277396e+00 -9.275581e+00 -2.415955e+00 -3.256267e+00 -9.182796e-01 -8.615625e+00 -2.795307e+00 -5.153826e+00 7.408614e-01 -4.248632e+00 1.464348e+01 -7.442143e-02 -1.118081e-01 -2.389876e-01 2.870741e-01 3.500240e-02 6.666961e-02 1.390738e-01 -4.188107e-02 -8.121282e-02 -2.483517e-03 7.366238e-03 3.130443e-02 -6.889644e-02 2.173760e-02 7.154375e-02 7.432568e-02 -1.248943e-01 -5.118545e-02 -6.603876e-02 -5.131237e-02 3.815523e-02 2.469895e-02 6.733134e-03 -2.995414e-02 -2.922747e-02 4.497596e-02
<VARIANCE> 39
 7.836407e+00 8.036996e+00 1.202002e+01 1.253897e+01 1.775489e+01 1.684576e+01 1.688476e+01 1.718216e+01 1.742179e+01 1.762553e+01 1.547864e+01 1.427367e+01 1.310077e+00 3.471872e-01 5.518961e-01 7.463471e-01 9.087880e-01 9.875022e-01 1.059264e+00 1.026785e+00 9.108874e-01 8.760954e-01 8.051555e-01 7.558444e-01 6.350735e-01 5.456960e-02 4.509160e-02 7.355035e-02 1.100384e-01 1.327706e-01 1.825923e-01 1.706938e-01 1.655957e-01 1.667245e-01 1.581869e-01 1.441439e-01 1.370199e-01 1.246721e-01 7.388053e-03
<GCONST> 6.779649e+01
<TRANSP> 5
 0.000000e+00 1.000000e+00 0.000000e+00 0.000000e+00 0.000000e+00
 0.000000e+00 9.049472e-01 9.505282e-02 0.000000e+00 0.000000e+00
 0.000000e+00 0.000000e+00 8.983328e-01 1.016671e-01 0.000000e+00
 0.000000e+00 0.000000e+00 0.000000e+00 9.437304e-01 5.626970e-02
 0.000000e+00 0.000000e+00 0.000000e+00 0.000000e+00 0.000000e+00
<ENDHMM>
~h "two"
<BEGINHMM>
<NUMSTATES> 5
<STATE> 2
<MEAN> 39
 -9.639380e+00 -4.513418e+00 -6.580735e+00 -9.863549e+00 -9.720703e-01 -4.070689e+00 -1.373342e+00 -8.179421e+00 -2.537153e+00 -5.722522e+00 1.014189e+00 -3.721768e+00 1.495430e+01 -3.758514e-02 2.631133e-01 2.263371e-01 -3.008477e-01 -8.029172e-02 -1.059117e-02 -1.952107e-01 2.048021e-02 1.192919e-01 3.786847e-02 -4.394694e-03 -2.839593e-02 9.347275e-02 1.950325e-01 9.726086e-02 2.115305e-01 -1.064899e-01 -1.587307e-01 -1.867032e-01 -1.174413e-01 -6.690831e-02 -2.515924e-02 -1.346583e-03 -7.481470e-02 -1.170505e-01 8.904145e-02
<VARIANCE> 39
 9.732275e+00 8.411867e+00 1.057138e+01 1.130263e+01 1.669863e+01 1.858915e+01 1.761610e+01 1.993474e+01 2.015006e+01 2.109535e+01 2.063021e+01 1.756303e+01 9.683677e-01 1.154742e+00 7.385867e-01 1.484535e+00 7.320567e-01 1.243841e+00 1.212138e+00 9.533134e-01 1.050648e+00 1.054676e+00 1.129717e+00 1.398420e+00 9.929951e-01 1.174518e-01 1.107615e-01 1.110959e-01 1.232448e-01 1.199815e-01 2.136391e-01 1.859784e-01 1.655750e-01 1.895574e-01 1.984026e-01 1.764034e-01 2.621551e-01 1.380705e-01 7.422638e-03
<GCONST> 7.620216e+01
<STATE> 3
<MEAN> 39
 -4.756927e+00 1.149320e+00 1.778226e+00 -1.527068e+01 -6.598806e+00 -9.672951e+00 -6.598328e+00 -1.044179e+01 -2.516045e+00 -5.320362e+00 -1.030022e+00 -7.239761e+00 1.830119e+01 7.193316e-01 5.999752e-01 8.360481e-01 -6.091868e-01 -1.201094e+00 -1.150002e+00 -6.212711e-01 -3.241047e-01 -7.638554e-02 1.074631e-01 -2.783293e-01 -6.924759e-01 4.804430e-01 -2.461664e-01 -2.219688e-01 -4.234547e-01 2.838060e-01 2.397684e-01 2.108274e-01 2.293690e-01 1.474371e-01 -1.436220e-02 5.922071e-03 1.442222e-01 1.762003e-01 -1.356786e-01
<VARIANCE> 39
 7.637056e+00 8.201178e+00 1.359603e+01 2.286914e+01 4.094154e+01 2.664878e+01 2.842987e+01 2.392866e+01 3.044524e+01 5.369550e+01 4.334023e+01 4.700751e+01 1.220934e+00 6.002337e-01 6.134158e-01 9.871257e-01 1.413979e+00 1.245543e+00 1.154156e+00 1.636979e+00 1.535898e+00 1.877875e+00 2.038629e+00 2.554882e+00 1.859359e+00 8.416660e-02 6.196138e-02 5.703237e-02 8.188549e-02 1.318224e-01 2.159619e-01 1.828538e-01 2.050726e-01 1.926454e-01 2.096132e-01 2.724445e-01 2.909154e-01 2.224143e-01 8.053106e-03
<GCONST> 8.427509e+01
<STATE> 4
<MEAN> 39
 -3.074160e+00 -2.498504e-01 -1.582091e-01 -1.281028e+01 -6.631962e+00 -1.135589e+01 -5.742242e+00 -1.003087e+01 -3.079259e+00 -5.508291e+00 -1.510164e-01 -7.402940e+00 1.806439e+01 2.856431e-02 -3.108901e-01 -3.225634e-01 4.777231e-01 4.160340e-01 2.897204e-01 2.823397e-01 6.164468e-02 -7.978727e-02 -2.571208e-03 1.468312e-01 2.523626e-01 -1.813451e-01 -7.879078e-02 -6.534902e-02 -4.715157e-02 -2.747024e-03 8.374633e-02 1.333991e-01 8.168753e-02 3.501743e-02 2.799211e-02 -2.889517e-03 -1.431961e-02 4.589150e-02 -4.147514e-02
<VARIANCE> 39
 6.126969e+00 7.980877e+00 1.202322e+01 3.019343e+01 3.252040e+01 2.281901e+01 3.197464e+01 3.246531e+01 4.006976e+01 4.282230e+01 5.143119e+01 4.045086e+01 1.492823e+00 2.866627e-01 2.399527e-01 4.425735e-01 6.655244e-01 9.312071e-01 1.150723e+00 1.105538e+00 1.194716e+00 1.057023e+00 1.124071e+00 1.145986e+00 1.082552e+00 3.967651e-02 3.091886e-02 3.306121e-02 5.466450e-02 9.506740e-02 1.114157e-01 1.450114e-01 1.389046e-01 1.749010e-01 1.699729e-01 1.672947e-01 1.672982e-01 1.557807e-01 3.008823e-03
<GCONST> 7.111190e+01
<TRANSP> 5
 0.000000e+00 1.000000e+00 0.000000e+00 0.000000e+00 0.000000e+00
 0.000000e+00 9.084746e-01 9.152541e-02 0.000000e+00 0.000000e+00
 0.000000e+00 0.000000e+00 7.698596e-01 2.301404e-01 0.000000e+00
 0.000000e+00 0.000000e+00 0.000000e+00 9.201574e-01 7.984257e-02
 0.000000e+00 0.000000e+00 0.000000e+00 0.000000e+00 0.000000e+00
<ENDHMM>
~h "nine"
<BEGINHMM>
<NUMSTATES> 5
<STATE> 2
<MEAN> 39
 -4.077331e+00 -3.898047e+00 -1.677266e+00 -8.971155e+00 -2.804493e+00 -6.378209e+00 -1.642721e+00 -1.116134e+01 -5.117403e+00 -8.041977e+00 -2.887751e+00 -7.734883e+00 1.762904e+01 -1.811328e-01 -6.858037e-01 -2.834643e-01 4.408271e-01 -4.285433e-01 2.355706e-01 4.030291e-01 -1.731194e-01 -1.880387e-02 -1.236192e-01 -8.592724e-02 -8.366860e-02 2.069312e-01 -5.922491e-02 -1.590376e-01 -1.030370e-01 1.132273e-01 -5.453292e-03 -1.169249e-03 5.204877e-02 4.893639e-02 3.952457e-02 9.370341e-03 7.326274e-02 3.877682e-02 -9.215232e-03
<VARIANCE> 39
 8.090956e+00 1.916343e+01 1.444467e+01 1.669296e+01 2.834810e+01 2.875757e+01 3.145667e+01 2.650790e+01 4.734473e+01 3.538877e+01 3.033127e+01 3.281608e+01 1.829772e+00 4.871429e-01 1.494063e+00 1.080494e+00 1.097171e+00 1.264091e+00 1.393837e+00 1.627391e+00 1.205140e+00 1.553540e+00 1.157374e+00 1.183341e+00 1.006628e+00 4.894994e-02 6.265623e-02 1.682046e-01 1.288503e-01 1.425366e-01 2.181608e-01 2.178718e-01 2.447257e-01 1.814128e-01 2.032965e-01 1.691315e-01 1.711286e-01 1.443606e-01 4.463009e-03
<GCONST> 8.221026e+01
<STATE> 3
<MEAN> 39
 -6.347527e+00 -1.160442e+01 -4.860510e+00 -2.734690e+00 -5.693742e+00 -5.250024e+00 1.736060e+00 -1.135922e+01 -5.539679e+00 -9.015328e+00 -1.699770e+00 -7.646741e+00 1.861514e+01 -1.102202e-01 9.686065e-02 2.307477e-01 -2.420476e-01 -2.305185e-02 2.140791e-01 -1.050664e-01 -8.696254e-02 1.959001e-01 5.474264e-02 -5.526773e-02 4.596741e-02 -2.113689e-02 2.517111e-03 1.935468e-01 6.929503e-02 -2.402585e-01 4.426290e-02 6.240287e-02 -1.060978e-01 1.121205e-02 7.537672e-02 -1.084900e-02 -6.778220e-02 2.441987e-02 -1.480030e-02
<VARIANCE> 39
 7.253241e+00 8.472352e+00 2.450037e+01 3.236936e+01 1.900658e+01 3.083623e+01 3.095137e+01 3.397373e+01 4.391690e+01 4.150163e+01 2.842895e+01 3.075455e+01 1.006126e+00 8.384609e-02 3.840281e-01 4.111280e-01 1.132712e+00 5.000369e-01 6.241732e-01 5.587699e-01 5.153652e-01 6.511035e-01 6.707070e-01 6.806695e-01 5.420507e-01 4.827252e-03 1.133340e-02 3.005360e-02 4.127556e-02 5.547937e-02 7.264968e-02 7.246985e-02 7.391030e-02 8.095076e-02 8.281079e-02 8.716507e-02 7.873288e-02 7.922964e-02 3.983415e-04
<GCONST> 5.405603e+01
<STATE> 4
<MEAN> 39
 -5.408938e+00 -2.488682e+00 -1.320186e+00 -1.141012e+01 -1.443077e+00 -5.341779e+00 -3.676827e+00 -1.048140e+01 -3.509035e+00 -8.117117e+00 -2.930944e+00 -6.527739e+00 1.769446e+01 2.317153e-01 5.105907e-01 -3.092848e-03 -1.016926e-01 4.411193e-01 -2.479251e-01 -2.011421e-01 2.756160e-01 -1.277939e-01 8.107451e-02 2.108435e-01 1.169408e-01 -1.723584e-01 -2.715101e-02 -1.583066e-01 -8.625385e-02 1.474567e-01 -3.839153e-02 -6.090390e-03 1.204325e-01 1.985705e-02 -5.447883e-02 4.231451e-02 7.832288e-02 -9.554879e-03 -2.023008e-02
<VARIANCE> 39
 1.166846e+01 1.632528e+01 1.132170e+01 2.321635e+01 3.171841e+01 3.320290e+01 3.064790e+01 2.993112e+01 4.733530e+01 3.817847e+01 3.626937e+01 3.985386e+01 1.211661e+00 5.065151e-01 1.171872e+00 6.359945e-01 1.643074e+00 1.303741e+00 1.550628e+00 1.528431e+00 1.269756e+00 1.658819e+00 1.184173e+00 1.105880e+00 1.068940e+00 2.538142e-02 7.071385e-02 8.681948e-02 9.031532e-02 1.779846e-01 1.819096e-01 2.449435e-01 1.820612e-01 2.039851e-01 2.436526e-01 1.943311e-01 1.735393e-01 1.451956e-01 2.221678e-03
<GCONST> 8.083681e+01
<TRANSP> 5
 0.000000e+00 1.000000e+00 0.000000e+00 0.000000e+00 0.000000e+00
 0.000000e+00 9.012507e-01 9.874925e-02 0.000000e+00 0.000000e+00
 0.000000e+00 0.000000e+00 9.153502e-01 8.464981e-02 0.000000e+00
 0.000000e+00 0.000000e+00 0.000000e+00 9.176029e-01 8.239716e-02
 0.000000e+00 0.000000e+00 0.000000e+00 0.000000e+00 0.000000e+00
<ENDHMM>
~h "five"
<BEGINHMM>
<NUMSTATES> 5
<STATE> 2
<MEAN> 39
 -6.145303e+00 -8.579067e+00 -7.592478e+00 -9.225047e+00 -4.230654e-01 -6.121463e+00 6.970218e-03 -6.825416e+00 -3.778212e+00 -6.490662e+00 -3.219431e-01 -4.546302e+00 1.643808e+01 1.117984e-01 -6.872122e-01 -4.785924e-01 3.255060e-01 2.195613e-01 -2.712124e-01 2.421207e-01 2.802708e-01 -3.435879e-01 -1.302723e-01 -1.266206e-01 1.666998e-02 2.472803e-01 -1.687781e-03 -5.660827e-03 5.737709e-02 4.688839e-02 -1.725659e-02 -3.236467e-02 -1.989586e-02 -4.941040e-02 -1.732883e-02 2.411550e-02 1.546275e-02 -1.459349e-02 2.061854e-02
<VARIANCE> 39
 1.125220e+01 1.815387e+01 1.972012e+01 1.332428e+01 1.796994e+01 2.025480e+01 1.944230e+01 3.697226e+01 2.612189e+01 2.326820e+01 2.203223e+01 1.616225e+01 4.948137e+00 7.423181e-01 6.844229e-01 8.868364e-01 8.866007e-01 8.226774e-01 1.096099e+00 9.428285e-01 1.701122e+00 1.496833e+00 1.271831e+00 1.231869e+00 8.357613e-01 2.129117e-01 1.004225e-01 1.065271e-01 1.570923e-01 1.148708e-01 1.338450e-01 1.695189e-01 1.473376e-01 2.760082e-01 2.348385e-01 1.802755e-01 1.906099e-01 1.286198e-01 2.516605e-02
<GCONST> 8.141045e+01
<STATE> 3
<MEAN> 39
 -5.829909e+00 -1.543208e+01 -8.489592e+00 -3.791502e+00 1.364196e+00 -9.061790e+00 2.480586e+00 -7.543463e+00 -7.266443e+00 -5.482923e+00 -5.596445e-01 -4.576599e+00 1.903887e+01 -1.610333e-01 9.881296e-02 4.891212e-01 -2.808345e-01 -2.718478e-01 4.465794e-01 6.804525e-02 -3.852472e-01 3.469789e-02 2.820537e-01 5.019221e-02 -7.338860e-02 -4.962919e-02 4.119490e-02 1.198991e-01 1.074242e-02 -1.944130e-01 -5.746679e-02 8.541078e-02 -2.819498e-02 2.903879e-02 6.260718e-02 -5.057392e-02 -7.345669e-02 -1.855370e-02 -1.597168e-02
<VARIANCE> 39
 9.235518e+00 9.516524e+00 2.487405e+01 2.134832e+01 1.890436e+01 2.361058e+01 1.802779e+01 4.020386e+01 4.783452e+01 4.513330e+01 2.691066e+01 2.542697e+01 1.368736e+00 9.077756e-02 1.726025e-01 2.727430e-01 6.954151e-01 5.202826e-01 5.777697e-01 5.082269e-01 5.121690e-01 6.401094e-01 6.122528e-01 5.999653e-01 4.835857e-01 5.997587e-03 1.192115e-02 2.521032e-02 3.123388e-02 4.833079e-02 5.224700e-02 5.349389e-02 5.804963e-02 6.689397e-02 9.045378e-02 8.805467e-02 6.807324e-02 7.103812e-02 9.688308e-04
<GCONST> 5.083687e+01
<STATE> 4
<MEAN> 39
 -5.452401e+00 -7.798194e+00 -3.664723e+00 -1.292934e+01 -3.057849e+00 -3.760870e+00 1.120414e+00 -8.346091e+00 -3.888039e+00 -5.631059e+00 -1.734032e+00 -5.653006e+00 1.761938e+01 6.896097e-02 9.293820e-01 2.307976e-01 -1.987881e-01 -1.315926e-01 -8.908902e-02 -2.932281e-01 7.891064e-02 3.928493e-01 -1.370573e-01 7.672830e-02 1.233725e-02 -2.762189e-01 -4.002642e-02 -7.254070e-02 -8.900340e-02 1.945952e-01 1.092603e-01 -8.830158e-02 -1.665544e-02 -4.516103e-03 -4.075461e-02 1.309684e-02 7.345102e-02 3.240534e-02 -1.782530e-02
<VARIANCE> 39
 7.533136e+00 2.308251e+01 1.185585e+01 2.986159e+01 3.748622e+01 2.150838e+01 2.415422e+01 3.057126e+01 4.223595e+01 2.629448e+01 2.688212e+01 2.787960e+01 2.629519e+00 3.400313e-01 7.374032e-01 6.409168e-01 2.733145e+00 1.682087e+00 1.393088e+00 9.393054e-01 1.417221e+00 1.594574e+00 1.266554e+00 1.316848e+00 1.013080e+00 6.819271e-02 5.715516e-02 1.022110e-01 9.524720e-02 3.009317e-01 2.342665e-01 2.509230e-01 1.675267e-01 2.084452e-01 2.011774e-01 1.717467e-01 2.163429e-01 1.726192e-01 9.082114e-03
<GCONST> 8.298357e+01
<TRANSP> 5
 0.000000e+00 1.000000e+00 0.000000e+00 0.000000e+00 0.000000e+00
 0.000000e+00 9.300391e-01 6.996088e-02 0.000000e+00 0.000000e+00
 0.000000e+00 0.000000e+00 9.152319e-01 8.476811e-02 0.000000e+00
 0.000000e+00 0.000000e+00 0.000000e+00 8.980054e-01 1.019945e-01
 0.000000e+00 0.000000e+00 0.000000e+00 0.000000e+00 0.000000e+00
<ENDHMM>
~h "four"
<BEGINHMM>
<NUMSTATES> 5
<STATE> 2
<MEAN> 39
 -7.667614e+00 -6.677808e+00 -5.470642e+00 -9.688792e+00 -1.112550e+00 -4.543475e+00 -5.189727e-01 -8.559962e+00 -2.271121e+00 -5.732478e+00 1.121441e+00 -4.080834e+00 1.494338e+01 3.138355e-01 1.474945e-02 -3.778507e-01 -2.939830e-01 -1.125255e-01 -9.205829e-02 -1.320307e-01 -8.569879e-03 1.231802e-01 1.055107e-01 -1.625159e-02 -4.077195e-02 1.258385e-01 2.438173e-01 9.813484e-02 -1.170318e-01 -1.288143e-01 -5.303992e-02 -1.112580e-01 -1.097986e-01 -1.808099e-02 -8.184114e-03 7.009560e-03 -7.390761e-02 -1.029496e-01 1.065350e-01
<VARIANCE> 39
 4.657701e+00 4.193451e+00 6.876488e+00 8.704022e+00 1.156782e+01 1.418993e+01 1.488089e+01 1.611071e+01 1.489992e+01 1.410062e+01 1.539703e+01 1.167687e+01 9.116803e-01 1.047066e+00 4.639233e-01 5.766308e-01 6.437173e-01 6.049650e-01 9.842693e-01 9.577663e-01 8.519985e-01 8.544638e-01 7.821127e-01 1.037500e+00 8.674543e-01 1.654569e-01 5.929432e-02 5.711766e-02 1.015155e-01 1.069120e-01 1.041819e-01 1.638891e-01 1.311690e-01 1.613808e-01 1.551103e-01 1.347689e-01 1.544513e-01 1.329648e-01 6.555353e-03
<GCONST> 6.410861e+01
<STATE> 3
<MEAN> 39
 1.545542e+00 -3.506072e+00 -1.204609e+01 -1.693926e+01 -4.004880e+00 -6.246487e+00 -3.255047e+00 -8.958975e+00 -1.451340e+00 -3.992062e+00 3.068363e-01 -6.856421e+00 1.889500e+01 3.433107e-01 -1.623348e-01 -3.558476e-01 -7.217033e-02 6.820401e-02 -2.290275e-02 -2.270717e-01 1.736722e-01 3.472252e-01 1.047986e-01 -2.364447e-01 -2.329478e-01 1.594964e-01 -1.728061e-01 -1.511378e-01 1.446060e-01 2.267973e-01 4.013351e-02 -2.949183e-02 4.305374e-02 1.087216e-01 4.690729e-02 -7.877223e-02 -5.253189e-02 5.703615e-02 -6.698090e-02
<VARIANCE> 39
 4.227961e+00 1.022245e+01 1.029036e+01 1.432916e+01 2.460276e+01 1.721146e+01 1.818636e+01 1.709348e+01 2.334695e+01 2.481169e+01 3.750479e+01 3.594286e+01 1.115800e+00 5.912060e-01 7.438594e-01 7.231893e-01 1.240829e+00 9.895772e-01 7.948630e-01 9.115145e-01 9.642965e-01 1.307602e+00 1.180656e+00 1.372134e+00 1.243437e+00 1.038316e-01 4.871599e-02 4.642920e-02 9.628293e-02 8.305278e-02 1.340594e-01 1.435021e-01 1.544317e-01 1.396360e-01 1.799932e-01 1.932645e-01 2.021902e-01 1.820074e-01 7.090522e-03
<GCONST> 7.298954e+01
<STATE> 4
<MEAN> 39
 -5.429479e-01 -1.072220e+01 -7.323116e+00 -8.565815e+00 -5.391744e+00 -8.704765e+00 -2.323944e+00 -4.895531e+00 1.832051e-01 -7.540123e+00 -3.910872e+00 -7.426217e+00 1.840887e+01 -6.129127e-01 7.465079e-02 1.055966e+00 4.896522e-01 -3.433494e-01 7.616271e-02 5.981665e-01 -1.811750e-01 -6.240197e-01 -3.440994e-01 1.658254e-01 3.014708e-01 -2.432765e-01 -9.001634e-02 2.380778e-01 -4.453165e-02 -1.996030e-01 1.165280e-01 1.960449e-01 3.099990e-02 -1.858952e-01 -1.287928e-01 1.032561e-01 1.745549e-01 4.439842e-02 -4.962716e-02
<VARIANCE> 39
 7.333426e+00 1.779958e+01 3.181578e+01 1.828339e+01 4.522202e+01 3.700929e+01 3.509687e+01 4.319411e+01 4.621208e+01 3.482879e+01 3.460002e+01 3.076934e+01 1.741630e+00 2.971707e-01 1.587486e+00 9.179295e-01 1.626264e+00 2.564564e+00 2.221741e+00 1.718491e+00 2.564770e+00 1.885271e+00 1.705947e+00 1.829050e+00 1.123808e+00 5.832914e-02 2.926798e-02 1.346432e-01 2.064868e-01 1.690598e-01 4.288345e-01 2.940586e-01 3.516555e-01 3.668475e-01 3.851870e-01 2.816706e-01 3.092501e-01 2.124643e-01 3.411654e-03
<GCONST> 9.085587e+01
<TRANSP> 5
 0.000000e+00 1.000000e+00 0.000000e+00 0.000000e+00 0.000000e+00
 0.000000e+00 9.011176e-01 9.888238e-02 0.000000e+00 0.000000e+00
 0.000000e+00 0.000000e+00 9.186853e-01 8.131470e-02 0.000000e+00
 0.000000e+00 0.000000e+00 0.000000e+00 8.810121e-01 1.189879e-01
 0.000000e+00 0.000000e+00 0.000000e+00 0.000000e+00 0.000000e+00
<ENDHMM>
~h "zero"
<BEGINHMM>
<NUMSTATES> 5
<STATE> 2
<MEAN> 39
 -6.758182e+00 -3.060530e+00 -4.886795e+00 -7.466867e+00 -1.265793e+00 -3.807550e+00 -1.414104e+00 -8.519999e+00 -3.457354e+00 -5.106209e+00 5.901205e-01 -4.556121e+00 1.523185e+01 -8.170353e-02 3.317780e-01 1.413716e-01 -3.041223e-01 -2.133234e-01 -2.737643e-01 -1.777337e-01 -1.205112e-01 1.233114e-01 2.201343e-01 -1.254828e-02 -1.810290e-04 1.060430e-01 6.806306e-02 1.068910e-01 1.512873e-01 -2.256989e-01 -1.459338e-01 -2.462537e-01 -6.497109e-02 -7.538813e-02 6.202425e-02 1.080050e-02 -2.262729e-02 -5.403199e-02 8.252091e-02
<VARIANCE> 39
 7.745582e+00 1.028863e+01 1.429245e+01 1.360920e+01 1.783332e+01 1.930370e+01 1.877954e+01 1.949849e+01 2.377087e+01 2.085613e+01 1.977662e+01 1.678328e+01 1.208744e+00 4.211682e-01 7.290803e-01 1.003670e+00 9.500228e-01 8.893811e-01 1.750823e+00 9.589483e-01 1.102066e+00 1.068043e+00 8.963276e-01 1.006096e+00 1.001628e+00 1.192544e-01 5.258034e-02 9.179020e-02 1.144093e-01 1.198337e-01 1.237964e-01 1.946421e-01 1.597987e-01 1.730612e-01 1.607245e-01 1.399861e-01 1.706401e-01 1.584599e-01 7.959140e-03
<GCONST> 7.320317e+01
<STATE> 3
<MEAN> 39
 -5.592231e+00 3.952268e-01 8.078302e-01 -1.662420e+01 -7.707563e+00 -9.224816e+00 -4.659966e+00 -8.628926e+00 -4.990404e-02 -3.802474e+00 1.258537e-01 -6.759888e+00 1.834424e+01 3.379276e-01 -6.248310e-01 4.887418e-01 -2.656404e-01 -1.102034e+00 1.290202e-01 1.548615e-01 1.538435e-01 3.349131e-01 -5.400022e-02 2.664259e-02 -1.553004e-01 1.949224e-01 4.520950e-02 -2.660584e-01 -1.692074e-01 3.433132e-01 9.419155e-03 1.403059e-01 1.908101e-01 7.235250e-02 -7.128989e-02 -4.766017e-02 -7.068756e-03 6.281713e-02 -6.164847e-02
<VARIANCE> 39
 7.281405e+00 1.916127e+01 1.718718e+01 2.744052e+01 5.847563e+01 3.936666e+01 3.189028e+01 4.336192e+01 3.246209e+01 3.001776e+01 3.379670e+01 4.994944e+01 1.156439e+00 4.295151e-01 1.775849e+00 8.555449e-01 2.664723e+00 1.664682e+00 2.654119e+00 1.727444e+00 1.475464e+00 1.340081e+00 1.175744e+00 1.141502e+00 1.379961e+00 7.314121e-02 5.099228e-02 1.107206e-01 1.223832e-01 1.857555e-01 2.375556e-01 3.918709e-01 2.244536e-01 2.434550e-01 2.200161e-01 1.773831e-01 1.724191e-01 2.131512e-01 4.550990e-03
<GCONST> 8.729057e+01
<STATE> 4
<MEAN> 39
 -1.649532e+00 -9.930153e+00 -4.550450e+00 -9.836993e+00 -9.202761e+00 -8.373558e+00 4.407271e-02 -4.372972e+00 -3.070694e-01 -6.662869e+00 -1.066636e+00 -5.913466e+00 1.846299e+01 -1.732450e-03 4.107877e-02 -4.249401e-01 2.121934e-01 6.903805e-01 -3.667162e-02 1.306963e-02 7.659630e-02 -1.453029e-01 -9.953603e-02 -4.258690e-02 5.560743e-02 -9.980801e-02 -8.147333e-02 1.027255e-01 5.155423e-02 -8.308271e-02 8.995707e-02 7.160824e-02 -5.898443e-02 -6.223676e-02 -2.369483e-02 2.519786e-02 2.528276e-02 8.755160e-03 -2.410436e-02
<VARIANCE> 39
 6.049096e+00 2.022766e+01 2.591723e+01 2.576259e+01 6.116838e+01 5.180271e+01 3.776236e+01 3.636224e+01 4.391753e+01 3.594061e+01 2.597992e+01 3.311917e+01 1.509352e+00 3.011961e-01 8.277066e-01 7.833938e-01 1.013832e+00 1.236854e+00 1.841342e+00 1.590043e+00 1.897712e+00 1.647477e+00 1.476179e+00 1.053246e+00 9.581060e-01 3.797255e-02 2.902777e-02 5.182428e-02 8.360994e-02 1.130991e-01 1.905636e-01 2.371215e-01 2.060676e-01 2.034608e-01 2.219557e-01 2.011826e-01 1.522523e-01 1.418978e-01 2.415683e-03
<GCONST> 8.034339e+01
<TRANSP> 5
 0.000000e+00 1.000000e+00 0.000000e+00 0.000000e+00 0.000000e+00
 0.000000e+00 8.903299e-01 1.096702e-01 0.000000e+00 0.000000e+00
 0.000000e+00 0.000000e+00 8.972716e-01 1.027284e-01 0.000000e+00
 0.000000e+00 0.000000e+00 0.000000e+00 9.447600e-01 5.523998e-02
 0.000000e+00 0.000000e+00 0.000000e+00 0.000000e+00 0.000000e+00
<ENDHMM>
