~o
<STREAMINFO> 1 39
<VECSIZE> 39<NULLD><MFCC_E_D_A><DIAGC>
~s "silst"
<MEAN> 39
 -5.157577e+00 -3.742269e+00 -3.258338e+00 -8.816347e+00 -1.248355e+00 -5.745117e+00 -1.820797e+00 -9.469697e+00 -3.503019e+00 -6.424653e+00 -3.592145e-01 -5.614576e+00 1.582660e+01 -6.717663e-01 -4.493235e-01 -4.653853e-01 1.544268e-01 3.018720e-01 7.058476e-01 3.792895e-01 1.127025e-01 1.503622e-01 1.498817e-01 3.376905e-01 3.796497e-01 -3.641213e-01 -2.100914e-02 -6.914905e-02 -1.055856e-01 -1.288794e-01 -9.691435e-02 -7.441381e-02 -2.803367e-03 7.377435e-02 3.727587e-02 9.891605e-03 -1.700388e-02 7.011373e-04 2.840051e-02
<VARIANCE> 39
 1.120411e+01 1.089471e+01 1.329186e+01 1.321183e+01 2.060417e+01 2.454737e+01 2.367274e+01 2.482037e+01 2.773728e+01 2.718554e+01 2.576315e+01 2.348266e+01 2.001012e+00 3.724421e-01 7.262747e-01 8.162911e-01 8.051716e-01 1.146542e+00 1.283392e+00 1.250130e+00 1.299399e+00 1.406609e+00 1.284518e+00 1.257968e+00 1.113938e+00 5.092102e-02 7.078864e-02 9.971482e-02 1.076140e-01 1.126819e-01 1.576263e-01 2.182210e-01 1.937079e-01 1.889005e-01 2.106835e-01 1.855704e-01 1.828962e-01 1.528622e-01 9.240848e-03
<GCONST> 7.752567e+01
~h "eight"
<BEGINHMM>
<NUMSTATES> 5
<STATE> 2
<MEAN> 39
 -8.244064e+00 -2.763972e+00 -5.892835e+00 -1.837313e+01 1.302240e-01 -5.024229e+00 8.516723e-01 -6.695956e+00 -1.527855e+00 -7.425690e+00 -1.723537e+00 -5.788777e+00 1.744557e+01 -1.638221e-01 1.032455e+00 -8.475960e-02 -1.018402e+00 -6.171565e-02 -6.315591e-01 6.464645e-02 4.519165e-01 3.884068e-01 2.251988e-02 -1.524843e-01 -2.311075e-01 3.202651e-01 2.940685e-02 8.232851e-02 8.309744e-03 1.478630e-01 -5.939303e-02 -1.908432e-01 -8.575681e-02 -3.072400e-02 1.909149e-02 9.535176e-02 1.150438e-01 4.666295e-03 -1.828211e-02
<VARIANCE> 39
 7.990554e+00 2.081494e+01 1.891796e+01 3.170188e+01 4.153342e+01 2.216590e+01 2.503773e+01 2.274831e+01 3.083290e+01 2.301451e+01 2.480506e+01 2.550484e+01 3.246938e+00 3.364921e-01 7.321128e-01 6.447147e-01 1.307550e+00 1.199725e+00 1.374580e+00 1.449976e+00 9.855502e-01 1.324991e+00 1.134218e+00 1.108123e+00 9.556563e-01 1.033961e-01 4.093449e-02 7.941825e-02 7.463630e-02 1.924291e-01 1.350335e-01 1.642006e-01 1.469294e-01 1.684674e-01 2.271694e-01 1.596103e-01 1.697751e-01 1.457941e-01 1.263093e-02
<GCONST> 7.916358e+01
<STATE> 3
<MEAN> 39
 -8.354909e+00 6.014576e+00 -5.439782e+00 -1.872112e+01 -2.904573e+00 -1.423344e+01 -1.957677e+00 -6.449870e+00 5.053384e-01 -3.911343e+00 9.634652e-01 -5.531723e+00 1.850242e+01 1.330347e-01 3.496424e-01 2.128534e-01 8.904470e-01 2.910156e-02 -7.669407e-01 -5.959677e-01 -8.660243e-01 -4.536031e-01 2.224560e-01 4.031773e-01 2.319746e-01 -9.858056e-02 5.098858e-02 -3.187539e-01 1.891077e-02 1.680690e-01 9.111599e-02 3.242425e-01 4.217300e-02 -1.141630e-01 -1.804141e-01 -1.564738e-01 -8.930148e-02 2.575667e-02 -6.559368e-02
<VARIANCE> 39
 9.855732e+00 1.125905e+01 2.452254e+01 2.762994e+01 2.002018e+01 2.271663e+01 5.683253e+01 2.872487e+01 3.202577e+01 2.255329e+01 3.281821e+01 2.605042e+01 1.502776e+00 1.947096e-01 6.538475e-01 2.723800e-01 6.245847e-01 7.975999e-01 1.140632e+00 7.463920e-01 7.964982e-01 1.729751e+00 1.073628e+00 1.208862e+00 8.683207e-01 2.999502e-02 2.861802e-02 7.897060e-02 5.011088e-02 1.022764e-01 8.288981e-02 1.620314e-01 1.461886e-01 1.496721e-01 1.828871e-01 1.419765e-01 1.844566e-01 1.438931e-01 3.557549e-03
<GCONST> 7.046017e+01
<STATE> 4
<MEAN> 39
 -6.792496e+00 5.526522e-02 -3.998435e+00 -1.175310e+01 -9.757467e-01 -1.078400e+01 -3.910186e+00 -1.167267e+01 -4.715771e+00 -5.946892e+00 7.208130e-01 -4.543295e+00 1.626872e+01 1.698846e-01 -1.947662e+00 -6.515624e-02 8.230401e-01 1.969257e-01 1.720327e+00 4.305113e-01 1.378636e-01 -2.060940e-01 -3.399112e-01 -1.075055e-01 9.714182e-02 -4.839875e-01 -9.166797e-02 -5.579073e-03 -1.108908e-01 -1.577288e-01 -6.764102e-02 5.949371e-02 1.764108e-01 2.616476e-01 2.273757e-01 9.765930e-02 4.445135e-02 -2.826523e-02 1.131839e-02
<VARIANCE> 39
 5.604439e+00 3.201492e+01 1.391354e+01 1.759620e+01 1.560262e+01 3.814468e+01 3.030590e+01 2.382663e+01 3.612823e+01 2.620371e+01 2.419650e+01 2.221291e+01 2.671957e+00 3.663479e-01 6.808968e-01 6.471379e-01 1.058067e+00 6.582861e-01 1.184760e+00 1.788466e+00 1.427702e+00 2.086640e+00 1.244161e+00 1.394128e+00 1.153616e+00 3.483994e-02 4.013890e-02 2.500164e-01 6.972945e-02 1.165584e-01 9.330317e-02 3.257997e-01 1.877254e-01 2.016017e-01 2.813933e-01 1.682250e-01 1.946152e-01 1.902266e-01 1.062103e-02
<GCONST> 7.938152e+01
<TRANSP> 5
 0.000000e+00 1.000000e+00 0.000000e+00 0.000000e+00 0.000000e+00
 0.000000e+00 8.728458e-01 1.271542e-01 0.000000e+00 0.000000e+00
 0.000000e+00 0.000000e+00 8.616490e-01 1.383510e-01 0.000000e+00
 0.000000e+00 0.000000e+00 0.000000e+00 8.103144e-01 1.896857e-01
 0.000000e+00 0.000000e+00 0.000000e+00 0.000000e+00 0.000000e+00
<ENDHMM>
~h "oh"
<BEGINHMM>
<NUMSTATES> 5
<STATE> 2
<MEAN> 39
 -4.368479e+00 -1.039036e+01 -8.405343e+00 -8.568372e+00 -2.595673e+00 -7.702962e+00 3.591208e+00 -7.352339e+00 -5.232529e+00 -7.134695e+00 -2.442582e+00 -5.354076e+00 1.781181e+01 5.489905e-01 -2.008877e-01 -6.046399e-01 1.602527e-01 8.582806e-02 -7.034467e-01 1.300276e-01 7.234361e-01 -6.386317e-03 -4.283868e-01 -4.207174e-01 -1.468710e-01 3.563865e-01 1.045548e-02 1.022957e-01 1.379153e-03 -5.136149e-02 3.484068e-02 -1.210246e-02 -1.510508e-01 8.476181e-03 1.341849e-01 2.748884e-02 -1.170062e-02 -3.084397e-02 -2.105946e-02
<VARIANCE> 39
 8.819849e+00 1.222872e+01 1.628035e+01 1.747668e+01 2.261533e+01 2.458410e+01 3.046376e+01 6.433392e+01 3.809536e+01 3.395002e+01 2.713960e+01 3.107328e+01 3.046963e+00 2.998341e-01 5.770518e-01 6.356333e-01 6.438066e-01 6.895655e-01 9.310732e-01 1.327988e+00 1.782792e+00 1.560763e+00 1.271059e+00 1.248278e+00 1.052571e+00 9.513026e-02 4.032345e-02 6.360720e-02 7.534352e-02 7.917574e-02 9.179664e-02 1.295805e-01 1.550224e-01 2.151493e-01 1.874051e-01 1.983730e-01 1.851558e-01 1.400136e-01 1.355498e-02
<GCONST> 7.713750e+01
<STATE> 3
<MEAN> 39
 -5.469068e-01 -8.199663e+00 -1.325106e+01 -9.986494e+00 -7.036365e-01 -1.211734e+01 -9.001385e-01 -6.705570e-01 1.583583e-01 -8.197916e+00 -5.137812e+00 -6.571896e+00 1.904309e+01 2.211495e-01 4.059390e-01 -2.020434e-02 -3.500916e-01 -3.886749e-02 1.607434e-03 -6.826997e-01 -2.613111e-01 6.635920e-01 6.071489e-01 -2.514481e-02 -3.588095e-01 -1.017255e-02 -4.153068e-02 2.416704e-02 1.028305e-01 -2.094280e-02 -5.819406e-02 9.441355e-02 1.524355e-02 -1.581696e-01 -8.323880e-02 9.154776e-02 1.234721e-01 1.130501e-02 -2.538409e-02
<VARIANCE> 39
 6.117892e+00 8.438091e+00 1.494455e+01 1.472992e+01 1.916060e+01 2.198852e+01 4.195756e+01 2.886021e+01 3.920698e+01 3.605007e+01 3.209917e+01 4.006585e+01 1.217543e+00 8.108740e-02 1.379151e-01 2.652839e-01 2.774818e-01 3.875254e-01 5.158772e-01 7.180474e-01 1.017544e+00 7.326918e-01 8.496910e-01 8.028446e-01 6.957642e-01 1.328958e-02 1.118702e-02 1.429672e-02 3.333871e-02 3.322343e-02 4.671180e-02 6.844319e-02 7.832249e-02 9.600195e-02 1.059994e-01 1.011270e-01 9.228765e-02 8.878683e-02 1.203354e-03
<GCONST> 5.212005e+01
<STATE> 4
<MEAN> 39
 1.875438e-01 -3.696800e+00 -9.815398e+00 -1.348932e+01 -3.431141e+00 -1.007171e+01 -4.929093e+00 -7.450631e+00 9.583052e-01 -2.384435e+00 -1.025257e-01 -6.932625e+00 1.843888e+01 -3.653682e-01 2.742597e-01 8.539822e-01 1.757557e-01 -1.963002e-01 3.805762e-01 2.268523e-01 -5.534958e-01 -5.803708e-01 -1.139815e-01 4.904933e-01 4.146429e-01 -2.371121e-01 -1.341023e-01 -1.085115e-01 4.781338e-02 1.413623e-01 1.126460e-01 8.927176e-02 1.855682e-01 8.530506e-02 -1.032525e-01 -1.794676e-01 -7.734068e-02 7.698105e-02 -4.545682e-02
<VARIANCE> 39
 6.237378e+00 7.077750e+00 1.876857e+01 1.563897e+01 1.910775e+01 2.827821e+01 3.109408e+01 2.746424e+01 3.063639e+01 3.689698e+01 3.913924e+01 3.676538e+01 1.745865e+00 2.455879e-01 3.640740e-01 4.227060e-01 6.018823e-01 7.180399e-01 8.873516e-01 1.174633e+00 1.237631e+00 1.207428e+00 1.284395e+00 1.208725e+00 1.025933e+00 3.173611e-02 2.311679e-02 3.327008e-02 6.571446e-02 6.574333e-02 9.844640e-02 1.587455e-01 1.644138e-01 1.864696e-01 2.024009e-01 1.909579e-01 1.709638e-01 1.636686e-01 2.752051e-03
<GCONST> 6.940868e+01
<TRANSP> 5
 0.000000e+00 1.000000e+00 0.000000e+00 0.000000e+00 0.000000e+00
 0.000000e+00 8.821559e-01 1.178441e-01 0.000000e+00 0.000000e+00
 0.000000e+00 0.000000e+00 8.918647e-01 1.081353e-01 0.000000e+00
 0.000000e+00 0.000000e+00 0.000000e+00 8.573673e-01 1.426327e-01
 0.000000e+00 0.000000e+00 0.000000e+00 0.000000e+00 0.000000e+00
<ENDHMM>
~h "sp"
<BEGINHMM>
<NUMSTATES> 5
<STATE> 2
~s "silst"
<STATE> 3
<MEAN> 39
 -7.700768e+00 -6.481628e+00 -6.095140e+00 -9.715466e+00 -1.334177e+00 -4.078724e+00 -6.285329e-01 -8.571872e+00 -2.838633e+00 -5.615260e+00 9.572132e-01 -4.093825e+00 1.480163e+01 -9.760509e-02 -1.730206e-02 -1.119021e-01 -5.070024e-03 -2.954938e-02 2.892537e-02 -8.030803e-03 3.390713e-02 7.683152e-04 2.006905e-02 3.509643e-02 3.972696e-02 -1.320075e-02 6.020061e-02 8.194882e-02 6.070377e-02 -1.045926e-02 -8.875648e-03 -5.535618e-02 -4.103127e-02 -1.798718e-02 -8.757071e-03 -1.596501e-02 -3.285243e-02 -3.166909e-02 4.374932e-02
<VARIANCE> 39
 5.194346e+00 5.787542e+00 8.347046e+00 9.996172e+00 1.422089e+01 1.532943e+01 1.542607e+01 1.657024e+01 1.761055e+01 1.631871e+01 1.591996e+01 1.373466e+01 1.094417e+00 1.546734e-01 2.318711e-01 3.554154e-01 4.273995e-01 5.669363e-01 6.770007e-01 6.509985e-01 7.167348e-01 7.379125e-01 6.605399e-01 6.491035e-01 5.694421e-01 7.184308e-03 3.278581e-02 5.275369e-02 7.073711e-02 9.014394e-02 1.136449e-01 1.426986e-01 1.317597e-01 1.435201e-01 1.465979e-01 1.249340e-01 1.237305e-01 1.142887e-01 4.067495e-03
<GCONST> 5.472092e+01
<STATE> 4
<MEAN> 39
 -8.587501e+00 -4.916663e+00 -6.346695e+00 -8.948599e+00 -2.052512e+00 -3.765457e+00 -1.072944e+00 -8.397717e+00 -2.903241e+00 -5.449335e+00 6.269037e-01 -4.044374e+00 1.504816e+01 2.447450e-01 1.936392e-01 8.041608e-02 -1.335777e-01 -1.496751e-01 -2.733697e-01 -7.705092e-02 7.016288e-02 -3.876222e-02 -4.971747e-02 -2.023199e-01 -6.941654e-02 2.084292e-01 2.159052e-01 9.047566e-03 6.362911e-02 -1.528639e-01 -1.184993e-01 -2.092810e-01 -1.026066e-02 1.653408e-02 6.286201e-03 -3.463783e-03 -1.013348e-01 -8.340999e-02 1.091641e-01
<VARIANCE> 39
 1.201898e+01 1.154506e+01 1.720889e+01 1.566067e+01 1.935394e+01 1.882063e+01 1.808344e+01 2.029033e+01 2.107133e+01 1.986629e+01 1.878049e+01 1.704974e+01 1.499535e+00 5.704821e-01 5.247868e-01 7.176797e-01 7.845101e-01 9.102795e-01 9.651716e-01 8.436821e-01 1.157230e+00 1.033472e+00 9.166026e-01 9.329646e-01 7.481021e-01 5.098379e-02 7.044967e-02 1.102488e-01 1.694131e-01 1.427415e-01 1.951268e-01 1.901786e-01 1.664247e-01 2.237986e-01 2.023955e-01 1.785239e-01 1.809545e-01 1.537351e-01 9.492771e-03
<GCONST> 7.417274e+01
<TRANSP> 5
 0.000000e+00 8.081547e-01 1.918453e-01 0.000000e+00 0.000000e+00
 0.000000e+00 7.935299e-01 2.064701e-01 0.000000e+00 0.000000e+00
 0.000000e+00 0.000000e+00 8.487269e-01 1.512732e-01 0.000000e+00
 0.000000e+00 0.000000e+00 0.000000e+00 5.752339e-01 4.247662e-01
 0.000000e+00 0.000000e+00 0.000000e+00 0.000000e+00 0.000000e+00
<ENDHMM>
~h "seven"
<BEGINHMM>
<NUMSTATES> 5
<STATE> 2
<MEAN> 39
 -7.696593e+00 -4.413250e+00 -6.115589e+00 -9.554621e+00 -3.509032e+00 -4.747024e+00 -5.876836e-01 -8.167145e+00 -2.432873e+00 -4.346513e+00 -4.017716e-01 -3.840592e+00 1.544792e+01 8.751974e-01 1.146093e-01 7.131544e-01 -1.367145e+00 -1.094427e+00 -8.732398e-01 9.393333e-01 -1.057506e-01 3.537338e-01 3.262363e-02 -7.743593e-01 -6.808789e-01 6.713770e-01 2.916645e-02 -1.057807e-01 -5.252538e-02 -2.638099e-01 -1.894509e-01 6.926484e-02 2.578038e-01 6.151089e-02 -8.065807e-03 -1.356313e-01 -1.709089e-01 -1.592044e-01 1.354575e-01
<VARIANCE> 39
 9.506530e+00 6.341862e+00 1.254788e+01 1.201377e+01 1.932550e+01 2.139046e+01 1.800636e+01 1.859705e+01 1.824632e+01 2.552033e+01 1.763609e+01 1.605196e+01 2.254916e+00 4.569217e-01 4.315870e-01 6.430410e-01 9.580258e-01 1.280550e+00 1.593316e+00 1.336175e+00 1.181958e+00 1.212773e+00 2.322094e+00 1.083857e+00 1.182390e+00 7.547554e-02 8.173318e-02 5.429422e-02 9.898727e-02 1.199950e-01 2.140521e-01 2.137910e-01 1.559844e-01 1.564186e-01 1.634147e-01 1.966838e-01 1.394091e-01 1.848605e-01 1.090123e-02
<GCONST> 7.473081e+01
<STATE> 3
<MEAN> 39
 -5.737577e+00 -7.450769e+00 -5.347522e+00 -1.619486e+01 -6.173345e+00 -4.412825e+00 5.006286e+00 -8.665505e+00 -2.697164e+00 -7.095427e+00 -4.181973e+00 -6.589186e+00 1.903813e+01 1.364733e-01 -2.996321e-01 7.104670e-02 1.375330e-01 3.233260e-02 -3.291939e-02 1.945078e-01 2.607276e-01 -3.391725e-01 -4.663986e-02 -5.295056e-03 -5.071965e-02 8.539975e-02 -2.269833e-02 9.916445e-02 3.469674e-02 3.156186e-01 1.466684e-01 -7.035696e-02 -2.802489e-01 4.808959e-02 -1.873499e-02 3.551765e-02 2.009340e-01 6.558430e-02 -1.355157e-01
<VARIANCE> 39
 9.517705e+00 1.202865e+01 9.008923e+00 1.771363e+01 4.794115e+01 3.855043e+01 3.174896e+01 3.882553e+01 4.841872e+01 5.834936e+01 3.326955e+01 3.276548e+01 1.197894e+00 3.998058e-01 5.755068e-01 4.489339e-01 1.341600e+00 1.498851e+00 1.586692e+00 1.633260e+00 1.063025e+00 1.286737e+00 1.727683e+00 1.747354e+00 1.237757e+00 1.795103e-01 8.165982e-02 8.644090e-02 9.011677e-02 1.105295e-01 2.640727e-01 2.651395e-01 1.734114e-01 1.622590e-01 2.074107e-01 2.430380e-01 2.310979e-01 1.895976e-01 5.565356e-03
<GCONST> 8.344569e+01
<STATE> 4
<MEAN> 39
 -3.247144e+00 -4.131143e+00 -2.030610e+00 -9.794315e+00 -3.953051e+00 -7.916162e+00 -4.687049e-01 -7.898288e+00 -3.886049e+00 -6.625482e+00 -1.621452e+00 -6.932839e+00 1.713610e+01 1.039387e-01 3.649641e-01 2.273636e-01 2.345972e-01 3.752987e-01 -2.873709e-02 -4.221576e-01 -3.482445e-01 3.109771e-02 -7.126109e-02 8.223016e-02 -1.385088e-02 -8.798236e-02 -4.044283e-02 -5.804246e-02 -5.434576e-02 -7.324769e-02 1.826570e-03 1.096917e-01 9.060981e-02 -4.246861e-02 -3.058373e-05 -4.006651e-04 -4.281388e-02 3.076725e-02 1.924164e-02
<VARIANCE> 39
 4.908730e+00 1.045113e+01 1.003393e+01 1.373930e+01 2.822892e+01 3.236245e+01 2.621272e+01 4.092999e+01 3.231031e+01 3.541190e+01 3.232134e+01 2.888770e+01 1.681584e+00 1.921378e-01 4.151041e-01 4.788330e-01 9.028584e-01 1.389882e+00 1.173771e+00 1.646633e+00 1.270282e+00 1.387903e+00 1.387563e+00 1.262319e+00 9.335878e-01 8.908584e-02 3.492071e-02 7.895759e-02 8.604414e-02 1.528866e-01 2.477825e-01 2.052867e-01 2.861332e-01 2.262662e-01 2.300348e-01 2.385672e-01 2.139275e-01 1.483267e-01 1.489960e-02
<GCONST> 7.849953e+01
<TRANSP> 5
 0.000000e+00 1.000000e+00 0.000000e+00 0.000000e+00 0.000000e+00
 0.000000e+00 7.201106e-01 2.798895e-01 0.000000e+00 0.000000e+00
 0.000000e+00 0.000000e+00 8.929064e-01 1.070936e-01 0.000000e+00
 0.000000e+00 0.000000e+00 0.000000e+00 9.310132e-01 6.898686e-02
 0.000000e+00 0.000000e+00 0.000000e+00 0.000000e+00 0.000000e+00
<ENDHMM>
~h "three"
<BEGINHMM>
<NUMSTATES> 5
<STATE> 2
<MEAN> 39
 -3.507817e+00 -6.652342e+00 -1.155614e+00 -8.969567e+00 -8.637466e+00 -1.076537e+01 -1.464237e+00 -8.304029e+00 -2.213965e+00 -5.339512e+00 -2.800482e-01 -5.171862e+00 1.707863e+01 6.749148e-01 -2.699586e-01 9.094218e-01 5.017342e-02 -1.756016e+00 -4.852875e-01 -8.821096e-02 -1.937999e-01 2.920783e-01 1.177357e-01 -6.655177e-02 -2.411036e-01 4.028933e-01 -1.351123e-01 4.550574e-02 4.974335e-02 -2.373567e-01 3.942794e-02 3.046450e-01 -7.949141e-02 -4.551062e-02 1.171803e-01 1.329680e-02 4.772740e-02 4.737426e-03 -1.660008e-02
<VARIANCE> 39
 1.335480e+01 1.222114e+01 1.447693e+01 2.918544e+01 4.508829e+01 4.969531e+01 2.262555e+01 2.370521e+01 2.744475e+01 2.557741e+01 3.111851e+01 3.024288e+01 2.847387e+00 6.355971e-01 5.780351e-01 7.943941e-01 1.516193e+00 1.832168e+00 2.770313e+00 1.240996e+00 1.467614e+00 1.245334e+00 1.112048e+00 1.416114e+00 1.343061e+00 5.660952e-02 1.275370e-01 1.311232e-01 1.300043e-01 3.224215e-01 3.802173e-01 4.636943e-01 2.550917e-01 2.254503e-01 1.940693e-01 1.843961e-01 2.025179e-01 1.956541e-01 1.085900e-02
<GCONST> 8.783508e+01
<STATE> 3
<MEAN> 39
 -3.957806e+00 -5.556279e+00 5.614028e+00 -1.629366e+01 -1.525978e+01 -4.856969e+00 -6.199901e+00 -1.015705e+01 2.238183e+00 -5.312619e+00 1.099234e+00 -5.875973e+00 1.869686e+01 -8.508524e-01 1.547881e+00 2.614809e-01 -2.150789e+00 1.685454e+00 7.041419e-01 -1.748362e+00 6.447628e-01 6.647417e-02 -2.764217e-01 1.767267e-01 -4.912234e-02 3.761880e-02 -6.830478e-02 2.905906e-01 -4.574870e-01 2.365106e-01 7.182096e-01 -5.773866e-01 1.200672e-01 2.375446e-01 -3.835042e-01 -1.555054e-03 -3.537454e-02 4.978954e-02 -6.586202e-02
<VARIANCE> 39
 7.273709e+00 2.020278e+01 1.144749e+01 4.347457e+01 5.127551e+01 3.816803e+01 5.084229e+01 5.463007e+01 2.285319e+01 2.745731e+01 4.028211e+01 3.074171e+01 1.271143e+00 2.938534e-01 8.346326e-01 1.102783e+00 1.225726e+00 2.722185e+00 3.497199e+00 1.403003e+00 1.935133e+00 1.519077e+00 8.914165e-01 8.070133e-01 8.581669e-01 2.831232e-02 6.309900e-02 1.190505e-01 9.870125e-02 3.891709e-01 3.786150e-01 3.518294e-01 5.380348e-01 2.946809e-01 1.521142e-01 1.571916e-01 1.418616e-01 1.214665e-01 2.518683e-03
<GCONST> 8.492174e+01
<STATE> 4
<MEAN> 39
 -6.810126e+00 3.782550e+00 -1.140796e+00 -1.708952e+01 -1.721309e+00 -1.202341e+01 -6.098860e+00 -7.750209e+00 -3.213963e+00 -5.092036e+00 -1.130506e-01 -6.279756e+00 1.795670e+01 7.986006e-02 1.047272e-01 -6.419205e-01 8.692116e-01 6.307561e-01 -3.102390e-01 6.614528e-01 -2.540796e-01 -4.021079e-01 2.131657e-03 -1.968593e-01 -1.269793e-02 -1.686790e-01 8.208806e-02 -3.138495e-01 6.323215e-02 1.562826e-01 -2.550604e-01 2.577951e-01 1.110039e-01 -7.916368e-02 1.202275e-01 -1.838646e-02 9.325960e-03 1.105636e-02 -2.654423e-02
<VARIANCE> 39
 7.378104e+00 1.676460e+01 1.802455e+01 3.166615e+01 2.461911e+01 2.782415e+01 4.877455e+01 4.764157e+01 3.251401e+01 3.978767e+01 4.066703e+01 3.639441e+01 1.583813e+00 2.560032e-01 1.559987e+00 6.537508e-01 9.253593e-01 1.573635e+00 2.265478e+00 1.301996e+00 1.595467e+00 1.271012e+00 1.204250e+00 8.010702e-01 8.406760e-01 2.447375e-02 3.788855e-02 9.252520e-02 8.010259e-02 1.975457e-01 1.800344e-01 1.948987e-01 2.575837e-01 2.438125e-01 1.727247e-01 1.610006e-01 1.313684e-01 1.290264e-01 2.505076e-03
<GCONST> 7.938255e+01
<TRANSP> 5
 0.000000e+00 1.000000e+00 0.000000e+00 0.000000e+00 0.000000e+00
 0.000000e+00 8.667192e-01 1.332808e-01 0.000000e+00 0.000000e+00
 0.000000e+00 0.000000e+00 7.934332e-01 2.065668e-01 0.000000e+00
 0.000000e+00 0.000000e+00 0.000000e+00 8.991818e-01 1.008182e-01
 0.000000e+00 0.000000e+00 0.000000e+00 0.000000e+00 0.000000e+00
<ENDHMM>
~h "one"
<BEGINHMM>
<NUMSTATES> 5
<STATE> 2
<MEAN> 39
 -5.994169e-01 -3.795459e+00 -9.267613e+00 -1.280082e+01 -1.648372e+00 -5.565946e+00 -2.026284e+00 -8.868237e+00 -2.704549e+00 -6.730003e+00 -1.545622e+00 -7.288603e+00 1.773169e+01 2.798638e-01 -4.011607e-01 -8.655341e-01 4.563845e-01 4.839573e-01 3.598417e-02 -2.924747e-01 2.276701e-01 2.018822e-01 -3.078237e-01 -3.894418e-01 -2.698945e-01 2.379566e-01 -1.171596e-01 -1.444331e-01 5.433491e-02 2.625141e-01 6.397902e-03 -1.159926e-01 -1.336293e-02 9.330440e-02 -1.180751e-02 -9.051348e-02 1.143542e-02 8.233257e-02 -2.048842e-02
<VARIANCE> 39
 7.756383e+00 9.300505e+00 2.886058e+01 2.287502e+01 2.883486e+01 2.529905e+01 2.284886e+01 2.061082e+01 2.826188e+01 2.392105e+01 2.961419e+01 2.864146e+01 2.302612e+00 4.580684e-01 8.021699e-01 8.783824e-01 2.244418e+00 1.371865e+00 1.444434e+00 1.265676e+00 1.067124e+00 1.134621e+00 1.024028e+00 1.096564e+00 1.044247e+00 4.803357e-02 4.553999e-02 6.201928e-02 1.904568e-01 2.176159e-01 2.625197e-01 2.516542e-01 2.370808e-01 1.809670e-01 2.008820e-01 1.696623e-01 1.890305e-01 1.837884e-01 5.070674e-03
<GCONST> 8.025867e+01
<STATE> 3
<MEAN> 39
 -2.396472e+00 -1.071926e+01 -1.083730e+01 -1.679286e+00 -5.244774e-01 -9.484020e+00 -2.365487e+00 -4.255323e+00 -3.600836e+00 -1.170063e+01 -2.350323e+00 -6.082163e+00 1.853757e+01 -6.073827e-01 -3.607949e-01 1.346009e+00 5.465175e-01 -1.352458e+00 -3.058927e-01 1.187982e+00 -1.107144e-01 -9.145700e-01 -7.473665e-02 5.796209e-01 1.097983e-01 -5.018800e-02 2.583563e-02 3.150973e-01 2.468844e-01 -5.819507e-01 -1.240814e-01 3.750104e-01 8.121078e-02 -4.341007e-01 7.707207e-03 3.757762e-01 3.883302e-02 -1.734004e-01 -2.974473e-02
<VARIANCE> 39
 6.194981e+00 9.658710e+00 1.880621e+01 2.367604e+01 2.731885e+01 1.740983e+01 3.800013e+01 3.175013e+01 4.647148e+01 3.760268e+01 3.392787e+01 3.342384e+01 1.544016e+00 1.549391e-01 5.237479e-01 6.052927e-01 1.857864e+00 7.355908e-01 1.739230e+00 1.005829e+00 2.261190e+00 1.179450e+00 1.875839e+00 1.032142e+00 1.294077e+00 8.528766e-03 2.398405e-02 5.260035e-02 1.014790e-01 1.221315e-01 2.902736e-01 1.531715e-01 3.817251e-01 1.793394e-01 3.377213e-01 2.025391e-01 2.675126e-01 1.695093e-01 8.598281e-04
<GCONST> 7.535938e+01
<STATE> 4
<MEAN> 39
 -4.088098e+00 -5.355603e+00 -1.603801e+00 -8.814697e+00 -3.933975e+00 -5.867047e+00 -1.759845e+00 -1.198814e+01 -4.578547e+00 -8.660930e+00 -2.606421e+00 -8.323355e+00 1.777706e+01 1.516310e-01 9.301313e-01 5.823656e-01 -6.907598e-01 4.285243e-01 -6.346676e-02 -6.019379e-01 -4.271151e-01 8.831079e-02 2.218493e-01 -1.713899e-01 5.609480e-02 -1.263592e-01 4.010937e-02 -7.220784e-02 -2.110094e-01 1.687631e-01 1.480221e-01 -6.380527e-02 -5.591133e-02 1.648430e-01 7.380673e-03 -1.136969e-01 1.442091e-02 7.386528e-02 -5.514402e-03
<VARIANCE> 39
 6.853933e+00 2.313052e+01 1.091520e+01 2.080241e+01 1.980250e+01 4.627602e+01 3.569913e+01 3.514917e+01 4.128302e+01 4.580273e+01 3.310851e+01 3.736186e+01 1.297604e+00 2.704861e-01 6.666136e-01 8.169434e-01 1.212529e+00 8.964058e-01 1.938982e+00 1.162133e+00 1.416530e+00 1.595284e+00 1.516150e+00 9.329910e-01 9.492782e-01 1.263763e-02 4.840446e-02 1.178399e-01 8.272979e-02 1.296864e-01 1.992515e-01 3.091222e-01 2.681364e-01 1.837204e-01 2.260435e-01 2.229610e-01 1.656307e-01 1.660419e-01 1.624886e-03
<GCONST> 7.826595e+01
<TRANSP> 5
 0.000000e+00 1.000000e+00 0.000000e+00 0.000000e+00 0.000000e+00
 0.000000e+00 8.987898e-01 1.012102e-01 0.000000e+00 0.000000e+00
 0.000000e+00 0.000000e+00 8.265958e-01 1.734043e-01 0.000000e+00
 0.000000e+00 0.000000e+00 0.000000e+00 8.872471e-01 1.127529e-01
 0.000000e+00 0.000000e+00 0.000000e+00 0.000000e+00 0.000000e+00
<ENDHMM>
~h "sil"
<BEGINHMM>
<NUMSTATES> 5
<STATE> 2
<MEAN> 39
 -6.773833e+00 -6.694803e+00 -5.056058e+00 -8.982722e+00 8.827407e-02 -3.311020e+00 1.589184e-01 -8.589736e+00 -2.633218e+00 -5.726441e+00 5.902532e-01 -4.307535e+00 1.462768e+01 -4.353274e-02 -5.365044e-03 -8.035613e-03 3.263698e-02 4.542197e-02 3.012621e-02 5.138221e-02 3.877634e-03 -1.889807e-02 9.396922e-03 1.233314e-02 6.226712e-03 -1.400602e-02 -2.786746e-02 -3.672552e-02 -7.929797e-02 -1.199535e-01 -1.302347e-01 -1.256454e-01 -6.080012e-02 -5.492012e-03 -2.150160e-02 7.157730e-03 3.534340e-02 3.076566e-02 1.674312e-03
<VARIANCE> 39
 3.787664e+00 4.461620e+00 6.130741e+00 7.568139e+00 1.183165e+01 1.370396e+01 1.493604e+01 1.646350e+01 1.578668e+01 1.384969e+01 1.596298e+01 1.316561e+01 1.171706e+00 8.304805e-02 1.633527e-01 2.778378e-01 3.792852e-01 4.988842e-01 6.623033e-01 6.880143e-01 7.227910e-01 7.048613e-01 5.844195e-01 6.407769e-01 5.589074e-01 5.489048e-03 1.128344e-02 2.432217e-02 4.092654e-02 4.954123e-02 6.950613e-02 1.006361e-01 1.072670e-01 1.321009e-01 1.122745e-01 9.308065e-02 1.060778e-01 9.788049e-02 6.554277e-04
<GCONST> 4.427394e+01
<STATE> 3
~s "silst"
<STATE> 4
<MEAN> 39
 -7.541799e+00 -7.345848e+00 -6.547715e+00 -1.114717e+01 -2.114702e+00 -5.319253e+00 -8.940897e-01 -8.587034e+00 -2.680662e+00 -5.460830e+00 1.363295e+00 -3.877576e+00 1.448505e+01 -1.064152e-03 8.902165e-03 -2.058761e-02 -2.198771e-02 -5.047426e-02 -1.952798e-02 -5.461983e-02 -6.197644e-03 -4.089796e-03 -8.339975e-03 -1.412044e-02 -1.171950e-02 -2.205628e-05 3.472274e-02 5.402656e-02 8.859213e-02 1.204926e-01 1.253906e-01 1.182386e-01 5.238557e-02 1.102271e-02 2.256911e-02 -1.268648e-02 -4.756835e-02 -3.561615e-02 7.929559e-03
<VARIANCE> 39
 3.433523e+00 4.050447e+00 6.329080e+00 7.662092e+00 1.131372e+01 1.260284e+01 1.487423e+01 1.581918e+01 1.754986e+01 1.515158e+01 1.512398e+01 1.334980e+01 1.002478e+00 7.297806e-02 1.633018e-01 2.802563e-01 4.087601e-01 5.014832e-01 6.702844e-01 5.960453e-01 7.323188e-01 6.986465e-01 5.964010e-01 6.905017e-01 6.145306e-01 3.065588e-03 1.359330e-02 2.816087e-02 4.150124e-02 5.569123e-02 7.265604e-02 1.082952e-01 1.049224e-01 1.265190e-01 1.313578e-01 1.040623e-01 1.165399e-01 1.107159e-01 9.878410e-04
<GCONST> 4.480172e+01
<TRANSP> 5
 0.000000e+00 1.000000e+00 0.000000e+00 0.000000e+00 0.000000e+00
 0.000000e+00 7.525538e-01 2.526991e-02 2.221763e-01 0.000000e+00
 0.000000e+00 0.000000e+00 8.260393e-01 1.739607e-01 0.000000e+00
 0.000000e+00 1.758526e-01 0.000000e+00 7.590101e-01 6.513732e-02
 0.000000e+00 0.000000e+00 0.000000e+00 0.000000e+00 0.000000e+00
<ENDHMM>
~h "six"
<BEGINHMM>
<NUMSTATES> 5
<STATE> 2
<MEAN> 39
 -8.704287e+00 -4.276039e+00 -7.022618e+00 -8.710636e+00 -3.069398e+00 -4.194188e+00 -1.953230e+00 -8.224073e+00 -3.557549e+00 -4.030871e+00 1.299327e-01 -3.137472e+00 1.493982e+01 6.753161e-01 6.736901e-01 1.192992e+00 -1.364363e+00 -1.144423e+00 -1.200388e+00 3.908503e-02 -1.357025e-01 4.145685e-01 3.476348e-01 -5.126073e-01 -4.639850e-01 6.243426e-01 6.959099e-02 1.160817e-01 2.295690e-01 -4.785776e-01 -2.808109e-01 -1.735866e-01 4.280628e-02 7.396901e-02 2.028171e-01 2.252846e-03 -1.367923e-01 -2.352938e-01 1.457824e-01
<VARIANCE> 39
 7.411500e+00 7.768834e+00 1.264133e+01 1.146543e+01 1.886213e+01 1.979399e+01 1.512195e+01 1.816769e+01 2.000344e+01 2.937421e+01 1.913975e+01 1.704874e+01 1.849617e+00 3.595821e-01 4.703054e-01 8.852846e-01 1.161451e+00 1.077024e+00 1.327611e+00 9.964527e-01 8.083024e-01 1.413053e+00 2.227433e+00 1.072140e+00 1.315700e+00 7.836282e-02 6.185843e-02 5.634401e-02 1.157217e-01 9.755740e-02 2.027553e-01 2.072771e-01 1.476631e-01 1.763722e-01 1.851724e-01 2.373266e-01 1.705585e-01 1.686975e-01 8.695545e-03
<GCONST> 7.398135e+01
<STATE> 3
<MEAN> 39
 -6.468721e+00 -1.100246e+00 -8.580537e-01 -2.011138e+01 -7.863276e+00 -8.738959e+00 -2.436040e+00 -6.383351e+00 2.421892e-01 -3.793148e+00 -2.522485e+00 -7.319849e+00 1.832756e+01 2.475075e-02 -8.585648e-02 2.222311e-01 -2.840766e-01 3.728811e-01 2.108586e-01 -2.745523e-01 1.719637e-01 3.833826e-02 -1.956118e-01 1.695914e-01 5.748623e-03 -4.675611e-02 -5.692921e-02 -2.050718e-01 -2.668586e-01 4.868293e-01 2.880492e-01 2.215833e-01 6.787516e-02 -9.085578e-02 -1.463276e-01 -5.883242e-02 1.513929e-01 1.655591e-01 -1.669228e-01
<VARIANCE> 39
 7.690791e+00 9.741365e+00 1.661648e+01 2.312819e+01 5.846227e+01 3.110090e+01 3.717754e+01 2.460003e+01 3.462394e+01 5.834900e+01 3.541317e+01 3.740791e+01 1.433448e+00 3.498696e-01 6.533274e-01 1.076527e+00 3.231560e+00 2.402035e+00 1.764854e+00 1.734295e+00 1.341105e+00 1.888105e+00 2.010355e+00 1.867598e+00 1.898855e+00 2.944359e-01 6.817024e-02 6.605696e-02 1.607907e-01 2.262642e-01 3.059545e-01 3.192886e-01 3.832980e-01 2.241716e-01 2.867872e-01 3.401603e-01 2.634491e-01 2.552616e-01 1.166734e-02
<GCONST> 9.189096e+01
<STATE> 4
<MEAN> 39
 -6.561903e+00 -6.248351e+00 -4.682609e+00 -1.081288e+01 -9.997120e-01 -3.981820e+00 -1.438149e+00 -8.751966e+00 -2.163636e+00 -5.867851e+00 1.164488e+00 -4.221352e+00 1.475349e+01 -2.334343e-01 -9.117858e-01 -1.005404e+00 1.462315e+00 4.138633e-01 4.089187e-01 9.074742e-01 -4.572316e-01 -2.810556e-01 -4.042722e-02 2.010458e-01 2.987371e-01 -4.647184e-01 -1.053668e-01 1.690036e-01 2.072274e-01 -4.380811e-01 -3.789533e-01 -1.606544e-01 -8.469379e-02 1.720789e-01 1.160041e-01 1.035913e-01 -1.795802e-01 -1.432317e-01 1.500337e-01
<VARIANCE> 39
 3.289589e+00 5.440145e+00 9.451547e+00 1.107171e+01 1.464708e+01 1.564186e+01 1.948843e+01 1.858522e+01 1.687929e+01 1.705873e+01 1.861813e+01 1.491052e+01 1.491792e+00 2.670207e-01 4.857609e-01 8.969578e-01 1.308872e+00 2.111342e+00 1.651734e+00 1.603224e+00 1.249490e+00 1.214912e+00 1.204576e+00 1.177785e+00 1.022866e+00 7.925636e-02 3.883307e-02 6.521640e-02 1.379125e-01 1.468940e-01 2.330801e-01 1.807002e-01 2.654618e-01 1.920397e-01 1.853735e-01 1.735163e-01 1.977098e-01 1.824755e-01 5.796087e-03
<GCONST> 7.239061e+01
<TRANSP> 5
 0.000000e+00 1.000000e+00 0.000000e+00 0.000000e+00 0.000000e+00
 0.000000e+00 7.209324e-01 2.790677e-01 0.000000e+00 0.000000e+00
 0.000000e+00 0.000000e+00 8.892750e-01 1.107251e-01 0.000000e+00
 0.000000e+00 0.000000e+00 0.000000e+00 7.503067e-01 2.496933e-01
 0.000000e+00 0.000000e+00 0.000000e+00 0.000000e+00 0.000000e+00
<ENDHMM>
~h "two"
<BEGINHMM>
<NUMSTATES> 5
<STATE> 2
<MEAN> 39
 -1.091231e+01 -3.321377e+00 -6.689631e+00 -1.064925e+01 -9.784368e-01 -3.892200e+00 -1.943431e+00 -7.504069e+00 -2.328719e+00 -5.673264e+00 1.130665e+00 -3.369567e+00 1.505789e+01 5.087360e-01 6.215733e-01 1.012707e+00 -5.891370e-01 -2.777000e-01 -3.735060e-01 -4.674136e-01 -2.126194e-01 7.429774e-02 -5.136356e-02 -2.233735e-01 -3.644101e-01 3.263221e-01 2.925128e-01 6.984847e-02 2.850372e-01 -1.294725e-01 -2.148469e-01 -2.425695e-01 -1.197094e-01 -1.276190e-01 -2.548929e-02 2.452970e-03 -8.128762e-02 -1.712072e-01 9.478359e-02
<VARIANCE> 39
 8.917539e+00 8.172597e+00 1.263788e+01 1.224403e+01 1.845424e+01 2.273743e+01 1.918190e+01 2.102585e+01 2.146771e+01 2.399494e+01 2.469270e+01 1.979550e+01 9.109808e-01 1.371373e+00 5.577074e-01 1.288166e+00 8.344851e-01 1.346704e+00 1.286360e+00 9.924732e-01 1.188661e+00 1.178519e+00 1.297801e+00 1.881338e+00 1.107223e+00 7.264914e-02 1.279339e-01 1.084964e-01 1.343151e-01 1.314549e-01 2.274422e-01 1.988681e-01 1.763462e-01 2.226354e-01 2.284945e-01 2.033523e-01 3.597434e-01 1.595769e-01 7.768756e-03
<GCONST> 7.901374e+01
<STATE> 3
<MEAN> 39
 -4.602465e+00 1.272532e+00 1.865087e+00 -1.551998e+01 -6.953060e+00 -9.943029e+00 -6.705443e+00 -1.044388e+01 -2.409897e+00 -5.174457e+00 -1.119395e+00 -7.300321e+00 1.840692e+01 6.648387e-01 5.450305e-01 7.445965e-01 -5.432275e-01 -1.165637e+00 -1.108160e+00 -5.692258e-01 -2.836508e-01 -6.631617e-02 1.253803e-01 -2.179436e-01 -6.257484e-01 4.523572e-01 -2.506063e-01 -2.353806e-01 -4.269547e-01 2.989663e-01 2.730130e-01 2.326251e-01 2.363488e-01 1.466759e-01 -1.886063e-02 -9.848096e-03 1.531320e-01 1.825714e-01 -1.452147e-01
<VARIANCE> 39
 7.467842e+00 8.095262e+00 1.363054e+01 2.231464e+01 3.961686e+01 2.559357e+01 2.819667e+01 2.452921e+01 3.158384e+01 5.525581e+01 4.391280e+01 4.850156e+01 1.036866e+00 5.679070e-01 6.282043e-01 9.839507e-01 1.462630e+00 1.291402e+00 1.203441e+00 1.681476e+00 1.516295e+00 1.846966e+00 1.991549e+00 2.391799e+00 1.874720e+00 8.931598e-02 6.149967e-02 5.341865e-02 8.120994e-02 1.250664e-01 2.043778e-01 1.805039e-01 2.038277e-01 1.909856e-01 2.121989e-01 2.733554e-01 2.894553e-01 2.222477e-01 6.514765e-03
<GCONST> 8.374115e+01
<STATE> 4
<MEAN> 39
 -3.223197e+00 -6.625813e-02 -5.132337e-02 -1.363695e+01 -7.112985e+00 -1.158573e+01 -5.666432e+00 -9.641331e+00 -2.727377e+00 -5.328188e+00 -1.824776e-01 -7.611818e+00 1.823657e+01 1.665064e-01 -2.235109e-01 -2.400733e-01 5.384209e-01 3.387748e-01 8.807237e-02 9.999458e-02 -5.461663e-02 -1.895732e-01 -8.363914e-02 8.074832e-02 1.613910e-01 -1.207618e-01 -4.465432e-02 -3.847482e-02 -2.631521e-02 2.356596e-02 9.565084e-02 1.115870e-01 5.500546e-02 5.230659e-03 2.083736e-02 2.426603e-03 -4.091830e-03 4.614243e-02 -3.566127e-02
<VARIANCE> 39
 5.892354e+00 7.991624e+00 1.254089e+01 2.989752e+01 3.388180e+01 2.166545e+01 3.324943e+01 3.363284e+01 3.991680e+01 4.301405e+01 5.475555e+01 4.159369e+01 1.363043e+00 1.351843e-01 1.539276e-01 3.777314e-01 6.246438e-01 9.110352e-01 8.605431e-01 8.837503e-01 1.032588e+00 9.061326e-01 9.917879e-01 1.047785e+00 9.372945e-01 1.467483e-02 2.180726e-02 2.537928e-02 5.108402e-02 8.890942e-02 1.056800e-01 1.249581e-01 1.313487e-01 1.601388e-01 1.494779e-01 1.540463e-01 1.598720e-01 1.463110e-01 2.364791e-03
<GCONST> 6.590907e+01
<TRANSP> 5
 0.000000e+00 1.000000e+00 0.000000e+00 0.000000e+00 0.000000e+00
 0.000000e+00 8.201700e-01 1.798301e-01 0.000000e+00 0.000000e+00
 0.000000e+00 0.000000e+00 7.663875e-01 2.336125e-01 0.000000e+00
 0.000000e+00 0.000000e+00 0.000000e+00 9.020972e-01 9.790275e-02
 0.000000e+00 0.000000e+00 0.000000e+00 0.000000e+00 0.000000e+00
<ENDHMM>
~h "nine"
<BEGINHMM>
<NUMSTATES> 5
<STATE> 2
<MEAN> 39
 -4.474297e+00 -4.316642e+00 -2.081106e+00 -8.930233e+00 -3.014322e+00 -6.191929e+00 -1.520509e+00 -1.116716e+01 -5.000140e+00 -8.062116e+00 -2.922927e+00 -7.795608e+00 1.755388e+01 -1.354663e-01 -6.685741e-01 -2.183042e-01 4.930512e-01 -4.911871e-01 1.727425e-01 3.860008e-01 -1.976452e-01 -4.031742e-02 -1.536352e-01 -1.801868e-01 -1.440185e-01 2.489913e-01 -3.803952e-02 -1.258066e-01 -7.440589e-02 1.145483e-01 1.710912e-02 -6.408282e-03 3.840199e-02 3.110353e-02 9.054352e-03 5.547099e-03 7.811248e-02 3.438441e-02 -9.928884e-03
<VARIANCE> 39
 8.955165e+00 2.027923e+01 1.531507e+01 1.676469e+01 2.858297e+01 2.883068e+01 3.193764e+01 2.749157e+01 4.710432e+01 3.540611e+01 3.015324e+01 3.274978e+01 2.329644e+00 5.323678e-01 1.577712e+00 1.145417e+00 1.114592e+00 1.137091e+00 1.424204e+00 1.642585e+00 1.276316e+00 1.527293e+00 1.151379e+00 1.242798e+00 1.037823e+00 3.755350e-02 6.515010e-02 1.811023e-01 1.346723e-01 1.400216e-01 2.019829e-01 2.216060e-01 2.426699e-01 1.862654e-01 1.997434e-01 1.616125e-01 1.742815e-01 1.451413e-01 4.995428e-03
<GCONST> 8.288501e+01
<STATE> 3
<MEAN> 39
 -6.295364e+00 -1.166718e+01 -4.976729e+00 -2.511831e+00 -5.660204e+00 -5.416799e+00 1.784716e+00 -1.127734e+01 -5.669220e+00 -9.063030e+00 -1.614876e+00 -7.683967e+00 1.862160e+01 -1.086692e-01 6.875433e-02 2.332735e-01 -2.092208e-01 -4.505791e-02 2.071804e-01 -7.590440e-02 -1.001693e-01 1.744529e-01 6.856029e-02 -4.190705e-02 3.244755e-02 -1.993376e-02 -2.532299e-03 1.884966e-01 7.664167e-02 -2.480659e-01 3.423478e-02 7.943846e-02 -1.019203e-01 -5.892509e-04 8.266944e-02 -6.277835e-03 -7.833781e-02 2.519141e-02 -1.444008e-02
<VARIANCE> 39
 7.201653e+00 8.457661e+00 2.461278e+01 3.143015e+01 1.882016e+01 3.044216e+01 3.088024e+01 3.412014e+01 4.314021e+01 4.181750e+01 2.807485e+01 3.032509e+01 1.011812e+00 8.140335e-02 3.273820e-01 4.032714e-01 1.042999e+00 4.656294e-01 6.135412e-01 5.256715e-01 5.007827e-01 6.162049e-01 6.505691e-01 6.607828e-01 5.206385e-01 4.605559e-03 1.060292e-02 2.941613e-02 3.944755e-02 5.277383e-02 6.965348e-02 6.584825e-02 7.283188e-02 7.718056e-02 7.980201e-02 8.581355e-02 7.660408e-02 7.786433e-02 3.930953e-04
<GCONST> 5.280424e+01
<STATE> 4
<MEAN> 39
 -6.146935e+00 -3.110866e+00 -1.603002e+00 -1.202424e+01 -1.876858e+00 -4.555986e+00 -3.333511e+00 -1.016833e+01 -2.803033e+00 -8.178553e+00 -3.049807e+00 -6.481996e+00 1.789293e+01 3.939013e-01 8.339573e-01 1.508061e-01 -2.901644e-01 5.386642e-01 -4.742080e-01 -4.629589e-01 3.211362e-01 -2.071680e-01 5.327391e-02 1.049470e-01 5.333705e-02 -1.228828e-01 3.918584e-02 -1.254417e-01 -3.902942e-02 2.308375e-01 -1.596439e-02 -6.718059e-02 1.056163e-01 -3.537238e-02 -1.066978e-01 2.537430e-02 7.838078e-02 -2.832233e-02 -1.039730e-02
<VARIANCE> 39
 1.166912e+01 1.981488e+01 1.217376e+01 2.377359e+01 3.549963e+01 3.411978e+01 3.332385e+01 2.978339e+01 4.890184e+01 3.962851e+01 3.867274e+01 4.276809e+01 1.072451e+00 4.026606e-01 9.334146e-01 5.711891e-01 1.871975e+00 1.350944e+00 1.372652e+00 1.361005e+00 1.282778e+00 1.663554e+00 1.178488e+00 1.056571e+00 1.020511e+00 9.962165e-03 5.828785e-02 9.806171e-02 8.686818e-02 1.518563e-01 1.930929e-01 2.413460e-01 1.804145e-01 1.969470e-01 2.312146e-01 1.952993e-01 1.713391e-01 1.422035e-01 1.054025e-03
<GCONST> 7.867754e+01
<TRANSP> 5
 0.000000e+00 1.000000e+00 0.000000e+00 0.000000e+00 0.000000e+00
 0.000000e+00 8.959524e-01 1.040476e-01 0.000000e+00 0.000000e+00
 0.000000e+00 0.000000e+00 9.113367e-01 8.866328e-02 0.000000e+00
 0.000000e+00 0.000000e+00 0.000000e+00 8.991643e-01 1.008357e-01
 0.000000e+00 0.000000e+00 0.000000e+00 0.000000e+00 0.000000e+00
<ENDHMM>
~h "five"
<BEGINHMM>
<NUMSTATES> 5
<STATE> 2
<MEAN> 39
 -4.238500e+00 -1.127020e+01 -1.000545e+01 -8.300611e+00 4.619207e-01 -8.074314e+00 3.494151e-01 -4.731674e+00 -5.209925e+00 -7.914366e+00 -1.762566e+00 -4.880610e+00 1.792843e+01 3.728893e-01 -1.170832e+00 -7.221203e-01 7.727465e-01 5.086537e-01 -6.449913e-01 3.264557e-01 4.100873e-01 -7.443611e-01 -2.270780e-01 -3.075910e-01 -8.052185e-03 5.664461e-01 -1.856037e-01 1.900475e-02 1.682073e-01 9.365676e-02 -1.097097e-02 1.006657e-01 3.081487e-02 -1.976789e-01 2.200413e-02 1.356864e-01 1.533457e-01 4.830649e-02 -7.048212e-02
<VARIANCE> 39
 1.100363e+01 1.968807e+01 2.367653e+01 1.666030e+01 1.891270e+01 2.067672e+01 2.513404e+01 5.126147e+01 3.209842e+01 2.792549e+01 2.495034e+01 1.986155e+01 4.455966e+00 7.744244e-01 5.623032e-01 1.164125e+00 9.095054e-01 7.890871e-01 9.857489e-01 9.759432e-01 2.268867e+00 1.721275e+00 1.717656e+00 1.357789e+00 1.025542e+00 1.222319e-01 9.624957e-02 1.345326e-01 1.803422e-01 1.231633e-01 1.357588e-01 1.450403e-01 1.546223e-01 3.024503e-01 2.733596e-01 1.945061e-01 1.781779e-01 1.404715e-01 2.876294e-02
<GCONST> 8.442917e+01
<STATE> 3
<MEAN> 39
 -5.810478e+00 -1.545068e+01 -8.550549e+00 -3.654177e+00 1.421970e+00 -9.162178e+00 2.530357e+00 -7.505100e+00 -7.221269e+00 -5.455693e+00 -4.735738e-01 -4.509770e+00 1.904714e+01 -1.661997e-01 8.526005e-02 4.910330e-01 -2.604066e-01 -2.719062e-01 4.368197e-01 6.853057e-02 -3.985839e-01 2.838469e-02 3.022663e-01 6.016837e-02 -8.378215e-02 -4.858087e-02 4.031013e-02 1.151328e-01 1.130606e-02 -1.970955e-01 -5.522003e-02 9.278204e-02 -2.917480e-02 2.538717e-02 5.716845e-02 -4.960841e-02 -7.741243e-02 -1.866772e-02 -1.510040e-02
<VARIANCE> 39
 9.178439e+00 9.387490e+00 2.486175e+01 2.083386e+01 1.876528e+01 2.314852e+01 1.754206e+01 3.914269e+01 4.712768e+01 4.452599e+01 2.691574e+01 2.551651e+01 1.358065e+00 8.824253e-02 1.547961e-01 2.703577e-01 6.417964e-01 4.997067e-01 5.549639e-01 4.991679e-01 4.955511e-01 6.154052e-01 5.747513e-01 5.716188e-01 4.746155e-01 5.876933e-03 1.177286e-02 2.433552e-02 3.042511e-02 4.833844e-02 5.131773e-02 5.169905e-02 5.717079e-02 6.442138e-02 8.607631e-02 8.458710e-02 6.688089e-02 7.052293e-02 9.169423e-04
<GCONST> 4.978186e+01
<STATE> 4
<MEAN> 39
 -5.717743e+00 -9.299329e+00 -3.884819e+00 -1.396816e+01 -3.301675e+00 -2.832409e+00 1.835754e+00 -8.404045e+00 -4.130946e+00 -5.255017e+00 -2.274940e+00 -5.515948e+00 1.826634e+01 2.153665e-01 1.196815e+00 3.658254e-01 -6.144317e-01 -3.856263e-01 -1.172239e-01 -3.175671e-01 2.563386e-01 5.445618e-01 -2.101459e-01 -6.028800e-02 -9.528156e-02 -2.477212e-01 -1.993539e-02 -2.735882e-02 -5.567930e-02 3.481744e-01 1.420044e-01 -1.769786e-01 -6.060220e-02 -1.403608e-02 -4.479621e-02 1.910679e-02 1.214732e-01 4.056302e-02 -4.867648e-02
<VARIANCE> 39
 7.829390e+00 2.312505e+01 1.231551e+01 3.140855e+01 4.215646e+01 1.974143e+01 2.455093e+01 3.622675e+01 5.244291e+01 2.794486e+01 2.687956e+01 3.003785e+01 1.884351e+00 2.137105e-01 5.117108e-01 5.750004e-01 2.660120e+00 1.466272e+00 1.606986e+00 9.724561e-01 1.323081e+00 1.645397e+00 1.335272e+00 1.270363e+00 9.236507e-01 4.186146e-02 4.332191e-02 9.744707e-02 7.658058e-02 2.371873e-01 2.353253e-01 2.326892e-01 1.669735e-01 2.271542e-01 2.204897e-01 1.803576e-01 2.060709e-01 1.657113e-01 4.418467e-03
<GCONST> 8.038408e+01
<TRANSP> 5
 0.000000e+00 1.000000e+00 0.000000e+00 0.000000e+00 0.000000e+00
 0.000000e+00 8.499601e-01 1.500398e-01 0.000000e+00 0.000000e+00
 0.000000e+00 0.000000e+00 9.128506e-01 8.714943e-02 0.000000e+00
 0.000000e+00 0.000000e+00 0.000000e+00 8.658885e-01 1.341114e-01
 0.000000e+00 0.000000e+00 0.000000e+00 0.000000e+00 0.000000e+00
<ENDHMM>
~h "four"
<BEGINHMM>
<NUMSTATES> 5
<STATE> 2
<MEAN> 39
 -6.798592e+00 -6.574530e+00 -5.523044e+00 -9.741550e+00 -1.566197e+00 -5.527862e+00 -1.188165e+00 -8.376685e+00 -2.007441e+00 -5.568842e+00 9.894602e-01 -4.264544e+00 1.534291e+01 1.554584e+00 5.310372e-01 -8.889959e-01 -8.429046e-01 -3.031612e-01 -5.307594e-01 -6.899869e-01 -1.880163e-01 1.968218e-01 2.008432e-01 -3.379641e-01 -4.822586e-01 6.377065e-01 3.540447e-01 1.272970e-01 -3.369905e-01 -3.180040e-01 -5.953855e-02 -9.971578e-03 -8.357438e-02 -1.984855e-02 3.078574e-03 5.464857e-02 -7.902488e-02 -1.320091e-01 1.444308e-01
<VARIANCE> 39
 7.368895e+00 5.363853e+00 5.441381e+00 7.770564e+00 1.001173e+01 1.240982e+01 1.454752e+01 1.367527e+01 1.607864e+01 1.350335e+01 1.601150e+01 1.218118e+01 1.705013e+00 5.250428e-01 4.309116e-01 6.105210e-01 7.415153e-01 7.078387e-01 9.053087e-01 7.529431e-01 8.205705e-01 1.004029e+00 1.076011e+00 1.515550e+00 1.215124e+00 5.986734e-02 6.635953e-02 5.358079e-02 6.070196e-02 8.248898e-02 1.011488e-01 1.530293e-01 1.210748e-01 1.528494e-01 1.401839e-01 1.609934e-01 1.991555e-01 1.870828e-01 6.966126e-03
<GCONST> 6.392629e+01
<STATE> 3
<MEAN> 39
 1.594838e+00 -3.478976e+00 -1.215876e+01 -1.704496e+01 -3.998735e+00 -6.182860e+00 -3.166435e+00 -8.953890e+00 -1.401760e+00 -3.860834e+00 4.269222e-01 -6.772421e+00 1.891213e+01 3.060151e-01 -1.846928e-01 -3.259306e-01 -3.962894e-02 7.322050e-02 -1.871876e-02 -2.198174e-01 1.738536e-01 3.519121e-01 9.322938e-02 -2.294514e-01 -2.207016e-01 1.436872e-01 -1.734771e-01 -1.540858e-01 1.494816e-01 2.356202e-01 3.833606e-02 -3.602269e-02 3.798731e-02 1.106669e-01 4.740142e-02 -8.525355e-02 -5.561288e-02 5.651336e-02 -6.750897e-02
<VARIANCE> 39
 4.139195e+00 1.025994e+01 9.629454e+00 1.373693e+01 2.439344e+01 1.714743e+01 1.855077e+01 1.713420e+01 2.359859e+01 2.479615e+01 3.806625e+01 3.754110e+01 1.089327e+00 5.261445e-01 7.279646e-01 6.866918e-01 1.215943e+00 9.700879e-01 7.725686e-01 9.088117e-01 9.565700e-01 1.310614e+00 1.175470e+00 1.338407e+00 1.243145e+00 9.342133e-02 4.944409e-02 4.570162e-02 9.584093e-02 8.023889e-02 1.356086e-01 1.433518e-01 1.558437e-01 1.410249e-01 1.813538e-01 1.918381e-01 1.991152e-01 1.867950e-01 7.198449e-03
<GCONST> 7.253060e+01
<STATE> 4
<MEAN> 39
 -2.806587e-01 -1.128566e+01 -7.932857e+00 -8.577850e+00 -5.396778e+00 -8.914170e+00 -2.182665e+00 -4.275289e+00 6.214094e-01 -7.557887e+00 -3.898383e+00 -7.364789e+00 1.854202e+01 -5.537264e-01 -2.139393e-02 1.182507e+00 5.147457e-01 -5.761910e-01 3.371552e-02 6.737512e-01 -1.645925e-01 -6.741883e-01 -3.868737e-01 1.317633e-01 2.571052e-01 -2.056452e-01 -8.741189e-02 2.990080e-01 -2.530722e-03 -2.143933e-01 1.377227e-01 2.121181e-01 1.334540e-02 -2.409827e-01 -1.499150e-01 1.186064e-01 1.767964e-01 3.228625e-02 -5.108191e-02
<VARIANCE> 39
 7.002633e+00 1.438349e+01 2.870269e+01 1.853989e+01 4.705196e+01 3.757756e+01 3.528561e+01 3.911228e+01 4.506979e+01 3.461604e+01 3.469253e+01 3.194418e+01 1.581754e+00 2.204267e-01 1.536104e+00 6.717762e-01 1.658736e+00 2.121940e+00 2.162405e+00 1.575557e+00 2.591825e+00 1.825778e+00 1.723979e+00 1.795810e+00 1.082152e+00 4.150878e-02 2.922369e-02 9.613784e-02 1.892091e-01 1.682990e-01 4.413886e-01 3.027520e-01 3.546219e-01 3.405087e-01 3.789121e-01 2.808068e-01 3.069417e-01 2.169021e-01 3.203120e-03
<GCONST> 8.853871e+01
<TRANSP> 5
 0.000000e+00 1.000000e+00 0.000000e+00 0.000000e+00 0.000000e+00
 0.000000e+00 7.049654e-01 2.950346e-01 0.000000e+00 0.000000e+00
 0.000000e+00 0.000000e+00 9.183723e-01 8.162767e-02 0.000000e+00
 0.000000e+00 0.000000e+00 0.000000e+00 8.723030e-01 1.276970e-01
 0.000000e+00 0.000000e+00 0.000000e+00 0.000000e+00 0.000000e+00
<ENDHMM>
~h "zero"
<BEGINHMM>
<NUMSTATES> 5
<STATE> 2
<MEAN> 39
 -6.821095e+00 -1.849205e+00 -4.526470e+00 -7.752020e+00 -2.553190e+00 -4.789301e+00 -2.850510e+00 -8.946155e+00 -3.593145e+00 -4.120326e+00 1.344671e-01 -4.383306e+00 1.568026e+01 2.793434e-01 1.041049e+00 9.711401e-01 -1.168125e+00 -8.321658e-01 -1.407605e+00 -6.191042e-01 -5.950564e-01 3.344069e-01 3.357282e-01 -1.289653e-01 -2.390402e-01 4.920554e-01 3.476587e-02 9.121372e-02 1.780276e-01 -3.530009e-01 -1.693460e-01 -2.213819e-01 3.795738e-03 -1.837229e-02 1.663297e-01 -2.801873e-03 3.195640e-02 -8.993131e-02 9.024726e-02
<VARIANCE> 39
 6.940811e+00 1.056565e+01 1.555947e+01 1.477819e+01 2.128532e+01 2.266485e+01 1.926278e+01 1.986280e+01 2.975717e+01 2.471145e+01 2.246622e+01 2.040317e+01 1.519614e+00 3.189802e-01 4.382939e-01 7.692440e-01 9.465545e-01 8.535190e-01 1.294674e+00 9.750813e-01 1.178417e+00 1.343672e+00 9.841695e-01 1.205445e+00 1.531304e+00 4.307782e-02 4.714521e-02 1.037058e-01 1.277519e-01 1.091985e-01 1.323610e-01 2.214568e-01 1.588190e-01 1.940369e-01 1.642371e-01 1.525367e-01 1.801853e-01 1.679683e-01 6.641900e-03
<GCONST> 7.358279e+01
<STATE> 3
<MEAN> 39
 -5.536939e+00 2.106117e-01 9.827721e-01 -1.694599e+01 -7.970705e+00 -9.107397e+00 -4.539286e+00 -8.434622e+00 2.036093e-01 -3.766474e+00 1.714691e-01 -6.841264e+00 1.841898e+01 3.414596e-01 -7.643455e-01 4.231284e-01 -1.336753e-01 -1.078628e+00 2.704685e-01 2.262466e-01 1.940994e-01 3.103048e-01 -8.232201e-02 4.093884e-02 -1.190038e-01 1.608602e-01 5.132398e-02 -2.634912e-01 -1.755808e-01 3.699372e-01 2.282810e-02 1.263133e-01 1.942526e-01 5.592242e-02 -8.976804e-02 -4.196207e-02 -1.392325e-02 7.297762e-02 -6.384634e-02
<VARIANCE> 39
 7.477669e+00 2.140130e+01 1.736032e+01 2.635730e+01 6.015900e+01 4.123901e+01 3.226377e+01 4.421873e+01 3.095486e+01 3.012581e+01 3.448794e+01 5.095820e+01 1.086731e+00 4.428296e-01 1.601720e+00 8.072249e-01 2.635488e+00 1.739727e+00 2.508112e+00 1.706060e+00 1.430675e+00 1.336825e+00 1.168578e+00 1.101061e+00 1.313702e+00 6.137785e-02 5.122878e-02 1.151426e-01 1.256503e-01 1.805935e-01 2.494518e-01 4.128085e-01 2.249839e-01 2.471678e-01 2.109334e-01 1.734028e-01 1.715267e-01 2.165914e-01 4.580128e-03
<GCONST> 8.708362e+01
<STATE> 4
<MEAN> 39
 -1.592737e+00 -1.049315e+01 -4.463115e+00 -9.805642e+00 -9.599400e+00 -8.075353e+00 5.500211e-01 -4.085766e+00 -1.740910e-01 -6.719918e+00 -1.007636e+00 -5.671361e+00 1.853561e+01 7.655834e-02 2.683700e-02 -5.396253e-01 1.544192e-01 6.736445e-01 -1.741290e-01 -2.807900e-02 2.041297e-01 -6.848915e-02 -1.448935e-01 -8.974984e-02 -8.430625e-03 -5.554376e-02 -6.016909e-02 1.407568e-01 6.625636e-02 -8.470827e-02 8.385989e-02 4.575972e-02 -9.696659e-02 -8.406404e-02 -2.007527e-02 3.350849e-02 2.023078e-02 -8.895452e-03 -1.815766e-02
<VARIANCE> 39
 6.449212e+00 1.788861e+01 2.629099e+01 2.659030e+01 6.255085e+01 5.403903e+01 3.573016e+01 3.631312e+01 4.434135e+01 3.509511e+01 2.489275e+01 3.282061e+01 1.502563e+00 2.220837e-01 8.253469e-01 6.416401e-01 1.015429e+00 1.208886e+00 1.661990e+00 1.511542e+00 1.767931e+00 1.578222e+00 1.384361e+00 1.025540e+00 9.238822e-01 1.614829e-02 2.390151e-02 3.548684e-02 7.565216e-02 1.116074e-01 1.887986e-01 2.308925e-01 1.875211e-01 1.954864e-01 2.170451e-01 1.831896e-01 1.474589e-01 1.333232e-01 1.792604e-03
<GCONST> 7.712505e+01
<TRANSP> 5
 0.000000e+00 1.000000e+00 0.000000e+00 0.000000e+00 0.000000e+00
 0.000000e+00 7.390899e-01 2.609101e-01 0.000000e+00 0.000000e+00
 0.000000e+00 0.000000e+00 8.927269e-01 1.072731e-01 0.000000e+00
 0.000000e+00 0.000000e+00 0.000000e+00 9.398397e-01 6.016035e-02
 0.000000e+00 0.000000e+00 0.000000e+00 0.000000e+00 0.000000e+00
<ENDHMM>
