~o
<STREAMINFO> 1 39
<VECSIZE> 39<NULLD><MFCC_E_D_A><DIAGC>
~s "silst"
<MEAN> 39
 -5.078182e+00 -3.737575e+00 -3.211433e+00 -8.849306e+00 -1.256079e+00 -5.765203e+00 -1.832742e+00 -9.465780e+00 -3.499320e+00 -6.424180e+00 -3.708397e-01 -5.638867e+00 1.585996e+01 -6.623058e-01 -4.408194e-01 -4.506032e-01 1.677056e-01 3.064471e-01 7.042667e-01 3.737092e-01 1.076223e-01 1.435125e-01 1.502405e-01 3.342077e-01 3.718120e-01 -3.627432e-01 -2.702457e-02 -7.026136e-02 -1.091997e-01 -1.266940e-01 -9.548809e-02 -7.137265e-02 1.073615e-03 7.292365e-02 3.779938e-02 9.241874e-03 -1.476667e-02 4.214359e-03 2.646580e-02
<VARIANCE> 39
 1.122138e+01 1.076313e+01 1.340498e+01 1.343508e+01 2.081848e+01 2.471077e+01 2.385034e+01 2.478984e+01 2.793841e+01 2.735303e+01 2.583759e+01 2.363282e+01 2.028004e+00 3.758382e-01 7.439604e-01 8.208271e-01 8.124254e-01 1.146039e+00 1.290153e+00 1.257048e+00 1.301666e+00 1.409390e+00 1.273373e+00 1.246727e+00 1.115089e+00 5.125127e-02 6.989419e-02 1.001022e-01 1.068109e-01 1.141482e-01 1.566534e-01 2.205253e-01 1.943922e-01 1.871852e-01 2.097097e-01 1.845996e-01 1.821795e-01 1.531184e-01 9.216839e-03
<GCONST> 7.763160e+01
~h "eight"
<BEGINHMM>
<NUMSTATES> 5
<STATE> 2
<MEAN> 39
 -8.238542e+00 -2.980036e+00 -5.886954e+00 -1.823280e+01 2.053960e-01 -4.912614e+00 8.355735e-01 -6.804964e+00 -1.621206e+00 -7.443039e+00 -1.711456e+00 -5.725249e+00 1.740716e+01 -1.688425e-01 1.034696e+00 -9.467657e-02 -1.070621e+00 -5.236530e-02 -5.866746e-01 9.048758e-02 4.694636e-01 3.856747e-01 -8.441176e-03 -1.814088e-01 -2.419353e-01 3.334736e-01 2.897619e-02 8.936962e-02 5.399534e-03 1.401866e-01 -6.246726e-02 -1.923445e-01 -8.347487e-02 -1.843607e-02 2.578891e-02 9.268072e-02 1.131238e-01 -4.633170e-04 -1.712954e-02
<VARIANCE> 39
 7.939850e+00 2.036128e+01 1.878229e+01 3.168455e+01 4.179279e+01 2.219700e+01 2.469169e+01 2.262702e+01 3.071009e+01 2.344868e+01 2.467118e+01 2.551107e+01 3.281256e+00 3.461019e-01 7.490962e-01 6.575654e-01 1.288292e+00 1.208244e+00 1.363982e+00 1.443360e+00 9.972898e-01 1.348153e+00 1.120124e+00 1.072850e+00 9.604872e-01 1.026384e-01 4.192374e-02 8.026326e-02 7.524060e-02 1.954372e-01 1.373507e-01 1.687937e-01 1.483254e-01 1.685808e-01 2.269211e-01 1.635078e-01 1.704381e-01 1.470182e-01 1.302450e-02
<GCONST> 7.934737e+01
<STATE> 3
<MEAN> 39
 -8.390647e+00 5.785703e+00 -5.511035e+00 -1.920935e+01 -2.894509e+00 -1.377510e+01 -1.661255e+00 -5.978380e+00 7.293591e-01 -4.023160e+00 7.616252e-01 -5.689355e+00 1.854422e+01 1.017318e-01 4.950856e-01 2.031321e-01 8.288521e-01 -8.510988e-03 -9.281498e-01 -6.086838e-01 -8.135914e-01 -3.643295e-01 3.210153e-01 4.610032e-01 2.256916e-01 -7.308616e-02 4.936026e-02 -2.824905e-01 2.256184e-02 1.881739e-01 8.671220e-02 2.744837e-01 2.182722e-02 -1.562165e-01 -1.934524e-01 -1.404331e-01 -7.175965e-02 3.650119e-02 -6.177642e-02
<VARIANCE> 39
 1.001021e+01 1.133875e+01 2.483990e+01 2.651886e+01 2.095646e+01 2.363758e+01 5.645755e+01 2.722166e+01 2.968338e+01 2.187990e+01 3.281215e+01 2.506624e+01 1.478843e+00 1.829260e-01 5.114807e-01 2.621935e-01 6.268198e-01 8.197423e-01 1.020052e+00 7.503073e-01 8.232585e-01 1.765467e+00 1.025899e+00 1.191225e+00 8.492034e-01 2.552009e-02 2.771701e-02 7.100387e-02 4.950029e-02 9.922992e-02 8.118911e-02 1.531775e-01 1.407681e-01 1.345958e-01 1.681169e-01 1.387022e-01 1.859015e-01 1.363522e-01 3.386371e-03
<GCONST> 6.910186e+01
<STATE> 4
<MEAN> 39
 -6.972759e+00 1.039088e+00 -4.082125e+00 -1.218243e+01 -1.188633e+00 -1.165067e+01 -4.057783e+00 -1.160084e+01 -4.459463e+00 -5.783456e+00 8.213254e-01 -4.540542e+00 1.650546e+01 2.146318e-01 -1.861318e+00 -4.814800e-03 8.845442e-01 2.189590e-01 1.612304e+00 3.273426e-01 -1.791649e-02 -3.192078e-01 -3.955314e-01 -1.425059e-01 9.575654e-02 -4.704554e-01 -7.131899e-02 -9.371279e-02 -9.873198e-02 -1.325124e-01 -4.705826e-02 1.524705e-01 1.909203e-01 2.711883e-01 2.069985e-01 6.625278e-02 2.299406e-02 -3.125998e-02 -5.167401e-03
<VARIANCE> 39
 6.021603e+00 3.364230e+01 1.481156e+01 1.925375e+01 1.609295e+01 3.831150e+01 3.269680e+01 2.452423e+01 3.918210e+01 2.730412e+01 2.571514e+01 2.404038e+01 2.803243e+00 3.528610e-01 7.381270e-01 6.200328e-01 1.035008e+00 6.520630e-01 1.236489e+00 1.759689e+00 1.480281e+00 2.027229e+00 1.219255e+00 1.375895e+00 1.139951e+00 3.550655e-02 4.195479e-02 2.602282e-01 6.990123e-02 1.186583e-01 9.739149e-02 3.289099e-01 1.814456e-01 1.967421e-01 2.984902e-01 1.791868e-01 1.977309e-01 1.935843e-01 1.064174e-02
<GCONST> 8.033809e+01
<TRANSP> 5
 0.000000e+00 1.000000e+00 0.000000e+00 0.000000e+00 0.000000e+00
 0.000000e+00 8.676468e-01 1.323532e-01 0.000000e+00 0.000000e+00
 0.000000e+00 0.000000e+00 8.559570e-01 1.440430e-01 0.000000e+00
 0.000000e+00 0.000000e+00 0.000000e+00 8.208554e-01 1.791446e-01
 0.000000e+00 0.000000e+00 0.000000e+00 0.000000e+00 0.000000e+00
<ENDHMM>
~h "oh"
<BEGINHMM>
<NUMSTATES> 5
<STATE> 2
<MEAN> 39
 -4.368464e+00 -1.037258e+01 -8.317028e+00 -8.589737e+00 -2.637398e+00 -7.654270e+00 3.571209e+00 -7.383158e+00 -5.233786e+00 -7.113569e+00 -2.438043e+00 -5.425990e+00 1.781746e+01 5.458602e-01 -2.067938e-01 -6.073421e-01 1.664905e-01 9.163459e-02 -6.958855e-01 1.447867e-01 7.348812e-01 -1.612880e-02 -4.299289e-01 -4.111705e-01 -1.518372e-01 3.521435e-01 1.021484e-02 1.036452e-01 2.025292e-03 -5.225366e-02 3.816097e-02 -1.095741e-02 -1.516586e-01 8.339477e-03 1.328276e-01 2.592909e-02 -9.898196e-03 -2.756346e-02 -2.139685e-02
<VARIANCE> 39
 8.669628e+00 1.234267e+01 1.666954e+01 1.820595e+01 2.295995e+01 2.453050e+01 3.068680e+01 6.477257e+01 3.833133e+01 3.398666e+01 2.704833e+01 3.143886e+01 3.007379e+00 2.972230e-01 5.785504e-01 6.308758e-01 6.409029e-01 6.857041e-01 9.316140e-01 1.330076e+00 1.790818e+00 1.557706e+00 1.263455e+00 1.249962e+00 1.053191e+00 9.566285e-02 3.987359e-02 6.294462e-02 7.495159e-02 7.992751e-02 9.175815e-02 1.301823e-01 1.558931e-01 2.154861e-01 1.874129e-01 1.965788e-01 1.842197e-01 1.403318e-01 1.336003e-02
<GCONST> 7.717367e+01
<STATE> 3
<MEAN> 39
 -5.722059e-01 -8.250229e+00 -1.317367e+01 -9.923539e+00 -7.039103e-01 -1.204544e+01 -7.913720e-01 -7.831718e-01 1.193749e-01 -8.238250e+00 -5.127515e+00 -6.597205e+00 1.903780e+01 2.234806e-01 4.043663e-01 -2.914610e-02 -3.466074e-01 -3.570664e-02 -5.289035e-03 -6.740693e-01 -2.426213e-01 6.664483e-01 6.019534e-01 -3.377267e-02 -3.510485e-01 -9.512227e-03 -4.125300e-02 2.450171e-02 1.010742e-01 -2.067805e-02 -5.709731e-02 9.295768e-02 1.120921e-02 -1.582759e-01 -8.078346e-02 9.205097e-02 1.209298e-01 1.102982e-02 -2.524791e-02
<VARIANCE> 39
 6.094919e+00 8.380631e+00 1.534883e+01 1.468794e+01 1.922582e+01 2.240954e+01 4.167138e+01 3.078967e+01 3.926278e+01 3.570649e+01 3.180320e+01 4.017389e+01 1.214482e+00 8.014973e-02 1.367510e-01 2.625061e-01 2.767864e-01 3.851294e-01 5.152012e-01 7.298293e-01 1.010678e+00 7.299009e-01 8.554051e-01 7.847959e-01 6.994449e-01 1.316703e-02 1.111206e-02 1.421388e-02 3.349831e-02 3.311187e-02 4.701383e-02 6.864383e-02 7.736025e-02 9.584666e-02 1.049732e-01 1.013385e-01 9.156642e-02 8.861153e-02 1.198177e-03
<GCONST> 5.210381e+01
<STATE> 4
<MEAN> 39
 1.799541e-01 -3.751990e+00 -9.943730e+00 -1.348795e+01 -3.314654e+00 -1.007796e+01 -4.952415e+00 -7.352675e+00 1.057350e+00 -2.359787e+00 -1.949235e-01 -7.012577e+00 1.844970e+01 -3.470186e-01 2.894606e-01 8.515680e-01 1.484804e-01 -2.205084e-01 3.710683e-01 2.085002e-01 -5.774008e-01 -5.860964e-01 -1.017175e-01 5.107957e-01 4.119592e-01 -2.302412e-01 -1.309461e-01 -1.052903e-01 5.245161e-02 1.421033e-01 1.057361e-01 8.419588e-02 1.856482e-01 8.530584e-02 -1.059536e-01 -1.826426e-01 -7.769872e-02 8.033963e-02 -4.422847e-02
<VARIANCE> 39
 6.300816e+00 7.053240e+00 1.856681e+01 1.555879e+01 1.889167e+01 2.849122e+01 3.124259e+01 2.745854e+01 3.054483e+01 3.707215e+01 3.966271e+01 3.643448e+01 1.764270e+00 2.381693e-01 3.535552e-01 4.245623e-01 5.878532e-01 6.840284e-01 8.670774e-01 1.174070e+00 1.223157e+00 1.192196e+00 1.308752e+00 1.200805e+00 1.026151e+00 3.037212e-02 2.291474e-02 3.288672e-02 6.529790e-02 6.516994e-02 9.775617e-02 1.567992e-01 1.651402e-01 1.869689e-01 2.023797e-01 1.902127e-01 1.710990e-01 1.627508e-01 2.729352e-03
<GCONST> 6.914435e+01
<TRANSP> 5
 0.000000e+00 1.000000e+00 0.000000e+00 0.000000e+00 0.000000e+00
 0.000000e+00 8.830700e-01 1.169300e-01 0.000000e+00 0.000000e+00
 0.000000e+00 0.000000e+00 8.920910e-01 1.079090e-01 0.000000e+00
 0.000000e+00 0.000000e+00 0.000000e+00 8.563161e-01 1.436839e-01
 0.000000e+00 0.000000e+00 0.000000e+00 0.000000e+00 0.000000e+00
<ENDHMM>
~h "sp"
<BEGINHMM>
<NUMSTATES> 5
<STATE> 2
~s "silst"
<STATE> 3
<MEAN> 39
 -7.708426e+00 -6.473881e+00 -6.100267e+00 -9.709064e+00 -1.334750e+00 -4.071817e+00 -6.354256e-01 -8.568441e+00 -2.837389e+00 -5.609843e+00 9.603366e-01 -4.089488e+00 1.480022e+01 -9.983857e-02 -1.808623e-02 -1.135792e-01 -5.514584e-03 -2.990904e-02 3.004004e-02 -6.665063e-03 3.517083e-02 2.890109e-03 2.052774e-02 3.521877e-02 4.032433e-02 -1.365824e-02 6.154017e-02 8.256639e-02 6.162486e-02 -1.140974e-02 -9.650638e-03 -5.713197e-02 -4.132367e-02 -1.855643e-02 -9.252157e-03 -1.625088e-02 -3.380824e-02 -3.258165e-02 4.435897e-02
<VARIANCE> 39
 5.198186e+00 5.807154e+00 8.373118e+00 1.000443e+01 1.421402e+01 1.533808e+01 1.546507e+01 1.657200e+01 1.760936e+01 1.635489e+01 1.593657e+01 1.372106e+01 1.090854e+00 1.561002e-01 2.339198e-01 3.574658e-01 4.283748e-01 5.671240e-01 6.773745e-01 6.516365e-01 7.187653e-01 7.408464e-01 6.608759e-01 6.508170e-01 5.695696e-01 7.406197e-03 3.307242e-02 5.307586e-02 7.090626e-02 9.036183e-02 1.138557e-01 1.432255e-01 1.321021e-01 1.439351e-01 1.467283e-01 1.252159e-01 1.241683e-01 1.145312e-01 4.109195e-03
<GCONST> 5.484871e+01
<STATE> 4
<MEAN> 39
 -8.550460e+00 -4.938447e+00 -6.265052e+00 -8.993794e+00 -2.032439e+00 -3.800658e+00 -1.071232e+00 -8.416803e+00 -2.905636e+00 -5.483156e+00 6.385571e-01 -4.050469e+00 1.505799e+01 2.792962e-01 1.770998e-01 9.856920e-02 -1.323501e-01 -1.919826e-01 -3.060145e-01 -8.183301e-02 7.419572e-02 -3.617480e-02 -5.246380e-02 -2.029223e-01 -8.265148e-02 2.197711e-01 2.163526e-01 4.122447e-03 6.063561e-02 -1.467799e-01 -1.307987e-01 -2.126289e-01 -6.514133e-03 1.884501e-02 6.946341e-03 -1.595207e-03 -1.015059e-01 -8.331942e-02 1.103351e-01
<VARIANCE> 39
 1.197860e+01 1.157188e+01 1.733296e+01 1.580951e+01 1.929176e+01 1.880192e+01 1.808394e+01 2.027092e+01 2.112067e+01 1.993505e+01 1.872537e+01 1.702009e+01 1.498474e+00 5.892709e-01 5.339081e-01 7.447436e-01 7.906135e-01 9.711587e-01 1.005178e+00 8.534459e-01 1.188158e+00 1.046107e+00 9.272691e-01 9.475143e-01 7.686493e-01 5.355635e-02 7.113940e-02 1.106854e-01 1.694033e-01 1.486908e-01 2.005116e-01 1.928800e-01 1.681434e-01 2.261906e-01 2.043591e-01 1.795351e-01 1.803131e-01 1.551623e-01 9.428519e-03
<GCONST> 7.466769e+01
<TRANSP> 5
 0.000000e+00 8.216105e-01 1.783895e-01 0.000000e+00 0.000000e+00
 0.000000e+00 7.943196e-01 2.056803e-01 0.000000e+00 0.000000e+00
 0.000000e+00 0.000000e+00 8.500792e-01 1.499208e-01 0.000000e+00
 0.000000e+00 0.000000e+00 0.000000e+00 5.805487e-01 4.194513e-01
 0.000000e+00 0.000000e+00 0.000000e+00 0.000000e+00 0.000000e+00
<ENDHMM>
~h "seven"
<BEGINHMM>
<NUMSTATES> 5
<STATE> 2
<MEAN> 39
 -7.474362e+00 -4.369499e+00 -5.913107e+00 -9.805351e+00 -3.704716e+00 -4.956841e+00 -5.287193e-01 -8.213680e+00 -2.364301e+00 -4.353291e+00 -4.271115e-01 -3.940046e+00 1.555690e+01 8.770372e-01 1.064527e-01 6.969045e-01 -1.401493e+00 -1.109155e+00 -8.407692e-01 9.560040e-01 -1.019529e-01 3.687980e-01 4.272768e-03 -7.838230e-01 -6.920165e-01 6.894310e-01 8.986996e-03 -1.159487e-01 -7.215209e-02 -2.438935e-01 -1.627106e-01 9.272217e-02 2.467579e-01 6.193335e-02 -1.477352e-02 -1.420612e-01 -1.641670e-01 -1.460285e-01 1.269001e-01
<VARIANCE> 39
 1.005585e+01 6.278918e+00 1.231542e+01 1.249283e+01 2.019932e+01 2.210774e+01 1.820595e+01 1.889800e+01 1.812079e+01 2.657692e+01 1.799558e+01 1.633193e+01 2.425681e+00 4.606289e-01 4.429383e-01 6.454059e-01 9.582468e-01 1.281934e+00 1.636884e+00 1.350624e+00 1.239493e+00 1.245167e+00 2.359539e+00 1.100925e+00 1.209559e+00 7.110497e-02 8.293002e-02 5.435069e-02 9.796381e-02 1.254810e-01 2.228032e-01 2.097368e-01 1.570945e-01 1.527642e-01 1.605759e-01 1.972233e-01 1.399814e-01 1.863876e-01 1.211748e-02
<GCONST> 7.534872e+01
<STATE> 3
<MEAN> 39
 -5.775610e+00 -7.512132e+00 -5.382252e+00 -1.621736e+01 -6.135244e+00 -4.345528e+00 5.062053e+00 -8.665339e+00 -2.720339e+00 -7.115745e+00 -4.213763e+00 -6.595322e+00 1.905219e+01 1.285575e-01 -3.020827e-01 6.888001e-02 1.606007e-01 4.411526e-02 -3.141748e-02 1.850283e-01 2.624516e-01 -3.518489e-01 -3.969369e-02 1.205625e-03 -4.433186e-02 7.617636e-02 -1.855573e-02 1.043051e-01 3.959639e-02 3.171237e-01 1.427782e-01 -7.730896e-02 -2.833182e-01 4.932305e-02 -1.648818e-02 3.783786e-02 2.031512e-01 6.414644e-02 -1.364082e-01
<VARIANCE> 39
 9.463769e+00 1.180551e+01 8.964611e+00 1.778205e+01 4.831038e+01 3.847024e+01 3.166597e+01 3.892978e+01 4.876230e+01 5.842229e+01 3.334139e+01 3.291526e+01 1.186065e+00 3.929254e-01 5.718567e-01 4.497757e-01 1.298877e+00 1.491380e+00 1.582156e+00 1.626144e+00 1.044022e+00 1.269771e+00 1.719469e+00 1.745765e+00 1.228094e+00 1.733550e-01 8.122849e-02 8.505369e-02 8.851467e-02 1.110743e-01 2.649223e-01 2.636241e-01 1.734689e-01 1.626728e-01 2.086089e-01 2.424859e-01 2.325035e-01 1.901760e-01 5.532200e-03
<GCONST> 8.325731e+01
<STATE> 4
<MEAN> 39
 -3.257921e+00 -4.145373e+00 -2.040357e+00 -9.795230e+00 -3.964155e+00 -7.898263e+00 -4.601639e-01 -7.895421e+00 -3.870093e+00 -6.628315e+00 -1.621542e+00 -6.940429e+00 1.713509e+01 1.048812e-01 3.676793e-01 2.306665e-01 2.342638e-01 3.760758e-01 -3.310188e-02 -4.253691e-01 -3.490581e-01 3.207783e-02 -6.872952e-02 7.994351e-02 -1.541833e-02 -8.797094e-02 -3.975152e-02 -5.783170e-02 -5.444518e-02 -7.393250e-02 1.544190e-03 1.086797e-01 9.037070e-02 -4.304793e-02 -1.116856e-03 -7.666629e-04 -4.322479e-02 3.122029e-02 1.963511e-02
<VARIANCE> 39
 4.897457e+00 1.045129e+01 1.000103e+01 1.377127e+01 2.821456e+01 3.248853e+01 2.626399e+01 4.098828e+01 3.228389e+01 3.545221e+01 3.234261e+01 2.883552e+01 1.690910e+00 1.922337e-01 4.147660e-01 4.778883e-01 9.059131e-01 1.392612e+00 1.173870e+00 1.648180e+00 1.272321e+00 1.389919e+00 1.389814e+00 1.265045e+00 9.329455e-01 8.939202e-02 3.490758e-02 7.891534e-02 8.610909e-02 1.530783e-01 2.484922e-01 2.056703e-01 2.860977e-01 2.267862e-01 2.302600e-01 2.389822e-01 2.142740e-01 1.482265e-01 1.490683e-02
<GCONST> 7.853355e+01
<TRANSP> 5
 0.000000e+00 1.000000e+00 0.000000e+00 0.000000e+00 0.000000e+00
 0.000000e+00 7.201898e-01 2.798102e-01 0.000000e+00 0.000000e+00
 0.000000e+00 0.000000e+00 8.914651e-01 1.085348e-01 0.000000e+00
 0.000000e+00 0.000000e+00 0.000000e+00 9.307929e-01 6.920714e-02
 0.000000e+00 0.000000e+00 0.000000e+00 0.000000e+00 0.000000e+00
<ENDHMM>
~h "three"
<BEGINHMM>
<NUMSTATES> 5
<STATE> 2
<MEAN> 39
 -3.104951e+00 -6.924145e+00 -4.181672e-01 -8.976188e+00 -1.022013e+01 -1.090936e+01 -1.262897e+00 -8.722098e+00 -1.859070e+00 -5.137356e+00 -2.800544e-01 -5.328775e+00 1.736163e+01 5.008363e-01 -1.585840e-01 9.469757e-01 -2.325599e-01 -1.610772e+00 -1.416654e-01 -2.240831e-01 -2.374994e-01 3.967770e-01 1.013364e-01 -4.076840e-02 -2.416774e-01 3.736535e-01 -1.744487e-01 1.106115e-01 1.187039e-02 -2.897536e-01 1.955838e-01 3.117315e-01 -1.563863e-01 8.435965e-03 8.819360e-02 -1.480110e-02 4.904021e-02 8.699070e-03 -3.001490e-02
<VARIANCE> 39
 1.180811e+01 1.267282e+01 1.666295e+01 2.977644e+01 5.216078e+01 4.905323e+01 2.344451e+01 2.607340e+01 2.812285e+01 2.587411e+01 3.374559e+01 3.193082e+01 2.764710e+00 7.712618e-01 6.705958e-01 8.045467e-01 2.028346e+00 1.904511e+00 3.416335e+00 1.388965e+00 1.544800e+00 1.262316e+00 1.077397e+00 1.379282e+00 1.290287e+00 6.003872e-02 1.145685e-01 1.453378e-01 1.322463e-01 3.031916e-01 4.599455e-01 4.282720e-01 2.899866e-01 2.387483e-01 1.924063e-01 1.824598e-01 1.986390e-01 1.947626e-01 1.006838e-02
<GCONST> 8.947554e+01
<STATE> 3
<MEAN> 39
 -4.962229e+00 -3.818887e+00 5.647321e+00 -1.876055e+01 -1.275049e+01 -4.172835e+00 -8.499004e+00 -8.912975e+00 2.001317e+00 -5.727209e+00 1.158230e+00 -5.918126e+00 1.866268e+01 -8.514216e-01 1.778882e+00 -2.119782e-01 -1.777797e+00 2.320117e+00 -3.896682e-02 -1.516125e+00 9.080867e-01 -3.787288e-01 -2.354665e-01 1.318221e-01 1.877367e-02 -1.760078e-02 3.374646e-02 1.407480e-01 -4.692601e-01 4.935902e-01 4.333568e-01 -6.750631e-01 4.046924e-01 7.854162e-02 -3.813180e-01 6.880354e-02 -5.824860e-02 4.049465e-02 -5.562286e-02
<VARIANCE> 39
 7.831386e+00 2.345397e+01 1.128742e+01 3.329152e+01 5.949311e+01 2.846448e+01 4.299603e+01 6.295444e+01 2.551573e+01 2.792421e+01 3.836013e+01 2.945583e+01 1.289240e+00 2.546460e-01 6.177328e-01 1.040073e+00 1.734313e+00 1.471584e+00 3.676459e+00 1.947728e+00 1.415785e+00 1.434255e+00 1.058961e+00 7.342822e-01 8.044971e-01 2.131003e-02 5.335747e-02 1.569143e-01 9.073943e-02 2.586665e-01 4.992497e-01 2.343600e-01 4.113394e-01 3.721218e-01 1.610598e-01 1.502852e-01 1.330338e-01 1.100431e-01 2.287581e-03
<GCONST> 8.291338e+01
<STATE> 4
<MEAN> 39
 -6.759965e+00 4.064381e+00 -1.666953e+00 -1.645431e+01 -1.347206e+00 -1.250429e+01 -5.532061e+00 -8.082565e+00 -3.419569e+00 -4.972886e+00 -2.470986e-01 -6.250785e+00 1.787910e+01 1.387076e-01 -6.320504e-02 -5.758488e-01 9.616982e-01 4.432937e-01 -1.565657e-01 7.100686e-01 -3.656726e-01 -3.195275e-01 -1.675315e-02 -1.988814e-01 1.025736e-03 -1.780522e-01 6.728496e-02 -3.148157e-01 9.228431e-02 9.166460e-02 -2.354005e-01 3.059930e-01 4.458240e-02 -4.031341e-02 1.385294e-01 -3.186219e-02 2.082554e-02 1.182421e-02 -2.591507e-02
<VARIANCE> 39
 7.394311e+00 1.536660e+01 1.634125e+01 3.057474e+01 2.268558e+01 2.588929e+01 4.773011e+01 4.557402e+01 3.206211e+01 4.066102e+01 4.077623e+01 3.680836e+01 1.617702e+00 2.225396e-01 1.378569e+00 6.443816e-01 8.494521e-01 1.242297e+00 2.082125e+00 1.281912e+00 1.475461e+00 1.224266e+00 1.184099e+00 8.454412e-01 8.608691e-01 2.448469e-02 3.718756e-02 9.084908e-02 7.215784e-02 1.655385e-01 1.830537e-01 1.735339e-01 2.151950e-01 2.239134e-01 1.719052e-01 1.645017e-01 1.337243e-01 1.301109e-01 2.644751e-03
<GCONST> 7.764755e+01
<TRANSP> 5
 0.000000e+00 1.000000e+00 0.000000e+00 0.000000e+00 0.000000e+00
 0.000000e+00 8.770178e-01 1.229822e-01 0.000000e+00 0.000000e+00
 0.000000e+00 0.000000e+00 7.865420e-01 2.134580e-01 0.000000e+00
 0.000000e+00 0.000000e+00 0.000000e+00 8.914706e-01 1.085294e-01
 0.000000e+00 0.000000e+00 0.000000e+00 0.000000e+00 0.000000e+00
<ENDHMM>
~h "one"
<BEGINHMM>
<NUMSTATES> 5
<STATE> 2
<MEAN> 39
 -5.720517e-01 -3.778425e+00 -9.273133e+00 -1.281525e+01 -1.656482e+00 -5.564227e+00 -2.021009e+00 -8.864624e+00 -2.706040e+00 -6.730748e+00 -1.544873e+00 -7.287479e+00 1.774391e+01 2.782730e-01 -4.043955e-01 -8.713729e-01 4.566020e-01 4.867732e-01 3.896755e-02 -2.919150e-01 2.269646e-01 2.030530e-01 -3.067995e-01 -3.899581e-01 -2.718247e-01 2.375638e-01 -1.187028e-01 -1.459928e-01 5.393386e-02 2.644133e-01 7.694482e-03 -1.161265e-01 -1.483758e-02 9.371232e-02 -1.102370e-02 -9.036034e-02 1.103250e-02 8.278292e-02 -2.091940e-02
<VARIANCE> 39
 7.599852e+00 9.254205e+00 2.886987e+01 2.285236e+01 2.887983e+01 2.532329e+01 2.281228e+01 2.063953e+01 2.828032e+01 2.393540e+01 2.967103e+01 2.875686e+01 2.274774e+00 4.574441e-01 8.000464e-01 8.730872e-01 2.244695e+00 1.372295e+00 1.442845e+00 1.267327e+00 1.065950e+00 1.134480e+00 1.022173e+00 1.095267e+00 1.044753e+00 4.811034e-02 4.491655e-02 6.143071e-02 1.907864e-01 2.175047e-01 2.626291e-01 2.523005e-01 2.367263e-01 1.810062e-01 2.006700e-01 1.693396e-01 1.888733e-01 1.838945e-01 5.015706e-03
<GCONST> 8.018391e+01
<STATE> 3
<MEAN> 39
 -2.366847e+00 -1.071554e+01 -1.089950e+01 -1.688420e+00 -4.467966e-01 -9.494512e+00 -2.444206e+00 -4.208752e+00 -3.538391e+00 -1.172667e+01 -2.377051e+00 -6.056630e+00 1.853599e+01 -6.083028e-01 -3.733837e-01 1.339505e+00 5.716285e-01 -1.353409e+00 -3.272314e-01 1.195469e+00 -8.990979e-02 -9.242263e-01 -9.168728e-02 5.859731e-01 1.193909e-01 -4.920506e-02 2.366917e-02 3.139924e-01 2.515891e-01 -5.823250e-01 -1.338973e-01 3.765786e-01 9.160574e-02 -4.375505e-01 1.092005e-04 3.803297e-01 4.385316e-02 -1.766912e-01 -2.978497e-02
<VARIANCE> 39
 6.140759e+00 9.609032e+00 1.866062e+01 2.375059e+01 2.702115e+01 1.740293e+01 3.768082e+01 3.140248e+01 4.646106e+01 3.755801e+01 3.384251e+01 3.322503e+01 1.544213e+00 1.544948e-01 5.161746e-01 6.043881e-01 1.833065e+00 7.391592e-01 1.712856e+00 1.007342e+00 2.248095e+00 1.166202e+00 1.864882e+00 1.028718e+00 1.293584e+00 8.479240e-03 2.365745e-02 5.254891e-02 1.008351e-01 1.224627e-01 2.854642e-01 1.528332e-01 3.762111e-01 1.782328e-01 3.359598e-01 2.004499e-01 2.674483e-01 1.681466e-01 8.556207e-04
<GCONST> 7.513962e+01
<STATE> 4
<MEAN> 39
 -4.106344e+00 -5.419226e+00 -1.637400e+00 -8.752147e+00 -4.069004e+00 -5.849468e+00 -1.670870e+00 -1.194846e+01 -4.642496e+00 -8.689097e+00 -2.578809e+00 -8.293712e+00 1.778426e+01 1.515183e-01 9.710960e-01 6.249717e-01 -7.289087e-01 4.277433e-01 -6.652797e-02 -6.310335e-01 -4.443496e-01 8.191444e-02 2.294952e-01 -1.767426e-01 5.062284e-02 -1.278652e-01 4.444146e-02 -6.859437e-02 -2.143477e-01 1.675324e-01 1.611962e-01 -6.910353e-02 -6.812517e-02 1.654573e-01 1.336680e-02 -1.166014e-01 1.016938e-02 7.494077e-02 -5.479974e-03
<VARIANCE> 39
 6.950154e+00 2.328331e+01 1.103949e+01 2.142904e+01 1.959917e+01 4.667443e+01 3.617095e+01 3.532652e+01 4.120918e+01 4.573104e+01 3.326191e+01 3.778437e+01 1.325544e+00 2.764192e-01 6.139102e-01 8.073645e-01 1.205743e+00 9.136000e-01 1.967636e+00 1.137348e+00 1.444537e+00 1.608005e+00 1.541416e+00 9.443306e-01 9.593675e-01 1.267813e-02 4.881804e-02 1.199725e-01 8.185373e-02 1.338733e-01 2.006734e-01 3.081928e-01 2.740887e-01 1.858385e-01 2.301539e-01 2.258619e-01 1.684904e-01 1.675154e-01 1.601265e-03
<GCONST> 7.850899e+01
<TRANSP> 5
 0.000000e+00 1.000000e+00 0.000000e+00 0.000000e+00 0.000000e+00
 0.000000e+00 8.983706e-01 1.016294e-01 0.000000e+00 0.000000e+00
 0.000000e+00 0.000000e+00 8.249434e-01 1.750566e-01 0.000000e+00
 0.000000e+00 0.000000e+00 0.000000e+00 8.841542e-01 1.158458e-01
 0.000000e+00 0.000000e+00 0.000000e+00 0.000000e+00 0.000000e+00
<ENDHMM>
~h "sil"
<BEGINHMM>
<NUMSTATES> 5
<STATE> 2
<MEAN> 39
 -6.787611e+00 -6.747413e+00 -5.117126e+00 -9.102070e+00 1.164389e-02 -3.351805e+00 1.888841e-01 -8.526505e+00 -2.599345e+00 -5.761062e+00 5.564570e-01 -4.314162e+00 1.461714e+01 -3.793325e-02 -2.665283e-03 -4.820461e-03 3.100734e-02 3.894942e-02 2.511709e-02 4.952650e-02 5.312771e-03 -1.786982e-02 5.831768e-03 1.414571e-02 1.095168e-02 -1.230397e-02 -2.558586e-02 -3.297036e-02 -7.292293e-02 -1.095124e-01 -1.221488e-01 -1.202337e-01 -6.310595e-02 -1.039642e-02 -2.389086e-02 1.049020e-02 3.825534e-02 3.141364e-02 1.955669e-03
<VARIANCE> 39
 3.639090e+00 4.362392e+00 6.047394e+00 7.599390e+00 1.188304e+01 1.362970e+01 1.466304e+01 1.635413e+01 1.580627e+01 1.373345e+01 1.579679e+01 1.313832e+01 1.165238e+00 7.895724e-02 1.594643e-01 2.716196e-01 3.727604e-01 4.940525e-01 6.569427e-01 6.823522e-01 7.154621e-01 6.946201e-01 5.761114e-01 6.363131e-01 5.644505e-01 5.047558e-03 1.102595e-02 2.417985e-02 4.060823e-02 5.008620e-02 6.999911e-02 1.008803e-01 1.065957e-01 1.307631e-01 1.119165e-01 9.212463e-02 1.050057e-01 9.906151e-02 6.383914e-04
<GCONST> 4.381878e+01
<STATE> 3
~s "silst"
<STATE> 4
<MEAN> 39
 -7.588215e+00 -7.337287e+00 -6.591683e+00 -1.116698e+01 -2.184173e+00 -5.411029e+00 -1.003619e+00 -8.654522e+00 -2.717622e+00 -5.407987e+00 1.451925e+00 -3.836447e+00 1.448395e+01 -3.431191e-03 7.349013e-03 -2.537100e-02 -2.564593e-02 -5.080843e-02 -1.859156e-02 -6.044485e-02 -8.108409e-03 -3.364567e-03 -6.054193e-03 -1.812504e-02 -1.772245e-02 -2.213385e-04 3.742284e-02 5.675800e-02 9.343363e-02 1.253203e-01 1.335340e-01 1.278843e-01 6.230976e-02 1.737959e-02 2.765160e-02 -1.721228e-02 -5.644862e-02 -4.118624e-02 8.440412e-03
<VARIANCE> 39
 3.519273e+00 4.141388e+00 6.414975e+00 7.831703e+00 1.125556e+01 1.252460e+01 1.495947e+01 1.591190e+01 1.762156e+01 1.532417e+01 1.513316e+01 1.336616e+01 9.998870e-01 7.650413e-02 1.676433e-01 2.872379e-01 4.163928e-01 5.052975e-01 6.754211e-01 5.940533e-01 7.399821e-01 7.093239e-01 6.063177e-01 6.990958e-01 6.110776e-01 3.227996e-03 1.424404e-02 2.886672e-02 4.235181e-02 5.695415e-02 7.251424e-02 1.078534e-01 1.039391e-01 1.276093e-01 1.326794e-01 1.059446e-01 1.174992e-01 1.097445e-01 1.075176e-03
<GCONST> 4.534702e+01
<TRANSP> 5
 0.000000e+00 1.000000e+00 0.000000e+00 0.000000e+00 0.000000e+00
 0.000000e+00 7.672205e-01 2.419767e-02 2.085818e-01 0.000000e+00
 0.000000e+00 0.000000e+00 8.284773e-01 1.715227e-01 0.000000e+00
 0.000000e+00 1.866908e-01 0.000000e+00 7.440330e-01 6.927617e-02
 0.000000e+00 0.000000e+00 0.000000e+00 0.000000e+00 0.000000e+00
<ENDHMM>
~h "six"
<BEGINHMM>
<NUMSTATES> 5
<STATE> 2
<MEAN> 39
 -8.686560e+00 -4.260170e+00 -6.995306e+00 -8.729501e+00 -3.093791e+00 -4.228103e+00 -1.958405e+00 -8.231350e+00 -3.553497e+00 -4.010131e+00 1.248391e-01 -3.143383e+00 1.495079e+01 6.789953e-01 6.782271e-01 1.200451e+00 -1.379279e+00 -1.155270e+00 -1.210504e+00 4.086854e-02 -1.338160e-01 4.197908e-01 3.494795e-01 -5.163801e-01 -4.715298e-01 6.291093e-01 6.732789e-02 1.150585e-01 2.272285e-01 -4.788265e-01 -2.795388e-01 -1.700790e-01 4.323553e-02 7.566915e-02 2.037770e-01 8.802139e-04 -1.366719e-01 -2.375263e-01 1.451301e-01
<VARIANCE> 39
 7.469715e+00 7.795094e+00 1.269454e+01 1.147660e+01 1.899271e+01 1.999088e+01 1.517109e+01 1.808322e+01 2.003248e+01 2.959536e+01 1.917280e+01 1.708343e+01 1.864704e+00 3.584236e-01 4.709407e-01 8.832113e-01 1.149156e+00 1.075135e+00 1.323681e+00 1.002745e+00 8.098021e-01 1.418024e+00 2.235526e+00 1.074841e+00 1.322047e+00 7.700864e-02 6.202135e-02 5.632401e-02 1.156985e-01 9.788948e-02 2.032012e-01 2.089541e-01 1.477511e-01 1.766257e-01 1.850933e-01 2.378447e-01 1.708344e-01 1.683397e-01 8.831983e-03
<GCONST> 7.405412e+01
<STATE> 3
<MEAN> 39
 -6.470614e+00 -1.099846e+00 -8.570719e-01 -2.012002e+01 -7.861169e+00 -8.736073e+00 -2.436618e+00 -6.380764e+00 2.460591e-01 -3.794921e+00 -2.524297e+00 -7.321558e+00 1.832882e+01 2.417744e-02 -8.668283e-02 2.210902e-01 -2.820827e-01 3.750556e-01 2.127853e-01 -2.749684e-01 1.720267e-01 3.757532e-02 -1.961152e-01 1.701712e-01 6.987469e-03 -4.763510e-02 -5.677071e-02 -2.052244e-01 -2.669387e-01 4.875274e-01 2.881955e-01 2.212646e-01 6.795239e-02 -9.104816e-02 -1.466484e-01 -5.878363e-02 1.515754e-01 1.659111e-01 -1.670430e-01
<VARIANCE> 39
 7.692013e+00 9.747067e+00 1.662796e+01 2.306746e+01 5.850128e+01 3.110639e+01 3.719289e+01 2.460359e+01 3.462866e+01 5.833985e+01 3.542767e+01 3.742788e+01 1.432495e+00 3.496155e-01 6.526959e-01 1.075677e+00 3.229680e+00 2.397855e+00 1.761303e+00 1.734433e+00 1.341295e+00 1.887807e+00 2.010795e+00 1.867496e+00 1.897383e+00 2.938741e-01 6.819590e-02 6.606829e-02 1.609090e-01 2.259520e-01 3.061521e-01 3.193437e-01 3.835569e-01 2.241363e-01 2.868459e-01 3.401676e-01 2.636029e-01 2.553087e-01 1.166349e-02
<GCONST> 9.188404e+01
<STATE> 4
<MEAN> 39
 -6.563050e+00 -6.248223e+00 -4.680269e+00 -1.081152e+01 -1.001960e+00 -3.979621e+00 -1.436631e+00 -8.754961e+00 -2.165707e+00 -5.868392e+00 1.164342e+00 -4.220642e+00 1.475305e+01 -2.338062e-01 -9.113976e-01 -1.005246e+00 1.462052e+00 4.138107e-01 4.090007e-01 9.077765e-01 -4.570276e-01 -2.819160e-01 -4.031689e-02 2.005577e-01 2.989160e-01 -4.646141e-01 -1.053141e-01 1.689107e-01 2.070152e-01 -4.381250e-01 -3.787518e-01 -1.608470e-01 -8.501101e-02 1.722425e-01 1.161613e-01 1.035002e-01 -1.796821e-01 -1.429970e-01 1.499743e-01
<VARIANCE> 39
 3.293325e+00 5.440334e+00 9.450039e+00 1.107176e+01 1.464523e+01 1.565443e+01 1.950671e+01 1.858675e+01 1.688491e+01 1.706865e+01 1.861943e+01 1.491358e+01 1.491696e+00 2.675050e-01 4.863916e-01 8.968517e-01 1.309041e+00 2.110311e+00 1.651607e+00 1.602998e+00 1.249656e+00 1.214421e+00 1.205301e+00 1.178103e+00 1.023180e+00 7.930961e-02 3.889447e-02 6.515616e-02 1.378291e-01 1.468551e-01 2.331499e-01 1.805213e-01 2.655208e-01 1.922888e-01 1.854264e-01 1.735945e-01 1.976787e-01 1.824663e-01 5.797515e-03
<GCONST> 7.239983e+01
<TRANSP> 5
 0.000000e+00 1.000000e+00 0.000000e+00 0.000000e+00 0.000000e+00
 0.000000e+00 7.189243e-01 2.810757e-01 0.000000e+00 0.000000e+00
 0.000000e+00 0.000000e+00 8.891611e-01 1.108389e-01 0.000000e+00
 0.000000e+00 0.000000e+00 0.000000e+00 7.504303e-01 2.495697e-01
 0.000000e+00 0.000000e+00 0.000000e+00 0.000000e+00 0.000000e+00
<ENDHMM>
~h "two"
<BEGINHMM>
<NUMSTATES> 5
<STATE> 2
<MEAN> 39
 -1.095133e+01 -3.275246e+00 -6.717369e+00 -1.062759e+01 -9.775286e-01 -3.868716e+00 -1.959382e+00 -7.506554e+00 -2.326209e+00 -5.679110e+00 1.128630e+00 -3.370638e+00 1.506334e+01 5.073974e-01 6.191429e-01 1.014822e+00 -5.888758e-01 -2.678121e-01 -3.657972e-01 -4.635481e-01 -2.131184e-01 7.235985e-02 -5.482550e-02 -2.281213e-01 -3.627372e-01 3.248010e-01 2.964828e-01 6.491201e-02 2.875162e-01 -1.310571e-01 -2.124579e-01 -2.433089e-01 -1.187898e-01 -1.273672e-01 -2.630405e-02 2.645171e-03 -7.938027e-02 -1.704858e-01 9.409150e-02
<VARIANCE> 39
 8.846396e+00 8.101618e+00 1.268367e+01 1.230256e+01 1.844248e+01 2.274138e+01 1.921415e+01 2.110900e+01 2.144686e+01 2.400386e+01 2.472432e+01 1.985199e+01 9.046292e-01 1.367781e+00 5.601376e-01 1.277370e+00 8.310131e-01 1.348651e+00 1.287763e+00 9.894097e-01 1.189448e+00 1.172854e+00 1.294585e+00 1.876447e+00 1.105512e+00 7.280720e-02 1.265794e-01 1.092727e-01 1.343587e-01 1.308757e-01 2.275950e-01 1.981564e-01 1.761405e-01 2.232867e-01 2.276062e-01 2.033422e-01 3.598104e-01 1.595568e-01 7.826730e-03
<GCONST> 7.898183e+01
<STATE> 3
<MEAN> 39
 -4.601727e+00 1.270536e+00 1.861216e+00 -1.552263e+01 -6.953147e+00 -9.944843e+00 -6.701897e+00 -1.043923e+01 -2.407879e+00 -5.177247e+00 -1.125306e+00 -7.308868e+00 1.840721e+01 6.633621e-01 5.433152e-01 7.420756e-01 -5.409810e-01 -1.162486e+00 -1.105407e+00 -5.666590e-01 -2.810954e-01 -6.590275e-02 1.260300e-01 -2.154565e-01 -6.235493e-01 4.512497e-01 -2.500841e-01 -2.351340e-01 -4.262137e-01 2.990776e-01 2.730766e-01 2.326521e-01 2.359400e-01 1.460598e-01 -1.899267e-02 -9.888355e-03 1.533258e-01 1.829348e-01 -1.451430e-01
<VARIANCE> 39
 7.462776e+00 8.105698e+00 1.363432e+01 2.232586e+01 3.964058e+01 2.560843e+01 2.822203e+01 2.453767e+01 3.158291e+01 5.527979e+01 4.394024e+01 4.852798e+01 1.036116e+00 5.675537e-01 6.280080e-01 9.856080e-01 1.463938e+00 1.293457e+00 1.206516e+00 1.681493e+00 1.515811e+00 1.844573e+00 1.989227e+00 2.389713e+00 1.875682e+00 8.956473e-02 6.151067e-02 5.344939e-02 8.132514e-02 1.249876e-01 2.043731e-01 1.804487e-01 2.040865e-01 1.909822e-01 2.120810e-01 2.734903e-01 2.892177e-01 2.222209e-01 6.512478e-03
<GCONST> 8.375235e+01
<STATE> 4
<MEAN> 39
 -3.235027e+00 -5.833532e-02 -4.429693e-02 -1.366157e+01 -7.121795e+00 -1.157246e+01 -5.644316e+00 -9.636740e+00 -2.712164e+00 -5.306486e+00 -1.536747e-01 -7.593391e+00 1.823936e+01 1.668495e-01 -2.231150e-01 -2.385470e-01 5.388590e-01 3.379824e-01 8.628088e-02 9.885912e-02 -5.474710e-02 -1.917869e-01 -8.692273e-02 7.710232e-02 1.591460e-01 -1.201027e-01 -4.345899e-02 -3.778485e-02 -2.658157e-02 2.440864e-02 9.541233e-02 1.091259e-01 5.160173e-02 5.207414e-03 2.037249e-02 1.291508e-03 -5.917875e-03 4.423163e-02 -3.513611e-02
<VARIANCE> 39
 5.896546e+00 7.956653e+00 1.253649e+01 2.981915e+01 3.401501e+01 2.156402e+01 3.314130e+01 3.370583e+01 3.983473e+01 4.291862e+01 5.470297e+01 4.154010e+01 1.360396e+00 1.337020e-01 1.529165e-01 3.768793e-01 6.205414e-01 9.149573e-01 8.561511e-01 8.804813e-01 1.028685e+00 9.061449e-01 9.869238e-01 1.044816e+00 9.303190e-01 1.451867e-02 2.160075e-02 2.512324e-02 5.070048e-02 8.849276e-02 1.057233e-01 1.240482e-01 1.289687e-01 1.603905e-01 1.486967e-01 1.526204e-01 1.591458e-01 1.458147e-01 2.342203e-03
<GCONST> 6.574378e+01
<TRANSP> 5
 0.000000e+00 1.000000e+00 0.000000e+00 0.000000e+00 0.000000e+00
 0.000000e+00 8.205603e-01 1.794397e-01 0.000000e+00 0.000000e+00
 0.000000e+00 0.000000e+00 7.671264e-01 2.328736e-01 0.000000e+00
 0.000000e+00 0.000000e+00 0.000000e+00 9.013754e-01 9.862470e-02
 0.000000e+00 0.000000e+00 0.000000e+00 0.000000e+00 0.000000e+00
<ENDHMM>
~h "nine"
<BEGINHMM>
<NUMSTATES> 5
<STATE> 2
<MEAN> 39
 -4.471331e+00 -4.322690e+00 -2.082231e+00 -8.923838e+00 -3.033449e+00 -6.192989e+00 -1.516464e+00 -1.117496e+01 -5.006362e+00 -8.076511e+00 -2.943584e+00 -7.808257e+00 1.756666e+01 -1.369721e-01 -6.725190e-01 -2.209152e-01 4.957134e-01 -4.926253e-01 1.726823e-01 3.878642e-01 -1.973533e-01 -3.950295e-02 -1.525624e-01 -1.782111e-01 -1.449743e-01 2.491199e-01 -3.831128e-02 -1.260549e-01 -7.473677e-02 1.144624e-01 1.824500e-02 -6.587669e-03 3.844550e-02 3.133777e-02 9.610286e-03 6.259528e-03 7.970192e-02 3.477246e-02 -1.049465e-02
<VARIANCE> 39
 8.943462e+00 2.037868e+01 1.533173e+01 1.683048e+01 2.862467e+01 2.885745e+01 3.200648e+01 2.750735e+01 4.717867e+01 3.539158e+01 3.016383e+01 3.277650e+01 2.308503e+00 5.318247e-01 1.578642e+00 1.144605e+00 1.117341e+00 1.137663e+00 1.423997e+00 1.645206e+00 1.277445e+00 1.528633e+00 1.154061e+00 1.245838e+00 1.038290e+00 3.756893e-02 6.494598e-02 1.814376e-01 1.346297e-01 1.401186e-01 2.019565e-01 2.218132e-01 2.430947e-01 1.863543e-01 1.997487e-01 1.612319e-01 1.739456e-01 1.449697e-01 4.947842e-03
<GCONST> 8.288971e+01
<STATE> 3
<MEAN> 39
 -6.290420e+00 -1.167340e+01 -4.987725e+00 -2.492215e+00 -5.655398e+00 -5.432488e+00 1.785349e+00 -1.126477e+01 -5.679324e+00 -9.068829e+00 -1.604366e+00 -7.685326e+00 1.862181e+01 -1.082463e-01 6.571382e-02 2.330361e-01 -2.052213e-01 -4.699688e-02 2.053987e-01 -7.325676e-02 -1.009713e-01 1.715691e-01 6.979643e-02 -3.993497e-02 3.033743e-02 -1.979245e-02 -3.013632e-03 1.878496e-01 7.744671e-02 -2.486550e-01 3.298687e-02 8.106346e-02 -1.011823e-01 -1.992992e-03 8.309627e-02 -5.350148e-03 -7.946467e-02 2.507707e-02 -1.439711e-02
<VARIANCE> 39
 7.197762e+00 8.450836e+00 2.463123e+01 3.136629e+01 1.880416e+01 3.042501e+01 3.088287e+01 3.410171e+01 4.310147e+01 4.184218e+01 2.805810e+01 3.031882e+01 1.011802e+00 8.113638e-02 3.210256e-01 4.020407e-01 1.031549e+00 4.632865e-01 6.109234e-01 5.231031e-01 4.995756e-01 6.119107e-01 6.481621e-01 6.581722e-01 5.174492e-01 4.580009e-03 1.054360e-02 2.931678e-02 3.924711e-02 5.255537e-02 6.927406e-02 6.524437e-02 7.262839e-02 7.665833e-02 7.949105e-02 8.553955e-02 7.633089e-02 7.775793e-02 3.924763e-04
<GCONST> 5.266253e+01
<STATE> 4
<MEAN> 39
 -6.224108e+00 -3.178621e+00 -1.626394e+00 -1.203855e+01 -1.905069e+00 -4.483636e+00 -3.312005e+00 -1.019632e+01 -2.789580e+00 -8.222919e+00 -3.088744e+00 -6.512572e+00 1.789985e+01 3.932983e-01 8.508441e-01 1.536928e-01 -3.111851e-01 5.445910e-01 -4.760211e-01 -4.747795e-01 3.284398e-01 -1.988806e-01 5.507373e-02 9.713176e-02 5.325626e-02 -1.226189e-01 4.402938e-02 -1.234137e-01 -3.697146e-02 2.359006e-01 -1.470922e-02 -7.362358e-02 1.046683e-01 -3.517427e-02 -1.092732e-01 2.577069e-02 7.952688e-02 -2.950902e-02 -1.023576e-02
<VARIANCE> 39
 1.144222e+01 2.012259e+01 1.220195e+01 2.403592e+01 3.584476e+01 3.413406e+01 3.368674e+01 2.992613e+01 4.905945e+01 3.962014e+01 3.857452e+01 4.244325e+01 1.076622e+00 4.064644e-01 9.267405e-01 5.744020e-01 1.873866e+00 1.354156e+00 1.383592e+00 1.360448e+00 1.284552e+00 1.676000e+00 1.185289e+00 1.059215e+00 1.024397e+00 9.882571e-03 5.694121e-02 9.919166e-02 8.650132e-02 1.493249e-01 1.942373e-01 2.403345e-01 1.805232e-01 1.979283e-01 2.315357e-01 1.955807e-01 1.707100e-01 1.414986e-01 1.004491e-03
<GCONST> 7.866104e+01
<TRANSP> 5
 0.000000e+00 1.000000e+00 0.000000e+00 0.000000e+00 0.000000e+00
 0.000000e+00 8.955421e-01 1.044578e-01 0.000000e+00 0.000000e+00
 0.000000e+00 0.000000e+00 9.108967e-01 8.910333e-02 0.000000e+00
 0.000000e+00 0.000000e+00 0.000000e+00 8.979881e-01 1.020119e-01
 0.000000e+00 0.000000e+00 0.000000e+00 0.000000e+00 0.000000e+00
<ENDHMM>
~h "five"
<BEGINHMM>
<NUMSTATES> 5
<STATE> 2
<MEAN> 39
 -4.183982e+00 -1.133601e+01 -1.006207e+01 -8.265868e+00 4.851869e-01 -8.128401e+00 3.469462e-01 -4.679589e+00 -5.243988e+00 -7.944865e+00 -1.813995e+00 -4.903420e+00 1.797173e+01 3.630176e-01 -1.174827e+00 -7.176589e-01 7.815472e-01 5.136937e-01 -6.412699e-01 3.317837e-01 4.008099e-01 -7.476944e-01 -2.217849e-01 -3.012002e-01 -5.477163e-03 5.644952e-01 -1.904331e-01 2.442833e-02 1.744144e-01 9.192251e-02 -1.321777e-02 1.039937e-01 3.007169e-02 -2.031805e-01 2.527266e-02 1.381820e-01 1.588278e-01 4.955675e-02 -7.376112e-02
<VARIANCE> 39
 1.087070e+01 1.966388e+01 2.370295e+01 1.673971e+01 1.899659e+01 2.061647e+01 2.525863e+01 5.150803e+01 3.220323e+01 2.802050e+01 2.497261e+01 1.990238e+01 4.376743e+00 7.731847e-01 5.614380e-01 1.171589e+00 9.073668e-01 7.891580e-01 9.865254e-01 9.742630e-01 2.248013e+00 1.724901e+00 1.723921e+00 1.362994e+00 1.026759e+00 1.227451e-01 9.475877e-02 1.336367e-01 1.781862e-01 1.234571e-01 1.361872e-01 1.447500e-01 1.544398e-01 3.009264e-01 2.737179e-01 1.933760e-01 1.761202e-01 1.403646e-01 2.824755e-02
<GCONST> 8.435835e+01
<STATE> 3
<MEAN> 39
 -5.809155e+00 -1.545263e+01 -8.556908e+00 -3.643359e+00 1.426365e+00 -9.176096e+00 2.534648e+00 -7.496126e+00 -7.217761e+00 -5.456179e+00 -4.666156e-01 -4.503201e+00 1.904698e+01 -1.661737e-01 8.357912e-02 4.906911e-01 -2.572125e-01 -2.712979e-01 4.341975e-01 6.887628e-02 -3.989325e-01 2.702932e-02 3.039876e-01 6.125170e-02 -8.456802e-02 -4.851870e-02 4.019966e-02 1.144329e-01 1.146839e-02 -1.967259e-01 -5.497187e-02 9.331957e-02 -2.901899e-02 2.466099e-02 5.654112e-02 -4.894738e-02 -7.771724e-02 -1.876656e-02 -1.499441e-02
<VARIANCE> 39
 9.174413e+00 9.378958e+00 2.484803e+01 2.081235e+01 1.875015e+01 2.311370e+01 1.752024e+01 3.905627e+01 4.700083e+01 4.450478e+01 2.689367e+01 2.552118e+01 1.356900e+00 8.788860e-02 1.530343e-01 2.696403e-01 6.338748e-01 4.959500e-01 5.513527e-01 4.976171e-01 4.932856e-01 6.133350e-01 5.706155e-01 5.685007e-01 4.732030e-01 5.858046e-03 1.174311e-02 2.421362e-02 3.031422e-02 4.809586e-02 5.121697e-02 5.160161e-02 5.703920e-02 6.414971e-02 8.527226e-02 8.423559e-02 6.651708e-02 7.043171e-02 9.084157e-04
<GCONST> 4.963764e+01
<STATE> 4
<MEAN> 39
 -5.755630e+00 -9.418447e+00 -3.945538e+00 -1.391178e+01 -3.275058e+00 -2.807549e+00 1.873273e+00 -8.426063e+00 -4.208773e+00 -5.238423e+00 -2.268986e+00 -5.518608e+00 1.830492e+01 2.175039e-01 1.207629e+00 3.705052e-01 -6.443455e-01 -3.934723e-01 -1.016878e-01 -3.092486e-01 2.575312e-01 5.543843e-01 -2.126776e-01 -7.310019e-02 -8.945262e-02 -2.457157e-01 -1.719153e-02 -2.116325e-02 -5.235557e-02 3.438982e-01 1.398880e-01 -1.810614e-01 -6.312788e-02 -9.785042e-03 -4.269565e-02 1.686662e-02 1.219722e-01 3.971136e-02 -4.837767e-02
<VARIANCE> 39
 7.868228e+00 2.307689e+01 1.220017e+01 3.193489e+01 4.213053e+01 1.953389e+01 2.462186e+01 3.667669e+01 5.317243e+01 2.794223e+01 2.708710e+01 3.009591e+01 1.833407e+00 2.144798e-01 4.975674e-01 5.734000e-01 2.635461e+00 1.469688e+00 1.621854e+00 9.742660e-01 1.330058e+00 1.638770e+00 1.337477e+00 1.268746e+00 9.157884e-01 4.126780e-02 4.297848e-02 9.678899e-02 7.571343e-02 2.405614e-01 2.362504e-01 2.295638e-01 1.662464e-01 2.295248e-01 2.226656e-01 1.789821e-01 2.066824e-01 1.646774e-01 4.441206e-03
<GCONST> 8.033821e+01
<TRANSP> 5
 0.000000e+00 1.000000e+00 0.000000e+00 0.000000e+00 0.000000e+00
 0.000000e+00 8.482944e-01 1.517056e-01 0.000000e+00 0.000000e+00
 0.000000e+00 0.000000e+00 9.124628e-01 8.753725e-02 0.000000e+00
 0.000000e+00 0.000000e+00 0.000000e+00 8.640378e-01 1.359622e-01
 0.000000e+00 0.000000e+00 0.000000e+00 0.000000e+00 0.000000e+00
<ENDHMM>
~h "four"
<BEGINHMM>
<NUMSTATES> 5
<STATE> 2
<MEAN> 39
 -6.756405e+00 -6.552130e+00 -5.530478e+00 -9.755389e+00 -1.576367e+00 -5.552660e+00 -1.213032e+00 -8.396192e+00 -2.003338e+00 -5.574814e+00 9.754345e-01 -4.271087e+00 1.535833e+01 1.568349e+00 5.361800e-01 -9.018260e-01 -8.568215e-01 -3.060102e-01 -5.341784e-01 -6.937811e-01 -1.917851e-01 1.944051e-01 2.014634e-01 -3.432876e-01 -4.866631e-01 6.431885e-01 3.506371e-01 1.257722e-01 -3.368664e-01 -3.173662e-01 -5.861827e-02 -7.348629e-03 -8.078083e-02 -1.799636e-02 2.347616e-03 5.412203e-02 -7.909603e-02 -1.321638e-01 1.432709e-01
<VARIANCE> 39
 7.570845e+00 5.404419e+00 5.416770e+00 7.822598e+00 1.003064e+01 1.244389e+01 1.451071e+01 1.364115e+01 1.606292e+01 1.349942e+01 1.608252e+01 1.221887e+01 1.724583e+00 5.146489e-01 4.334118e-01 6.029812e-01 7.386834e-01 7.125854e-01 9.067075e-01 7.517011e-01 8.219974e-01 1.015318e+00 1.085759e+00 1.523028e+00 1.226128e+00 5.806426e-02 6.761756e-02 5.344382e-02 6.068127e-02 8.254679e-02 1.013029e-01 1.526682e-01 1.211664e-01 1.518043e-01 1.399138e-01 1.609090e-01 1.994161e-01 1.871517e-01 7.134508e-03
<GCONST> 6.399444e+01
<STATE> 3
<MEAN> 39
 1.596197e+00 -3.480263e+00 -1.216596e+01 -1.704899e+01 -4.000512e+00 -6.177693e+00 -3.167159e+00 -8.953282e+00 -1.398710e+00 -3.856246e+00 4.291459e-01 -6.775779e+00 1.891403e+01 3.040321e-01 -1.866059e-01 -3.248650e-01 -3.719108e-02 7.405113e-02 -1.831729e-02 -2.193216e-01 1.749271e-01 3.531573e-01 9.302169e-02 -2.297319e-01 -2.202610e-01 1.429611e-01 -1.735078e-01 -1.541935e-01 1.498878e-01 2.360758e-01 3.831374e-02 -3.649803e-02 3.802441e-02 1.109140e-01 4.727947e-02 -8.561381e-02 -5.578073e-02 5.675234e-02 -6.754149e-02
<VARIANCE> 39
 4.139355e+00 1.026399e+01 9.602614e+00 1.373124e+01 2.439148e+01 1.715111e+01 1.857342e+01 1.714500e+01 2.362317e+01 2.482044e+01 3.809474e+01 3.756817e+01 1.087739e+00 5.226415e-01 7.272812e-01 6.853245e-01 1.214226e+00 9.698805e-01 7.719927e-01 9.086897e-01 9.568776e-01 1.309574e+00 1.175334e+00 1.338359e+00 1.242132e+00 9.293485e-02 4.948546e-02 4.573043e-02 9.588334e-02 8.015577e-02 1.358074e-01 1.434409e-01 1.560653e-01 1.411897e-01 1.814888e-01 1.920455e-01 1.991443e-01 1.869892e-01 7.207006e-03
<GCONST> 7.252283e+01
<STATE> 4
<MEAN> 39
 -2.636977e-01 -1.131437e+01 -7.985970e+00 -8.557273e+00 -5.375288e+00 -8.949701e+00 -2.203310e+00 -4.221579e+00 6.526248e-01 -7.567172e+00 -3.908666e+00 -7.359240e+00 1.855008e+01 -5.525935e-01 -3.396130e-02 1.189681e+00 5.188117e-01 -5.942146e-01 2.894147e-02 6.848773e-01 -1.583455e-01 -6.813318e-01 -3.922289e-01 1.343298e-01 2.570793e-01 -2.036848e-01 -8.729946e-02 3.025657e-01 1.155263e-03 -2.184652e-01 1.356622e-01 2.159960e-01 1.409663e-02 -2.466864e-01 -1.511577e-01 1.216948e-01 1.773259e-01 3.038127e-02 -5.097277e-02
<VARIANCE> 39
 6.989696e+00 1.429873e+01 2.846362e+01 1.839094e+01 4.719041e+01 3.735794e+01 3.526897e+01 3.883157e+01 4.500507e+01 3.448407e+01 3.469837e+01 3.194774e+01 1.578590e+00 2.191025e-01 1.522037e+00 6.617388e-01 1.663017e+00 2.085453e+00 2.163836e+00 1.564310e+00 2.597941e+00 1.819883e+00 1.726679e+00 1.796685e+00 1.076091e+00 4.086490e-02 2.918899e-02 9.454938e-02 1.876992e-01 1.658561e-01 4.427646e-01 3.012932e-01 3.551609e-01 3.379124e-01 3.792075e-01 2.795867e-01 3.073837e-01 2.166799e-01 3.208477e-03
<GCONST> 8.837548e+01
<TRANSP> 5
 0.000000e+00 1.000000e+00 0.000000e+00 0.000000e+00 0.000000e+00
 0.000000e+00 7.029579e-01 2.970421e-01 0.000000e+00 0.000000e+00
 0.000000e+00 0.000000e+00 9.182695e-01 8.173048e-02 0.000000e+00
 0.000000e+00 0.000000e+00 0.000000e+00 8.712296e-01 1.287703e-01
 0.000000e+00 0.000000e+00 0.000000e+00 0.000000e+00 0.000000e+00
<ENDHMM>
~h "zero"
<BEGINHMM>
<NUMSTATES> 5
<STATE> 2
<MEAN> 39
 -6.856451e+00 -1.902769e+00 -4.591358e+00 -7.677896e+00 -2.510217e+00 -4.665417e+00 -2.826529e+00 -8.903508e+00 -3.635317e+00 -4.173376e+00 1.358400e-01 -4.374148e+00 1.564998e+01 2.803885e-01 1.044732e+00 9.698232e-01 -1.153584e+00 -8.265221e-01 -1.402800e+00 -6.262797e-01 -6.002011e-01 3.205880e-01 3.344855e-01 -1.325869e-01 -2.389386e-01 4.900358e-01 3.826433e-02 9.740779e-02 1.848132e-01 -3.603732e-01 -1.737580e-01 -2.338769e-01 2.871872e-03 -2.435865e-02 1.690220e-01 1.647962e-03 3.094545e-02 -8.991354e-02 9.296933e-02
<VARIANCE> 39
 6.900597e+00 1.045888e+01 1.552877e+01 1.460589e+01 2.097173e+01 2.208466e+01 1.924120e+01 1.977008e+01 2.955431e+01 2.442555e+01 2.236580e+01 1.989544e+01 1.480225e+00 3.156660e-01 4.248649e-01 7.569313e-01 9.351611e-01 8.447983e-01 1.289290e+00 9.696484e-01 1.180405e+00 1.340287e+00 9.782740e-01 1.203370e+00 1.526474e+00 4.257357e-02 4.659281e-02 1.026951e-01 1.271469e-01 1.079591e-01 1.311390e-01 2.168908e-01 1.590169e-01 1.927613e-01 1.622398e-01 1.500926e-01 1.803317e-01 1.680684e-01 6.419153e-03
<GCONST> 7.318452e+01
<STATE> 3
<MEAN> 39
 -5.559281e+00 3.117211e-01 9.442436e-01 -1.693126e+01 -7.859674e+00 -9.188370e+00 -4.570581e+00 -8.445151e+00 1.730325e-01 -3.746493e+00 1.710370e-01 -6.828435e+00 1.840677e+01 3.374932e-01 -7.422218e-01 4.417407e-01 -1.710344e-01 -1.079955e+00 2.618658e-01 2.056809e-01 1.945276e-01 3.208452e-01 -7.708734e-02 4.313492e-02 -1.246176e-01 1.664420e-01 5.133685e-02 -2.688028e-01 -1.736849e-01 3.712525e-01 1.680437e-02 1.354321e-01 1.948160e-01 5.569904e-02 -8.660143e-02 -4.434281e-02 -1.248042e-02 7.145388e-02 -6.437685e-02
<VARIANCE> 39
 7.433722e+00 2.063423e+01 1.738803e+01 2.630463e+01 5.929686e+01 4.051242e+01 3.221161e+01 4.419846e+01 3.111053e+01 3.033687e+01 3.452585e+01 5.111157e+01 1.093878e+00 4.425251e-01 1.627414e+00 8.046002e-01 2.617680e+00 1.741752e+00 2.530527e+00 1.685682e+00 1.421462e+00 1.341056e+00 1.178396e+00 1.107594e+00 1.320839e+00 6.308834e-02 5.152642e-02 1.129595e-01 1.260256e-01 1.803934e-01 2.455165e-01 4.091334e-01 2.256871e-01 2.478517e-01 2.120449e-01 1.747262e-01 1.724248e-01 2.174206e-01 4.558346e-03
<GCONST> 8.706297e+01
<STATE> 4
<MEAN> 39
 -1.603861e+00 -1.052058e+01 -4.388789e+00 -9.811681e+00 -9.694782e+00 -8.039695e+00 5.642808e-01 -4.099516e+00 -1.760751e-01 -6.700019e+00 -1.004628e+00 -5.665510e+00 1.854362e+01 8.308677e-02 1.038596e-02 -5.509554e-01 1.629632e-01 6.677011e-01 -1.771978e-01 -1.697904e-02 2.082306e-01 -6.365496e-02 -1.489690e-01 -9.292191e-02 -7.679927e-03 -5.348193e-02 -5.975214e-02 1.434472e-01 6.309643e-02 -8.646806e-02 8.687738e-02 4.111018e-02 -9.788058e-02 -8.222806e-02 -2.036520e-02 3.436321e-02 2.058230e-02 -8.882346e-03 -1.773827e-02
<VARIANCE> 39
 6.466859e+00 1.771524e+01 2.653241e+01 2.679104e+01 6.266819e+01 5.438665e+01 3.558022e+01 3.640755e+01 4.420550e+01 3.494635e+01 2.490469e+01 3.292292e+01 1.493959e+00 2.245516e-01 8.373404e-01 6.292072e-01 1.037718e+00 1.226404e+00 1.670402e+00 1.529133e+00 1.766325e+00 1.573853e+00 1.377668e+00 1.023198e+00 9.267601e-01 1.572716e-02 2.390286e-02 3.493914e-02 7.640593e-02 1.109688e-01 1.911704e-01 2.326043e-01 1.870569e-01 1.959649e-01 2.165842e-01 1.822617e-01 1.466149e-01 1.334284e-01 1.763015e-03
<GCONST> 7.713612e+01
<TRANSP> 5
 0.000000e+00 1.000000e+00 0.000000e+00 0.000000e+00 0.000000e+00
 0.000000e+00 7.342097e-01 2.657903e-01 0.000000e+00 0.000000e+00
 0.000000e+00 0.000000e+00 8.923288e-01 1.076712e-01 0.000000e+00
 0.000000e+00 0.000000e+00 0.000000e+00 9.396979e-01 6.030213e-02
 0.000000e+00 0.000000e+00 0.000000e+00 0.000000e+00 0.000000e+00
<ENDHMM>
