~o
<STREAMINFO> 1 39
<VECSIZE> 39<NULLD><MFCC_E_D_A><DIAGC>
~h "eight"
<BEGINHMM>
<NUMSTATES> 5
<STATE> 2
<MEAN> 39
 -7.524248e+00 -3.425485e+00 -5.693404e+00 -1.668126e+01 -6.472201e-01 -5.182417e+00 5.464634e-01 -6.746665e+00 -1.554759e+00 -6.763822e+00 -1.027577e+00 -5.331580e+00 1.714911e+01 -1.900203e-01 7.575283e-01 -8.186727e-02 -7.814766e-01 3.923820e-02 -4.145827e-01 5.498419e-02 2.968004e-01 3.011549e-01 4.553758e-02 -9.449672e-02 -9.567290e-02 2.139844e-01 3.509381e-02 8.254614e-02 1.092659e-02 8.963256e-02 -4.104023e-02 -1.680771e-01 -8.082504e-02 -2.284057e-02 2.705591e-02 6.061815e-02 5.858052e-02 -4.581021e-03 3.466697e-03
<VARIANCE> 39
 1.075577e+01 2.305830e+01 1.835775e+01 3.944753e+01 4.045813e+01 2.353713e+01 2.441500e+01 2.433811e+01 3.137295e+01 2.547065e+01 2.575901e+01 2.447310e+01 3.380900e+00 3.360931e-01 9.651096e-01 6.847409e-01 1.411190e+00 1.254019e+00 1.634324e+00 1.348157e+00 1.128212e+00 1.374385e+00 1.216730e+00 1.140042e+00 1.007759e+00 1.229798e-01 4.082866e-02 8.491872e-02 8.461758e-02 2.011358e-01 1.478592e-01 1.778297e-01 1.529719e-01 1.814239e-01 2.320960e-01 1.695075e-01 1.833576e-01 1.573081e-01 1.323970e-02
<GCONST> 8.183727e+01
<STATE> 3
<MEAN> 39
 -7.935271e+00 5.475979e+00 -4.908610e+00 -1.664729e+01 -2.357275e+00 -1.441935e+01 -3.035204e+00 -8.590775e+00 -1.333267e+00 -4.426887e+00 9.894321e-01 -5.287226e+00 1.807283e+01 2.038408e-01 -4.290120e-01 1.808105e-01 9.720473e-01 1.361365e-01 6.933566e-02 -3.419808e-01 -6.694540e-01 -5.148318e-01 -4.112840e-02 2.100353e-01 1.945937e-01 -2.363270e-01 1.021296e-02 -3.328925e-01 -3.043231e-02 6.396209e-02 4.254457e-02 3.532498e-01 1.234168e-01 5.585636e-02 -2.347431e-02 -9.194008e-02 -6.257249e-02 3.917811e-03 -6.257654e-02
<VARIANCE> 39
 9.284451e+00 1.350717e+01 2.250879e+01 3.248522e+01 1.967650e+01 2.420525e+01 5.254560e+01 3.438115e+01 4.415729e+01 2.637298e+01 3.191333e+01 2.703312e+01 1.959812e+00 2.642206e-01 1.895690e+00 4.088292e-01 7.647223e-01 7.868134e-01 2.502151e+00 1.307327e+00 1.116771e+00 1.804252e+00 1.195111e+00 1.398760e+00 1.008693e+00 6.759375e-02 3.641362e-02 9.029845e-02 5.905558e-02 1.265768e-01 9.250864e-02 1.745033e-01 1.630073e-01 2.078774e-01 2.767938e-01 1.690440e-01 1.958872e-01 1.643070e-01 4.024225e-03
<GCONST> 7.874338e+01
<STATE> 4
<MEAN> 39
 -7.116768e+00 -6.541066e+00 -5.514879e+00 -1.004293e+01 -1.215374e+00 -4.682481e+00 -8.409404e-01 -8.921489e+00 -3.019660e+00 -5.935845e+00 9.428731e-01 -4.004976e+00 1.468662e+01 -7.179796e-02 -3.660488e-01 -1.176299e-01 1.204243e-01 -4.112492e-02 3.696102e-01 1.855420e-01 1.810012e-01 1.167377e-01 8.797240e-03 1.649063e-02 9.387978e-03 -9.300599e-02 -5.685290e-03 1.757349e-01 1.040001e-02 -6.684018e-02 -1.211831e-02 -1.464314e-01 -4.599061e-02 -1.503952e-02 -6.331510e-03 2.179365e-02 -5.186089e-03 -1.391516e-02 4.871765e-02
<VARIANCE> 39
 4.560895e+00 6.159153e+00 8.314758e+00 9.574122e+00 1.262567e+01 1.589435e+01 1.697651e+01 1.696683e+01 1.732072e+01 1.627313e+01 1.523353e+01 1.399438e+01 1.034502e+00 2.099295e-01 8.405249e-01 4.288091e-01 5.955234e-01 4.862397e-01 1.170447e+00 9.931200e-01 8.546667e-01 9.812965e-01 7.909760e-01 7.432476e-01 7.057064e-01 4.874193e-02 3.460034e-02 9.647739e-02 7.128509e-02 1.091524e-01 9.177043e-02 1.887645e-01 1.756934e-01 1.504275e-01 1.623781e-01 1.354730e-01 1.324254e-01 1.272722e-01 4.818405e-03
<GCONST> 6.216208e+01
<TRANSP> 5
 0.000000e+00 1.000000e+00 0.000000e+00 0.000000e+00 0.000000e+00
 0.000000e+00 9.121922e-01 8.780780e-02 0.000000e+00 0.000000e+00
 0.000000e+00 0.000000e+00 8.976275e-01 1.023725e-01 0.000000e+00
 0.000000e+00 0.000000e+00 0.000000e+00 9.213891e-01 7.861092e-02
 0.000000e+00 0.000000e+00 0.000000e+00 0.000000e+00 0.000000e+00
<ENDHMM>
~h "oh"
<BEGINHMM>
<NUMSTATES> 5
<STATE> 2
<MEAN> 39
 -5.072906e+00 -9.817537e+00 -7.833376e+00 -8.759861e+00 -2.347719e+00 -7.078435e+00 2.847755e+00 -7.616874e+00 -4.773004e+00 -6.878154e+00 -1.687973e+00 -4.955315e+00 1.721407e+01 4.015585e-01 -2.821495e-01 -5.485501e-01 2.171545e-01 1.401627e-01 -4.945689e-01 2.322910e-01 5.781040e-01 -1.037486e-01 -3.932609e-01 -3.404421e-01 -6.349503e-02 2.903814e-01 6.013419e-02 8.892392e-02 -1.210267e-02 -5.544872e-02 1.547173e-02 -6.012471e-02 -1.276604e-01 1.861856e-02 1.092551e-01 1.494715e-03 -5.272239e-02 -5.050195e-02 1.424376e-02
<VARIANCE> 39
 8.382305e+00 1.228220e+01 1.538582e+01 1.591970e+01 2.185689e+01 2.340161e+01 2.846190e+01 5.757658e+01 3.748621e+01 3.054210e+01 2.663984e+01 2.711323e+01 3.812013e+00 4.045048e-01 5.595052e-01 6.603168e-01 6.405978e-01 7.460980e-01 1.180177e+00 1.235327e+00 1.815301e+00 1.533159e+00 1.309644e+00 1.311777e+00 1.082004e+00 1.254167e-01 4.813059e-02 7.023269e-02 8.521727e-02 8.555457e-02 1.118070e-01 1.482320e-01 1.609972e-01 2.226749e-01 2.095436e-01 1.953586e-01 2.000352e-01 1.548820e-01 1.713554e-02
<GCONST> 7.894449e+01
<STATE> 3
<MEAN> 39
 -4.965996e-01 -8.085562e+00 -1.303811e+01 -1.018378e+01 -8.909648e-01 -1.201037e+01 -8.892375e-01 -1.284797e+00 1.939149e-01 -7.884274e+00 -5.009707e+00 -6.855097e+00 1.903839e+01 2.239072e-01 4.083352e-01 -6.301419e-03 -3.375471e-01 -6.150920e-02 -1.964756e-02 -6.569723e-01 -2.515009e-01 6.164274e-01 5.838703e-01 3.178509e-02 -3.234860e-01 -1.058154e-02 -4.688025e-02 2.213278e-02 1.000644e-01 -1.014054e-02 -5.009495e-02 8.897687e-02 1.630274e-02 -1.447878e-01 -8.520339e-02 7.581970e-02 1.148444e-01 2.391836e-02 -2.662398e-02
<VARIANCE> 39
 6.028923e+00 9.347386e+00 1.555831e+01 1.589685e+01 1.975419e+01 2.333680e+01 4.428231e+01 3.314378e+01 4.055782e+01 3.755699e+01 3.123153e+01 3.914726e+01 1.183734e+00 8.543306e-02 1.427004e-01 2.976719e-01 2.936640e-01 3.913098e-01 5.535881e-01 7.245921e-01 1.116325e+00 7.998047e-01 8.947313e-01 8.656510e-01 6.944233e-01 1.391792e-02 1.175630e-02 1.537127e-02 3.537054e-02 3.572028e-02 4.852975e-02 7.178195e-02 8.156145e-02 1.012436e-01 1.109301e-01 1.074997e-01 9.628420e-02 9.289259e-02 1.245802e-03
<GCONST> 5.396379e+01
<STATE> 4
<MEAN> 39
 -7.418169e-01 -3.730195e+00 -8.383333e+00 -1.248796e+01 -3.622056e+00 -9.300146e+00 -4.000160e+00 -8.066670e+00 -2.979412e-01 -3.366244e+00 3.569718e-01 -6.248672e+00 1.795417e+01 -5.069019e-01 1.203027e-01 7.350001e-01 2.727176e-01 1.213529e-02 5.559241e-01 3.365017e-01 -4.405238e-01 -5.363584e-01 -1.885732e-01 3.968891e-01 4.349111e-01 -2.802317e-01 -1.126523e-01 -1.140013e-01 -2.907856e-02 7.595478e-02 9.950963e-02 8.985823e-02 1.345923e-01 9.031342e-02 -3.953858e-02 -1.066727e-01 -6.855576e-02 5.315387e-02 -3.464305e-02
<VARIANCE> 39
 9.361489e+00 7.810178e+00 2.079552e+01 1.825479e+01 1.941330e+01 2.692006e+01 3.110311e+01 2.683558e+01 3.199028e+01 4.008418e+01 3.906120e+01 3.790240e+01 2.412500e+00 3.826951e-01 4.593656e-01 5.507358e-01 6.217663e-01 8.842404e-01 1.264738e+00 1.251874e+00 1.298648e+00 1.305791e+00 1.263465e+00 1.279159e+00 1.245753e+00 5.453462e-02 3.299578e-02 4.469836e-02 8.896652e-02 8.728103e-02 1.096992e-01 1.661355e-01 1.871797e-01 1.997285e-01 2.127135e-01 2.068776e-01 1.755926e-01 1.748503e-01 4.194854e-03
<GCONST> 7.532735e+01
<TRANSP> 5
 0.000000e+00 1.000000e+00 0.000000e+00 0.000000e+00 0.000000e+00
 0.000000e+00 9.027607e-01 9.723924e-02 0.000000e+00 0.000000e+00
 0.000000e+00 0.000000e+00 9.042472e-01 9.575286e-02 0.000000e+00
 0.000000e+00 0.000000e+00 0.000000e+00 8.838429e-01 1.161571e-01
 0.000000e+00 0.000000e+00 0.000000e+00 0.000000e+00 0.000000e+00
<ENDHMM>
~h "seven"
<BEGINHMM>
<NUMSTATES> 5
<STATE> 2
<MEAN> 39
 -8.806629e+00 -4.769281e+00 -7.050016e+00 -8.596655e+00 -2.107392e+00 -3.131448e+00 -1.276509e+00 -8.136147e+00 -2.909429e+00 -5.214479e+00 6.799278e-01 -3.793395e+00 1.484347e+01 4.741059e-02 -4.084805e-02 -4.356887e-02 -3.256979e-01 -2.671273e-01 -1.353342e-01 2.667655e-01 1.513750e-02 1.375777e-01 -7.739160e-04 -2.047791e-01 -6.332362e-02 1.080878e-01 1.303974e-01 9.204499e-03 8.983018e-02 -1.476355e-01 -1.309363e-01 -1.120195e-01 8.732989e-02 -1.238424e-02 2.002496e-02 -2.644501e-02 -8.712242e-02 -9.269764e-02 9.199265e-02
<VARIANCE> 39
 8.340018e+00 1.013035e+01 1.380078e+01 1.310764e+01 1.612601e+01 1.582008e+01 1.759687e+01 1.745255e+01 1.826359e+01 1.723364e+01 1.706742e+01 1.463344e+01 9.047275e-01 7.144133e-01 4.608479e-01 8.613431e-01 9.991094e-01 9.701378e-01 1.283293e+00 9.959622e-01 8.575956e-01 1.029544e+00 1.155908e+00 9.210114e-01 9.517400e-01 1.512429e-01 5.368434e-02 6.783888e-02 9.750190e-02 1.360510e-01 1.662412e-01 1.770663e-01 1.648983e-01 1.456985e-01 1.700096e-01 1.546174e-01 1.450090e-01 1.504834e-01 8.093956e-03
<GCONST> 7.123421e+01
<STATE> 3
<MEAN> 39
 -5.558075e+00 -7.172778e+00 -5.193472e+00 -1.591174e+01 -6.355659e+00 -4.897009e+00 4.772487e+00 -8.475010e+00 -2.770160e+00 -6.761119e+00 -3.975050e+00 -6.626518e+00 1.896182e+01 1.894532e-01 -2.722632e-01 1.233811e-01 3.882807e-02 -6.137383e-02 -1.088002e-01 2.446589e-01 2.681849e-01 -2.807252e-01 -5.543007e-02 -6.964495e-02 -1.107269e-01 1.236368e-01 -4.177997e-02 7.839749e-02 1.111911e-02 2.926459e-01 1.553699e-01 -2.480878e-02 -2.548968e-01 3.867894e-02 -2.091178e-02 1.592027e-02 1.771704e-01 7.159714e-02 -1.270850e-01
<VARIANCE> 39
 9.614645e+00 1.303328e+01 9.436706e+00 1.827779e+01 4.580248e+01 3.937847e+01 3.187668e+01 3.950835e+01 4.652961e+01 5.849231e+01 3.255419e+01 3.130153e+01 1.240813e+00 4.410258e-01 5.954198e-01 4.993326e-01 1.548395e+00 1.671524e+00 1.672649e+00 1.827650e+00 1.089302e+00 1.392667e+00 1.776831e+00 1.809613e+00 1.326400e+00 2.114268e-01 8.204690e-02 9.001198e-02 9.646609e-02 1.114838e-01 2.523419e-01 2.721471e-01 1.781217e-01 1.666769e-01 2.018926e-01 2.407534e-01 2.262372e-01 1.834979e-01 6.062320e-03
<GCONST> 8.474816e+01
<STATE> 4
<MEAN> 39
 -3.244347e+00 -3.881844e+00 -1.891207e+00 -9.521953e+00 -3.365988e+00 -8.015697e+00 -1.088914e+00 -8.732973e+00 -4.324260e+00 -7.120053e+00 -1.906874e+00 -7.105270e+00 1.713248e+01 1.768527e-02 2.205678e-01 1.049622e-01 2.065503e-01 3.193775e-01 1.039528e-01 -2.925327e-01 -2.637354e-01 8.569292e-02 -1.439442e-02 1.277888e-01 4.227579e-02 -1.184134e-01 -5.595603e-02 -7.367291e-02 -7.384454e-02 -8.778007e-02 -2.233354e-02 9.372203e-02 1.106988e-01 -4.596878e-03 1.866150e-02 1.745090e-02 -3.220638e-02 2.023126e-02 1.415730e-02
<VARIANCE> 39
 4.974843e+00 1.019478e+01 9.926721e+00 1.395349e+01 2.822470e+01 3.043305e+01 2.586529e+01 4.089540e+01 3.293283e+01 3.570397e+01 3.328819e+01 2.974882e+01 1.533693e+00 2.533935e-01 5.250467e-01 5.539055e-01 8.538670e-01 1.339955e+00 1.253491e+00 1.628739e+00 1.363172e+00 1.438485e+00 1.411172e+00 1.273564e+00 9.896297e-01 9.358777e-02 3.738632e-02 7.812218e-02 8.698364e-02 1.507716e-01 2.341878e-01 2.027751e-01 2.726199e-01 2.366434e-01 2.360255e-01 2.409611e-01 2.174078e-01 1.500707e-01 1.437088e-02
<GCONST> 7.928016e+01
<TRANSP> 5
 0.000000e+00 1.000000e+00 0.000000e+00 0.000000e+00 0.000000e+00
 0.000000e+00 9.125739e-01 8.742609e-02 0.000000e+00 0.000000e+00
 0.000000e+00 0.000000e+00 9.003658e-01 9.963418e-02 0.000000e+00
 0.000000e+00 0.000000e+00 0.000000e+00 9.365581e-01 6.344187e-02
 0.000000e+00 0.000000e+00 0.000000e+00 0.000000e+00 0.000000e+00
<ENDHMM>
~h "three"
<BEGINHMM>
<NUMSTATES> 5
<STATE> 2
<MEAN> 39
 -7.753081e+00 -6.035266e+00 -4.949138e+00 -1.011976e+01 -8.176891e-01 -4.845855e+00 -5.887952e-01 -8.498262e+00 -2.602043e+00 -5.425550e+00 9.830297e-01 -3.779383e+00 1.488863e+01 1.181816e-01 -8.363595e-02 2.207187e-01 -4.797689e-02 -4.167403e-01 -2.858675e-01 -6.849108e-02 1.494109e-02 7.425302e-02 3.189591e-02 1.361445e-02 4.316161e-04 9.208673e-02 1.742196e-01 2.254012e-02 1.428289e-01 1.951383e-03 -2.577676e-01 -1.755563e-01 -7.574130e-02 -1.877701e-02 1.537907e-02 -9.218414e-03 -3.924778e-02 -7.054537e-02 8.471629e-02
<VARIANCE> 39
 5.400873e+00 6.329595e+00 9.779341e+00 1.060192e+01 1.435539e+01 1.431225e+01 1.606517e+01 1.761143e+01 1.951329e+01 1.776078e+01 1.686058e+01 1.459230e+01 1.170456e+00 7.019923e-01 5.235445e-01 8.963120e-01 7.510098e-01 1.499185e+00 1.312559e+00 9.016346e-01 1.036179e+00 9.999574e-01 9.323083e-01 9.825643e-01 9.153203e-01 1.193093e-01 5.916817e-02 9.076454e-02 9.846701e-02 1.380230e-01 2.011591e-01 1.855362e-01 1.564496e-01 2.030749e-01 1.781607e-01 1.662449e-01 1.641534e-01 1.611113e-01 4.958382e-03
<GCONST> 7.052036e+01
<STATE> 3
<MEAN> 39
 -2.518136e+00 -6.783541e+00 2.449298e+00 -1.140187e+01 -1.369865e+01 -9.363334e+00 -3.152535e+00 -9.428355e+00 -9.455283e-03 -5.130504e+00 1.270089e-01 -5.735047e+00 1.823541e+01 -6.862385e-02 4.227090e-01 6.951848e-01 -1.049856e+00 -3.996582e-01 3.060280e-01 -8.254074e-01 1.096436e-01 3.076175e-01 -2.807261e-02 6.153159e-02 -1.674224e-01 2.367504e-01 -2.156734e-01 2.146464e-01 -2.005197e-01 -1.428207e-01 5.230277e-01 4.712702e-02 -5.942074e-02 1.143477e-01 -1.140713e-01 -2.023173e-02 2.135188e-02 3.956063e-02 -6.774376e-02
<VARIANCE> 39
 6.507145e+00 1.457567e+01 2.008426e+01 4.937635e+01 4.245368e+01 6.100884e+01 3.522878e+01 3.826530e+01 3.064140e+01 2.820659e+01 3.707788e+01 3.334343e+01 1.447085e+00 9.619799e-01 1.476627e+00 9.228622e-01 2.725314e+00 4.895081e+00 3.382431e+00 2.206999e+00 1.969152e+00 1.296619e+00 1.095892e+00 1.152278e+00 1.164600e+00 6.899487e-02 6.798208e-02 1.290743e-01 1.773856e-01 3.907519e-01 3.806304e-01 6.812701e-01 3.772545e-01 2.755092e-01 2.400974e-01 1.746557e-01 1.705918e-01 1.637535e-01 3.908585e-03
<GCONST> 9.265437e+01
<STATE> 4
<MEAN> 39
 -6.590558e+00 3.298169e+00 -7.802997e-01 -1.672949e+01 -2.106746e+00 -1.135582e+01 -6.399231e+00 -7.962148e+00 -3.159433e+00 -5.505670e+00 -3.370675e-01 -6.525783e+00 1.789480e+01 -2.820241e-02 6.330512e-02 -6.391546e-01 7.253036e-01 7.234870e-01 -1.648799e-01 5.492603e-01 -8.268327e-02 -3.564618e-01 1.203130e-02 -7.059462e-02 5.073438e-02 -1.956445e-01 5.814857e-02 -2.881119e-01 2.508531e-03 1.697360e-01 -2.211514e-01 1.819721e-01 1.647822e-01 -6.734952e-02 9.742326e-02 8.240812e-03 2.041601e-02 2.496871e-02 -3.092092e-02
<VARIANCE> 39
 7.580462e+00 1.700897e+01 1.909991e+01 3.484706e+01 2.704761e+01 2.948793e+01 4.823343e+01 4.778472e+01 3.321849e+01 3.976924e+01 4.240161e+01 3.677536e+01 1.619883e+00 3.151345e-01 1.882923e+00 6.700018e-01 1.043735e+00 1.834893e+00 2.559862e+00 1.467142e+00 1.693774e+00 1.384672e+00 1.287924e+00 1.031998e+00 9.705020e-01 3.582553e-02 4.748387e-02 9.098794e-02 9.640409e-02 2.205423e-01 1.814731e-01 2.352882e-01 2.696373e-01 2.497845e-01 1.837021e-01 1.709959e-01 1.443272e-01 1.353044e-01 2.469563e-03
<GCONST> 8.276379e+01
<TRANSP> 5
 0.000000e+00 1.000000e+00 0.000000e+00 0.000000e+00 0.000000e+00
 0.000000e+00 9.016224e-01 9.837764e-02 0.000000e+00 0.000000e+00
 0.000000e+00 0.000000e+00 8.936676e-01 1.063324e-01 0.000000e+00
 0.000000e+00 0.000000e+00 0.000000e+00 9.153334e-01 8.466654e-02
 0.000000e+00 0.000000e+00 0.000000e+00 0.000000e+00 0.000000e+00
<ENDHMM>
~h "one"
<BEGINHMM>
<NUMSTATES> 5
<STATE> 2
<MEAN> 39
 -4.518803e-01 -3.402784e+00 -8.443933e+00 -1.270263e+01 -1.875606e+00 -5.987661e+00 -2.275723e+00 -8.867911e+00 -2.601642e+00 -6.646011e+00 -1.475403e+00 -7.365994e+00 1.769859e+01 2.103998e-01 -3.606905e-01 -7.771860e-01 3.866609e-01 4.274689e-01 9.435686e-02 -2.048137e-01 2.134635e-01 1.819850e-01 -2.419250e-01 -3.084224e-01 -2.085046e-01 1.796984e-01 -1.118917e-01 -1.460598e-01 2.928782e-02 2.153363e-01 1.225148e-02 -9.389174e-02 -2.919363e-03 1.044305e-01 5.143870e-03 -7.578693e-02 2.515486e-03 7.602516e-02 -1.570836e-02
<VARIANCE> 39
 5.495453e+00 8.375300e+00 3.133023e+01 2.276518e+01 2.856287e+01 2.622848e+01 2.260916e+01 2.060509e+01 2.743981e+01 2.315636e+01 3.019645e+01 3.007905e+01 2.038592e+00 4.331115e-01 7.311461e-01 9.486061e-01 2.139369e+00 1.343967e+00 1.366098e+00 1.271947e+00 1.039806e+00 1.139394e+00 9.681920e-01 1.111004e+00 9.685550e-01 5.947196e-02 3.949682e-02 5.502413e-02 1.856310e-01 2.318593e-01 2.499857e-01 2.470843e-01 2.300211e-01 1.749950e-01 1.963440e-01 1.583900e-01 1.854133e-01 1.750183e-01 4.527906e-03
<GCONST> 7.904118e+01
<STATE> 3
<MEAN> 39
 -2.465531e+00 -1.063755e+01 -1.057806e+01 -1.816899e+00 -8.205510e-01 -9.426733e+00 -2.030191e+00 -4.359922e+00 -3.708465e+00 -1.158850e+01 -2.280303e+00 -6.159982e+00 1.852691e+01 -5.923280e-01 -3.130909e-01 1.360808e+00 4.865198e-01 -1.327708e+00 -2.683872e-01 1.140204e+00 -1.565537e-01 -8.915409e-01 -1.471436e-02 5.522612e-01 9.288775e-02 -5.213565e-02 3.157375e-02 3.182564e-01 2.336368e-01 -5.691901e-01 -9.458846e-02 3.616264e-01 5.219152e-02 -4.228625e-01 2.293650e-02 3.597822e-01 2.881062e-02 -1.620904e-01 -2.971558e-02
<VARIANCE> 39
 6.425571e+00 9.764833e+00 1.981017e+01 2.419558e+01 2.885874e+01 1.776315e+01 3.884036e+01 3.255223e+01 4.659214e+01 3.887000e+01 3.430858e+01 3.411104e+01 1.525048e+00 1.633406e-01 5.914711e-01 6.367460e-01 1.980045e+00 7.715699e-01 1.823207e+00 1.053304e+00 2.307829e+00 1.240626e+00 1.946858e+00 1.064869e+00 1.293228e+00 8.977593e-03 2.596245e-02 5.244818e-02 1.077559e-01 1.227773e-01 3.162029e-01 1.590554e-01 4.062644e-01 1.859148e-01 3.425929e-01 2.133326e-01 2.683239e-01 1.720577e-01 8.707187e-04
<GCONST> 7.673698e+01
<STATE> 4
<MEAN> 39
 -3.841181e+00 -4.380181e+00 -1.380853e+00 -8.920088e+00 -3.196716e+00 -6.281982e+00 -2.462188e+00 -1.221242e+01 -5.214604e+00 -8.497526e+00 -2.664975e+00 -8.175471e+00 1.759471e+01 -3.696576e-03 5.640363e-01 2.622679e-01 -4.548995e-01 4.116559e-01 1.698910e-01 -3.735680e-01 -2.333217e-01 1.575200e-01 1.861189e-01 -2.807068e-02 1.649841e-01 -1.759986e-01 -2.107769e-02 -1.171216e-01 -2.145142e-01 1.096547e-01 8.704750e-02 -2.722269e-02 2.045596e-02 1.849961e-01 4.517069e-02 -7.363622e-02 3.749548e-02 8.076187e-02 -1.677499e-02
<VARIANCE> 39
 6.725616e+00 2.077661e+01 9.946254e+00 1.740464e+01 2.093879e+01 4.195578e+01 3.341082e+01 3.282930e+01 4.008433e+01 4.409937e+01 3.259618e+01 3.568711e+01 1.337939e+00 3.443298e-01 1.010750e+00 9.863700e-01 1.216703e+00 8.805141e-01 1.865041e+00 1.353860e+00 1.411843e+00 1.573529e+00 1.478437e+00 1.085055e+00 1.050132e+00 2.735216e-02 5.694391e-02 1.045753e-01 8.382142e-02 1.278463e-01 1.951442e-01 2.806747e-01 2.505354e-01 1.784448e-01 2.218369e-01 2.216927e-01 1.661903e-01 1.590880e-01 2.928949e-03
<GCONST> 7.987355e+01
<TRANSP> 5
 0.000000e+00 1.000000e+00 0.000000e+00 0.000000e+00 0.000000e+00
 0.000000e+00 9.096045e-01 9.039541e-02 0.000000e+00 0.000000e+00
 0.000000e+00 0.000000e+00 8.314073e-01 1.685926e-01 0.000000e+00
 0.000000e+00 0.000000e+00 0.000000e+00 9.086884e-01 9.131163e-02
 0.000000e+00 0.000000e+00 0.000000e+00 0.000000e+00 0.000000e+00
<ENDHMM>
~h "sil"
<BEGINHMM>
<NUMSTATES> 5
<STATE> 2
<MEAN> 39
 -5.629632e+00 -5.381874e+00 -3.959649e+00 -9.043993e+00 -2.191861e-01 -4.181956e+00 -1.412932e-01 -8.546725e+00 -2.498073e+00 -5.830971e+00 5.865694e-01 -4.487365e+00 1.512058e+01 -2.989975e-01 -2.485851e-01 -1.857899e-01 -5.062520e-02 6.953707e-02 1.348624e-01 8.168896e-02 -1.643733e-03 1.418132e-02 1.866474e-02 1.135568e-01 5.824590e-02 -1.518558e-01 2.366596e-02 -7.472947e-03 -3.844212e-02 -6.360456e-02 -7.384090e-02 -6.419971e-02 -4.217725e-02 -1.949024e-03 -3.811221e-03 -6.769934e-03 -1.693797e-02 -5.217358e-03 2.531347e-02
<VARIANCE> 39
 6.971166e+00 8.607542e+00 9.564893e+00 1.168489e+01 1.486953e+01 1.538818e+01 1.765946e+01 1.877708e+01 2.046501e+01 1.954522e+01 1.858398e+01 1.638754e+01 1.209582e+00 1.686662e-01 3.746081e-01 4.430746e-01 5.866198e-01 7.339925e-01 8.284989e-01 8.455020e-01 9.076108e-01 9.109302e-01 8.356504e-01 9.046675e-01 7.998175e-01 2.155280e-02 2.201154e-02 4.568586e-02 6.338260e-02 7.749977e-02 1.032745e-01 1.189166e-01 1.186156e-01 1.276629e-01 1.369569e-01 1.216473e-01 1.281471e-01 1.153789e-01 2.526400e-03
<GCONST> 5.922258e+01
<STATE> 3
<MEAN> 39
 -7.156939e+00 -7.236734e+00 -5.866395e+00 -1.018522e+01 -1.012347e+00 -4.339154e+00 -3.654397e-01 -8.603598e+00 -2.680012e+00 -5.571365e+00 1.005066e+00 -4.037417e+00 1.452098e+01 -3.584268e-03 4.973420e-03 -6.192465e-03 3.801514e-03 1.879205e-03 4.715798e-03 1.254868e-03 -9.875990e-03 -4.555649e-03 1.094672e-02 -2.631522e-04 2.492724e-03 -1.193124e-03 -2.367577e-04 4.887864e-03 2.877421e-03 5.286382e-03 1.315747e-03 2.870236e-03 5.485955e-04 5.853313e-03 2.717680e-03 -8.293774e-04 -4.062808e-03 -3.430440e-03 1.585007e-03
<VARIANCE> 39
 3.027166e+00 3.564783e+00 6.172708e+00 8.254448e+00 1.253747e+01 1.387374e+01 1.474216e+01 1.582845e+01 1.623780e+01 1.398252e+01 1.548318e+01 1.300188e+01 1.028431e+00 5.842907e-02 1.319094e-01 2.563354e-01 3.600305e-01 4.751973e-01 6.449598e-01 6.224145e-01 6.900988e-01 6.643436e-01 5.534236e-01 6.422849e-01 5.676932e-01 2.417421e-03 1.073369e-02 2.426564e-02 4.638901e-02 6.443688e-02 8.854954e-02 1.218526e-01 1.105602e-01 1.289115e-01 1.215520e-01 9.644405e-02 1.150023e-01 1.070999e-01 5.051140e-04
<GCONST> 4.276596e+01
<STATE> 4
<MEAN> 39
 -8.044108e+00 -6.369843e+00 -6.079112e+00 -1.016943e+01 -1.188545e+00 -4.700866e+00 -5.106555e-01 -8.720682e+00 -2.519547e+00 -5.941777e+00 9.985310e-01 -4.417085e+00 1.453677e+01 3.423333e-03 1.545875e-01 2.794363e-02 1.227876e-02 -7.638066e-02 -6.393965e-02 -6.564835e-02 4.920985e-02 -5.532672e-02 -8.987793e-02 -1.027088e-01 -6.833781e-02 4.891992e-02 4.561823e-02 5.645907e-02 2.690598e-02 -6.750859e-03 -2.035771e-03 -2.716311e-02 -1.659573e-02 -1.573690e-02 -1.398933e-02 -1.821266e-02 -3.889872e-02 -1.456902e-02 3.347780e-02
<VARIANCE> 39
 5.361447e+00 5.850628e+00 7.452224e+00 1.031434e+01 1.202342e+01 1.461873e+01 1.655215e+01 1.791416e+01 1.851075e+01 1.737205e+01 1.645255e+01 1.416318e+01 1.276581e+00 2.534414e-01 3.365528e-01 3.772620e-01 5.664122e-01 6.053329e-01 7.375286e-01 7.088112e-01 9.202848e-01 8.939198e-01 7.990488e-01 7.762736e-01 6.718948e-01 2.073158e-02 3.954311e-02 5.724535e-02 6.069196e-02 9.818352e-02 9.287859e-02 1.226492e-01 1.060877e-01 1.502725e-01 1.416596e-01 1.225172e-01 1.118091e-01 9.930003e-02 4.412927e-03
<GCONST> 5.788789e+01
<TRANSP> 5
 0.000000e+00 1.000000e+00 0.000000e+00 0.000000e+00 0.000000e+00
 0.000000e+00 7.692422e-01 2.307579e-01 0.000000e+00 0.000000e+00
 0.000000e+00 0.000000e+00 9.590835e-01 4.091652e-02 0.000000e+00
 0.000000e+00 0.000000e+00 0.000000e+00 7.109244e-01 2.890756e-01
 0.000000e+00 0.000000e+00 0.000000e+00 0.000000e+00 0.000000e+00
<ENDHMM>
~h "six"
<BEGINHMM>
<NUMSTATES> 5
<STATE> 2
<MEAN> 39
 -9.124295e+00 -4.836953e+00 -7.749949e+00 -8.266639e+00 -2.438857e+00 -2.834769e+00 -1.487292e+00 -7.798928e+00 -3.116517e+00 -4.969313e+00 3.618689e-01 -3.493941e+00 1.461232e+01 2.726814e-02 1.591591e-01 1.185999e-01 -3.531424e-01 -3.868238e-01 -2.528210e-01 -1.307454e-02 8.920126e-03 1.418941e-01 1.896523e-01 -1.204983e-01 9.512945e-03 1.277529e-01 1.224179e-01 8.574616e-02 1.920704e-01 -2.156928e-01 -1.443492e-01 -1.911087e-01 -1.348149e-02 -1.142857e-02 4.335984e-02 1.788303e-02 -7.846189e-02 -1.185633e-01 9.579257e-02
<VARIANCE> 39
 5.881856e+00 7.824515e+00 1.145771e+01 1.170149e+01 1.691564e+01 1.670037e+01 1.585943e+01 1.681437e+01 1.957148e+01 2.023767e+01 1.844873e+01 1.536605e+01 1.012899e+00 5.537620e-01 4.715973e-01 1.205764e+00 1.010493e+00 1.007775e+00 1.470687e+00 8.038238e-01 8.137797e-01 1.030869e+00 1.294180e+00 9.459646e-01 9.358563e-01 1.411679e-01 4.636098e-02 5.967521e-02 9.845394e-02 1.366895e-01 1.730452e-01 1.833199e-01 1.418879e-01 1.549592e-01 1.804593e-01 1.774092e-01 1.522813e-01 1.540163e-01 7.503505e-03
<GCONST> 7.075549e+01
<STATE> 3
<MEAN> 39
 -6.389795e+00 -1.255084e+00 -8.810620e-01 -1.937228e+01 -7.577193e+00 -8.493302e+00 -2.595069e+00 -6.569140e+00 3.325147e-02 -3.820273e+00 -2.226168e+00 -7.108534e+00 1.817332e+01 6.033788e-02 -1.004579e-01 1.973094e-01 -2.318163e-01 3.399071e-01 1.645808e-01 -1.732649e-01 1.224701e-01 4.917461e-02 -1.716382e-01 1.772009e-01 -6.580673e-03 -4.431785e-02 -7.081279e-02 -1.914884e-01 -2.624974e-01 4.212634e-01 2.477779e-01 2.067547e-01 8.841414e-02 -7.030383e-02 -1.214316e-01 -5.252286e-02 1.186420e-01 1.339913e-01 -1.487445e-01
<VARIANCE> 39
 7.367367e+00 9.635596e+00 1.569742e+01 2.776346e+01 5.692443e+01 3.167277e+01 3.629292e+01 2.495915e+01 3.438403e+01 5.661711e+01 3.469410e+01 3.674877e+01 1.645046e+00 3.757044e-01 7.674609e-01 1.271301e+00 3.640179e+00 2.695807e+00 1.950655e+00 1.896175e+00 1.366034e+00 1.928482e+00 2.033426e+00 1.879827e+00 2.011310e+00 3.396144e-01 6.646573e-02 6.525156e-02 1.520792e-01 2.585391e-01 3.130457e-01 3.120062e-01 3.695939e-01 2.303203e-01 2.922211e-01 3.375136e-01 2.687100e-01 2.614650e-01 1.433633e-02
<GCONST> 9.337854e+01
<STATE> 4
<MEAN> 39
 -8.222576e+00 -6.451437e+00 -6.277395e+00 -9.275581e+00 -2.415956e+00 -3.256268e+00 -9.182802e-01 -8.615625e+00 -2.795307e+00 -5.153826e+00 7.408614e-01 -4.248632e+00 1.464348e+01 -7.442143e-02 -1.118081e-01 -2.389876e-01 2.870741e-01 3.500231e-02 6.666956e-02 1.390738e-01 -4.188100e-02 -8.121280e-02 -2.483501e-03 7.366226e-03 3.130438e-02 -6.889642e-02 2.173760e-02 7.154373e-02 7.432566e-02 -1.248943e-01 -5.118541e-02 -6.603871e-02 -5.131233e-02 3.815523e-02 2.469897e-02 6.733113e-03 -2.995415e-02 -2.922750e-02 4.497594e-02
<VARIANCE> 39
 7.836406e+00 8.036999e+00 1.202002e+01 1.253897e+01 1.775490e+01 1.684576e+01 1.688475e+01 1.718216e+01 1.742179e+01 1.762553e+01 1.547864e+01 1.427368e+01 1.310077e+00 3.471872e-01 5.518961e-01 7.463472e-01 9.087881e-01 9.875026e-01 1.059264e+00 1.026785e+00 9.108874e-01 8.760955e-01 8.051556e-01 7.558445e-01 6.350734e-01 5.456962e-02 4.509159e-02 7.355037e-02 1.100384e-01 1.327705e-01 1.825924e-01 1.706938e-01 1.655958e-01 1.667245e-01 1.581869e-01 1.441439e-01 1.370199e-01 1.246721e-01 7.388053e-03
<GCONST> 6.779649e+01
<TRANSP> 5
 0.000000e+00 1.000000e+00 0.000000e+00 0.000000e+00 0.000000e+00
 0.000000e+00 9.049472e-01 9.505281e-02 0.000000e+00 0.000000e+00
 0.000000e+00 0.000000e+00 8.983328e-01 1.016672e-01 0.000000e+00
 0.000000e+00 0.000000e+00 0.000000e+00 9.437304e-01 5.626967e-02
 0.000000e+00 0.000000e+00 0.000000e+00 0.000000e+00 0.000000e+00
<ENDHMM>
~h "two"
<BEGINHMM>
<NUMSTATES> 5
<STATE> 2
<MEAN> 39
 -9.639380e+00 -4.513416e+00 -6.580733e+00 -9.863549e+00 -9.720721e-01 -4.070689e+00 -1.373343e+00 -8.179422e+00 -2.537152e+00 -5.722523e+00 1.014188e+00 -3.721768e+00 1.495430e+01 -3.758493e-02 2.631130e-01 2.263374e-01 -3.008481e-01 -8.029144e-02 -1.059092e-02 -1.952108e-01 2.048008e-02 1.192918e-01 3.786818e-02 -4.394467e-03 -2.839592e-02 9.347267e-02 1.950326e-01 9.726065e-02 2.115304e-01 -1.064899e-01 -1.587307e-01 -1.867033e-01 -1.174412e-01 -6.690828e-02 -2.515928e-02 -1.346560e-03 -7.481463e-02 -1.170505e-01 8.904146e-02
<VARIANCE> 39
 9.732290e+00 8.411867e+00 1.057139e+01 1.130263e+01 1.669864e+01 1.858915e+01 1.761610e+01 1.993475e+01 2.015008e+01 2.109536e+01 2.063023e+01 1.756303e+01 9.683683e-01 1.154743e+00 7.385867e-01 1.484535e+00 7.320566e-01 1.243841e+00 1.212138e+00 9.533133e-01 1.050649e+00 1.054677e+00 1.129718e+00 1.398423e+00 9.929963e-01 1.174519e-01 1.107616e-01 1.110961e-01 1.232448e-01 1.199814e-01 2.136392e-01 1.859784e-01 1.655751e-01 1.895574e-01 1.984027e-01 1.764035e-01 2.621551e-01 1.380706e-01 7.422640e-03
<GCONST> 7.620222e+01
<STATE> 3
<MEAN> 39
 -4.756926e+00 1.149320e+00 1.778225e+00 -1.527068e+01 -6.598805e+00 -9.672951e+00 -6.598327e+00 -1.044179e+01 -2.516045e+00 -5.320361e+00 -1.030022e+00 -7.239760e+00 1.830119e+01 7.193317e-01 5.999755e-01 8.360485e-01 -6.091873e-01 -1.201094e+00 -1.150002e+00 -6.212716e-01 -3.241048e-01 -7.638554e-02 1.074631e-01 -2.783294e-01 -6.924761e-01 4.804431e-01 -2.461665e-01 -2.219688e-01 -4.234547e-01 2.838059e-01 2.397683e-01 2.108274e-01 2.293689e-01 1.474371e-01 -1.436215e-02 5.922107e-03 1.442222e-01 1.762003e-01 -1.356786e-01
<VARIANCE> 39
 7.637055e+00 8.201179e+00 1.359603e+01 2.286913e+01 4.094153e+01 2.664878e+01 2.842986e+01 2.392865e+01 3.044523e+01 5.369550e+01 4.334023e+01 4.700751e+01 1.220934e+00 6.002335e-01 6.134157e-01 9.871254e-01 1.413978e+00 1.245543e+00 1.154155e+00 1.636978e+00 1.535898e+00 1.877875e+00 2.038629e+00 2.554883e+00 1.859359e+00 8.416651e-02 6.196135e-02 5.703236e-02 8.188550e-02 1.318223e-01 2.159619e-01 1.828538e-01 2.050726e-01 1.926454e-01 2.096131e-01 2.724445e-01 2.909153e-01 2.224142e-01 8.053106e-03
<GCONST> 8.427509e+01
<STATE> 4
<MEAN> 39
 -3.074160e+00 -2.498493e-01 -1.582081e-01 -1.281029e+01 -6.631963e+00 -1.135589e+01 -5.742243e+00 -1.003087e+01 -3.079259e+00 -5.508291e+00 -1.510180e-01 -7.402942e+00 1.806439e+01 2.856461e-02 -3.108900e-01 -3.225633e-01 4.777231e-01 4.160337e-01 2.897200e-01 2.823396e-01 6.164468e-02 -7.978732e-02 -2.571146e-03 1.468313e-01 2.523625e-01 -1.813450e-01 -7.879075e-02 -6.534903e-02 -4.715163e-02 -2.746929e-03 8.374646e-02 1.333992e-01 8.168759e-02 3.501743e-02 2.799209e-02 -2.889515e-03 -1.431953e-02 4.589157e-02 -4.147517e-02
<VARIANCE> 39
 6.126969e+00 7.980873e+00 1.202322e+01 3.019345e+01 3.252042e+01 2.281901e+01 3.197463e+01 3.246532e+01 4.006977e+01 4.282232e+01 5.143120e+01 4.045086e+01 1.492822e+00 2.866625e-01 2.399527e-01 4.425736e-01 6.655245e-01 9.312074e-01 1.150722e+00 1.105539e+00 1.194716e+00 1.057023e+00 1.124071e+00 1.145986e+00 1.082552e+00 3.967651e-02 3.091886e-02 3.306122e-02 5.466451e-02 9.506746e-02 1.114157e-01 1.450114e-01 1.389046e-01 1.749011e-01 1.699729e-01 1.672947e-01 1.672982e-01 1.557807e-01 3.008824e-03
<GCONST> 7.111191e+01
<TRANSP> 5
 0.000000e+00 1.000000e+00 0.000000e+00 0.000000e+00 0.000000e+00
 0.000000e+00 9.084745e-01 9.152548e-02 0.000000e+00 0.000000e+00
 0.000000e+00 0.000000e+00 7.698595e-01 2.301405e-01 0.000000e+00
 0.000000e+00 0.000000e+00 0.000000e+00 9.201574e-01 7.984260e-02
 0.000000e+00 0.000000e+00 0.000000e+00 0.000000e+00 0.000000e+00
<ENDHMM>
~h "nine"
<BEGINHMM>
<NUMSTATES> 5
<STATE> 2
<MEAN> 39
 -4.077330e+00 -3.898045e+00 -1.677265e+00 -8.971156e+00 -2.804490e+00 -6.378211e+00 -1.642723e+00 -1.116134e+01 -5.117403e+00 -8.041974e+00 -2.887749e+00 -7.734881e+00 1.762904e+01 -1.811325e-01 -6.858033e-01 -2.834640e-01 4.408270e-01 -4.285430e-01 2.355705e-01 4.030291e-01 -1.731195e-01 -1.880390e-02 -1.236191e-01 -8.592731e-02 -8.366857e-02 2.069311e-01 -5.922494e-02 -1.590375e-01 -1.030369e-01 1.132272e-01 -5.453408e-03 -1.169218e-03 5.204877e-02 4.893638e-02 3.952454e-02 9.370355e-03 7.326271e-02 3.877673e-02 -9.215205e-03
<VARIANCE> 39
 8.090951e+00 1.916342e+01 1.444466e+01 1.669296e+01 2.834809e+01 2.875756e+01 3.145666e+01 2.650790e+01 4.734473e+01 3.538877e+01 3.033126e+01 3.281607e+01 1.829772e+00 4.871427e-01 1.494062e+00 1.080494e+00 1.097170e+00 1.264090e+00 1.393836e+00 1.627390e+00 1.205140e+00 1.553539e+00 1.157374e+00 1.183340e+00 1.006628e+00 4.894994e-02 6.265619e-02 1.682044e-01 1.288502e-01 1.425366e-01 2.181607e-01 2.178717e-01 2.447257e-01 1.814127e-01 2.032963e-01 1.691315e-01 1.711285e-01 1.443605e-01 4.463007e-03
<GCONST> 8.221024e+01
<STATE> 3
<MEAN> 39
 -6.347527e+00 -1.160442e+01 -4.860510e+00 -2.734690e+00 -5.693742e+00 -5.250024e+00 1.736060e+00 -1.135922e+01 -5.539679e+00 -9.015328e+00 -1.699770e+00 -7.646741e+00 1.861514e+01 -1.102202e-01 9.686051e-02 2.307477e-01 -2.420474e-01 -2.305190e-02 2.140791e-01 -1.050663e-01 -8.696256e-02 1.959000e-01 5.474262e-02 -5.526766e-02 4.596740e-02 -2.113688e-02 2.517104e-03 1.935468e-01 6.929506e-02 -2.402585e-01 4.426288e-02 6.240288e-02 -1.060978e-01 1.121203e-02 7.537673e-02 -1.084899e-02 -6.778219e-02 2.441986e-02 -1.480030e-02
<VARIANCE> 39
 7.253240e+00 8.472351e+00 2.450037e+01 3.236935e+01 1.900658e+01 3.083622e+01 3.095137e+01 3.397374e+01 4.391690e+01 4.150163e+01 2.842895e+01 3.075454e+01 1.006125e+00 8.384607e-02 3.840280e-01 4.111280e-01 1.132712e+00 5.000370e-01 6.241729e-01 5.587698e-01 5.153651e-01 6.511035e-01 6.707069e-01 6.806693e-01 5.420507e-01 4.827252e-03 1.133340e-02 3.005360e-02 4.127556e-02 5.547937e-02 7.264968e-02 7.246985e-02 7.391030e-02 8.095074e-02 8.281076e-02 8.716506e-02 7.873286e-02 7.922963e-02 3.983415e-04
<GCONST> 5.405603e+01
<STATE> 4
<MEAN> 39
 -5.408941e+00 -2.488682e+00 -1.320186e+00 -1.141012e+01 -1.443080e+00 -5.341778e+00 -3.676828e+00 -1.048140e+01 -3.509034e+00 -8.117120e+00 -2.930948e+00 -6.527741e+00 1.769447e+01 2.317154e-01 5.105914e-01 -3.092560e-03 -1.016934e-01 4.411196e-01 -2.479254e-01 -2.011424e-01 2.756165e-01 -1.277939e-01 8.107463e-02 2.108437e-01 1.169408e-01 -1.723584e-01 -2.715089e-02 -1.583067e-01 -8.625385e-02 1.474570e-01 -3.839136e-02 -6.090564e-03 1.204325e-01 1.985705e-02 -5.447896e-02 4.231457e-02 7.832301e-02 -9.554837e-03 -2.023011e-02
<VARIANCE> 39
 1.166846e+01 1.632529e+01 1.132170e+01 2.321636e+01 3.171844e+01 3.320292e+01 3.064791e+01 2.993113e+01 4.733532e+01 3.817848e+01 3.626937e+01 3.985386e+01 1.211661e+00 5.065153e-01 1.171872e+00 6.359946e-01 1.643075e+00 1.303741e+00 1.550629e+00 1.528432e+00 1.269756e+00 1.658819e+00 1.184174e+00 1.105880e+00 1.068939e+00 2.538142e-02 7.071384e-02 8.681954e-02 9.031532e-02 1.779845e-01 1.819097e-01 2.449437e-01 1.820611e-01 2.039852e-01 2.436527e-01 1.943311e-01 1.735394e-01 1.451956e-01 2.221677e-03
<GCONST> 8.083682e+01
<TRANSP> 5
 0.000000e+00 1.000000e+00 0.000000e+00 0.000000e+00 0.000000e+00
 0.000000e+00 9.012508e-01 9.874913e-02 0.000000e+00 0.000000e+00
 0.000000e+00 0.000000e+00 9.153502e-01 8.464977e-02 0.000000e+00
 0.000000e+00 0.000000e+00 0.000000e+00 9.176028e-01 8.239719e-02
 0.000000e+00 0.000000e+00 0.000000e+00 0.000000e+00 0.000000e+00
<ENDHMM>
~h "five"
<BEGINHMM>
<NUMSTATES> 5
<STATE> 2
<MEAN> 39
 -6.145298e+00 -8.579067e+00 -7.592478e+00 -9.225046e+00 -4.230645e-01 -6.121465e+00 6.969610e-03 -6.825413e+00 -3.778208e+00 -6.490660e+00 -3.219453e-01 -4.546302e+00 1.643808e+01 1.117978e-01 -6.872110e-01 -4.785918e-01 3.255060e-01 2.195613e-01 -2.712115e-01 2.421208e-01 2.802692e-01 -3.435879e-01 -1.302721e-01 -1.266204e-01 1.667048e-02 2.472797e-01 -1.688012e-03 -5.660903e-03 5.737719e-02 4.688831e-02 -1.725684e-02 -3.236450e-02 -1.989581e-02 -4.941051e-02 -1.732895e-02 2.411527e-02 1.546303e-02 -1.459347e-02 2.061846e-02
<VARIANCE> 39
 1.125222e+01 1.815386e+01 1.972011e+01 1.332428e+01 1.796992e+01 2.025480e+01 1.944230e+01 3.697228e+01 2.612189e+01 2.326819e+01 2.203223e+01 1.616224e+01 4.948134e+00 7.423182e-01 6.844242e-01 8.868372e-01 8.866002e-01 8.226769e-01 1.096099e+00 9.428284e-01 1.701124e+00 1.496833e+00 1.271831e+00 1.231869e+00 8.357614e-01 2.129118e-01 1.004225e-01 1.065271e-01 1.570923e-01 1.148708e-01 1.338450e-01 1.695190e-01 1.473376e-01 2.760080e-01 2.348384e-01 1.802754e-01 1.906100e-01 1.286198e-01 2.516604e-02
<GCONST> 8.141045e+01
<STATE> 3
<MEAN> 39
 -5.829909e+00 -1.543208e+01 -8.489591e+00 -3.791502e+00 1.364196e+00 -9.061790e+00 2.480586e+00 -7.543464e+00 -7.266443e+00 -5.482922e+00 -5.596447e-01 -4.576599e+00 1.903887e+01 -1.610333e-01 9.881298e-02 4.891211e-01 -2.808346e-01 -2.718478e-01 4.465795e-01 6.804518e-02 -3.852472e-01 3.469789e-02 2.820536e-01 5.019211e-02 -7.338861e-02 -4.962920e-02 4.119491e-02 1.198991e-01 1.074242e-02 -1.944130e-01 -5.746678e-02 8.541077e-02 -2.819497e-02 2.903880e-02 6.260717e-02 -5.057393e-02 -7.345670e-02 -1.855368e-02 -1.597168e-02
<VARIANCE> 39
 9.235520e+00 9.516521e+00 2.487405e+01 2.134832e+01 1.890436e+01 2.361058e+01 1.802779e+01 4.020387e+01 4.783452e+01 4.513332e+01 2.691066e+01 2.542698e+01 1.368736e+00 9.077754e-02 1.726025e-01 2.727430e-01 6.954151e-01 5.202826e-01 5.777696e-01 5.082269e-01 5.121689e-01 6.401092e-01 6.122530e-01 5.999653e-01 4.835856e-01 5.997586e-03 1.192115e-02 2.521031e-02 3.123387e-02 4.833078e-02 5.224700e-02 5.349389e-02 5.804963e-02 6.689397e-02 9.045379e-02 8.805467e-02 6.807323e-02 7.103813e-02 9.688303e-04
<GCONST> 5.083685e+01
<STATE> 4
<MEAN> 39
 -5.452401e+00 -7.798195e+00 -3.664724e+00 -1.292934e+01 -3.057852e+00 -3.760870e+00 1.120415e+00 -8.346091e+00 -3.888039e+00 -5.631059e+00 -1.734033e+00 -5.653007e+00 1.761938e+01 6.896123e-02 9.293824e-01 2.307979e-01 -1.987883e-01 -1.315931e-01 -8.908917e-02 -2.932282e-01 7.891075e-02 3.928495e-01 -1.370573e-01 7.672824e-02 1.233714e-02 -2.762189e-01 -4.002639e-02 -7.254066e-02 -8.900336e-02 1.945955e-01 1.092604e-01 -8.830164e-02 -1.665553e-02 -4.516197e-03 -4.075463e-02 1.309690e-02 7.345113e-02 3.240537e-02 -1.782534e-02
<VARIANCE> 39
 7.533137e+00 2.308251e+01 1.185585e+01 2.986160e+01 3.748623e+01 2.150838e+01 2.415422e+01 3.057126e+01 4.223596e+01 2.629448e+01 2.688212e+01 2.787960e+01 2.629518e+00 3.400312e-01 7.374029e-01 6.409166e-01 2.733146e+00 1.682087e+00 1.393089e+00 9.393058e-01 1.417222e+00 1.594574e+00 1.266555e+00 1.316848e+00 1.013080e+00 6.819272e-02 5.715517e-02 1.022110e-01 9.524719e-02 3.009315e-01 2.342666e-01 2.509230e-01 1.675267e-01 2.084453e-01 2.011775e-01 1.717468e-01 2.163429e-01 1.726192e-01 9.082113e-03
<GCONST> 8.298357e+01
<TRANSP> 5
 0.000000e+00 1.000000e+00 0.000000e+00 0.000000e+00 0.000000e+00
 0.000000e+00 9.300392e-01 6.996083e-02 0.000000e+00 0.000000e+00
 0.000000e+00 0.000000e+00 9.152319e-01 8.476809e-02 0.000000e+00
 0.000000e+00 0.000000e+00 0.000000e+00 8.980054e-01 1.019946e-01
 0.000000e+00 0.000000e+00 0.000000e+00 0.000000e+00 0.000000e+00
<ENDHMM>
~h "four"
<BEGINHMM>
<NUMSTATES> 5
<STATE> 2
<MEAN> 39
 -7.667614e+00 -6.677808e+00 -5.470641e+00 -9.688792e+00 -1.112550e+00 -4.543476e+00 -5.189730e-01 -8.559962e+00 -2.271121e+00 -5.732479e+00 1.121440e+00 -4.080835e+00 1.494338e+01 3.138357e-01 1.474963e-02 -3.778507e-01 -2.939831e-01 -1.125255e-01 -9.205812e-02 -1.320306e-01 -8.569770e-03 1.231802e-01 1.055110e-01 -1.625140e-02 -4.077192e-02 1.258386e-01 2.438173e-01 9.813482e-02 -1.170318e-01 -1.288143e-01 -5.303991e-02 -1.112579e-01 -1.097985e-01 -1.808096e-02 -8.184102e-03 7.009537e-03 -7.390761e-02 -1.029496e-01 1.065350e-01
<VARIANCE> 39
 4.657704e+00 4.193451e+00 6.876489e+00 8.704023e+00 1.156782e+01 1.418993e+01 1.488089e+01 1.611071e+01 1.489992e+01 1.410061e+01 1.539704e+01 1.167687e+01 9.116803e-01 1.047066e+00 4.639238e-01 5.766307e-01 6.437171e-01 6.049650e-01 9.842697e-01 9.577667e-01 8.519986e-01 8.544642e-01 7.821125e-01 1.037500e+00 8.674546e-01 1.654569e-01 5.929432e-02 5.711765e-02 1.015155e-01 1.069120e-01 1.041819e-01 1.638891e-01 1.311691e-01 1.613808e-01 1.551103e-01 1.347689e-01 1.544513e-01 1.329648e-01 6.555352e-03
<GCONST> 6.410861e+01
<STATE> 3
<MEAN> 39
 1.545542e+00 -3.506071e+00 -1.204609e+01 -1.693926e+01 -4.004881e+00 -6.246487e+00 -3.255047e+00 -8.958976e+00 -1.451340e+00 -3.992062e+00 3.068376e-01 -6.856421e+00 1.889500e+01 3.433107e-01 -1.623348e-01 -3.558477e-01 -7.217044e-02 6.820398e-02 -2.290271e-02 -2.270717e-01 1.736721e-01 3.472252e-01 1.047987e-01 -2.364447e-01 -2.329478e-01 1.594964e-01 -1.728062e-01 -1.511379e-01 1.446060e-01 2.267973e-01 4.013358e-02 -2.949182e-02 4.305372e-02 1.087216e-01 4.690733e-02 -7.877222e-02 -5.253191e-02 5.703614e-02 -6.698091e-02
<VARIANCE> 39
 4.227960e+00 1.022245e+01 1.029036e+01 1.432916e+01 2.460276e+01 1.721146e+01 1.818636e+01 1.709347e+01 2.334695e+01 2.481169e+01 3.750479e+01 3.594286e+01 1.115800e+00 5.912058e-01 7.438594e-01 7.231894e-01 1.240829e+00 9.895769e-01 7.948632e-01 9.115146e-01 9.642962e-01 1.307602e+00 1.180656e+00 1.372135e+00 1.243437e+00 1.038316e-01 4.871599e-02 4.642924e-02 9.628295e-02 8.305278e-02 1.340594e-01 1.435021e-01 1.544317e-01 1.396361e-01 1.799932e-01 1.932645e-01 2.021902e-01 1.820074e-01 7.090522e-03
<GCONST> 7.298954e+01
<STATE> 4
<MEAN> 39
 -5.429463e-01 -1.072220e+01 -7.323119e+00 -8.565816e+00 -5.391745e+00 -8.704766e+00 -2.323944e+00 -4.895527e+00 1.832079e-01 -7.540123e+00 -3.910874e+00 -7.426217e+00 1.840887e+01 -6.129126e-01 7.465038e-02 1.055966e+00 4.896528e-01 -3.433497e-01 7.616244e-02 5.981668e-01 -1.811750e-01 -6.240199e-01 -3.440996e-01 1.658252e-01 3.014710e-01 -2.432765e-01 -9.001639e-02 2.380780e-01 -4.453148e-02 -1.996030e-01 1.165280e-01 1.960449e-01 3.099991e-02 -1.858954e-01 -1.287930e-01 1.032561e-01 1.745549e-01 4.439851e-02 -4.962718e-02
<VARIANCE> 39
 7.333423e+00 1.779958e+01 3.181578e+01 1.828339e+01 4.522202e+01 3.700929e+01 3.509687e+01 4.319406e+01 4.621205e+01 3.482880e+01 3.460003e+01 3.076935e+01 1.741629e+00 2.971708e-01 1.587486e+00 9.179294e-01 1.626264e+00 2.564564e+00 2.221741e+00 1.718491e+00 2.564770e+00 1.885271e+00 1.705947e+00 1.829050e+00 1.123808e+00 5.832913e-02 2.926799e-02 1.346432e-01 2.064868e-01 1.690598e-01 4.288346e-01 2.940587e-01 3.516556e-01 3.668474e-01 3.851869e-01 2.816707e-01 3.092501e-01 2.124644e-01 3.411653e-03
<GCONST> 9.085587e+01
<TRANSP> 5
 0.000000e+00 1.000000e+00 0.000000e+00 0.000000e+00 0.000000e+00
 0.000000e+00 9.011176e-01 9.888241e-02 0.000000e+00 0.000000e+00
 0.000000e+00 0.000000e+00 9.186853e-01 8.131475e-02 0.000000e+00
 0.000000e+00 0.000000e+00 0.000000e+00 8.810120e-01 1.189880e-01
 0.000000e+00 0.000000e+00 0.000000e+00 0.000000e+00 0.000000e+00
<ENDHMM>
~h "zero"
<BEGINHMM>
<NUMSTATES> 5
<STATE> 2
<MEAN> 39
 -6.758173e+00 -3.060532e+00 -4.886794e+00 -7.466863e+00 -1.265788e+00 -3.807552e+00 -1.414098e+00 -8.519994e+00 -3.457348e+00 -5.106208e+00 5.901266e-01 -4.556122e+00 1.523185e+01 -8.170497e-02 3.317759e-01 1.413686e-01 -3.041171e-01 -2.133192e-01 -2.737593e-01 -1.777331e-01 -1.205095e-01 1.233098e-01 2.201353e-01 -1.254931e-02 -1.799466e-04 1.060412e-01 6.806261e-02 1.068907e-01 1.512870e-01 -2.256985e-01 -1.459333e-01 -2.462532e-01 -6.497090e-02 -7.538819e-02 6.202346e-02 1.080061e-02 -2.262780e-02 -5.403141e-02 8.252074e-02
<VARIANCE> 39
 7.745604e+00 1.028858e+01 1.429242e+01 1.360914e+01 1.783327e+01 1.930373e+01 1.877950e+01 1.949847e+01 2.377083e+01 2.085608e+01 1.977659e+01 1.678326e+01 1.208742e+00 4.211672e-01 7.290790e-01 1.003664e+00 9.500195e-01 8.893786e-01 1.750820e+00 9.589456e-01 1.102061e+00 1.068043e+00 8.963278e-01 1.006095e+00 1.001623e+00 1.192539e-01 5.258036e-02 9.179002e-02 1.144091e-01 1.198336e-01 1.237964e-01 1.946423e-01 1.597987e-01 1.730609e-01 1.607243e-01 1.399859e-01 1.706397e-01 1.584596e-01 7.959141e-03
<GCONST> 7.320310e+01
<STATE> 3
<MEAN> 39
 -5.592327e+00 3.955318e-01 8.077530e-01 -1.662427e+01 -7.707249e+00 -9.225020e+00 -4.660082e+00 -8.628913e+00 -4.997142e-02 -3.802484e+00 1.258468e-01 -6.759883e+00 1.834422e+01 3.379149e-01 -6.247941e-01 4.887858e-01 -2.657181e-01 -1.102035e+00 1.290306e-01 1.548041e-01 1.538522e-01 3.349333e-01 -5.399707e-02 2.665105e-02 -1.553153e-01 1.949303e-01 4.521540e-02 -2.660769e-01 -1.692012e-01 3.433270e-01 9.396100e-03 1.403285e-01 1.908158e-01 7.234597e-02 -7.128276e-02 -4.766162e-02 -7.064891e-03 6.281434e-02 -6.165056e-02
<VARIANCE> 39
 7.281281e+00 1.915911e+01 1.718733e+01 2.744013e+01 5.847326e+01 3.936472e+01 3.189042e+01 4.336213e+01 3.246246e+01 3.001805e+01 3.379706e+01 4.995004e+01 1.156447e+00 4.295122e-01 1.775875e+00 8.555173e-01 2.664613e+00 1.664700e+00 2.654130e+00 1.727384e+00 1.475448e+00 1.340086e+00 1.175761e+00 1.141518e+00 1.379974e+00 7.314244e-02 5.099222e-02 1.107144e-01 1.223853e-01 1.857533e-01 2.375445e-01 3.918628e-01 2.244569e-01 2.434572e-01 2.200195e-01 1.773840e-01 1.724214e-01 2.131545e-01 4.550986e-03
<GCONST> 8.729034e+01
<STATE> 4
<MEAN> 39
 -1.649559e+00 -9.930117e+00 -4.550300e+00 -9.837090e+00 -9.202920e+00 -8.373464e+00 4.404265e-02 -4.373060e+00 -3.070272e-01 -6.662804e+00 -1.066608e+00 -5.913484e+00 1.846300e+01 -1.717672e-03 4.104577e-02 -4.249462e-01 2.122244e-01 6.903456e-01 -3.667697e-02 1.310313e-02 7.659411e-02 -1.453036e-01 -9.953745e-02 -4.259004e-02 5.561100e-02 -9.980539e-02 -8.147389e-02 1.027286e-01 5.154657e-02 -8.308208e-02 8.996809e-02 7.159717e-02 -5.898282e-02 -6.223071e-02 -2.369937e-02 2.519721e-02 2.527990e-02 8.757444e-03 -2.410392e-02
<VARIANCE> 39
 6.049096e+00 2.022753e+01 2.591802e+01 2.576328e+01 6.116906e+01 5.180338e+01 3.776207e+01 3.636257e+01 4.391717e+01 3.594053e+01 2.597993e+01 3.311923e+01 1.509333e+00 3.012061e-01 8.277465e-01 7.833852e-01 1.013892e+00 1.236915e+00 1.841354e+00 1.590089e+00 1.897714e+00 1.647464e+00 1.476163e+00 1.053238e+00 9.581063e-01 3.797204e-02 2.902777e-02 5.182398e-02 8.361213e-02 1.130989e-01 1.905690e-01 2.371269e-01 2.060658e-01 2.034619e-01 2.219543e-01 2.011818e-01 1.522517e-01 1.418979e-01 2.415668e-03
<GCONST> 8.034365e+01
<TRANSP> 5
 0.000000e+00 1.000000e+00 0.000000e+00 0.000000e+00 0.000000e+00
 0.000000e+00 8.903300e-01 1.096700e-01 0.000000e+00 0.000000e+00
 0.000000e+00 0.000000e+00 8.972680e-01 1.027320e-01 0.000000e+00
 0.000000e+00 0.000000e+00 0.000000e+00 9.447610e-01 5.523902e-02
 0.000000e+00 0.000000e+00 0.000000e+00 0.000000e+00 0.000000e+00
<ENDHMM>
