~o
<STREAMINFO> 1 39
<VECSIZE> 39<NULLD><MFCC_E_D_A><DIAGC>
~h "eight"
<BEGINHMM>
<NUMSTATES> 5
<STATE> 2
<MEAN> 39
 -7.524248e+00 -3.425485e+00 -5.693404e+00 -1.668126e+01 -6.472207e-01 -5.182418e+00 5.464623e-01 -6.746665e+00 -1.554758e+00 -6.763822e+00 -1.027578e+00 -5.331581e+00 1.714911e+01 -1.900202e-01 7.575283e-01 -8.186732e-02 -7.814765e-01 3.923817e-02 -4.145827e-01 5.498385e-02 2.968002e-01 3.011548e-01 4.553762e-02 -9.449654e-02 -9.567290e-02 2.139844e-01 3.509383e-02 8.254610e-02 1.092657e-02 8.963257e-02 -4.104019e-02 -1.680771e-01 -8.082496e-02 -2.284054e-02 2.705581e-02 6.061812e-02 5.858053e-02 -4.581015e-03 3.466700e-03
<VARIANCE> 39
 1.075576e+01 2.305831e+01 1.835775e+01 3.944753e+01 4.045811e+01 2.353713e+01 2.441502e+01 2.433813e+01 3.137294e+01 2.547065e+01 2.575901e+01 2.447310e+01 3.380898e+00 3.360930e-01 9.651089e-01 6.847407e-01 1.411190e+00 1.254019e+00 1.634324e+00 1.348157e+00 1.128211e+00 1.374385e+00 1.216730e+00 1.140042e+00 1.007759e+00 1.229797e-01 4.082865e-02 8.491869e-02 8.461756e-02 2.011359e-01 1.478592e-01 1.778297e-01 1.529720e-01 1.814239e-01 2.320960e-01 1.695074e-01 1.833575e-01 1.573080e-01 1.323970e-02
<GCONST> 8.183727e+01
<STATE> 3
<MEAN> 39
 -7.935271e+00 5.475980e+00 -4.908610e+00 -1.664729e+01 -2.357275e+00 -1.441935e+01 -3.035204e+00 -8.590776e+00 -1.333267e+00 -4.426887e+00 9.894330e-01 -5.287225e+00 1.807283e+01 2.038409e-01 -4.290122e-01 1.808105e-01 9.720474e-01 1.361366e-01 6.933583e-02 -3.419808e-01 -6.694542e-01 -5.148320e-01 -4.112856e-02 2.100352e-01 1.945938e-01 -2.363271e-01 1.021297e-02 -3.328926e-01 -3.043232e-02 6.396203e-02 4.254458e-02 3.532499e-01 1.234168e-01 5.585641e-02 -2.347429e-02 -9.194013e-02 -6.257255e-02 3.917799e-03 -6.257655e-02
<VARIANCE> 39
 9.284453e+00 1.350717e+01 2.250879e+01 3.248522e+01 1.967650e+01 2.420524e+01 5.254560e+01 3.438115e+01 4.415730e+01 2.637298e+01 3.191333e+01 2.703312e+01 1.959812e+00 2.642206e-01 1.895689e+00 4.088293e-01 7.647222e-01 7.868133e-01 2.502151e+00 1.307327e+00 1.116771e+00 1.804252e+00 1.195111e+00 1.398760e+00 1.008693e+00 6.759372e-02 3.641361e-02 9.029843e-02 5.905559e-02 1.265768e-01 9.250864e-02 1.745033e-01 1.630073e-01 2.078774e-01 2.767938e-01 1.690441e-01 1.958872e-01 1.643071e-01 4.024225e-03
<GCONST> 7.874338e+01
<STATE> 4
<MEAN> 39
 -7.116768e+00 -6.541066e+00 -5.514879e+00 -1.004293e+01 -1.215374e+00 -4.682481e+00 -8.409406e-01 -8.921489e+00 -3.019660e+00 -5.935845e+00 9.428731e-01 -4.004977e+00 1.468662e+01 -7.179799e-02 -3.660488e-01 -1.176299e-01 1.204244e-01 -4.112490e-02 3.696102e-01 1.855420e-01 1.810012e-01 1.167377e-01 8.797303e-03 1.649059e-02 9.387961e-03 -9.300600e-02 -5.685289e-03 1.757349e-01 1.040002e-02 -6.684019e-02 -1.211833e-02 -1.464314e-01 -4.599063e-02 -1.503954e-02 -6.331488e-03 2.179366e-02 -5.186100e-03 -1.391516e-02 4.871765e-02
<VARIANCE> 39
 4.560895e+00 6.159155e+00 8.314761e+00 9.574124e+00 1.262567e+01 1.589434e+01 1.697651e+01 1.696683e+01 1.732072e+01 1.627313e+01 1.523353e+01 1.399438e+01 1.034502e+00 2.099294e-01 8.405249e-01 4.288094e-01 5.955234e-01 4.862396e-01 1.170447e+00 9.931200e-01 8.546666e-01 9.812964e-01 7.909760e-01 7.432477e-01 7.057064e-01 4.874194e-02 3.460034e-02 9.647739e-02 7.128514e-02 1.091524e-01 9.177044e-02 1.887645e-01 1.756934e-01 1.504275e-01 1.623781e-01 1.354730e-01 1.324254e-01 1.272722e-01 4.818405e-03
<GCONST> 6.216208e+01
<TRANSP> 5
 0.000000e+00 1.000000e+00 0.000000e+00 0.000000e+00 0.000000e+00
 0.000000e+00 9.121922e-01 8.780774e-02 0.000000e+00 0.000000e+00
 0.000000e+00 0.000000e+00 8.976275e-01 1.023725e-01 0.000000e+00
 0.000000e+00 0.000000e+00 0.000000e+00 9.213891e-01 7.861084e-02
 0.000000e+00 0.000000e+00 0.000000e+00 0.000000e+00 0.000000e+00
<ENDHMM>
~h "oh"
<BEGINHMM>
<NUMSTATES> 5
<STATE> 2
<MEAN> 39
 -5.072906e+00 -9.817536e+00 -7.833376e+00 -8.759861e+00 -2.347719e+00 -7.078435e+00 2.847755e+00 -7.616874e+00 -4.773004e+00 -6.878154e+00 -1.687973e+00 -4.955315e+00 1.721407e+01 4.015585e-01 -2.821494e-01 -5.485501e-01 2.171545e-01 1.401627e-01 -4.945689e-01 2.322910e-01 5.781040e-01 -1.037486e-01 -3.932609e-01 -3.404421e-01 -6.349500e-02 2.903814e-01 6.013420e-02 8.892391e-02 -1.210267e-02 -5.544872e-02 1.547173e-02 -6.012470e-02 -1.276604e-01 1.861854e-02 1.092551e-01 1.494745e-03 -5.272238e-02 -5.050194e-02 1.424377e-02
<VARIANCE> 39
 8.382304e+00 1.228220e+01 1.538583e+01 1.591970e+01 2.185689e+01 2.340161e+01 2.846190e+01 5.757658e+01 3.748622e+01 3.054210e+01 2.663984e+01 2.711323e+01 3.812014e+00 4.045049e-01 5.595050e-01 6.603169e-01 6.405978e-01 7.460979e-01 1.180177e+00 1.235327e+00 1.815302e+00 1.533159e+00 1.309644e+00 1.311777e+00 1.082004e+00 1.254167e-01 4.813059e-02 7.023270e-02 8.521727e-02 8.555458e-02 1.118070e-01 1.482320e-01 1.609972e-01 2.226749e-01 2.095436e-01 1.953586e-01 2.000352e-01 1.548820e-01 1.713554e-02
<GCONST> 7.894449e+01
<STATE> 3
<MEAN> 39
 -4.965996e-01 -8.085562e+00 -1.303811e+01 -1.018378e+01 -8.909647e-01 -1.201037e+01 -8.892376e-01 -1.284797e+00 1.939152e-01 -7.884274e+00 -5.009707e+00 -6.855097e+00 1.903839e+01 2.239072e-01 4.083353e-01 -6.301404e-03 -3.375471e-01 -6.150921e-02 -1.964755e-02 -6.569722e-01 -2.515009e-01 6.164273e-01 5.838704e-01 3.178512e-02 -3.234860e-01 -1.058154e-02 -4.688025e-02 2.213277e-02 1.000644e-01 -1.014053e-02 -5.009495e-02 8.897687e-02 1.630274e-02 -1.447878e-01 -8.520340e-02 7.581969e-02 1.148444e-01 2.391836e-02 -2.662398e-02
<VARIANCE> 39
 6.028923e+00 9.347387e+00 1.555831e+01 1.589685e+01 1.975419e+01 2.333680e+01 4.428231e+01 3.314378e+01 4.055782e+01 3.755698e+01 3.123152e+01 3.914726e+01 1.183734e+00 8.543304e-02 1.427004e-01 2.976719e-01 2.936640e-01 3.913098e-01 5.535882e-01 7.245921e-01 1.116325e+00 7.998047e-01 8.947311e-01 8.656509e-01 6.944234e-01 1.391792e-02 1.175630e-02 1.537127e-02 3.537053e-02 3.572029e-02 4.852974e-02 7.178193e-02 8.156146e-02 1.012436e-01 1.109301e-01 1.074997e-01 9.628420e-02 9.289261e-02 1.245801e-03
<GCONST> 5.396378e+01
<STATE> 4
<MEAN> 39
 -7.418170e-01 -3.730195e+00 -8.383333e+00 -1.248796e+01 -3.622055e+00 -9.300146e+00 -4.000159e+00 -8.066671e+00 -2.979416e-01 -3.366244e+00 3.569718e-01 -6.248672e+00 1.795417e+01 -5.069020e-01 1.203026e-01 7.350002e-01 2.727177e-01 1.213535e-02 5.559241e-01 3.365017e-01 -4.405238e-01 -5.363584e-01 -1.885732e-01 3.968891e-01 4.349112e-01 -2.802317e-01 -1.126523e-01 -1.140013e-01 -2.907859e-02 7.595474e-02 9.950962e-02 8.985820e-02 1.345923e-01 9.031345e-02 -3.953856e-02 -1.066727e-01 -6.855576e-02 5.315382e-02 -3.464304e-02
<VARIANCE> 39
 9.361489e+00 7.810176e+00 2.079552e+01 1.825479e+01 1.941330e+01 2.692006e+01 3.110310e+01 2.683558e+01 3.199027e+01 4.008417e+01 3.906119e+01 3.790240e+01 2.412500e+00 3.826952e-01 4.593657e-01 5.507360e-01 6.217662e-01 8.842404e-01 1.264738e+00 1.251874e+00 1.298648e+00 1.305791e+00 1.263465e+00 1.279159e+00 1.245754e+00 5.453462e-02 3.299577e-02 4.469836e-02 8.896653e-02 8.728103e-02 1.096992e-01 1.661355e-01 1.871797e-01 1.997285e-01 2.127136e-01 2.068776e-01 1.755926e-01 1.748503e-01 4.194855e-03
<GCONST> 7.532735e+01
<TRANSP> 5
 0.000000e+00 1.000000e+00 0.000000e+00 0.000000e+00 0.000000e+00
 0.000000e+00 9.027608e-01 9.723922e-02 0.000000e+00 0.000000e+00
 0.000000e+00 0.000000e+00 9.042472e-01 9.575286e-02 0.000000e+00
 0.000000e+00 0.000000e+00 0.000000e+00 8.838430e-01 1.161570e-01
 0.000000e+00 0.000000e+00 0.000000e+00 0.000000e+00 0.000000e+00
<ENDHMM>
~h "seven"
<BEGINHMM>
<NUMSTATES> 5
<STATE> 2
<MEAN> 39
 -8.806629e+00 -4.769281e+00 -7.050015e+00 -8.596655e+00 -2.107393e+00 -3.131448e+00 -1.276509e+00 -8.136147e+00 -2.909429e+00 -5.214479e+00 6.799276e-01 -3.793395e+00 1.484347e+01 4.741053e-02 -4.084798e-02 -4.356886e-02 -3.256977e-01 -2.671272e-01 -1.353341e-01 2.667654e-01 1.513751e-02 1.375777e-01 -7.739123e-04 -2.047792e-01 -6.332356e-02 1.080877e-01 1.303974e-01 9.204493e-03 8.983017e-02 -1.476355e-01 -1.309363e-01 -1.120194e-01 8.732990e-02 -1.238425e-02 2.002498e-02 -2.644502e-02 -8.712242e-02 -9.269763e-02 9.199264e-02
<VARIANCE> 39
 8.340019e+00 1.013035e+01 1.380079e+01 1.310764e+01 1.612601e+01 1.582008e+01 1.759687e+01 1.745255e+01 1.826360e+01 1.723364e+01 1.706742e+01 1.463344e+01 9.047274e-01 7.144133e-01 4.608479e-01 8.613429e-01 9.991095e-01 9.701378e-01 1.283294e+00 9.959620e-01 8.575954e-01 1.029544e+00 1.155908e+00 9.210115e-01 9.517398e-01 1.512428e-01 5.368435e-02 6.783886e-02 9.750188e-02 1.360510e-01 1.662412e-01 1.770664e-01 1.648983e-01 1.456985e-01 1.700096e-01 1.546173e-01 1.450090e-01 1.504834e-01 8.093954e-03
<GCONST> 7.123420e+01
<STATE> 3
<MEAN> 39
 -5.558075e+00 -7.172778e+00 -5.193472e+00 -1.591174e+01 -6.355659e+00 -4.897009e+00 4.772487e+00 -8.475009e+00 -2.770160e+00 -6.761119e+00 -3.975050e+00 -6.626518e+00 1.896182e+01 1.894532e-01 -2.722632e-01 1.233811e-01 3.882817e-02 -6.137378e-02 -1.088002e-01 2.446588e-01 2.681849e-01 -2.807252e-01 -5.543007e-02 -6.964487e-02 -1.107269e-01 1.236368e-01 -4.177998e-02 7.839749e-02 1.111911e-02 2.926458e-01 1.553699e-01 -2.480876e-02 -2.548968e-01 3.867893e-02 -2.091179e-02 1.592026e-02 1.771704e-01 7.159715e-02 -1.270850e-01
<VARIANCE> 39
 9.614647e+00 1.303328e+01 9.436706e+00 1.827779e+01 4.580248e+01 3.937847e+01 3.187668e+01 3.950835e+01 4.652962e+01 5.849231e+01 3.255419e+01 3.130153e+01 1.240813e+00 4.410258e-01 5.954198e-01 4.993327e-01 1.548395e+00 1.671524e+00 1.672650e+00 1.827650e+00 1.089302e+00 1.392667e+00 1.776832e+00 1.809613e+00 1.326400e+00 2.114268e-01 8.204690e-02 9.001198e-02 9.646609e-02 1.114838e-01 2.523419e-01 2.721471e-01 1.781217e-01 1.666770e-01 2.018927e-01 2.407534e-01 2.262372e-01 1.834979e-01 6.062319e-03
<GCONST> 8.474817e+01
<STATE> 4
<MEAN> 39
 -3.244347e+00 -3.881844e+00 -1.891207e+00 -9.521952e+00 -3.365988e+00 -8.015697e+00 -1.088914e+00 -8.732973e+00 -4.324260e+00 -7.120053e+00 -1.906874e+00 -7.105269e+00 1.713248e+01 1.768522e-02 2.205678e-01 1.049622e-01 2.065503e-01 3.193777e-01 1.039528e-01 -2.925326e-01 -2.637353e-01 8.569293e-02 -1.439437e-02 1.277888e-01 4.227570e-02 -1.184134e-01 -5.595603e-02 -7.367292e-02 -7.384455e-02 -8.778009e-02 -2.233355e-02 9.372202e-02 1.106988e-01 -4.596864e-03 1.866150e-02 1.745088e-02 -3.220639e-02 2.023126e-02 1.415731e-02
<VARIANCE> 39
 4.974843e+00 1.019478e+01 9.926721e+00 1.395349e+01 2.822469e+01 3.043304e+01 2.586529e+01 4.089539e+01 3.293282e+01 3.570397e+01 3.328819e+01 2.974881e+01 1.533693e+00 2.533935e-01 5.250467e-01 5.539056e-01 8.538669e-01 1.339955e+00 1.253491e+00 1.628739e+00 1.363172e+00 1.438485e+00 1.411172e+00 1.273564e+00 9.896297e-01 9.358778e-02 3.738632e-02 7.812217e-02 8.698366e-02 1.507716e-01 2.341878e-01 2.027751e-01 2.726199e-01 2.366434e-01 2.360256e-01 2.409610e-01 2.174078e-01 1.500708e-01 1.437088e-02
<GCONST> 7.928017e+01
<TRANSP> 5
 0.000000e+00 1.000000e+00 0.000000e+00 0.000000e+00 0.000000e+00
 0.000000e+00 9.125740e-01 8.742604e-02 0.000000e+00 0.000000e+00
 0.000000e+00 0.000000e+00 9.003658e-01 9.963417e-02 0.000000e+00
 0.000000e+00 0.000000e+00 0.000000e+00 9.365581e-01 6.344189e-02
 0.000000e+00 0.000000e+00 0.000000e+00 0.000000e+00 0.000000e+00
<ENDHMM>
~h "three"
<BEGINHMM>
<NUMSTATES> 5
<STATE> 2
<MEAN> 39
 -7.753081e+00 -6.035266e+00 -4.949138e+00 -1.011976e+01 -8.176893e-01 -4.845856e+00 -5.887954e-01 -8.498262e+00 -2.602043e+00 -5.425550e+00 9.830296e-01 -3.779383e+00 1.488863e+01 1.181816e-01 -8.363592e-02 2.207187e-01 -4.797684e-02 -4.167403e-01 -2.858675e-01 -6.849108e-02 1.494106e-02 7.425301e-02 3.189591e-02 1.361441e-02 4.316207e-04 9.208676e-02 1.742196e-01 2.254012e-02 1.428289e-01 1.951395e-03 -2.577676e-01 -1.755563e-01 -7.574129e-02 -1.877700e-02 1.537908e-02 -9.218404e-03 -3.924778e-02 -7.054537e-02 8.471628e-02
<VARIANCE> 39
 5.400873e+00 6.329597e+00 9.779342e+00 1.060192e+01 1.435539e+01 1.431225e+01 1.606517e+01 1.761143e+01 1.951330e+01 1.776078e+01 1.686058e+01 1.459230e+01 1.170455e+00 7.019925e-01 5.235445e-01 8.963118e-01 7.510098e-01 1.499185e+00 1.312560e+00 9.016344e-01 1.036179e+00 9.999576e-01 9.323084e-01 9.825643e-01 9.153206e-01 1.193093e-01 5.916817e-02 9.076454e-02 9.846701e-02 1.380231e-01 2.011591e-01 1.855362e-01 1.564496e-01 2.030749e-01 1.781607e-01 1.662449e-01 1.641534e-01 1.611113e-01 4.958384e-03
<GCONST> 7.052036e+01
<STATE> 3
<MEAN> 39
 -2.518136e+00 -6.783541e+00 2.449298e+00 -1.140186e+01 -1.369865e+01 -9.363333e+00 -3.152535e+00 -9.428355e+00 -9.455352e-03 -5.130504e+00 1.270092e-01 -5.735047e+00 1.823541e+01 -6.862393e-02 4.227090e-01 6.951848e-01 -1.049856e+00 -3.996580e-01 3.060279e-01 -8.254075e-01 1.096437e-01 3.076174e-01 -2.807262e-02 6.153163e-02 -1.674224e-01 2.367504e-01 -2.156734e-01 2.146464e-01 -2.005197e-01 -1.428206e-01 5.230278e-01 4.712700e-02 -5.942071e-02 1.143476e-01 -1.140713e-01 -2.023172e-02 2.135187e-02 3.956064e-02 -6.774376e-02
<VARIANCE> 39
 6.507145e+00 1.457567e+01 2.008426e+01 4.937635e+01 4.245368e+01 6.100885e+01 3.522879e+01 3.826531e+01 3.064140e+01 2.820659e+01 3.707790e+01 3.334343e+01 1.447085e+00 9.619798e-01 1.476627e+00 9.228623e-01 2.725314e+00 4.895082e+00 3.382431e+00 2.206999e+00 1.969152e+00 1.296619e+00 1.095892e+00 1.152278e+00 1.164600e+00 6.899487e-02 6.798207e-02 1.290743e-01 1.773857e-01 3.907520e-01 3.806303e-01 6.812702e-01 3.772545e-01 2.755093e-01 2.400974e-01 1.746557e-01 1.705918e-01 1.637535e-01 3.908584e-03
<GCONST> 9.265437e+01
<STATE> 4
<MEAN> 39
 -6.590555e+00 3.298165e+00 -7.803020e-01 -1.672949e+01 -2.106746e+00 -1.135582e+01 -6.399227e+00 -7.962150e+00 -3.159433e+00 -5.505670e+00 -3.370694e-01 -6.525783e+00 1.789479e+01 -2.820236e-02 6.330429e-02 -6.391540e-01 7.253036e-01 7.234865e-01 -1.648790e-01 5.492605e-01 -8.268324e-02 -3.564612e-01 1.203103e-02 -7.059456e-02 5.073449e-02 -1.956445e-01 5.814843e-02 -2.881116e-01 2.508513e-03 1.697357e-01 -2.211511e-01 1.819720e-01 1.647820e-01 -6.734937e-02 9.742322e-02 8.240834e-03 2.041608e-02 2.496870e-02 -3.092089e-02
<VARIANCE> 39
 7.580468e+00 1.700898e+01 1.909991e+01 3.484709e+01 2.704760e+01 2.948793e+01 4.823343e+01 4.778474e+01 3.321849e+01 3.976923e+01 4.240160e+01 3.677537e+01 1.619884e+00 3.151345e-01 1.882924e+00 6.700024e-01 1.043734e+00 1.834893e+00 2.559862e+00 1.467143e+00 1.693773e+00 1.384672e+00 1.287924e+00 1.031998e+00 9.705025e-01 3.582555e-02 4.748388e-02 9.098802e-02 9.640409e-02 2.205422e-01 1.814732e-01 2.352882e-01 2.696370e-01 2.497845e-01 1.837021e-01 1.709959e-01 1.443272e-01 1.353045e-01 2.469564e-03
<GCONST> 8.276381e+01
<TRANSP> 5
 0.000000e+00 1.000000e+00 0.000000e+00 0.000000e+00 0.000000e+00
 0.000000e+00 9.016224e-01 9.837762e-02 0.000000e+00 0.000000e+00
 0.000000e+00 0.000000e+00 8.936676e-01 1.063324e-01 0.000000e+00
 0.000000e+00 0.000000e+00 0.000000e+00 9.153335e-01 8.466649e-02
 0.000000e+00 0.000000e+00 0.000000e+00 0.000000e+00 0.000000e+00
<ENDHMM>
~h "one"
<BEGINHMM>
<NUMSTATES> 5
<STATE> 2
<MEAN> 39
 -4.518803e-01 -3.402784e+00 -8.443933e+00 -1.270263e+01 -1.875606e+00 -5.987661e+00 -2.275723e+00 -8.867911e+00 -2.601641e+00 -6.646011e+00 -1.475403e+00 -7.365994e+00 1.769859e+01 2.103997e-01 -3.606904e-01 -7.771858e-01 3.866609e-01 4.274688e-01 9.435680e-02 -2.048136e-01 2.134635e-01 1.819848e-01 -2.419251e-01 -3.084223e-01 -2.085044e-01 1.796984e-01 -1.118917e-01 -1.460598e-01 2.928783e-02 2.153362e-01 1.225142e-02 -9.389174e-02 -2.919302e-03 1.044305e-01 5.143840e-03 -7.578694e-02 2.515466e-03 7.602517e-02 -1.570835e-02
<VARIANCE> 39
 5.495453e+00 8.375301e+00 3.133023e+01 2.276519e+01 2.856288e+01 2.622849e+01 2.260917e+01 2.060509e+01 2.743981e+01 2.315637e+01 3.019645e+01 3.007906e+01 2.038592e+00 4.331115e-01 7.311464e-01 9.486060e-01 2.139369e+00 1.343967e+00 1.366099e+00 1.271947e+00 1.039806e+00 1.139394e+00 9.681922e-01 1.111005e+00 9.685554e-01 5.947198e-02 3.949683e-02 5.502414e-02 1.856310e-01 2.318593e-01 2.499858e-01 2.470843e-01 2.300212e-01 1.749950e-01 1.963440e-01 1.583900e-01 1.854133e-01 1.750184e-01 4.527906e-03
<GCONST> 7.904119e+01
<STATE> 3
<MEAN> 39
 -2.465532e+00 -1.063755e+01 -1.057806e+01 -1.816899e+00 -8.205515e-01 -9.426733e+00 -2.030190e+00 -4.359922e+00 -3.708465e+00 -1.158850e+01 -2.280303e+00 -6.159982e+00 1.852691e+01 -5.923280e-01 -3.130908e-01 1.360808e+00 4.865195e-01 -1.327708e+00 -2.683871e-01 1.140204e+00 -1.565538e-01 -8.915409e-01 -1.471417e-02 5.522612e-01 9.288776e-02 -5.213566e-02 3.157376e-02 3.182565e-01 2.336368e-01 -5.691901e-01 -9.458837e-02 3.616264e-01 5.219142e-02 -4.228625e-01 2.293656e-02 3.597822e-01 2.881058e-02 -1.620904e-01 -2.971558e-02
<VARIANCE> 39
 6.425571e+00 9.764833e+00 1.981017e+01 2.419558e+01 2.885874e+01 1.776315e+01 3.884035e+01 3.255223e+01 4.659214e+01 3.887000e+01 3.430857e+01 3.411103e+01 1.525048e+00 1.633406e-01 5.914711e-01 6.367459e-01 1.980045e+00 7.715698e-01 1.823207e+00 1.053303e+00 2.307829e+00 1.240626e+00 1.946858e+00 1.064869e+00 1.293228e+00 8.977591e-03 2.596244e-02 5.244817e-02 1.077559e-01 1.227772e-01 3.162028e-01 1.590554e-01 4.062643e-01 1.859148e-01 3.425928e-01 2.133325e-01 2.683239e-01 1.720577e-01 8.707187e-04
<GCONST> 7.673698e+01
<STATE> 4
<MEAN> 39
 -3.841181e+00 -4.380180e+00 -1.380853e+00 -8.920088e+00 -3.196716e+00 -6.281982e+00 -2.462188e+00 -1.221242e+01 -5.214604e+00 -8.497525e+00 -2.664975e+00 -8.175470e+00 1.759471e+01 -3.696639e-03 5.640361e-01 2.622678e-01 -4.548995e-01 4.116560e-01 1.698910e-01 -3.735679e-01 -2.333216e-01 1.575200e-01 1.861188e-01 -2.807065e-02 1.649841e-01 -1.759987e-01 -2.107771e-02 -1.171217e-01 -2.145142e-01 1.096547e-01 8.704747e-02 -2.722270e-02 2.045599e-02 1.849961e-01 4.517069e-02 -7.363620e-02 3.749549e-02 8.076186e-02 -1.677499e-02
<VARIANCE> 39
 6.725616e+00 2.077661e+01 9.946253e+00 1.740464e+01 2.093879e+01 4.195579e+01 3.341082e+01 3.282930e+01 4.008434e+01 4.409937e+01 3.259618e+01 3.568711e+01 1.337940e+00 3.443299e-01 1.010751e+00 9.863700e-01 1.216703e+00 8.805146e-01 1.865041e+00 1.353861e+00 1.411843e+00 1.573529e+00 1.478437e+00 1.085055e+00 1.050133e+00 2.735217e-02 5.694390e-02 1.045753e-01 8.382142e-02 1.278463e-01 1.951443e-01 2.806747e-01 2.505354e-01 1.784448e-01 2.218369e-01 2.216928e-01 1.661903e-01 1.590880e-01 2.928950e-03
<GCONST> 7.987355e+01
<TRANSP> 5
 0.000000e+00 1.000000e+00 0.000000e+00 0.000000e+00 0.000000e+00
 0.000000e+00 9.096045e-01 9.039541e-02 0.000000e+00 0.000000e+00
 0.000000e+00 0.000000e+00 8.314074e-01 1.685926e-01 0.000000e+00
 0.000000e+00 0.000000e+00 0.000000e+00 9.086883e-01 9.131166e-02
 0.000000e+00 0.000000e+00 0.000000e+00 0.000000e+00 0.000000e+00
<ENDHMM>
~h "sil"
<BEGINHMM>
<NUMSTATES> 5
<STATE> 2
<MEAN> 39
 -5.629632e+00 -5.381875e+00 -3.959649e+00 -9.043992e+00 -2.191850e-01 -4.181953e+00 -1.412919e-01 -8.546724e+00 -2.498072e+00 -5.830971e+00 5.865706e-01 -4.487364e+00 1.512058e+01 -2.989976e-01 -2.485852e-01 -1.857902e-01 -5.062558e-02 6.953686e-02 1.348621e-01 8.168884e-02 -1.643783e-03 1.418115e-02 1.866479e-02 1.135567e-01 5.824581e-02 -1.518558e-01 2.366603e-02 -7.472876e-03 -3.844211e-02 -6.360454e-02 -7.384093e-02 -6.419979e-02 -4.217732e-02 -1.949080e-03 -3.811249e-03 -6.769937e-03 -1.693802e-02 -5.217407e-03 2.531349e-02
<VARIANCE> 39
 6.971165e+00 8.607539e+00 9.564895e+00 1.168489e+01 1.486954e+01 1.538818e+01 1.765945e+01 1.877707e+01 2.046502e+01 1.954523e+01 1.858399e+01 1.638753e+01 1.209582e+00 1.686661e-01 3.746082e-01 4.430745e-01 5.866196e-01 7.339925e-01 8.284988e-01 8.455017e-01 9.076107e-01 9.109299e-01 8.356504e-01 9.046677e-01 7.998177e-01 2.155278e-02 2.201154e-02 4.568587e-02 6.338260e-02 7.749979e-02 1.032745e-01 1.189167e-01 1.186156e-01 1.276629e-01 1.369568e-01 1.216473e-01 1.281471e-01 1.153789e-01 2.526400e-03
<GCONST> 5.922258e+01
<STATE> 3
<MEAN> 39
 -7.156939e+00 -7.236734e+00 -5.866395e+00 -1.018522e+01 -1.012347e+00 -4.339154e+00 -3.654398e-01 -8.603598e+00 -2.680011e+00 -5.571365e+00 1.005066e+00 -4.037417e+00 1.452098e+01 -3.584285e-03 4.973441e-03 -6.192487e-03 3.801510e-03 1.879180e-03 4.715781e-03 1.254828e-03 -9.875976e-03 -4.555680e-03 1.094670e-02 -2.631654e-04 2.492711e-03 -1.193122e-03 -2.367545e-04 4.887876e-03 2.877430e-03 5.286399e-03 1.315745e-03 2.870241e-03 5.485804e-04 5.853301e-03 2.717666e-03 -8.293829e-04 -4.062809e-03 -3.430431e-03 1.585009e-03
<VARIANCE> 39
 3.027167e+00 3.564784e+00 6.172710e+00 8.254449e+00 1.253747e+01 1.387375e+01 1.474216e+01 1.582846e+01 1.623780e+01 1.398252e+01 1.548318e+01 1.300188e+01 1.028432e+00 5.842913e-02 1.319095e-01 2.563355e-01 3.600307e-01 4.751975e-01 6.449598e-01 6.224145e-01 6.900988e-01 6.643437e-01 5.534238e-01 6.422850e-01 5.676934e-01 2.417422e-03 1.073370e-02 2.426565e-02 4.638902e-02 6.443691e-02 8.854955e-02 1.218526e-01 1.105602e-01 1.289115e-01 1.215520e-01 9.644405e-02 1.150024e-01 1.070999e-01 5.051141e-04
<GCONST> 4.276597e+01
<STATE> 4
<MEAN> 39
 -8.044108e+00 -6.369842e+00 -6.079112e+00 -1.016942e+01 -1.188545e+00 -4.700867e+00 -5.106550e-01 -8.720682e+00 -2.519547e+00 -5.941778e+00 9.985307e-01 -4.417085e+00 1.453677e+01 3.423376e-03 1.545876e-01 2.794372e-02 1.227887e-02 -7.638064e-02 -6.393962e-02 -6.564826e-02 4.921005e-02 -5.532657e-02 -8.987796e-02 -1.027088e-01 -6.833790e-02 4.891995e-02 4.561828e-02 5.645912e-02 2.690599e-02 -6.750969e-03 -2.035797e-03 -2.716317e-02 -1.659573e-02 -1.573689e-02 -1.398930e-02 -1.821264e-02 -3.889873e-02 -1.456907e-02 3.347783e-02
<VARIANCE> 39
 5.361448e+00 5.850628e+00 7.452226e+00 1.031433e+01 1.202342e+01 1.461873e+01 1.655215e+01 1.791415e+01 1.851075e+01 1.737204e+01 1.645255e+01 1.416318e+01 1.276580e+00 2.534415e-01 3.365529e-01 3.772619e-01 5.664122e-01 6.053327e-01 7.375281e-01 7.088112e-01 9.202839e-01 8.939192e-01 7.990487e-01 7.762734e-01 6.718945e-01 2.073159e-02 3.954313e-02 5.724537e-02 6.069193e-02 9.818345e-02 9.287855e-02 1.226491e-01 1.060877e-01 1.502724e-01 1.416596e-01 1.225171e-01 1.118091e-01 9.929998e-02 4.412926e-03
<GCONST> 5.788788e+01
<TRANSP> 5
 0.000000e+00 1.000000e+00 0.000000e+00 0.000000e+00 0.000000e+00
 0.000000e+00 7.692419e-01 2.307581e-01 0.000000e+00 0.000000e+00
 0.000000e+00 0.000000e+00 9.590835e-01 4.091652e-02 0.000000e+00
 0.000000e+00 0.000000e+00 0.000000e+00 7.109239e-01 2.890761e-01
 0.000000e+00 0.000000e+00 0.000000e+00 0.000000e+00 0.000000e+00
<ENDHMM>
~h "six"
<BEGINHMM>
<NUMSTATES> 5
<STATE> 2
<MEAN> 39
 -9.124295e+00 -4.836953e+00 -7.749949e+00 -8.266639e+00 -2.438857e+00 -2.834769e+00 -1.487292e+00 -7.798928e+00 -3.116517e+00 -4.969313e+00 3.618690e-01 -3.493941e+00 1.461232e+01 2.726813e-02 1.591592e-01 1.185999e-01 -3.531424e-01 -3.868237e-01 -2.528210e-01 -1.307458e-02 8.920158e-03 1.418941e-01 1.896524e-01 -1.204983e-01 9.512884e-03 1.277529e-01 1.224180e-01 8.574616e-02 1.920704e-01 -2.156928e-01 -1.443492e-01 -1.911087e-01 -1.348148e-02 -1.142856e-02 4.335985e-02 1.788302e-02 -7.846189e-02 -1.185633e-01 9.579257e-02
<VARIANCE> 39
 5.881856e+00 7.824515e+00 1.145771e+01 1.170149e+01 1.691563e+01 1.670037e+01 1.585943e+01 1.681437e+01 1.957149e+01 2.023768e+01 1.844873e+01 1.536605e+01 1.012899e+00 5.537620e-01 4.715973e-01 1.205764e+00 1.010492e+00 1.007774e+00 1.470687e+00 8.038241e-01 8.137797e-01 1.030869e+00 1.294180e+00 9.459646e-01 9.358563e-01 1.411679e-01 4.636098e-02 5.967520e-02 9.845393e-02 1.366895e-01 1.730452e-01 1.833199e-01 1.418879e-01 1.549592e-01 1.804593e-01 1.774092e-01 1.522814e-01 1.540163e-01 7.503507e-03
<GCONST> 7.075549e+01
<STATE> 3
<MEAN> 39
 -6.389795e+00 -1.255084e+00 -8.810621e-01 -1.937228e+01 -7.577194e+00 -8.493301e+00 -2.595069e+00 -6.569140e+00 3.325146e-02 -3.820273e+00 -2.226168e+00 -7.108535e+00 1.817332e+01 6.033787e-02 -1.004580e-01 1.973093e-01 -2.318161e-01 3.399071e-01 1.645808e-01 -1.732648e-01 1.224700e-01 4.917457e-02 -1.716383e-01 1.772009e-01 -6.580662e-03 -4.431789e-02 -7.081280e-02 -1.914884e-01 -2.624973e-01 4.212634e-01 2.477778e-01 2.067547e-01 8.841415e-02 -7.030384e-02 -1.214316e-01 -5.252282e-02 1.186420e-01 1.339913e-01 -1.487445e-01
<VARIANCE> 39
 7.367367e+00 9.635596e+00 1.569742e+01 2.776347e+01 5.692443e+01 3.167277e+01 3.629292e+01 2.495915e+01 3.438404e+01 5.661711e+01 3.469410e+01 3.674877e+01 1.645047e+00 3.757044e-01 7.674609e-01 1.271302e+00 3.640179e+00 2.695808e+00 1.950655e+00 1.896175e+00 1.366034e+00 1.928482e+00 2.033426e+00 1.879827e+00 2.011311e+00 3.396145e-01 6.646573e-02 6.525157e-02 1.520792e-01 2.585391e-01 3.130457e-01 3.120063e-01 3.695939e-01 2.303203e-01 2.922211e-01 3.375136e-01 2.687100e-01 2.614650e-01 1.433634e-02
<GCONST> 9.337854e+01
<STATE> 4
<MEAN> 39
 -8.222577e+00 -6.451437e+00 -6.277395e+00 -9.275581e+00 -2.415956e+00 -3.256267e+00 -9.182801e-01 -8.615625e+00 -2.795307e+00 -5.153826e+00 7.408613e-01 -4.248632e+00 1.464348e+01 -7.442150e-02 -1.118081e-01 -2.389876e-01 2.870741e-01 3.500225e-02 6.666961e-02 1.390737e-01 -4.188105e-02 -8.121280e-02 -2.483473e-03 7.366193e-03 3.130437e-02 -6.889642e-02 2.173761e-02 7.154374e-02 7.432567e-02 -1.248943e-01 -5.118543e-02 -6.603874e-02 -5.131235e-02 3.815525e-02 2.469894e-02 6.733107e-03 -2.995414e-02 -2.922750e-02 4.497594e-02
<VARIANCE> 39
 7.836405e+00 8.036999e+00 1.202002e+01 1.253897e+01 1.775489e+01 1.684576e+01 1.688476e+01 1.718216e+01 1.742179e+01 1.762553e+01 1.547864e+01 1.427367e+01 1.310077e+00 3.471871e-01 5.518960e-01 7.463470e-01 9.087874e-01 9.875025e-01 1.059264e+00 1.026785e+00 9.108874e-01 8.760955e-01 8.051554e-01 7.558444e-01 6.350733e-01 5.456959e-02 4.509158e-02 7.355036e-02 1.100384e-01 1.327705e-01 1.825923e-01 1.706938e-01 1.655957e-01 1.667245e-01 1.581869e-01 1.441439e-01 1.370199e-01 1.246721e-01 7.388052e-03
<GCONST> 6.779649e+01
<TRANSP> 5
 0.000000e+00 1.000000e+00 0.000000e+00 0.000000e+00 0.000000e+00
 0.000000e+00 9.049472e-01 9.505279e-02 0.000000e+00 0.000000e+00
 0.000000e+00 0.000000e+00 8.983328e-01 1.016672e-01 0.000000e+00
 0.000000e+00 0.000000e+00 0.000000e+00 9.437304e-01 5.626967e-02
 0.000000e+00 0.000000e+00 0.000000e+00 0.000000e+00 0.000000e+00
<ENDHMM>
~h "two"
<BEGINHMM>
<NUMSTATES> 5
<STATE> 2
<MEAN> 39
 -9.639381e+00 -4.513417e+00 -6.580734e+00 -9.863549e+00 -9.720725e-01 -4.070688e+00 -1.373343e+00 -8.179422e+00 -2.537152e+00 -5.722523e+00 1.014189e+00 -3.721768e+00 1.495430e+01 -3.758490e-02 2.631131e-01 2.263374e-01 -3.008482e-01 -8.029144e-02 -1.059087e-02 -1.952108e-01 2.048008e-02 1.192919e-01 3.786821e-02 -4.394463e-03 -2.839590e-02 9.347272e-02 1.950327e-01 9.726068e-02 2.115304e-01 -1.064899e-01 -1.587308e-01 -1.867033e-01 -1.174412e-01 -6.690830e-02 -2.515928e-02 -1.346559e-03 -7.481464e-02 -1.170505e-01 8.904146e-02
<VARIANCE> 39
 9.732286e+00 8.411868e+00 1.057139e+01 1.130263e+01 1.669864e+01 1.858915e+01 1.761610e+01 1.993475e+01 2.015008e+01 2.109536e+01 2.063022e+01 1.756303e+01 9.683680e-01 1.154743e+00 7.385864e-01 1.484535e+00 7.320563e-01 1.243842e+00 1.212138e+00 9.533132e-01 1.050649e+00 1.054677e+00 1.129717e+00 1.398422e+00 9.929960e-01 1.174518e-01 1.107616e-01 1.110961e-01 1.232447e-01 1.199814e-01 2.136392e-01 1.859784e-01 1.655751e-01 1.895574e-01 1.984027e-01 1.764035e-01 2.621552e-01 1.380706e-01 7.422640e-03
<GCONST> 7.620222e+01
<STATE> 3
<MEAN> 39
 -4.756927e+00 1.149319e+00 1.778225e+00 -1.527068e+01 -6.598805e+00 -9.672950e+00 -6.598327e+00 -1.044179e+01 -2.516044e+00 -5.320362e+00 -1.030021e+00 -7.239759e+00 1.830119e+01 7.193317e-01 5.999754e-01 8.360484e-01 -6.091871e-01 -1.201094e+00 -1.150002e+00 -6.212713e-01 -3.241048e-01 -7.638560e-02 1.074630e-01 -2.783295e-01 -6.924760e-01 4.804431e-01 -2.461664e-01 -2.219688e-01 -4.234546e-01 2.838059e-01 2.397683e-01 2.108273e-01 2.293689e-01 1.474370e-01 -1.436219e-02 5.922078e-03 1.442221e-01 1.762002e-01 -1.356786e-01
<VARIANCE> 39
 7.637054e+00 8.201178e+00 1.359603e+01 2.286913e+01 4.094153e+01 2.664877e+01 2.842987e+01 2.392865e+01 3.044523e+01 5.369547e+01 4.334023e+01 4.700749e+01 1.220935e+00 6.002334e-01 6.134157e-01 9.871255e-01 1.413978e+00 1.245543e+00 1.154155e+00 1.636978e+00 1.535898e+00 1.877874e+00 2.038628e+00 2.554882e+00 1.859359e+00 8.416656e-02 6.196135e-02 5.703236e-02 8.188548e-02 1.318223e-01 2.159619e-01 1.828539e-01 2.050726e-01 1.926454e-01 2.096131e-01 2.724445e-01 2.909153e-01 2.224142e-01 8.053112e-03
<GCONST> 8.427508e+01
<STATE> 4
<MEAN> 39
 -3.074160e+00 -2.498498e-01 -1.582086e-01 -1.281029e+01 -6.631963e+00 -1.135589e+01 -5.742243e+00 -1.003087e+01 -3.079259e+00 -5.508292e+00 -1.510176e-01 -7.402941e+00 1.806439e+01 2.856451e-02 -3.108900e-01 -3.225634e-01 4.777231e-01 4.160338e-01 2.897202e-01 2.823396e-01 6.164468e-02 -7.978729e-02 -2.571136e-03 1.468312e-01 2.523625e-01 -1.813450e-01 -7.879077e-02 -6.534903e-02 -4.715159e-02 -2.746964e-03 8.374638e-02 1.333992e-01 8.168756e-02 3.501742e-02 2.799210e-02 -2.889522e-03 -1.431957e-02 4.589155e-02 -4.147515e-02
<VARIANCE> 39
 6.126971e+00 7.980875e+00 1.202322e+01 3.019345e+01 3.252042e+01 2.281902e+01 3.197464e+01 3.246533e+01 4.006977e+01 4.282232e+01 5.143120e+01 4.045087e+01 1.492822e+00 2.866626e-01 2.399528e-01 4.425736e-01 6.655246e-01 9.312075e-01 1.150723e+00 1.105539e+00 1.194716e+00 1.057023e+00 1.124072e+00 1.145987e+00 1.082553e+00 3.967653e-02 3.091886e-02 3.306122e-02 5.466452e-02 9.506746e-02 1.114157e-01 1.450114e-01 1.389046e-01 1.749011e-01 1.699730e-01 1.672947e-01 1.672982e-01 1.557807e-01 3.008824e-03
<GCONST> 7.111192e+01
<TRANSP> 5
 0.000000e+00 1.000000e+00 0.000000e+00 0.000000e+00 0.000000e+00
 0.000000e+00 9.084745e-01 9.152549e-02 0.000000e+00 0.000000e+00
 0.000000e+00 0.000000e+00 7.698596e-01 2.301404e-01 0.000000e+00
 0.000000e+00 0.000000e+00 0.000000e+00 9.201574e-01 7.984260e-02
 0.000000e+00 0.000000e+00 0.000000e+00 0.000000e+00 0.000000e+00
<ENDHMM>
~h "nine"
<BEGINHMM>
<NUMSTATES> 5
<STATE> 2
<MEAN> 39
 -4.077330e+00 -3.898045e+00 -1.677266e+00 -8.971156e+00 -2.804491e+00 -6.378209e+00 -1.642722e+00 -1.116134e+01 -5.117402e+00 -8.041975e+00 -2.887750e+00 -7.734882e+00 1.762904e+01 -1.811326e-01 -6.858033e-01 -2.834640e-01 4.408270e-01 -4.285430e-01 2.355705e-01 4.030291e-01 -1.731195e-01 -1.880392e-02 -1.236191e-01 -8.592725e-02 -8.366856e-02 2.069311e-01 -5.922492e-02 -1.590376e-01 -1.030369e-01 1.132273e-01 -5.453391e-03 -1.169191e-03 5.204877e-02 4.893639e-02 3.952454e-02 9.370352e-03 7.326270e-02 3.877674e-02 -9.215209e-03
<VARIANCE> 39
 8.090950e+00 1.916342e+01 1.444466e+01 1.669295e+01 2.834809e+01 2.875756e+01 3.145665e+01 2.650789e+01 4.734473e+01 3.538875e+01 3.033126e+01 3.281607e+01 1.829772e+00 4.871427e-01 1.494062e+00 1.080494e+00 1.097170e+00 1.264090e+00 1.393836e+00 1.627390e+00 1.205140e+00 1.553539e+00 1.157374e+00 1.183340e+00 1.006628e+00 4.894993e-02 6.265618e-02 1.682044e-01 1.288502e-01 1.425365e-01 2.181606e-01 2.178717e-01 2.447256e-01 1.814127e-01 2.032963e-01 1.691315e-01 1.711285e-01 1.443605e-01 4.463008e-03
<GCONST> 8.221024e+01
<STATE> 3
<MEAN> 39
 -6.347526e+00 -1.160442e+01 -4.860510e+00 -2.734689e+00 -5.693743e+00 -5.250024e+00 1.736060e+00 -1.135922e+01 -5.539680e+00 -9.015328e+00 -1.699770e+00 -7.646741e+00 1.861514e+01 -1.102202e-01 9.686047e-02 2.307477e-01 -2.420474e-01 -2.305195e-02 2.140791e-01 -1.050663e-01 -8.696257e-02 1.959000e-01 5.474265e-02 -5.526765e-02 4.596740e-02 -2.113688e-02 2.517101e-03 1.935468e-01 6.929507e-02 -2.402585e-01 4.426289e-02 6.240290e-02 -1.060978e-01 1.121202e-02 7.537673e-02 -1.084900e-02 -6.778222e-02 2.441987e-02 -1.480030e-02
<VARIANCE> 39
 7.253240e+00 8.472353e+00 2.450037e+01 3.236936e+01 1.900658e+01 3.083622e+01 3.095137e+01 3.397374e+01 4.391690e+01 4.150164e+01 2.842895e+01 3.075454e+01 1.006126e+00 8.384608e-02 3.840280e-01 4.111280e-01 1.132712e+00 5.000370e-01 6.241730e-01 5.587699e-01 5.153652e-01 6.511036e-01 6.707070e-01 6.806694e-01 5.420507e-01 4.827252e-03 1.133340e-02 3.005360e-02 4.127555e-02 5.547937e-02 7.264968e-02 7.246983e-02 7.391033e-02 8.095074e-02 8.281077e-02 8.716507e-02 7.873289e-02 7.922964e-02 3.983415e-04
<GCONST> 5.405603e+01
<STATE> 4
<MEAN> 39
 -5.408940e+00 -2.488682e+00 -1.320186e+00 -1.141012e+01 -1.443080e+00 -5.341778e+00 -3.676828e+00 -1.048140e+01 -3.509034e+00 -8.117120e+00 -2.930948e+00 -6.527741e+00 1.769447e+01 2.317153e-01 5.105914e-01 -3.092584e-03 -1.016934e-01 4.411195e-01 -2.479253e-01 -2.011425e-01 2.756165e-01 -1.277938e-01 8.107463e-02 2.108437e-01 1.169407e-01 -1.723584e-01 -2.715088e-02 -1.583066e-01 -8.625386e-02 1.474569e-01 -3.839136e-02 -6.090579e-03 1.204325e-01 1.985706e-02 -5.447894e-02 4.231457e-02 7.832300e-02 -9.554829e-03 -2.023010e-02
<VARIANCE> 39
 1.166845e+01 1.632529e+01 1.132170e+01 2.321636e+01 3.171843e+01 3.320292e+01 3.064791e+01 2.993113e+01 4.733531e+01 3.817847e+01 3.626937e+01 3.985386e+01 1.211660e+00 5.065153e-01 1.171872e+00 6.359947e-01 1.643074e+00 1.303741e+00 1.550628e+00 1.528432e+00 1.269756e+00 1.658819e+00 1.184174e+00 1.105880e+00 1.068939e+00 2.538142e-02 7.071384e-02 8.681951e-02 9.031533e-02 1.779845e-01 1.819097e-01 2.449436e-01 1.820611e-01 2.039852e-01 2.436527e-01 1.943311e-01 1.735394e-01 1.451956e-01 2.221678e-03
<GCONST> 8.083681e+01
<TRANSP> 5
 0.000000e+00 1.000000e+00 0.000000e+00 0.000000e+00 0.000000e+00
 0.000000e+00 9.012508e-01 9.874915e-02 0.000000e+00 0.000000e+00
 0.000000e+00 0.000000e+00 9.153502e-01 8.464979e-02 0.000000e+00
 0.000000e+00 0.000000e+00 0.000000e+00 9.176028e-01 8.239719e-02
 0.000000e+00 0.000000e+00 0.000000e+00 0.000000e+00 0.000000e+00
<ENDHMM>
~h "five"
<BEGINHMM>
<NUMSTATES> 5
<STATE> 2
<MEAN> 39
 -6.145299e+00 -8.579067e+00 -7.592479e+00 -9.225046e+00 -4.230646e-01 -6.121465e+00 6.969615e-03 -6.825413e+00 -3.778208e+00 -6.490660e+00 -3.219452e-01 -4.546302e+00 1.643808e+01 1.117978e-01 -6.872110e-01 -4.785918e-01 3.255060e-01 2.195612e-01 -2.712115e-01 2.421208e-01 2.802693e-01 -3.435879e-01 -1.302722e-01 -1.266204e-01 1.667042e-02 2.472797e-01 -1.687984e-03 -5.660909e-03 5.737719e-02 4.688831e-02 -1.725682e-02 -3.236451e-02 -1.989581e-02 -4.941049e-02 -1.732893e-02 2.411528e-02 1.546299e-02 -1.459347e-02 2.061847e-02
<VARIANCE> 39
 1.125222e+01 1.815386e+01 1.972012e+01 1.332428e+01 1.796993e+01 2.025480e+01 1.944230e+01 3.697228e+01 2.612189e+01 2.326820e+01 2.203223e+01 1.616224e+01 4.948135e+00 7.423182e-01 6.844241e-01 8.868372e-01 8.866003e-01 8.226768e-01 1.096099e+00 9.428283e-01 1.701124e+00 1.496833e+00 1.271831e+00 1.231869e+00 8.357615e-01 2.129118e-01 1.004225e-01 1.065271e-01 1.570923e-01 1.148708e-01 1.338450e-01 1.695189e-01 1.473376e-01 2.760081e-01 2.348385e-01 1.802754e-01 1.906100e-01 1.286198e-01 2.516604e-02
<GCONST> 8.141045e+01
<STATE> 3
<MEAN> 39
 -5.829909e+00 -1.543208e+01 -8.489592e+00 -3.791502e+00 1.364196e+00 -9.061790e+00 2.480586e+00 -7.543463e+00 -7.266443e+00 -5.482922e+00 -5.596445e-01 -4.576599e+00 1.903887e+01 -1.610333e-01 9.881296e-02 4.891211e-01 -2.808345e-01 -2.718478e-01 4.465795e-01 6.804520e-02 -3.852472e-01 3.469786e-02 2.820537e-01 5.019214e-02 -7.338862e-02 -4.962920e-02 4.119490e-02 1.198990e-01 1.074242e-02 -1.944130e-01 -5.746678e-02 8.541077e-02 -2.819498e-02 2.903879e-02 6.260717e-02 -5.057393e-02 -7.345670e-02 -1.855369e-02 -1.597168e-02
<VARIANCE> 39
 9.235519e+00 9.516522e+00 2.487405e+01 2.134832e+01 1.890436e+01 2.361058e+01 1.802779e+01 4.020386e+01 4.783452e+01 4.513331e+01 2.691066e+01 2.542697e+01 1.368736e+00 9.077753e-02 1.726024e-01 2.727430e-01 6.954148e-01 5.202826e-01 5.777695e-01 5.082269e-01 5.121689e-01 6.401092e-01 6.122528e-01 5.999653e-01 4.835857e-01 5.997586e-03 1.192115e-02 2.521031e-02 3.123387e-02 4.833078e-02 5.224700e-02 5.349389e-02 5.804963e-02 6.689397e-02 9.045378e-02 8.805466e-02 6.807323e-02 7.103811e-02 9.688300e-04
<GCONST> 5.083684e+01
<STATE> 4
<MEAN> 39
 -5.452402e+00 -7.798195e+00 -3.664724e+00 -1.292934e+01 -3.057851e+00 -3.760870e+00 1.120415e+00 -8.346090e+00 -3.888039e+00 -5.631059e+00 -1.734032e+00 -5.653007e+00 1.761938e+01 6.896113e-02 9.293823e-01 2.307978e-01 -1.987882e-01 -1.315929e-01 -8.908902e-02 -2.932281e-01 7.891058e-02 3.928494e-01 -1.370573e-01 7.672828e-02 1.233722e-02 -2.762189e-01 -4.002639e-02 -7.254068e-02 -8.900337e-02 1.945954e-01 1.092603e-01 -8.830163e-02 -1.665552e-02 -4.516156e-03 -4.075463e-02 1.309687e-02 7.345107e-02 3.240537e-02 -1.782532e-02
<VARIANCE> 39
 7.533138e+00 2.308251e+01 1.185585e+01 2.986160e+01 3.748623e+01 2.150838e+01 2.415423e+01 3.057126e+01 4.223595e+01 2.629448e+01 2.688212e+01 2.787959e+01 2.629519e+00 3.400313e-01 7.374030e-01 6.409168e-01 2.733146e+00 1.682088e+00 1.393089e+00 9.393057e-01 1.417222e+00 1.594574e+00 1.266555e+00 1.316848e+00 1.013080e+00 6.819272e-02 5.715515e-02 1.022110e-01 9.524719e-02 3.009314e-01 2.342666e-01 2.509230e-01 1.675266e-01 2.084453e-01 2.011775e-01 1.717467e-01 2.163430e-01 1.726193e-01 9.082113e-03
<GCONST> 8.298357e+01
<TRANSP> 5
 0.000000e+00 1.000000e+00 0.000000e+00 0.000000e+00 0.000000e+00
 0.000000e+00 9.300392e-01 6.996083e-02 0.000000e+00 0.000000e+00
 0.000000e+00 0.000000e+00 9.152319e-01 8.476809e-02 0.000000e+00
 0.000000e+00 0.000000e+00 0.000000e+00 8.980054e-01 1.019946e-01
 0.000000e+00 0.000000e+00 0.000000e+00 0.000000e+00 0.000000e+00
<ENDHMM>
~h "four"
<BEGINHMM>
<NUMSTATES> 5
<STATE> 2
<MEAN> 39
 -7.667614e+00 -6.677808e+00 -5.470642e+00 -9.688792e+00 -1.112550e+00 -4.543476e+00 -5.189729e-01 -8.559962e+00 -2.271121e+00 -5.732478e+00 1.121440e+00 -4.080834e+00 1.494338e+01 3.138357e-01 1.474963e-02 -3.778507e-01 -2.939831e-01 -1.125255e-01 -9.205821e-02 -1.320306e-01 -8.569804e-03 1.231802e-01 1.055109e-01 -1.625146e-02 -4.077191e-02 1.258386e-01 2.438173e-01 9.813482e-02 -1.170318e-01 -1.288143e-01 -5.303989e-02 -1.112579e-01 -1.097985e-01 -1.808096e-02 -8.184102e-03 7.009539e-03 -7.390758e-02 -1.029496e-01 1.065350e-01
<VARIANCE> 39
 4.657703e+00 4.193451e+00 6.876488e+00 8.704023e+00 1.156782e+01 1.418993e+01 1.488089e+01 1.611071e+01 1.489992e+01 1.410061e+01 1.539704e+01 1.167687e+01 9.116803e-01 1.047066e+00 4.639237e-01 5.766307e-01 6.437171e-01 6.049650e-01 9.842695e-01 9.577665e-01 8.519986e-01 8.544639e-01 7.821125e-01 1.037500e+00 8.674546e-01 1.654569e-01 5.929432e-02 5.711766e-02 1.015155e-01 1.069120e-01 1.041819e-01 1.638891e-01 1.311690e-01 1.613808e-01 1.551103e-01 1.347689e-01 1.544513e-01 1.329648e-01 6.555352e-03
<GCONST> 6.410861e+01
<STATE> 3
<MEAN> 39
 1.545542e+00 -3.506071e+00 -1.204609e+01 -1.693926e+01 -4.004880e+00 -6.246487e+00 -3.255047e+00 -8.958976e+00 -1.451340e+00 -3.992062e+00 3.068370e-01 -6.856420e+00 1.889500e+01 3.433107e-01 -1.623348e-01 -3.558477e-01 -7.217041e-02 6.820396e-02 -2.290273e-02 -2.270717e-01 1.736721e-01 3.472252e-01 1.047986e-01 -2.364447e-01 -2.329478e-01 1.594964e-01 -1.728062e-01 -1.511379e-01 1.446060e-01 2.267973e-01 4.013355e-02 -2.949183e-02 4.305372e-02 1.087216e-01 4.690732e-02 -7.877222e-02 -5.253190e-02 5.703615e-02 -6.698091e-02
<VARIANCE> 39
 4.227961e+00 1.022245e+01 1.029036e+01 1.432916e+01 2.460276e+01 1.721146e+01 1.818637e+01 1.709348e+01 2.334696e+01 2.481170e+01 3.750479e+01 3.594286e+01 1.115800e+00 5.912058e-01 7.438594e-01 7.231894e-01 1.240829e+00 9.895771e-01 7.948632e-01 9.115146e-01 9.642964e-01 1.307602e+00 1.180657e+00 1.372135e+00 1.243437e+00 1.038316e-01 4.871599e-02 4.642924e-02 9.628294e-02 8.305278e-02 1.340594e-01 1.435021e-01 1.544317e-01 1.396361e-01 1.799932e-01 1.932645e-01 2.021902e-01 1.820075e-01 7.090522e-03
<GCONST> 7.298955e+01
<STATE> 4
<MEAN> 39
 -5.429469e-01 -1.072220e+01 -7.323118e+00 -8.565815e+00 -5.391744e+00 -8.704766e+00 -2.323944e+00 -4.895528e+00 1.832066e-01 -7.540123e+00 -3.910874e+00 -7.426217e+00 1.840887e+01 -6.129127e-01 7.465047e-02 1.055966e+00 4.896526e-01 -3.433496e-01 7.616252e-02 5.981666e-01 -1.811750e-01 -6.240198e-01 -3.440995e-01 1.658253e-01 3.014710e-01 -2.432765e-01 -9.001637e-02 2.380779e-01 -4.453153e-02 -1.996030e-01 1.165281e-01 1.960449e-01 3.099992e-02 -1.858953e-01 -1.287929e-01 1.032561e-01 1.745549e-01 4.439847e-02 -4.962718e-02
<VARIANCE> 39
 7.333425e+00 1.779958e+01 3.181579e+01 1.828339e+01 4.522202e+01 3.700930e+01 3.509687e+01 4.319407e+01 4.621206e+01 3.482880e+01 3.460003e+01 3.076935e+01 1.741629e+00 2.971708e-01 1.587486e+00 9.179296e-01 1.626264e+00 2.564564e+00 2.221741e+00 1.718492e+00 2.564770e+00 1.885271e+00 1.705947e+00 1.829050e+00 1.123808e+00 5.832912e-02 2.926799e-02 1.346432e-01 2.064868e-01 1.690598e-01 4.288345e-01 2.940586e-01 3.516556e-01 3.668474e-01 3.851870e-01 2.816707e-01 3.092501e-01 2.124644e-01 3.411652e-03
<GCONST> 9.085587e+01
<TRANSP> 5
 0.000000e+00 1.000000e+00 0.000000e+00 0.000000e+00 0.000000e+00
 0.000000e+00 9.011176e-01 9.888238e-02 0.000000e+00 0.000000e+00
 0.000000e+00 0.000000e+00 9.186853e-01 8.131475e-02 0.000000e+00
 0.000000e+00 0.000000e+00 0.000000e+00 8.810120e-01 1.189879e-01
 0.000000e+00 0.000000e+00 0.000000e+00 0.000000e+00 0.000000e+00
<ENDHMM>
~h "zero"
<BEGINHMM>
<NUMSTATES> 5
<STATE> 2
<MEAN> 39
 -6.758174e+00 -3.060532e+00 -4.886794e+00 -7.466863e+00 -1.265788e+00 -3.807552e+00 -1.414098e+00 -8.519994e+00 -3.457348e+00 -5.106208e+00 5.901264e-01 -4.556122e+00 1.523185e+01 -8.170484e-02 3.317761e-01 1.413689e-01 -3.041173e-01 -2.133194e-01 -2.737597e-01 -1.777332e-01 -1.205096e-01 1.233098e-01 2.201353e-01 -1.254911e-02 -1.800187e-04 1.060413e-01 6.806263e-02 1.068907e-01 1.512869e-01 -2.256985e-01 -1.459334e-01 -2.462533e-01 -6.497090e-02 -7.538817e-02 6.202351e-02 1.080058e-02 -2.262775e-02 -5.403144e-02 8.252075e-02
<VARIANCE> 39
 7.745597e+00 1.028859e+01 1.429243e+01 1.360914e+01 1.783327e+01 1.930372e+01 1.877950e+01 1.949847e+01 2.377083e+01 2.085609e+01 1.977659e+01 1.678327e+01 1.208742e+00 4.211672e-01 7.290788e-01 1.003664e+00 9.500198e-01 8.893789e-01 1.750820e+00 9.589456e-01 1.102061e+00 1.068043e+00 8.963279e-01 1.006094e+00 1.001623e+00 1.192539e-01 5.258035e-02 9.179006e-02 1.144091e-01 1.198336e-01 1.237963e-01 1.946422e-01 1.597987e-01 1.730609e-01 1.607243e-01 1.399859e-01 1.706397e-01 1.584596e-01 7.959139e-03
<GCONST> 7.320310e+01
<STATE> 3
<MEAN> 39
 -5.592316e+00 3.954968e-01 8.077609e-01 -1.662426e+01 -7.707287e+00 -9.224996e+00 -4.660070e+00 -8.628914e+00 -4.996333e-02 -3.802483e+00 1.258476e-01 -6.759883e+00 1.834422e+01 3.379164e-01 -6.247982e-01 4.887808e-01 -2.657093e-01 -1.102035e+00 1.290295e-01 1.548106e-01 1.538512e-01 3.349312e-01 -5.399743e-02 2.665005e-02 -1.553137e-01 1.949294e-01 4.521471e-02 -2.660747e-01 -1.692019e-01 3.433254e-01 9.398776e-03 1.403259e-01 1.908151e-01 7.234673e-02 -7.128354e-02 -4.766145e-02 -7.065315e-03 6.281462e-02 -6.165031e-02
<VARIANCE> 39
 7.281303e+00 1.915934e+01 1.718731e+01 2.744019e+01 5.847351e+01 3.936496e+01 3.189039e+01 4.336213e+01 3.246243e+01 3.001801e+01 3.379701e+01 4.994997e+01 1.156447e+00 4.295124e-01 1.775872e+00 8.555204e-01 2.664626e+00 1.664697e+00 2.654130e+00 1.727389e+00 1.475450e+00 1.340084e+00 1.175759e+00 1.141516e+00 1.379972e+00 7.314232e-02 5.099221e-02 1.107151e-01 1.223850e-01 1.857535e-01 2.375456e-01 3.918637e-01 2.244565e-01 2.434571e-01 2.200191e-01 1.773839e-01 1.724211e-01 2.131541e-01 4.550984e-03
<GCONST> 8.729034e+01
<STATE> 4
<MEAN> 39
 -1.649555e+00 -9.930121e+00 -4.550317e+00 -9.837078e+00 -9.202906e+00 -8.373475e+00 4.404591e-02 -4.373048e+00 -3.070328e-01 -6.662811e+00 -1.066611e+00 -5.913482e+00 1.846300e+01 -1.719287e-03 4.104944e-02 -4.249457e-01 2.122209e-01 6.903498e-01 -3.667668e-02 1.309928e-02 7.659454e-02 -1.453035e-01 -9.953718e-02 -4.258969e-02 5.561062e-02 -9.980568e-02 -8.147384e-02 1.027283e-01 5.154746e-02 -8.308221e-02 8.996689e-02 7.159849e-02 -5.898303e-02 -6.223147e-02 -2.369880e-02 2.519732e-02 2.528024e-02 8.757187e-03 -2.410398e-02
<VARIANCE> 39
 6.049095e+00 2.022752e+01 2.591794e+01 2.576320e+01 6.116897e+01 5.180328e+01 3.776210e+01 3.636251e+01 4.391719e+01 3.594054e+01 2.597992e+01 3.311922e+01 1.509335e+00 3.012052e-01 8.277420e-01 7.833859e-01 1.013886e+00 1.236908e+00 1.841353e+00 1.590085e+00 1.897712e+00 1.647465e+00 1.476164e+00 1.053238e+00 9.581061e-01 3.797210e-02 2.902776e-02 5.182403e-02 8.361188e-02 1.130989e-01 1.905683e-01 2.371263e-01 2.060661e-01 2.034618e-01 2.219545e-01 2.011819e-01 1.522517e-01 1.418979e-01 2.415669e-03
<GCONST> 8.034364e+01
<TRANSP> 5
 0.000000e+00 1.000000e+00 0.000000e+00 0.000000e+00 0.000000e+00
 0.000000e+00 8.903300e-01 1.096700e-01 0.000000e+00 0.000000e+00
 0.000000e+00 0.000000e+00 8.972684e-01 1.027316e-01 0.000000e+00
 0.000000e+00 0.000000e+00 0.000000e+00 9.447609e-01 5.523915e-02
 0.000000e+00 0.000000e+00 0.000000e+00 0.000000e+00 0.000000e+00
<ENDHMM>
