~o
<STREAMINFO> 1 39
<VECSIZE> 39<NULLD><MFCC_E_D_A><DIAGC>
~h "eight"
<BEGINHMM>
<NUMSTATES> 5
<STATE> 2
<MEAN> 39
 -7.524248e+00 -3.425484e+00 -5.693403e+00 -1.668126e+01 -6.472213e-01 -5.182418e+00 5.464610e-01 -6.746666e+00 -1.554759e+00 -6.763822e+00 -1.027579e+00 -5.331583e+00 1.714911e+01 -1.900203e-01 7.575281e-01 -8.186739e-02 -7.814762e-01 3.923823e-02 -4.145826e-01 5.498378e-02 2.968001e-01 3.011548e-01 4.553769e-02 -9.449636e-02 -9.567287e-02 2.139842e-01 3.509380e-02 8.254606e-02 1.092653e-02 8.963256e-02 -4.104013e-02 -1.680771e-01 -8.082489e-02 -2.284053e-02 2.705579e-02 6.061809e-02 5.858053e-02 -4.580959e-03 3.466712e-03
<VARIANCE> 39
 1.075576e+01 2.305831e+01 1.835775e+01 3.944753e+01 4.045811e+01 2.353712e+01 2.441502e+01 2.433813e+01 3.137294e+01 2.547065e+01 2.575902e+01 2.447312e+01 3.380898e+00 3.360929e-01 9.651089e-01 6.847406e-01 1.411190e+00 1.254018e+00 1.634325e+00 1.348156e+00 1.128212e+00 1.374385e+00 1.216730e+00 1.140042e+00 1.007758e+00 1.229797e-01 4.082865e-02 8.491871e-02 8.461756e-02 2.011359e-01 1.478592e-01 1.778297e-01 1.529720e-01 1.814240e-01 2.320959e-01 1.695074e-01 1.833575e-01 1.573080e-01 1.323969e-02
<GCONST> 8.183726e+01
<STATE> 3
<MEAN> 39
 -7.935270e+00 5.475981e+00 -4.908610e+00 -1.664729e+01 -2.357275e+00 -1.441936e+01 -3.035205e+00 -8.590778e+00 -1.333268e+00 -4.426886e+00 9.894338e-01 -5.287225e+00 1.807283e+01 2.038409e-01 -4.290125e-01 1.808105e-01 9.720477e-01 1.361367e-01 6.933617e-02 -3.419808e-01 -6.694542e-01 -5.148321e-01 -4.112878e-02 2.100352e-01 1.945939e-01 -2.363272e-01 1.021296e-02 -3.328926e-01 -3.043233e-02 6.396197e-02 4.254458e-02 3.532500e-01 1.234168e-01 5.585648e-02 -2.347429e-02 -9.194013e-02 -6.257261e-02 3.917758e-03 -6.257655e-02
<VARIANCE> 39
 9.284454e+00 1.350717e+01 2.250878e+01 3.248523e+01 1.967650e+01 2.420525e+01 5.254561e+01 3.438115e+01 4.415730e+01 2.637299e+01 3.191333e+01 2.703312e+01 1.959813e+00 2.642206e-01 1.895689e+00 4.088294e-01 7.647223e-01 7.868133e-01 2.502151e+00 1.307327e+00 1.116771e+00 1.804251e+00 1.195110e+00 1.398760e+00 1.008693e+00 6.759374e-02 3.641363e-02 9.029847e-02 5.905559e-02 1.265768e-01 9.250863e-02 1.745033e-01 1.630073e-01 2.078775e-01 2.767939e-01 1.690441e-01 1.958872e-01 1.643071e-01 4.024226e-03
<GCONST> 7.874339e+01
<STATE> 4
<MEAN> 39
 -7.116768e+00 -6.541066e+00 -5.514879e+00 -1.004293e+01 -1.215374e+00 -4.682481e+00 -8.409404e-01 -8.921489e+00 -3.019660e+00 -5.935845e+00 9.428733e-01 -4.004976e+00 1.468662e+01 -7.179793e-02 -3.660489e-01 -1.176299e-01 1.204244e-01 -4.112498e-02 3.696103e-01 1.855420e-01 1.810011e-01 1.167377e-01 8.797187e-03 1.649067e-02 9.388023e-03 -9.300602e-02 -5.685295e-03 1.757349e-01 1.040001e-02 -6.684018e-02 -1.211833e-02 -1.464314e-01 -4.599059e-02 -1.503951e-02 -6.331510e-03 2.179367e-02 -5.186107e-03 -1.391516e-02 4.871765e-02
<VARIANCE> 39
 4.560896e+00 6.159155e+00 8.314758e+00 9.574123e+00 1.262566e+01 1.589434e+01 1.697651e+01 1.696682e+01 1.732072e+01 1.627313e+01 1.523353e+01 1.399438e+01 1.034501e+00 2.099294e-01 8.405249e-01 4.288092e-01 5.955235e-01 4.862396e-01 1.170447e+00 9.931199e-01 8.546664e-01 9.812965e-01 7.909760e-01 7.432476e-01 7.057063e-01 4.874194e-02 3.460034e-02 9.647739e-02 7.128510e-02 1.091524e-01 9.177043e-02 1.887645e-01 1.756934e-01 1.504275e-01 1.623780e-01 1.354730e-01 1.324254e-01 1.272722e-01 4.818405e-03
<GCONST> 6.216208e+01
<TRANSP> 5
 0.000000e+00 1.000000e+00 0.000000e+00 0.000000e+00 0.000000e+00
 0.000000e+00 9.121923e-01 8.780770e-02 0.000000e+00 0.000000e+00
 0.000000e+00 0.000000e+00 8.976275e-01 1.023725e-01 0.000000e+00
 0.000000e+00 0.000000e+00 0.000000e+00 9.213890e-01 7.861092e-02
 0.000000e+00 0.000000e+00 0.000000e+00 0.000000e+00 0.000000e+00
<ENDHMM>
~h "oh"
<BEGINHMM>
<NUMSTATES> 5
<STATE> 2
<MEAN> 39
 -5.072906e+00 -9.817536e+00 -7.833376e+00 -8.759861e+00 -2.347719e+00 -7.078435e+00 2.847755e+00 -7.616875e+00 -4.773004e+00 -6.878154e+00 -1.687973e+00 -4.955315e+00 1.721407e+01 4.015585e-01 -2.821495e-01 -5.485501e-01 2.171546e-01 1.401627e-01 -4.945688e-01 2.322911e-01 5.781038e-01 -1.037488e-01 -3.932609e-01 -3.404421e-01 -6.349494e-02 2.903814e-01 6.013422e-02 8.892392e-02 -1.210268e-02 -5.544872e-02 1.547174e-02 -6.012471e-02 -1.276603e-01 1.861858e-02 1.092551e-01 1.494695e-03 -5.272240e-02 -5.050193e-02 1.424377e-02
<VARIANCE> 39
 8.382306e+00 1.228220e+01 1.538582e+01 1.591970e+01 2.185688e+01 2.340161e+01 2.846190e+01 5.757657e+01 3.748622e+01 3.054210e+01 2.663984e+01 2.711322e+01 3.812013e+00 4.045048e-01 5.595052e-01 6.603169e-01 6.405979e-01 7.460979e-01 1.180177e+00 1.235326e+00 1.815302e+00 1.533159e+00 1.309645e+00 1.311777e+00 1.082004e+00 1.254167e-01 4.813058e-02 7.023269e-02 8.521727e-02 8.555459e-02 1.118070e-01 1.482320e-01 1.609972e-01 2.226749e-01 2.095436e-01 1.953586e-01 2.000352e-01 1.548819e-01 1.713554e-02
<GCONST> 7.894449e+01
<STATE> 3
<MEAN> 39
 -4.965997e-01 -8.085562e+00 -1.303811e+01 -1.018378e+01 -8.909652e-01 -1.201037e+01 -8.892376e-01 -1.284798e+00 1.939148e-01 -7.884274e+00 -5.009706e+00 -6.855097e+00 1.903839e+01 2.239072e-01 4.083352e-01 -6.301419e-03 -3.375470e-01 -6.150921e-02 -1.964763e-02 -6.569722e-01 -2.515007e-01 6.164273e-01 5.838702e-01 3.178511e-02 -3.234860e-01 -1.058153e-02 -4.688026e-02 2.213278e-02 1.000644e-01 -1.014053e-02 -5.009493e-02 8.897687e-02 1.630273e-02 -1.447878e-01 -8.520339e-02 7.581969e-02 1.148444e-01 2.391837e-02 -2.662398e-02
<VARIANCE> 39
 6.028923e+00 9.347388e+00 1.555831e+01 1.589685e+01 1.975419e+01 2.333681e+01 4.428231e+01 3.314379e+01 4.055782e+01 3.755699e+01 3.123152e+01 3.914726e+01 1.183734e+00 8.543306e-02 1.427004e-01 2.976720e-01 2.936640e-01 3.913098e-01 5.535882e-01 7.245919e-01 1.116325e+00 7.998046e-01 8.947312e-01 8.656510e-01 6.944235e-01 1.391792e-02 1.175630e-02 1.537127e-02 3.537054e-02 3.572029e-02 4.852975e-02 7.178196e-02 8.156145e-02 1.012436e-01 1.109301e-01 1.074997e-01 9.628421e-02 9.289262e-02 1.245802e-03
<GCONST> 5.396380e+01
<STATE> 4
<MEAN> 39
 -7.418169e-01 -3.730195e+00 -8.383333e+00 -1.248796e+01 -3.622056e+00 -9.300146e+00 -4.000160e+00 -8.066671e+00 -2.979416e-01 -3.366244e+00 3.569719e-01 -6.248672e+00 1.795417e+01 -5.069019e-01 1.203026e-01 7.350001e-01 2.727177e-01 1.213532e-02 5.559241e-01 3.365018e-01 -4.405237e-01 -5.363584e-01 -1.885733e-01 3.968890e-01 4.349112e-01 -2.802317e-01 -1.126523e-01 -1.140013e-01 -2.907858e-02 7.595477e-02 9.950965e-02 8.985823e-02 1.345923e-01 9.031343e-02 -3.953857e-02 -1.066727e-01 -6.855575e-02 5.315384e-02 -3.464305e-02
<VARIANCE> 39
 9.361489e+00 7.810178e+00 2.079552e+01 1.825480e+01 1.941330e+01 2.692007e+01 3.110310e+01 2.683558e+01 3.199027e+01 4.008418e+01 3.906120e+01 3.790241e+01 2.412500e+00 3.826953e-01 4.593656e-01 5.507360e-01 6.217663e-01 8.842404e-01 1.264738e+00 1.251874e+00 1.298648e+00 1.305791e+00 1.263465e+00 1.279159e+00 1.245754e+00 5.453462e-02 3.299578e-02 4.469836e-02 8.896652e-02 8.728104e-02 1.096992e-01 1.661355e-01 1.871797e-01 1.997285e-01 2.127136e-01 2.068776e-01 1.755926e-01 1.748503e-01 4.194855e-03
<GCONST> 7.532735e+01
<TRANSP> 5
 0.000000e+00 1.000000e+00 0.000000e+00 0.000000e+00 0.000000e+00
 0.000000e+00 9.027608e-01 9.723921e-02 0.000000e+00 0.000000e+00
 0.000000e+00 0.000000e+00 9.042472e-01 9.575287e-02 0.000000e+00
 0.000000e+00 0.000000e+00 0.000000e+00 8.838429e-01 1.161570e-01
 0.000000e+00 0.000000e+00 0.000000e+00 0.000000e+00 0.000000e+00
<ENDHMM>
~h "seven"
<BEGINHMM>
<NUMSTATES> 5
<STATE> 2
<MEAN> 39
 -8.806629e+00 -4.769281e+00 -7.050016e+00 -8.596655e+00 -2.107393e+00 -3.131448e+00 -1.276509e+00 -8.136147e+00 -2.909429e+00 -5.214479e+00 6.799277e-01 -3.793395e+00 1.484347e+01 4.741053e-02 -4.084801e-02 -4.356888e-02 -3.256978e-01 -2.671273e-01 -1.353342e-01 2.667654e-01 1.513752e-02 1.375778e-01 -7.738901e-04 -2.047791e-01 -6.332356e-02 1.080877e-01 1.303974e-01 9.204499e-03 8.983015e-02 -1.476355e-01 -1.309363e-01 -1.120195e-01 8.732989e-02 -1.238424e-02 2.002498e-02 -2.644502e-02 -8.712241e-02 -9.269764e-02 9.199265e-02
<VARIANCE> 39
 8.340019e+00 1.013035e+01 1.380079e+01 1.310764e+01 1.612601e+01 1.582008e+01 1.759687e+01 1.745255e+01 1.826360e+01 1.723364e+01 1.706742e+01 1.463344e+01 9.047273e-01 7.144133e-01 4.608479e-01 8.613431e-01 9.991094e-01 9.701378e-01 1.283294e+00 9.959622e-01 8.575956e-01 1.029544e+00 1.155908e+00 9.210114e-01 9.517399e-01 1.512429e-01 5.368435e-02 6.783888e-02 9.750190e-02 1.360510e-01 1.662412e-01 1.770663e-01 1.648983e-01 1.456985e-01 1.700096e-01 1.546174e-01 1.450090e-01 1.504834e-01 8.093955e-03
<GCONST> 7.123420e+01
<STATE> 3
<MEAN> 39
 -5.558075e+00 -7.172778e+00 -5.193472e+00 -1.591174e+01 -6.355659e+00 -4.897009e+00 4.772487e+00 -8.475010e+00 -2.770160e+00 -6.761119e+00 -3.975050e+00 -6.626518e+00 1.896182e+01 1.894533e-01 -2.722631e-01 1.233811e-01 3.882817e-02 -6.137380e-02 -1.088002e-01 2.446589e-01 2.681849e-01 -2.807252e-01 -5.543005e-02 -6.964488e-02 -1.107270e-01 1.236368e-01 -4.177998e-02 7.839749e-02 1.111911e-02 2.926458e-01 1.553699e-01 -2.480875e-02 -2.548968e-01 3.867891e-02 -2.091177e-02 1.592025e-02 1.771704e-01 7.159715e-02 -1.270850e-01
<VARIANCE> 39
 9.614646e+00 1.303329e+01 9.436706e+00 1.827779e+01 4.580248e+01 3.937847e+01 3.187668e+01 3.950835e+01 4.652962e+01 5.849232e+01 3.255419e+01 3.130153e+01 1.240813e+00 4.410259e-01 5.954198e-01 4.993327e-01 1.548395e+00 1.671524e+00 1.672649e+00 1.827650e+00 1.089302e+00 1.392667e+00 1.776832e+00 1.809612e+00 1.326400e+00 2.114268e-01 8.204690e-02 9.001198e-02 9.646609e-02 1.114838e-01 2.523420e-01 2.721471e-01 1.781217e-01 1.666769e-01 2.018927e-01 2.407534e-01 2.262372e-01 1.834979e-01 6.062320e-03
<GCONST> 8.474816e+01
<STATE> 4
<MEAN> 39
 -3.244347e+00 -3.881844e+00 -1.891207e+00 -9.521953e+00 -3.365988e+00 -8.015697e+00 -1.088914e+00 -8.732973e+00 -4.324261e+00 -7.120053e+00 -1.906875e+00 -7.105270e+00 1.713248e+01 1.768526e-02 2.205678e-01 1.049622e-01 2.065503e-01 3.193776e-01 1.039528e-01 -2.925326e-01 -2.637354e-01 8.569290e-02 -1.439439e-02 1.277888e-01 4.227575e-02 -1.184134e-01 -5.595603e-02 -7.367292e-02 -7.384455e-02 -8.778008e-02 -2.233355e-02 9.372204e-02 1.106988e-01 -4.596866e-03 1.866149e-02 1.745089e-02 -3.220639e-02 2.023126e-02 1.415730e-02
<VARIANCE> 39
 4.974842e+00 1.019478e+01 9.926721e+00 1.395349e+01 2.822470e+01 3.043304e+01 2.586529e+01 4.089539e+01 3.293282e+01 3.570397e+01 3.328819e+01 2.974882e+01 1.533693e+00 2.533935e-01 5.250466e-01 5.539054e-01 8.538669e-01 1.339955e+00 1.253491e+00 1.628738e+00 1.363172e+00 1.438485e+00 1.411172e+00 1.273564e+00 9.896297e-01 9.358777e-02 3.738632e-02 7.812216e-02 8.698364e-02 1.507716e-01 2.341878e-01 2.027751e-01 2.726199e-01 2.366434e-01 2.360256e-01 2.409610e-01 2.174078e-01 1.500707e-01 1.437088e-02
<GCONST> 7.928015e+01
<TRANSP> 5
 0.000000e+00 1.000000e+00 0.000000e+00 0.000000e+00 0.000000e+00
 0.000000e+00 9.125739e-01 8.742605e-02 0.000000e+00 0.000000e+00
 0.000000e+00 0.000000e+00 9.003658e-01 9.963419e-02 0.000000e+00
 0.000000e+00 0.000000e+00 0.000000e+00 9.365581e-01 6.344189e-02
 0.000000e+00 0.000000e+00 0.000000e+00 0.000000e+00 0.000000e+00
<ENDHMM>
~h "three"
<BEGINHMM>
<NUMSTATES> 5
<STATE> 2
<MEAN> 39
 -7.753081e+00 -6.035266e+00 -4.949137e+00 -1.011976e+01 -8.176894e-01 -4.845856e+00 -5.887953e-01 -8.498262e+00 -2.602043e+00 -5.425550e+00 9.830297e-01 -3.779383e+00 1.488863e+01 1.181816e-01 -8.363597e-02 2.207187e-01 -4.797681e-02 -4.167403e-01 -2.858675e-01 -6.849108e-02 1.494106e-02 7.425300e-02 3.189592e-02 1.361443e-02 4.316184e-04 9.208674e-02 1.742196e-01 2.254011e-02 1.428289e-01 1.951381e-03 -2.577676e-01 -1.755563e-01 -7.574129e-02 -1.877700e-02 1.537907e-02 -9.218402e-03 -3.924780e-02 -7.054536e-02 8.471628e-02
<VARIANCE> 39
 5.400872e+00 6.329596e+00 9.779339e+00 1.060192e+01 1.435539e+01 1.431225e+01 1.606517e+01 1.761143e+01 1.951330e+01 1.776078e+01 1.686058e+01 1.459230e+01 1.170455e+00 7.019923e-01 5.235445e-01 8.963117e-01 7.510098e-01 1.499185e+00 1.312560e+00 9.016344e-01 1.036179e+00 9.999574e-01 9.323083e-01 9.825640e-01 9.153206e-01 1.193093e-01 5.916817e-02 9.076452e-02 9.846699e-02 1.380231e-01 2.011591e-01 1.855362e-01 1.564496e-01 2.030749e-01 1.781607e-01 1.662449e-01 1.641534e-01 1.611113e-01 4.958381e-03
<GCONST> 7.052036e+01
<STATE> 3
<MEAN> 39
 -2.518136e+00 -6.783542e+00 2.449298e+00 -1.140186e+01 -1.369865e+01 -9.363333e+00 -3.152535e+00 -9.428356e+00 -9.455334e-03 -5.130504e+00 1.270093e-01 -5.735048e+00 1.823541e+01 -6.862392e-02 4.227090e-01 6.951849e-01 -1.049856e+00 -3.996583e-01 3.060281e-01 -8.254075e-01 1.096436e-01 3.076175e-01 -2.807263e-02 6.153166e-02 -1.674224e-01 2.367504e-01 -2.156734e-01 2.146464e-01 -2.005197e-01 -1.428207e-01 5.230278e-01 4.712706e-02 -5.942077e-02 1.143477e-01 -1.140713e-01 -2.023174e-02 2.135190e-02 3.956064e-02 -6.774376e-02
<VARIANCE> 39
 6.507144e+00 1.457567e+01 2.008426e+01 4.937635e+01 4.245369e+01 6.100884e+01 3.522879e+01 3.826530e+01 3.064140e+01 2.820659e+01 3.707790e+01 3.334343e+01 1.447084e+00 9.619798e-01 1.476627e+00 9.228623e-01 2.725314e+00 4.895081e+00 3.382431e+00 2.207000e+00 1.969152e+00 1.296618e+00 1.095892e+00 1.152278e+00 1.164600e+00 6.899488e-02 6.798208e-02 1.290743e-01 1.773857e-01 3.907519e-01 3.806304e-01 6.812702e-01 3.772545e-01 2.755093e-01 2.400974e-01 1.746557e-01 1.705918e-01 1.637534e-01 3.908584e-03
<GCONST> 9.265436e+01
<STATE> 4
<MEAN> 39
 -6.590557e+00 3.298169e+00 -7.803000e-01 -1.672949e+01 -2.106746e+00 -1.135582e+01 -6.399231e+00 -7.962148e+00 -3.159433e+00 -5.505670e+00 -3.370674e-01 -6.525783e+00 1.789480e+01 -2.820240e-02 6.330508e-02 -6.391546e-01 7.253036e-01 7.234870e-01 -1.648799e-01 5.492603e-01 -8.268328e-02 -3.564616e-01 1.203121e-02 -7.059463e-02 5.073437e-02 -1.956445e-01 5.814857e-02 -2.881118e-01 2.508525e-03 1.697360e-01 -2.211514e-01 1.819721e-01 1.647822e-01 -6.734951e-02 9.742326e-02 8.240814e-03 2.041601e-02 2.496871e-02 -3.092092e-02
<VARIANCE> 39
 7.580462e+00 1.700897e+01 1.909991e+01 3.484707e+01 2.704761e+01 2.948793e+01 4.823345e+01 4.778474e+01 3.321849e+01 3.976924e+01 4.240161e+01 3.677536e+01 1.619883e+00 3.151346e-01 1.882924e+00 6.700020e-01 1.043735e+00 1.834893e+00 2.559863e+00 1.467143e+00 1.693774e+00 1.384672e+00 1.287924e+00 1.031998e+00 9.705020e-01 3.582553e-02 4.748388e-02 9.098797e-02 9.640410e-02 2.205423e-01 1.814732e-01 2.352882e-01 2.696372e-01 2.497845e-01 1.837021e-01 1.709959e-01 1.443272e-01 1.353044e-01 2.469563e-03
<GCONST> 8.276380e+01
<TRANSP> 5
 0.000000e+00 1.000000e+00 0.000000e+00 0.000000e+00 0.000000e+00
 0.000000e+00 9.016224e-01 9.837762e-02 0.000000e+00 0.000000e+00
 0.000000e+00 0.000000e+00 8.936676e-01 1.063324e-01 0.000000e+00
 0.000000e+00 0.000000e+00 0.000000e+00 9.153334e-01 8.466652e-02
 0.000000e+00 0.000000e+00 0.000000e+00 0.000000e+00 0.000000e+00
<ENDHMM>
~h "one"
<BEGINHMM>
<NUMSTATES> 5
<STATE> 2
<MEAN> 39
 -4.518801e-01 -3.402784e+00 -8.443933e+00 -1.270263e+01 -1.875606e+00 -5.987661e+00 -2.275723e+00 -8.867911e+00 -2.601641e+00 -6.646011e+00 -1.475403e+00 -7.365994e+00 1.769859e+01 2.103997e-01 -3.606904e-01 -7.771859e-01 3.866609e-01 4.274688e-01 9.435678e-02 -2.048136e-01 2.134635e-01 1.819849e-01 -2.419251e-01 -3.084223e-01 -2.085045e-01 1.796984e-01 -1.118917e-01 -1.460598e-01 2.928785e-02 2.153363e-01 1.225144e-02 -9.389175e-02 -2.919316e-03 1.044305e-01 5.143854e-03 -7.578694e-02 2.515484e-03 7.602518e-02 -1.570836e-02
<VARIANCE> 39
 5.495453e+00 8.375301e+00 3.133023e+01 2.276519e+01 2.856287e+01 2.622848e+01 2.260916e+01 2.060509e+01 2.743980e+01 2.315637e+01 3.019645e+01 3.007905e+01 2.038592e+00 4.331115e-01 7.311462e-01 9.486058e-01 2.139369e+00 1.343967e+00 1.366099e+00 1.271947e+00 1.039806e+00 1.139394e+00 9.681922e-01 1.111005e+00 9.685550e-01 5.947198e-02 3.949682e-02 5.502414e-02 1.856310e-01 2.318593e-01 2.499857e-01 2.470843e-01 2.300211e-01 1.749950e-01 1.963440e-01 1.583900e-01 1.854133e-01 1.750183e-01 4.527905e-03
<GCONST> 7.904118e+01
<STATE> 3
<MEAN> 39
 -2.465531e+00 -1.063755e+01 -1.057806e+01 -1.816899e+00 -8.205510e-01 -9.426733e+00 -2.030191e+00 -4.359922e+00 -3.708465e+00 -1.158850e+01 -2.280304e+00 -6.159982e+00 1.852691e+01 -5.923280e-01 -3.130909e-01 1.360808e+00 4.865197e-01 -1.327708e+00 -2.683872e-01 1.140204e+00 -1.565537e-01 -8.915409e-01 -1.471430e-02 5.522614e-01 9.288778e-02 -5.213565e-02 3.157375e-02 3.182565e-01 2.336368e-01 -5.691901e-01 -9.458846e-02 3.616265e-01 5.219150e-02 -4.228625e-01 2.293650e-02 3.597823e-01 2.881062e-02 -1.620904e-01 -2.971558e-02
<VARIANCE> 39
 6.425571e+00 9.764831e+00 1.981017e+01 2.419558e+01 2.885874e+01 1.776315e+01 3.884035e+01 3.255223e+01 4.659214e+01 3.886999e+01 3.430857e+01 3.411103e+01 1.525048e+00 1.633406e-01 5.914710e-01 6.367459e-01 1.980045e+00 7.715697e-01 1.823207e+00 1.053303e+00 2.307828e+00 1.240626e+00 1.946858e+00 1.064869e+00 1.293228e+00 8.977592e-03 2.596245e-02 5.244816e-02 1.077559e-01 1.227772e-01 3.162028e-01 1.590554e-01 4.062643e-01 1.859147e-01 3.425929e-01 2.133325e-01 2.683239e-01 1.720576e-01 8.707187e-04
<GCONST> 7.673697e+01
<STATE> 4
<MEAN> 39
 -3.841181e+00 -4.380181e+00 -1.380853e+00 -8.920088e+00 -3.196716e+00 -6.281982e+00 -2.462188e+00 -1.221242e+01 -5.214604e+00 -8.497525e+00 -2.664975e+00 -8.175470e+00 1.759471e+01 -3.696590e-03 5.640362e-01 2.622680e-01 -4.548995e-01 4.116559e-01 1.698911e-01 -3.735679e-01 -2.333217e-01 1.575200e-01 1.861189e-01 -2.807066e-02 1.649841e-01 -1.759987e-01 -2.107770e-02 -1.171216e-01 -2.145142e-01 1.096547e-01 8.704749e-02 -2.722267e-02 2.045595e-02 1.849961e-01 4.517071e-02 -7.363621e-02 3.749547e-02 8.076188e-02 -1.677499e-02
<VARIANCE> 39
 6.725616e+00 2.077661e+01 9.946254e+00 1.740464e+01 2.093879e+01 4.195578e+01 3.341082e+01 3.282930e+01 4.008433e+01 4.409937e+01 3.259618e+01 3.568711e+01 1.337939e+00 3.443298e-01 1.010751e+00 9.863701e-01 1.216703e+00 8.805143e-01 1.865041e+00 1.353860e+00 1.411843e+00 1.573529e+00 1.478437e+00 1.085055e+00 1.050132e+00 2.735216e-02 5.694390e-02 1.045753e-01 8.382141e-02 1.278463e-01 1.951442e-01 2.806747e-01 2.505354e-01 1.784448e-01 2.218369e-01 2.216927e-01 1.661902e-01 1.590880e-01 2.928949e-03
<GCONST> 7.987355e+01
<TRANSP> 5
 0.000000e+00 1.000000e+00 0.000000e+00 0.000000e+00 0.000000e+00
 0.000000e+00 9.096046e-01 9.039540e-02 0.000000e+00 0.000000e+00
 0.000000e+00 0.000000e+00 8.314074e-01 1.685926e-01 0.000000e+00
 0.000000e+00 0.000000e+00 0.000000e+00 9.086884e-01 9.131160e-02
 0.000000e+00 0.000000e+00 0.000000e+00 0.000000e+00 0.000000e+00
<ENDHMM>
~h "sil"
<BEGINHMM>
<NUMSTATES> 5
<STATE> 2
<MEAN> 39
 -5.629631e+00 -5.381873e+00 -3.959648e+00 -9.043992e+00 -2.191852e-01 -4.181955e+00 -1.412930e-01 -8.546725e+00 -2.498073e+00 -5.830971e+00 5.865698e-01 -4.487365e+00 1.512058e+01 -2.989977e-01 -2.485853e-01 -1.857900e-01 -5.062531e-02 6.953713e-02 1.348625e-01 8.168909e-02 -1.643738e-03 1.418130e-02 1.866477e-02 1.135568e-01 5.824586e-02 -1.518559e-01 2.366597e-02 -7.472947e-03 -3.844216e-02 -6.360460e-02 -7.384092e-02 -6.419979e-02 -4.217726e-02 -1.948974e-03 -3.811196e-03 -6.769915e-03 -1.693800e-02 -5.217402e-03 2.531348e-02
<VARIANCE> 39
 6.971166e+00 8.607547e+00 9.564892e+00 1.168489e+01 1.486953e+01 1.538818e+01 1.765946e+01 1.877708e+01 2.046501e+01 1.954523e+01 1.858399e+01 1.638753e+01 1.209581e+00 1.686662e-01 3.746082e-01 4.430747e-01 5.866196e-01 7.339928e-01 8.284989e-01 8.455017e-01 9.076108e-01 9.109300e-01 8.356502e-01 9.046678e-01 7.998176e-01 2.155279e-02 2.201153e-02 4.568585e-02 6.338259e-02 7.749977e-02 1.032745e-01 1.189166e-01 1.186156e-01 1.276629e-01 1.369568e-01 1.216473e-01 1.281471e-01 1.153789e-01 2.526401e-03
<GCONST> 5.922258e+01
<STATE> 3
<MEAN> 39
 -7.156939e+00 -7.236734e+00 -5.866395e+00 -1.018522e+01 -1.012348e+00 -4.339154e+00 -3.654397e-01 -8.603598e+00 -2.680011e+00 -5.571365e+00 1.005066e+00 -4.037417e+00 1.452098e+01 -3.584295e-03 4.973425e-03 -6.192500e-03 3.801504e-03 1.879183e-03 4.715777e-03 1.254833e-03 -9.875970e-03 -4.555670e-03 1.094670e-02 -2.631477e-04 2.492726e-03 -1.193125e-03 -2.367512e-04 4.887877e-03 2.877431e-03 5.286401e-03 1.315752e-03 2.870240e-03 5.485826e-04 5.853286e-03 2.717656e-03 -8.293876e-04 -4.062809e-03 -3.430424e-03 1.585010e-03
<VARIANCE> 39
 3.027167e+00 3.564784e+00 6.172712e+00 8.254450e+00 1.253748e+01 1.387375e+01 1.474216e+01 1.582846e+01 1.623780e+01 1.398252e+01 1.548318e+01 1.300188e+01 1.028432e+00 5.842914e-02 1.319095e-01 2.563355e-01 3.600307e-01 4.751976e-01 6.449598e-01 6.224146e-01 6.900989e-01 6.643438e-01 5.534238e-01 6.422851e-01 5.676934e-01 2.417422e-03 1.073370e-02 2.426565e-02 4.638903e-02 6.443691e-02 8.854958e-02 1.218526e-01 1.105602e-01 1.289115e-01 1.215520e-01 9.644406e-02 1.150024e-01 1.070999e-01 5.051141e-04
<GCONST> 4.276598e+01
<STATE> 4
<MEAN> 39
 -8.044108e+00 -6.369842e+00 -6.079112e+00 -1.016942e+01 -1.188544e+00 -4.700866e+00 -5.106552e-01 -8.720682e+00 -2.519547e+00 -5.941778e+00 9.985308e-01 -4.417085e+00 1.453677e+01 3.423420e-03 1.545876e-01 2.794377e-02 1.227888e-02 -7.638059e-02 -6.393965e-02 -6.564828e-02 4.921002e-02 -5.532654e-02 -8.987791e-02 -1.027089e-01 -6.833789e-02 4.891996e-02 4.561830e-02 5.645911e-02 2.690602e-02 -6.750992e-03 -2.035841e-03 -2.716320e-02 -1.659572e-02 -1.573689e-02 -1.398931e-02 -1.821264e-02 -3.889874e-02 -1.456908e-02 3.347784e-02
<VARIANCE> 39
 5.361446e+00 5.850627e+00 7.452223e+00 1.031433e+01 1.202342e+01 1.461873e+01 1.655215e+01 1.791415e+01 1.851074e+01 1.737204e+01 1.645254e+01 1.416317e+01 1.276580e+00 2.534415e-01 3.365528e-01 3.772618e-01 5.664119e-01 6.053326e-01 7.375282e-01 7.088112e-01 9.202842e-01 8.939191e-01 7.990485e-01 7.762730e-01 6.718945e-01 2.073159e-02 3.954312e-02 5.724537e-02 6.069191e-02 9.818342e-02 9.287854e-02 1.226491e-01 1.060877e-01 1.502723e-01 1.416595e-01 1.225171e-01 1.118091e-01 9.929999e-02 4.412927e-03
<GCONST> 5.788788e+01
<TRANSP> 5
 0.000000e+00 1.000000e+00 0.000000e+00 0.000000e+00 0.000000e+00
 0.000000e+00 7.692419e-01 2.307581e-01 0.000000e+00 0.000000e+00
 0.000000e+00 0.000000e+00 9.590835e-01 4.091652e-02 0.000000e+00
 0.000000e+00 0.000000e+00 0.000000e+00 7.109240e-01 2.890760e-01
 0.000000e+00 0.000000e+00 0.000000e+00 0.000000e+00 0.000000e+00
<ENDHMM>
~h "six"
<BEGINHMM>
<NUMSTATES> 5
<STATE> 2
<MEAN> 39
 -9.124295e+00 -4.836953e+00 -7.749949e+00 -8.266639e+00 -2.438857e+00 -2.834769e+00 -1.487292e+00 -7.798928e+00 -3.116517e+00 -4.969313e+00 3.618691e-01 -3.493941e+00 1.461232e+01 2.726814e-02 1.591592e-01 1.186000e-01 -3.531424e-01 -3.868237e-01 -2.528211e-01 -1.307455e-02 8.920114e-03 1.418941e-01 1.896524e-01 -1.204983e-01 9.512921e-03 1.277529e-01 1.224180e-01 8.574618e-02 1.920704e-01 -2.156928e-01 -1.443492e-01 -1.911087e-01 -1.348150e-02 -1.142855e-02 4.335986e-02 1.788300e-02 -7.846189e-02 -1.185633e-01 9.579258e-02
<VARIANCE> 39
 5.881857e+00 7.824516e+00 1.145771e+01 1.170149e+01 1.691564e+01 1.670038e+01 1.585943e+01 1.681437e+01 1.957148e+01 2.023768e+01 1.844873e+01 1.536605e+01 1.012899e+00 5.537620e-01 4.715974e-01 1.205764e+00 1.010492e+00 1.007775e+00 1.470687e+00 8.038240e-01 8.137800e-01 1.030869e+00 1.294180e+00 9.459646e-01 9.358564e-01 1.411679e-01 4.636099e-02 5.967521e-02 9.845395e-02 1.366895e-01 1.730452e-01 1.833199e-01 1.418879e-01 1.549592e-01 1.804593e-01 1.774092e-01 1.522814e-01 1.540163e-01 7.503508e-03
<GCONST> 7.075550e+01
<STATE> 3
<MEAN> 39
 -6.389795e+00 -1.255084e+00 -8.810622e-01 -1.937228e+01 -7.577193e+00 -8.493302e+00 -2.595069e+00 -6.569140e+00 3.325137e-02 -3.820273e+00 -2.226168e+00 -7.108535e+00 1.817332e+01 6.033787e-02 -1.004580e-01 1.973094e-01 -2.318161e-01 3.399071e-01 1.645808e-01 -1.732648e-01 1.224700e-01 4.917460e-02 -1.716382e-01 1.772009e-01 -6.580673e-03 -4.431788e-02 -7.081280e-02 -1.914884e-01 -2.624973e-01 4.212634e-01 2.477778e-01 2.067547e-01 8.841415e-02 -7.030384e-02 -1.214316e-01 -5.252282e-02 1.186420e-01 1.339913e-01 -1.487445e-01
<VARIANCE> 39
 7.367367e+00 9.635596e+00 1.569742e+01 2.776347e+01 5.692443e+01 3.167277e+01 3.629292e+01 2.495915e+01 3.438404e+01 5.661712e+01 3.469410e+01 3.674877e+01 1.645047e+00 3.757044e-01 7.674610e-01 1.271302e+00 3.640179e+00 2.695807e+00 1.950655e+00 1.896175e+00 1.366034e+00 1.928482e+00 2.033426e+00 1.879827e+00 2.011311e+00 3.396145e-01 6.646573e-02 6.525157e-02 1.520792e-01 2.585391e-01 3.130457e-01 3.120063e-01 3.695939e-01 2.303203e-01 2.922210e-01 3.375136e-01 2.687100e-01 2.614650e-01 1.433634e-02
<GCONST> 9.337854e+01
<STATE> 4
<MEAN> 39
 -8.222577e+00 -6.451437e+00 -6.277396e+00 -9.275580e+00 -2.415956e+00 -3.256267e+00 -9.182802e-01 -8.615625e+00 -2.795307e+00 -5.153826e+00 7.408612e-01 -4.248632e+00 1.464348e+01 -7.442149e-02 -1.118081e-01 -2.389876e-01 2.870741e-01 3.500219e-02 6.666966e-02 1.390737e-01 -4.188109e-02 -8.121280e-02 -2.483466e-03 7.366169e-03 3.130433e-02 -6.889643e-02 2.173761e-02 7.154373e-02 7.432570e-02 -1.248943e-01 -5.118542e-02 -6.603875e-02 -5.131236e-02 3.815522e-02 2.469895e-02 6.733118e-03 -2.995413e-02 -2.922750e-02 4.497594e-02
<VARIANCE> 39
 7.836406e+00 8.036999e+00 1.202002e+01 1.253897e+01 1.775490e+01 1.684576e+01 1.688475e+01 1.718216e+01 1.742179e+01 1.762553e+01 1.547864e+01 1.427368e+01 1.310076e+00 3.471872e-01 5.518960e-01 7.463470e-01 9.087875e-01 9.875025e-01 1.059264e+00 1.026785e+00 9.108874e-01 8.760956e-01 8.051555e-01 7.558442e-01 6.350732e-01 5.456960e-02 4.509158e-02 7.355037e-02 1.100384e-01 1.327705e-01 1.825924e-01 1.706938e-01 1.655958e-01 1.667245e-01 1.581869e-01 1.441439e-01 1.370199e-01 1.246721e-01 7.388053e-03
<GCONST> 6.779649e+01
<TRANSP> 5
 0.000000e+00 1.000000e+00 0.000000e+00 0.000000e+00 0.000000e+00
 0.000000e+00 9.049472e-01 9.505283e-02 0.000000e+00 0.000000e+00
 0.000000e+00 0.000000e+00 8.983328e-01 1.016672e-01 0.000000e+00
 0.000000e+00 0.000000e+00 0.000000e+00 9.437304e-01 5.626968e-02
 0.000000e+00 0.000000e+00 0.000000e+00 0.000000e+00 0.000000e+00
<ENDHMM>
~h "two"
<BEGINHMM>
<NUMSTATES> 5
<STATE> 2
<MEAN> 39
 -9.639380e+00 -4.513416e+00 -6.580734e+00 -9.863549e+00 -9.720721e-01 -4.070689e+00 -1.373343e+00 -8.179422e+00 -2.537152e+00 -5.722523e+00 1.014188e+00 -3.721768e+00 1.495430e+01 -3.758500e-02 2.631130e-01 2.263373e-01 -3.008480e-01 -8.029140e-02 -1.059089e-02 -1.952108e-01 2.048011e-02 1.192919e-01 3.786819e-02 -4.394450e-03 -2.839588e-02 9.347264e-02 1.950326e-01 9.726066e-02 2.115304e-01 -1.064899e-01 -1.587307e-01 -1.867033e-01 -1.174412e-01 -6.690829e-02 -2.515927e-02 -1.346546e-03 -7.481464e-02 -1.170505e-01 8.904146e-02
<VARIANCE> 39
 9.732287e+00 8.411866e+00 1.057139e+01 1.130263e+01 1.669864e+01 1.858915e+01 1.761610e+01 1.993474e+01 2.015008e+01 2.109536e+01 2.063022e+01 1.756303e+01 9.683679e-01 1.154743e+00 7.385865e-01 1.484535e+00 7.320565e-01 1.243841e+00 1.212138e+00 9.533132e-01 1.050649e+00 1.054677e+00 1.129718e+00 1.398422e+00 9.929960e-01 1.174519e-01 1.107616e-01 1.110961e-01 1.232448e-01 1.199814e-01 2.136392e-01 1.859784e-01 1.655751e-01 1.895574e-01 1.984027e-01 1.764035e-01 2.621551e-01 1.380705e-01 7.422639e-03
<GCONST> 7.620221e+01
<STATE> 3
<MEAN> 39
 -4.756927e+00 1.149319e+00 1.778225e+00 -1.527068e+01 -6.598805e+00 -9.672951e+00 -6.598327e+00 -1.044179e+01 -2.516045e+00 -5.320362e+00 -1.030022e+00 -7.239760e+00 1.830119e+01 7.193316e-01 5.999752e-01 8.360482e-01 -6.091869e-01 -1.201094e+00 -1.150002e+00 -6.212711e-01 -3.241047e-01 -7.638552e-02 1.074631e-01 -2.783293e-01 -6.924759e-01 4.804430e-01 -2.461664e-01 -2.219688e-01 -4.234546e-01 2.838059e-01 2.397683e-01 2.108273e-01 2.293689e-01 1.474371e-01 -1.436217e-02 5.922083e-03 1.442222e-01 1.762003e-01 -1.356786e-01
<VARIANCE> 39
 7.637057e+00 8.201179e+00 1.359603e+01 2.286914e+01 4.094154e+01 2.664878e+01 2.842987e+01 2.392865e+01 3.044523e+01 5.369550e+01 4.334023e+01 4.700752e+01 1.220935e+00 6.002334e-01 6.134160e-01 9.871257e-01 1.413978e+00 1.245543e+00 1.154155e+00 1.636979e+00 1.535898e+00 1.877875e+00 2.038629e+00 2.554882e+00 1.859359e+00 8.416659e-02 6.196138e-02 5.703237e-02 8.188549e-02 1.318224e-01 2.159619e-01 1.828538e-01 2.050726e-01 1.926454e-01 2.096131e-01 2.724445e-01 2.909154e-01 2.224142e-01 8.053109e-03
<GCONST> 8.427509e+01
<STATE> 4
<MEAN> 39
 -3.074160e+00 -2.498495e-01 -1.582084e-01 -1.281029e+01 -6.631963e+00 -1.135589e+01 -5.742243e+00 -1.003087e+01 -3.079259e+00 -5.508291e+00 -1.510177e-01 -7.402942e+00 1.806439e+01 2.856458e-02 -3.108900e-01 -3.225634e-01 4.777231e-01 4.160337e-01 2.897200e-01 2.823395e-01 6.164465e-02 -7.978731e-02 -2.571181e-03 1.468313e-01 2.523625e-01 -1.813450e-01 -7.879076e-02 -6.534902e-02 -4.715159e-02 -2.746962e-03 8.374639e-02 1.333992e-01 8.168758e-02 3.501742e-02 2.799210e-02 -2.889507e-03 -1.431955e-02 4.589156e-02 -4.147516e-02
<VARIANCE> 39
 6.126970e+00 7.980874e+00 1.202322e+01 3.019345e+01 3.252041e+01 2.281901e+01 3.197464e+01 3.246533e+01 4.006978e+01 4.282232e+01 5.143121e+01 4.045087e+01 1.492822e+00 2.866625e-01 2.399527e-01 4.425736e-01 6.655245e-01 9.312074e-01 1.150722e+00 1.105539e+00 1.194716e+00 1.057023e+00 1.124072e+00 1.145987e+00 1.082552e+00 3.967651e-02 3.091886e-02 3.306122e-02 5.466451e-02 9.506745e-02 1.114157e-01 1.450114e-01 1.389046e-01 1.749011e-01 1.699730e-01 1.672947e-01 1.672982e-01 1.557807e-01 3.008823e-03
<GCONST> 7.111190e+01
<TRANSP> 5
 0.000000e+00 1.000000e+00 0.000000e+00 0.000000e+00 0.000000e+00
 0.000000e+00 9.084745e-01 9.152547e-02 0.000000e+00 0.000000e+00
 0.000000e+00 0.000000e+00 7.698596e-01 2.301404e-01 0.000000e+00
 0.000000e+00 0.000000e+00 0.000000e+00 9.201574e-01 7.984260e-02
 0.000000e+00 0.000000e+00 0.000000e+00 0.000000e+00 0.000000e+00
<ENDHMM>
~h "nine"
<BEGINHMM>
<NUMSTATES> 5
<STATE> 2
<MEAN> 39
 -4.077330e+00 -3.898045e+00 -1.677265e+00 -8.971156e+00 -2.804491e+00 -6.378211e+00 -1.642722e+00 -1.116134e+01 -5.117402e+00 -8.041974e+00 -2.887749e+00 -7.734881e+00 1.762904e+01 -1.811326e-01 -6.858033e-01 -2.834640e-01 4.408270e-01 -4.285429e-01 2.355705e-01 4.030291e-01 -1.731195e-01 -1.880390e-02 -1.236191e-01 -8.592727e-02 -8.366853e-02 2.069311e-01 -5.922493e-02 -1.590375e-01 -1.030369e-01 1.132272e-01 -5.453407e-03 -1.169204e-03 5.204875e-02 4.893637e-02 3.952454e-02 9.370357e-03 7.326271e-02 3.877673e-02 -9.215206e-03
<VARIANCE> 39
 8.090954e+00 1.916342e+01 1.444466e+01 1.669296e+01 2.834809e+01 2.875756e+01 3.145666e+01 2.650790e+01 4.734473e+01 3.538877e+01 3.033126e+01 3.281607e+01 1.829772e+00 4.871427e-01 1.494062e+00 1.080494e+00 1.097170e+00 1.264090e+00 1.393836e+00 1.627390e+00 1.205140e+00 1.553539e+00 1.157374e+00 1.183340e+00 1.006628e+00 4.894994e-02 6.265619e-02 1.682044e-01 1.288502e-01 1.425366e-01 2.181607e-01 2.178717e-01 2.447257e-01 1.814127e-01 2.032963e-01 1.691315e-01 1.711285e-01 1.443605e-01 4.463008e-03
<GCONST> 8.221024e+01
<STATE> 3
<MEAN> 39
 -6.347526e+00 -1.160442e+01 -4.860511e+00 -2.734690e+00 -5.693743e+00 -5.250024e+00 1.736060e+00 -1.135922e+01 -5.539679e+00 -9.015328e+00 -1.699770e+00 -7.646741e+00 1.861514e+01 -1.102202e-01 9.686048e-02 2.307477e-01 -2.420473e-01 -2.305193e-02 2.140791e-01 -1.050663e-01 -8.696254e-02 1.959000e-01 5.474265e-02 -5.526765e-02 4.596737e-02 -2.113688e-02 2.517099e-03 1.935468e-01 6.929507e-02 -2.402585e-01 4.426289e-02 6.240290e-02 -1.060978e-01 1.121202e-02 7.537673e-02 -1.084899e-02 -6.778222e-02 2.441987e-02 -1.480030e-02
<VARIANCE> 39
 7.253242e+00 8.472353e+00 2.450037e+01 3.236937e+01 1.900658e+01 3.083623e+01 3.095137e+01 3.397374e+01 4.391690e+01 4.150164e+01 2.842895e+01 3.075454e+01 1.006126e+00 8.384608e-02 3.840280e-01 4.111280e-01 1.132712e+00 5.000369e-01 6.241730e-01 5.587698e-01 5.153652e-01 6.511036e-01 6.707070e-01 6.806692e-01 5.420508e-01 4.827251e-03 1.133340e-02 3.005360e-02 4.127556e-02 5.547937e-02 7.264969e-02 7.246985e-02 7.391031e-02 8.095073e-02 8.281077e-02 8.716507e-02 7.873288e-02 7.922964e-02 3.983415e-04
<GCONST> 5.405604e+01
<STATE> 4
<MEAN> 39
 -5.408940e+00 -2.488683e+00 -1.320186e+00 -1.141012e+01 -1.443080e+00 -5.341778e+00 -3.676828e+00 -1.048140e+01 -3.509034e+00 -8.117120e+00 -2.930948e+00 -6.527740e+00 1.769447e+01 2.317154e-01 5.105915e-01 -3.092594e-03 -1.016934e-01 4.411195e-01 -2.479254e-01 -2.011425e-01 2.756165e-01 -1.277939e-01 8.107461e-02 2.108437e-01 1.169407e-01 -1.723584e-01 -2.715088e-02 -1.583067e-01 -8.625384e-02 1.474570e-01 -3.839137e-02 -6.090536e-03 1.204325e-01 1.985707e-02 -5.447895e-02 4.231457e-02 7.832301e-02 -9.554831e-03 -2.023010e-02
<VARIANCE> 39
 1.166846e+01 1.632530e+01 1.132170e+01 2.321636e+01 3.171843e+01 3.320292e+01 3.064791e+01 2.993113e+01 4.733531e+01 3.817848e+01 3.626937e+01 3.985386e+01 1.211661e+00 5.065153e-01 1.171872e+00 6.359947e-01 1.643075e+00 1.303741e+00 1.550629e+00 1.528432e+00 1.269756e+00 1.658819e+00 1.184173e+00 1.105880e+00 1.068939e+00 2.538142e-02 7.071384e-02 8.681953e-02 9.031531e-02 1.779845e-01 1.819096e-01 2.449437e-01 1.820611e-01 2.039851e-01 2.436527e-01 1.943311e-01 1.735394e-01 1.451956e-01 2.221677e-03
<GCONST> 8.083681e+01
<TRANSP> 5
 0.000000e+00 1.000000e+00 0.000000e+00 0.000000e+00 0.000000e+00
 0.000000e+00 9.012508e-01 9.874915e-02 0.000000e+00 0.000000e+00
 0.000000e+00 0.000000e+00 9.153502e-01 8.464979e-02 0.000000e+00
 0.000000e+00 0.000000e+00 0.000000e+00 9.176028e-01 8.239719e-02
 0.000000e+00 0.000000e+00 0.000000e+00 0.000000e+00 0.000000e+00
<ENDHMM>
~h "five"
<BEGINHMM>
<NUMSTATES> 5
<STATE> 2
<MEAN> 39
 -6.145298e+00 -8.579066e+00 -7.592478e+00 -9.225046e+00 -4.230645e-01 -6.121465e+00 6.969552e-03 -6.825413e+00 -3.778208e+00 -6.490660e+00 -3.219453e-01 -4.546302e+00 1.643808e+01 1.117977e-01 -6.872110e-01 -4.785918e-01 3.255060e-01 2.195612e-01 -2.712114e-01 2.421209e-01 2.802692e-01 -3.435879e-01 -1.302721e-01 -1.266204e-01 1.667047e-02 2.472797e-01 -1.688003e-03 -5.660904e-03 5.737718e-02 4.688829e-02 -1.725683e-02 -3.236450e-02 -1.989580e-02 -4.941050e-02 -1.732893e-02 2.411528e-02 1.546302e-02 -1.459347e-02 2.061847e-02
<VARIANCE> 39
 1.125222e+01 1.815386e+01 1.972012e+01 1.332428e+01 1.796993e+01 2.025480e+01 1.944230e+01 3.697229e+01 2.612189e+01 2.326820e+01 2.203224e+01 1.616225e+01 4.948135e+00 7.423183e-01 6.844242e-01 8.868374e-01 8.866005e-01 8.226770e-01 1.096099e+00 9.428286e-01 1.701125e+00 1.496833e+00 1.271831e+00 1.231869e+00 8.357617e-01 2.129118e-01 1.004225e-01 1.065271e-01 1.570923e-01 1.148708e-01 1.338450e-01 1.695190e-01 1.473376e-01 2.760081e-01 2.348385e-01 1.802754e-01 1.906100e-01 1.286198e-01 2.516605e-02
<GCONST> 8.141045e+01
<STATE> 3
<MEAN> 39
 -5.829909e+00 -1.543208e+01 -8.489591e+00 -3.791502e+00 1.364196e+00 -9.061789e+00 2.480586e+00 -7.543464e+00 -7.266443e+00 -5.482922e+00 -5.596449e-01 -4.576599e+00 1.903887e+01 -1.610333e-01 9.881302e-02 4.891211e-01 -2.808346e-01 -2.718478e-01 4.465795e-01 6.804516e-02 -3.852472e-01 3.469795e-02 2.820536e-01 5.019209e-02 -7.338861e-02 -4.962920e-02 4.119491e-02 1.198991e-01 1.074241e-02 -1.944130e-01 -5.746678e-02 8.541076e-02 -2.819498e-02 2.903881e-02 6.260718e-02 -5.057395e-02 -7.345670e-02 -1.855369e-02 -1.597168e-02
<VARIANCE> 39
 9.235519e+00 9.516522e+00 2.487405e+01 2.134832e+01 1.890436e+01 2.361058e+01 1.802779e+01 4.020387e+01 4.783451e+01 4.513332e+01 2.691066e+01 2.542697e+01 1.368736e+00 9.077755e-02 1.726025e-01 2.727430e-01 6.954151e-01 5.202826e-01 5.777697e-01 5.082269e-01 5.121690e-01 6.401091e-01 6.122529e-01 5.999653e-01 4.835857e-01 5.997586e-03 1.192115e-02 2.521031e-02 3.123388e-02 4.833079e-02 5.224700e-02 5.349390e-02 5.804963e-02 6.689397e-02 9.045380e-02 8.805466e-02 6.807323e-02 7.103813e-02 9.688300e-04
<GCONST> 5.083686e+01
<STATE> 4
<MEAN> 39
 -5.452401e+00 -7.798195e+00 -3.664724e+00 -1.292934e+01 -3.057851e+00 -3.760870e+00 1.120415e+00 -8.346090e+00 -3.888038e+00 -5.631059e+00 -1.734033e+00 -5.653007e+00 1.761938e+01 6.896126e-02 9.293824e-01 2.307979e-01 -1.987881e-01 -1.315930e-01 -8.908919e-02 -2.932282e-01 7.891072e-02 3.928494e-01 -1.370573e-01 7.672826e-02 1.233712e-02 -2.762189e-01 -4.002639e-02 -7.254068e-02 -8.900335e-02 1.945955e-01 1.092603e-01 -8.830164e-02 -1.665553e-02 -4.516222e-03 -4.075466e-02 1.309693e-02 7.345114e-02 3.240538e-02 -1.782534e-02
<VARIANCE> 39
 7.533137e+00 2.308251e+01 1.185585e+01 2.986160e+01 3.748623e+01 2.150838e+01 2.415422e+01 3.057125e+01 4.223595e+01 2.629448e+01 2.688212e+01 2.787959e+01 2.629518e+00 3.400311e-01 7.374029e-01 6.409166e-01 2.733145e+00 1.682087e+00 1.393089e+00 9.393058e-01 1.417222e+00 1.594574e+00 1.266554e+00 1.316848e+00 1.013080e+00 6.819271e-02 5.715516e-02 1.022110e-01 9.524721e-02 3.009313e-01 2.342666e-01 2.509230e-01 1.675267e-01 2.084453e-01 2.011775e-01 1.717467e-01 2.163430e-01 1.726192e-01 9.082111e-03
<GCONST> 8.298357e+01
<TRANSP> 5
 0.000000e+00 1.000000e+00 0.000000e+00 0.000000e+00 0.000000e+00
 0.000000e+00 9.300392e-01 6.996083e-02 0.000000e+00 0.000000e+00
 0.000000e+00 0.000000e+00 9.152319e-01 8.476811e-02 0.000000e+00
 0.000000e+00 0.000000e+00 0.000000e+00 8.980054e-01 1.019946e-01
 0.000000e+00 0.000000e+00 0.000000e+00 0.000000e+00 0.000000e+00
<ENDHMM>
~h "four"
<BEGINHMM>
<NUMSTATES> 5
<STATE> 2
<MEAN> 39
 -7.667614e+00 -6.677808e+00 -5.470642e+00 -9.688792e+00 -1.112550e+00 -4.543476e+00 -5.189730e-01 -8.559962e+00 -2.271121e+00 -5.732479e+00 1.121440e+00 -4.080835e+00 1.494338e+01 3.138357e-01 1.474962e-02 -3.778507e-01 -2.939831e-01 -1.125255e-01 -9.205814e-02 -1.320306e-01 -8.569782e-03 1.231802e-01 1.055109e-01 -1.625143e-02 -4.077192e-02 1.258386e-01 2.438173e-01 9.813482e-02 -1.170318e-01 -1.288143e-01 -5.303990e-02 -1.112579e-01 -1.097985e-01 -1.808096e-02 -8.184097e-03 7.009542e-03 -7.390758e-02 -1.029496e-01 1.065350e-01
<VARIANCE> 39
 4.657703e+00 4.193451e+00 6.876488e+00 8.704023e+00 1.156782e+01 1.418993e+01 1.488089e+01 1.611071e+01 1.489992e+01 1.410061e+01 1.539704e+01 1.167687e+01 9.116803e-01 1.047066e+00 4.639237e-01 5.766308e-01 6.437171e-01 6.049650e-01 9.842697e-01 9.577667e-01 8.519986e-01 8.544640e-01 7.821125e-01 1.037500e+00 8.674546e-01 1.654569e-01 5.929432e-02 5.711766e-02 1.015155e-01 1.069120e-01 1.041819e-01 1.638891e-01 1.311690e-01 1.613808e-01 1.551103e-01 1.347689e-01 1.544513e-01 1.329648e-01 6.555352e-03
<GCONST> 6.410861e+01
<STATE> 3
<MEAN> 39
 1.545542e+00 -3.506071e+00 -1.204609e+01 -1.693926e+01 -4.004881e+00 -6.246487e+00 -3.255047e+00 -8.958976e+00 -1.451340e+00 -3.992062e+00 3.068372e-01 -6.856421e+00 1.889500e+01 3.433107e-01 -1.623348e-01 -3.558477e-01 -7.217045e-02 6.820398e-02 -2.290272e-02 -2.270717e-01 1.736721e-01 3.472252e-01 1.047987e-01 -2.364447e-01 -2.329478e-01 1.594964e-01 -1.728062e-01 -1.511379e-01 1.446060e-01 2.267973e-01 4.013358e-02 -2.949183e-02 4.305371e-02 1.087216e-01 4.690735e-02 -7.877220e-02 -5.253191e-02 5.703614e-02 -6.698091e-02
<VARIANCE> 39
 4.227960e+00 1.022245e+01 1.029036e+01 1.432916e+01 2.460276e+01 1.721146e+01 1.818636e+01 1.709348e+01 2.334695e+01 2.481169e+01 3.750479e+01 3.594286e+01 1.115800e+00 5.912058e-01 7.438594e-01 7.231894e-01 1.240829e+00 9.895769e-01 7.948632e-01 9.115146e-01 9.642963e-01 1.307602e+00 1.180656e+00 1.372135e+00 1.243437e+00 1.038316e-01 4.871599e-02 4.642923e-02 9.628294e-02 8.305278e-02 1.340594e-01 1.435021e-01 1.544317e-01 1.396361e-01 1.799932e-01 1.932645e-01 2.021902e-01 1.820074e-01 7.090522e-03
<GCONST> 7.298955e+01
<STATE> 4
<MEAN> 39
 -5.429465e-01 -1.072220e+01 -7.323119e+00 -8.565816e+00 -5.391745e+00 -8.704766e+00 -2.323945e+00 -4.895527e+00 1.832074e-01 -7.540122e+00 -3.910874e+00 -7.426217e+00 1.840887e+01 -6.129126e-01 7.465033e-02 1.055966e+00 4.896528e-01 -3.433497e-01 7.616238e-02 5.981666e-01 -1.811750e-01 -6.240199e-01 -3.440996e-01 1.658252e-01 3.014710e-01 -2.432765e-01 -9.001639e-02 2.380779e-01 -4.453148e-02 -1.996030e-01 1.165280e-01 1.960449e-01 3.099994e-02 -1.858954e-01 -1.287930e-01 1.032561e-01 1.745549e-01 4.439850e-02 -4.962718e-02
<VARIANCE> 39
 7.333424e+00 1.779958e+01 3.181578e+01 1.828339e+01 4.522202e+01 3.700929e+01 3.509687e+01 4.319407e+01 4.621206e+01 3.482881e+01 3.460003e+01 3.076935e+01 1.741630e+00 2.971708e-01 1.587486e+00 9.179295e-01 1.626264e+00 2.564564e+00 2.221741e+00 1.718492e+00 2.564770e+00 1.885271e+00 1.705947e+00 1.829050e+00 1.123808e+00 5.832912e-02 2.926799e-02 1.346432e-01 2.064868e-01 1.690599e-01 4.288346e-01 2.940586e-01 3.516556e-01 3.668473e-01 3.851870e-01 2.816707e-01 3.092501e-01 2.124644e-01 3.411652e-03
<GCONST> 9.085587e+01
<TRANSP> 5
 0.000000e+00 1.000000e+00 0.000000e+00 0.000000e+00 0.000000e+00
 0.000000e+00 9.011176e-01 9.888241e-02 0.000000e+00 0.000000e+00
 0.000000e+00 0.000000e+00 9.186853e-01 8.131475e-02 0.000000e+00
 0.000000e+00 0.000000e+00 0.000000e+00 8.810120e-01 1.189879e-01
 0.000000e+00 0.000000e+00 0.000000e+00 0.000000e+00 0.000000e+00
<ENDHMM>
~h "zero"
<BEGINHMM>
<NUMSTATES> 5
<STATE> 2
<MEAN> 39
 -6.758173e+00 -3.060532e+00 -4.886794e+00 -7.466863e+00 -1.265788e+00 -3.807552e+00 -1.414098e+00 -8.519994e+00 -3.457348e+00 -5.106209e+00 5.901266e-01 -4.556123e+00 1.523185e+01 -8.170497e-02 3.317760e-01 1.413687e-01 -3.041172e-01 -2.133193e-01 -2.737594e-01 -1.777331e-01 -1.205096e-01 1.233098e-01 2.201352e-01 -1.254927e-02 -1.799902e-04 1.060412e-01 6.806264e-02 1.068907e-01 1.512870e-01 -2.256985e-01 -1.459333e-01 -2.462533e-01 -6.497091e-02 -7.538818e-02 6.202352e-02 1.080060e-02 -2.262778e-02 -5.403143e-02 8.252075e-02
<VARIANCE> 39
 7.745603e+00 1.028858e+01 1.429243e+01 1.360915e+01 1.783327e+01 1.930373e+01 1.877950e+01 1.949848e+01 2.377083e+01 2.085609e+01 1.977659e+01 1.678326e+01 1.208742e+00 4.211672e-01 7.290791e-01 1.003664e+00 9.500195e-01 8.893788e-01 1.750820e+00 9.589455e-01 1.102061e+00 1.068043e+00 8.963278e-01 1.006095e+00 1.001623e+00 1.192539e-01 5.258036e-02 9.179003e-02 1.144091e-01 1.198336e-01 1.237964e-01 1.946423e-01 1.597987e-01 1.730609e-01 1.607243e-01 1.399859e-01 1.706397e-01 1.584597e-01 7.959141e-03
<GCONST> 7.320310e+01
<STATE> 3
<MEAN> 39
 -5.592321e+00 3.955140e-01 8.077570e-01 -1.662427e+01 -7.707266e+00 -9.225008e+00 -4.660075e+00 -8.628914e+00 -4.996764e-02 -3.802483e+00 1.258471e-01 -6.759883e+00 1.834422e+01 3.379156e-01 -6.247962e-01 4.887833e-01 -2.657137e-01 -1.102035e+00 1.290300e-01 1.548075e-01 1.538516e-01 3.349323e-01 -5.399721e-02 2.665047e-02 -1.553145e-01 1.949298e-01 4.521504e-02 -2.660758e-01 -1.692016e-01 3.433262e-01 9.397534e-03 1.403272e-01 1.908154e-01 7.234641e-02 -7.128315e-02 -4.766155e-02 -7.065101e-03 6.281447e-02 -6.165043e-02
<VARIANCE> 39
 7.281296e+00 1.915923e+01 1.718733e+01 2.744018e+01 5.847343e+01 3.936485e+01 3.189040e+01 4.336214e+01 3.246245e+01 3.001803e+01 3.379704e+01 4.995002e+01 1.156448e+00 4.295124e-01 1.775873e+00 8.555194e-01 2.664621e+00 1.664699e+00 2.654131e+00 1.727388e+00 1.475449e+00 1.340085e+00 1.175760e+00 1.141517e+00 1.379973e+00 7.314242e-02 5.099222e-02 1.107147e-01 1.223852e-01 1.857535e-01 2.375451e-01 3.918636e-01 2.244568e-01 2.434571e-01 2.200193e-01 1.773840e-01 1.724212e-01 2.131543e-01 4.550986e-03
<GCONST> 8.729034e+01
<STATE> 4
<MEAN> 39
 -1.649557e+00 -9.930120e+00 -4.550309e+00 -9.837083e+00 -9.202913e+00 -8.373470e+00 4.404502e-02 -4.373052e+00 -3.070296e-01 -6.662808e+00 -1.066609e+00 -5.913483e+00 1.846300e+01 -1.718483e-03 4.104760e-02 -4.249460e-01 2.122227e-01 6.903480e-01 -3.667685e-02 1.310116e-02 7.659437e-02 -1.453036e-01 -9.953722e-02 -4.258993e-02 5.561086e-02 -9.980553e-02 -8.147387e-02 1.027285e-01 5.154705e-02 -8.308217e-02 8.996752e-02 7.159785e-02 -5.898295e-02 -6.223116e-02 -2.369903e-02 2.519728e-02 2.528005e-02 8.757326e-03 -2.410396e-02
<VARIANCE> 39
 6.049094e+00 2.022752e+01 2.591797e+01 2.576324e+01 6.116899e+01 5.180336e+01 3.776208e+01 3.636253e+01 4.391720e+01 3.594054e+01 2.597992e+01 3.311923e+01 1.509334e+00 3.012057e-01 8.277442e-01 7.833858e-01 1.013889e+00 1.236912e+00 1.841354e+00 1.590087e+00 1.897713e+00 1.647464e+00 1.476164e+00 1.053238e+00 9.581063e-01 3.797207e-02 2.902777e-02 5.182402e-02 8.361202e-02 1.130989e-01 1.905688e-01 2.371267e-01 2.060660e-01 2.034618e-01 2.219544e-01 2.011819e-01 1.522516e-01 1.418979e-01 2.415668e-03
<GCONST> 8.034364e+01
<TRANSP> 5
 0.000000e+00 1.000000e+00 0.000000e+00 0.000000e+00 0.000000e+00
 0.000000e+00 8.903300e-01 1.096700e-01 0.000000e+00 0.000000e+00
 0.000000e+00 0.000000e+00 8.972682e-01 1.027318e-01 0.000000e+00
 0.000000e+00 0.000000e+00 0.000000e+00 9.447609e-01 5.523908e-02
 0.000000e+00 0.000000e+00 0.000000e+00 0.000000e+00 0.000000e+00
<ENDHMM>
