~o
<STREAMINFO> 1 39
<VECSIZE> 39<NULLD><MFCC_E_D_A><DIAGC>
~h "eight"
<BEGINHMM>
<NUMSTATES> 5
<STATE> 2
<MEAN> 39
 -7.524250e+00 -3.425481e+00 -5.693403e+00 -1.668126e+01 -6.472214e-01 -5.182419e+00 5.464624e-01 -6.746663e+00 -1.554757e+00 -6.763821e+00 -1.027578e+00 -5.331581e+00 1.714911e+01 -1.900201e-01 7.575284e-01 -8.186729e-02 -7.814763e-01 3.923821e-02 -4.145832e-01 5.498391e-02 2.968003e-01 3.011549e-01 4.553801e-02 -9.449651e-02 -9.567291e-02 2.139844e-01 3.509384e-02 8.254604e-02 1.092660e-02 8.963271e-02 -4.104015e-02 -1.680772e-01 -8.082500e-02 -2.284069e-02 2.705577e-02 6.061812e-02 5.858058e-02 -4.580967e-03 3.466662e-03
<VARIANCE> 39
 1.075577e+01 2.305831e+01 1.835776e+01 3.944753e+01 4.045810e+01 2.353713e+01 2.441501e+01 2.433811e+01 3.137293e+01 2.547064e+01 2.575901e+01 2.447310e+01 3.380898e+00 3.360930e-01 9.651089e-01 6.847406e-01 1.411190e+00 1.254018e+00 1.634324e+00 1.348156e+00 1.128211e+00 1.374385e+00 1.216730e+00 1.140042e+00 1.007759e+00 1.229797e-01 4.082865e-02 8.491873e-02 8.461758e-02 2.011358e-01 1.478592e-01 1.778296e-01 1.529719e-01 1.814240e-01 2.320961e-01 1.695074e-01 1.833575e-01 1.573080e-01 1.323970e-02
<GCONST> 8.183727e+01
<STATE> 3
<MEAN> 39
 -7.935270e+00 5.475981e+00 -4.908610e+00 -1.664729e+01 -2.357275e+00 -1.441936e+01 -3.035205e+00 -8.590779e+00 -1.333268e+00 -4.426886e+00 9.894339e-01 -5.287225e+00 1.807283e+01 2.038409e-01 -4.290128e-01 1.808106e-01 9.720477e-01 1.361367e-01 6.933639e-02 -3.419808e-01 -6.694542e-01 -5.148323e-01 -4.112886e-02 2.100351e-01 1.945939e-01 -2.363272e-01 1.021295e-02 -3.328926e-01 -3.043237e-02 6.396190e-02 4.254457e-02 3.532501e-01 1.234169e-01 5.585654e-02 -2.347425e-02 -9.194016e-02 -6.257262e-02 3.917744e-03 -6.257655e-02
<VARIANCE> 39
 9.284457e+00 1.350717e+01 2.250878e+01 3.248522e+01 1.967650e+01 2.420524e+01 5.254562e+01 3.438115e+01 4.415731e+01 2.637299e+01 3.191334e+01 2.703312e+01 1.959813e+00 2.642206e-01 1.895689e+00 4.088294e-01 7.647224e-01 7.868137e-01 2.502151e+00 1.307327e+00 1.116771e+00 1.804252e+00 1.195110e+00 1.398760e+00 1.008693e+00 6.759372e-02 3.641362e-02 9.029844e-02 5.905558e-02 1.265767e-01 9.250864e-02 1.745033e-01 1.630073e-01 2.078775e-01 2.767939e-01 1.690441e-01 1.958873e-01 1.643071e-01 4.024227e-03
<GCONST> 7.874340e+01
<STATE> 4
<MEAN> 39
 -7.116768e+00 -6.541066e+00 -5.514879e+00 -1.004293e+01 -1.215374e+00 -4.682481e+00 -8.409407e-01 -8.921490e+00 -3.019660e+00 -5.935845e+00 9.428729e-01 -4.004976e+00 1.468662e+01 -7.179794e-02 -3.660488e-01 -1.176299e-01 1.204244e-01 -4.112490e-02 3.696104e-01 1.855421e-01 1.810012e-01 1.167377e-01 8.797262e-03 1.649065e-02 9.388016e-03 -9.300601e-02 -5.685305e-03 1.757349e-01 1.040002e-02 -6.684016e-02 -1.211832e-02 -1.464314e-01 -4.599060e-02 -1.503949e-02 -6.331490e-03 2.179368e-02 -5.186087e-03 -1.391517e-02 4.871765e-02
<VARIANCE> 39
 4.560894e+00 6.159153e+00 8.314760e+00 9.574124e+00 1.262567e+01 1.589434e+01 1.697651e+01 1.696682e+01 1.732073e+01 1.627313e+01 1.523353e+01 1.399438e+01 1.034502e+00 2.099295e-01 8.405249e-01 4.288093e-01 5.955234e-01 4.862397e-01 1.170447e+00 9.931200e-01 8.546667e-01 9.812966e-01 7.909762e-01 7.432477e-01 7.057065e-01 4.874194e-02 3.460033e-02 9.647738e-02 7.128511e-02 1.091524e-01 9.177044e-02 1.887645e-01 1.756934e-01 1.504275e-01 1.623781e-01 1.354730e-01 1.324254e-01 1.272722e-01 4.818405e-03
<GCONST> 6.216208e+01
<TRANSP> 5
 0.000000e+00 1.000000e+00 0.000000e+00 0.000000e+00 0.000000e+00
 0.000000e+00 9.121922e-01 8.780777e-02 0.000000e+00 0.000000e+00
 0.000000e+00 0.000000e+00 8.976275e-01 1.023725e-01 0.000000e+00
 0.000000e+00 0.000000e+00 0.000000e+00 9.213890e-01 7.861090e-02
 0.000000e+00 0.000000e+00 0.000000e+00 0.000000e+00 0.000000e+00
<ENDHMM>
~h "oh"
<BEGINHMM>
<NUMSTATES> 5
<STATE> 2
<MEAN> 39
 -5.072906e+00 -9.817537e+00 -7.833377e+00 -8.759861e+00 -2.347719e+00 -7.078435e+00 2.847755e+00 -7.616875e+00 -4.773004e+00 -6.878154e+00 -1.687973e+00 -4.955315e+00 1.721407e+01 4.015585e-01 -2.821494e-01 -5.485501e-01 2.171545e-01 1.401627e-01 -4.945689e-01 2.322910e-01 5.781040e-01 -1.037486e-01 -3.932609e-01 -3.404421e-01 -6.349503e-02 2.903814e-01 6.013421e-02 8.892391e-02 -1.210267e-02 -5.544872e-02 1.547173e-02 -6.012470e-02 -1.276604e-01 1.861855e-02 1.092551e-01 1.494734e-03 -5.272239e-02 -5.050194e-02 1.424376e-02
<VARIANCE> 39
 8.382304e+00 1.228219e+01 1.538583e+01 1.591970e+01 2.185689e+01 2.340161e+01 2.846190e+01 5.757656e+01 3.748622e+01 3.054210e+01 2.663984e+01 2.711323e+01 3.812013e+00 4.045048e-01 5.595051e-01 6.603169e-01 6.405977e-01 7.460980e-01 1.180177e+00 1.235327e+00 1.815301e+00 1.533159e+00 1.309644e+00 1.311777e+00 1.082004e+00 1.254167e-01 4.813058e-02 7.023267e-02 8.521729e-02 8.555458e-02 1.118070e-01 1.482320e-01 1.609972e-01 2.226749e-01 2.095436e-01 1.953586e-01 2.000352e-01 1.548820e-01 1.713554e-02
<GCONST> 7.894449e+01
<STATE> 3
<MEAN> 39
 -4.965996e-01 -8.085562e+00 -1.303811e+01 -1.018378e+01 -8.909648e-01 -1.201037e+01 -8.892376e-01 -1.284798e+00 1.939150e-01 -7.884274e+00 -5.009707e+00 -6.855097e+00 1.903839e+01 2.239072e-01 4.083353e-01 -6.301423e-03 -3.375471e-01 -6.150921e-02 -1.964754e-02 -6.569722e-01 -2.515008e-01 6.164273e-01 5.838704e-01 3.178514e-02 -3.234860e-01 -1.058154e-02 -4.688026e-02 2.213277e-02 1.000644e-01 -1.014053e-02 -5.009495e-02 8.897688e-02 1.630273e-02 -1.447878e-01 -8.520339e-02 7.581969e-02 1.148444e-01 2.391836e-02 -2.662398e-02
<VARIANCE> 39
 6.028923e+00 9.347387e+00 1.555831e+01 1.589685e+01 1.975419e+01 2.333681e+01 4.428231e+01 3.314379e+01 4.055783e+01 3.755698e+01 3.123152e+01 3.914726e+01 1.183734e+00 8.543304e-02 1.427004e-01 2.976719e-01 2.936640e-01 3.913098e-01 5.535881e-01 7.245921e-01 1.116325e+00 7.998047e-01 8.947311e-01 8.656507e-01 6.944234e-01 1.391792e-02 1.175630e-02 1.537127e-02 3.537053e-02 3.572029e-02 4.852974e-02 7.178195e-02 8.156145e-02 1.012436e-01 1.109301e-01 1.074998e-01 9.628421e-02 9.289262e-02 1.245802e-03
<GCONST> 5.396379e+01
<STATE> 4
<MEAN> 39
 -7.418172e-01 -3.730195e+00 -8.383333e+00 -1.248796e+01 -3.622055e+00 -9.300145e+00 -4.000159e+00 -8.066671e+00 -2.979418e-01 -3.366244e+00 3.569718e-01 -6.248672e+00 1.795417e+01 -5.069020e-01 1.203026e-01 7.350001e-01 2.727176e-01 1.213537e-02 5.559242e-01 3.365018e-01 -4.405238e-01 -5.363584e-01 -1.885732e-01 3.968891e-01 4.349112e-01 -2.802317e-01 -1.126523e-01 -1.140013e-01 -2.907860e-02 7.595472e-02 9.950961e-02 8.985820e-02 1.345923e-01 9.031346e-02 -3.953855e-02 -1.066727e-01 -6.855576e-02 5.315383e-02 -3.464304e-02
<VARIANCE> 39
 9.361489e+00 7.810176e+00 2.079552e+01 1.825479e+01 1.941330e+01 2.692006e+01 3.110310e+01 2.683557e+01 3.199027e+01 4.008417e+01 3.906119e+01 3.790240e+01 2.412500e+00 3.826951e-01 4.593656e-01 5.507359e-01 6.217661e-01 8.842406e-01 1.264738e+00 1.251874e+00 1.298648e+00 1.305791e+00 1.263464e+00 1.279160e+00 1.245753e+00 5.453461e-02 3.299577e-02 4.469836e-02 8.896651e-02 8.728102e-02 1.096992e-01 1.661355e-01 1.871797e-01 1.997285e-01 2.127135e-01 2.068776e-01 1.755926e-01 1.748503e-01 4.194856e-03
<GCONST> 7.532735e+01
<TRANSP> 5
 0.000000e+00 1.000000e+00 0.000000e+00 0.000000e+00 0.000000e+00
 0.000000e+00 9.027608e-01 9.723922e-02 0.000000e+00 0.000000e+00
 0.000000e+00 0.000000e+00 9.042471e-01 9.575287e-02 0.000000e+00
 0.000000e+00 0.000000e+00 0.000000e+00 8.838429e-01 1.161570e-01
 0.000000e+00 0.000000e+00 0.000000e+00 0.000000e+00 0.000000e+00
<ENDHMM>
~h "seven"
<BEGINHMM>
<NUMSTATES> 5
<STATE> 2
<MEAN> 39
 -8.806631e+00 -4.769282e+00 -7.050017e+00 -8.596656e+00 -2.107394e+00 -3.131447e+00 -1.276509e+00 -8.136147e+00 -2.909429e+00 -5.214480e+00 6.799269e-01 -3.793395e+00 1.484347e+01 4.741061e-02 -4.084799e-02 -4.356897e-02 -3.256980e-01 -2.671274e-01 -1.353343e-01 2.667654e-01 1.513757e-02 1.375778e-01 -7.737454e-04 -2.047790e-01 -6.332376e-02 1.080878e-01 1.303975e-01 9.204545e-03 8.983022e-02 -1.476355e-01 -1.309363e-01 -1.120196e-01 8.732995e-02 -1.238422e-02 2.002493e-02 -2.644497e-02 -8.712242e-02 -9.269767e-02 9.199268e-02
<VARIANCE> 39
 8.340008e+00 1.013035e+01 1.380078e+01 1.310764e+01 1.612601e+01 1.582008e+01 1.759687e+01 1.745255e+01 1.826360e+01 1.723364e+01 1.706742e+01 1.463344e+01 9.047275e-01 7.144133e-01 4.608479e-01 8.613429e-01 9.991095e-01 9.701380e-01 1.283293e+00 9.959623e-01 8.575958e-01 1.029544e+00 1.155908e+00 9.210114e-01 9.517400e-01 1.512429e-01 5.368428e-02 6.783886e-02 9.750189e-02 1.360510e-01 1.662413e-01 1.770663e-01 1.648983e-01 1.456986e-01 1.700096e-01 1.546174e-01 1.450091e-01 1.504834e-01 8.093954e-03
<GCONST> 7.123422e+01
<STATE> 3
<MEAN> 39
 -5.558075e+00 -7.172778e+00 -5.193472e+00 -1.591174e+01 -6.355659e+00 -4.897009e+00 4.772487e+00 -8.475010e+00 -2.770160e+00 -6.761119e+00 -3.975050e+00 -6.626519e+00 1.896182e+01 1.894533e-01 -2.722632e-01 1.233811e-01 3.882802e-02 -6.137387e-02 -1.088002e-01 2.446589e-01 2.681850e-01 -2.807252e-01 -5.543004e-02 -6.964497e-02 -1.107270e-01 1.236368e-01 -4.177998e-02 7.839748e-02 1.111910e-02 2.926458e-01 1.553699e-01 -2.480877e-02 -2.548968e-01 3.867892e-02 -2.091179e-02 1.592026e-02 1.771704e-01 7.159716e-02 -1.270850e-01
<VARIANCE> 39
 9.614645e+00 1.303329e+01 9.436707e+00 1.827779e+01 4.580249e+01 3.937848e+01 3.187668e+01 3.950835e+01 4.652962e+01 5.849232e+01 3.255420e+01 3.130153e+01 1.240814e+00 4.410259e-01 5.954199e-01 4.993327e-01 1.548395e+00 1.671524e+00 1.672650e+00 1.827650e+00 1.089302e+00 1.392667e+00 1.776832e+00 1.809613e+00 1.326400e+00 2.114268e-01 8.204691e-02 9.001200e-02 9.646610e-02 1.114838e-01 2.523420e-01 2.721471e-01 1.781217e-01 1.666769e-01 2.018927e-01 2.407534e-01 2.262372e-01 1.834979e-01 6.062321e-03
<GCONST> 8.474817e+01
<STATE> 4
<MEAN> 39
 -3.244348e+00 -3.881844e+00 -1.891207e+00 -9.521952e+00 -3.365987e+00 -8.015697e+00 -1.088914e+00 -8.732973e+00 -4.324260e+00 -7.120053e+00 -1.906874e+00 -7.105269e+00 1.713248e+01 1.768518e-02 2.205677e-01 1.049621e-01 2.065503e-01 3.193775e-01 1.039529e-01 -2.925326e-01 -2.637353e-01 8.569295e-02 -1.439432e-02 1.277888e-01 4.227580e-02 -1.184134e-01 -5.595602e-02 -7.367291e-02 -7.384456e-02 -8.778007e-02 -2.233356e-02 9.372201e-02 1.106988e-01 -4.596848e-03 1.866148e-02 1.745088e-02 -3.220640e-02 2.023125e-02 1.415730e-02
<VARIANCE> 39
 4.974843e+00 1.019479e+01 9.926723e+00 1.395349e+01 2.822470e+01 3.043306e+01 2.586529e+01 4.089540e+01 3.293282e+01 3.570397e+01 3.328820e+01 2.974882e+01 1.533693e+00 2.533936e-01 5.250468e-01 5.539057e-01 8.538670e-01 1.339955e+00 1.253491e+00 1.628739e+00 1.363172e+00 1.438485e+00 1.411172e+00 1.273564e+00 9.896297e-01 9.358778e-02 3.738632e-02 7.812217e-02 8.698368e-02 1.507716e-01 2.341878e-01 2.027751e-01 2.726199e-01 2.366433e-01 2.360256e-01 2.409611e-01 2.174078e-01 1.500708e-01 1.437088e-02
<GCONST> 7.928017e+01
<TRANSP> 5
 0.000000e+00 1.000000e+00 0.000000e+00 0.000000e+00 0.000000e+00
 0.000000e+00 9.125739e-01 8.742610e-02 0.000000e+00 0.000000e+00
 0.000000e+00 0.000000e+00 9.003658e-01 9.963419e-02 0.000000e+00
 0.000000e+00 0.000000e+00 0.000000e+00 9.365581e-01 6.344189e-02
 0.000000e+00 0.000000e+00 0.000000e+00 0.000000e+00 0.000000e+00
<ENDHMM>
~h "three"
<BEGINHMM>
<NUMSTATES> 5
<STATE> 2
<MEAN> 39
 -7.753081e+00 -6.035266e+00 -4.949138e+00 -1.011976e+01 -8.176895e-01 -4.845856e+00 -5.887955e-01 -8.498262e+00 -2.602043e+00 -5.425550e+00 9.830297e-01 -3.779383e+00 1.488863e+01 1.181817e-01 -8.363594e-02 2.207188e-01 -4.797683e-02 -4.167404e-01 -2.858676e-01 -6.849111e-02 1.494109e-02 7.425299e-02 3.189594e-02 1.361434e-02 4.315232e-04 9.208680e-02 1.742197e-01 2.254014e-02 1.428289e-01 1.951412e-03 -2.577675e-01 -1.755563e-01 -7.574128e-02 -1.877701e-02 1.537908e-02 -9.218397e-03 -3.924778e-02 -7.054537e-02 8.471629e-02
<VARIANCE> 39
 5.400872e+00 6.329597e+00 9.779343e+00 1.060192e+01 1.435539e+01 1.431226e+01 1.606517e+01 1.761143e+01 1.951330e+01 1.776078e+01 1.686059e+01 1.459230e+01 1.170455e+00 7.019924e-01 5.235446e-01 8.963120e-01 7.510101e-01 1.499185e+00 1.312560e+00 9.016346e-01 1.036179e+00 9.999577e-01 9.323085e-01 9.825643e-01 9.153206e-01 1.193093e-01 5.916818e-02 9.076454e-02 9.846702e-02 1.380231e-01 2.011592e-01 1.855363e-01 1.564496e-01 2.030750e-01 1.781607e-01 1.662449e-01 1.641534e-01 1.611113e-01 4.958383e-03
<GCONST> 7.052036e+01
<STATE> 3
<MEAN> 39
 -2.518137e+00 -6.783541e+00 2.449298e+00 -1.140187e+01 -1.369865e+01 -9.363333e+00 -3.152536e+00 -9.428355e+00 -9.455159e-03 -5.130504e+00 1.270091e-01 -5.735048e+00 1.823541e+01 -6.862401e-02 4.227092e-01 6.951847e-01 -1.049856e+00 -3.996577e-01 3.060279e-01 -8.254075e-01 1.096437e-01 3.076174e-01 -2.807261e-02 6.153164e-02 -1.674224e-01 2.367504e-01 -2.156734e-01 2.146464e-01 -2.005198e-01 -1.428206e-01 5.230277e-01 4.712696e-02 -5.942066e-02 1.143476e-01 -1.140713e-01 -2.023170e-02 2.135189e-02 3.956064e-02 -6.774376e-02
<VARIANCE> 39
 6.507146e+00 1.457567e+01 2.008426e+01 4.937635e+01 4.245368e+01 6.100885e+01 3.522879e+01 3.826532e+01 3.064141e+01 2.820659e+01 3.707790e+01 3.334343e+01 1.447085e+00 9.619798e-01 1.476627e+00 9.228624e-01 2.725314e+00 4.895082e+00 3.382431e+00 2.206999e+00 1.969152e+00 1.296619e+00 1.095892e+00 1.152278e+00 1.164600e+00 6.899487e-02 6.798208e-02 1.290743e-01 1.773857e-01 3.907520e-01 3.806304e-01 6.812702e-01 3.772546e-01 2.755093e-01 2.400974e-01 1.746557e-01 1.705918e-01 1.637535e-01 3.908584e-03
<GCONST> 9.265437e+01
<STATE> 4
<MEAN> 39
 -6.590554e+00 3.298165e+00 -7.803031e-01 -1.672949e+01 -2.106746e+00 -1.135582e+01 -6.399226e+00 -7.962150e+00 -3.159434e+00 -5.505670e+00 -3.370697e-01 -6.525783e+00 1.789479e+01 -2.820228e-02 6.330407e-02 -6.391540e-01 7.253038e-01 7.234862e-01 -1.648788e-01 5.492606e-01 -8.268336e-02 -3.564610e-01 1.203098e-02 -7.059454e-02 5.073459e-02 -1.956445e-01 5.814838e-02 -2.881116e-01 2.508525e-03 1.697356e-01 -2.211511e-01 1.819720e-01 1.647820e-01 -6.734933e-02 9.742322e-02 8.240812e-03 2.041609e-02 2.496869e-02 -3.092089e-02
<VARIANCE> 39
 7.580471e+00 1.700898e+01 1.909991e+01 3.484709e+01 2.704760e+01 2.948792e+01 4.823343e+01 4.778471e+01 3.321847e+01 3.976921e+01 4.240159e+01 3.677537e+01 1.619884e+00 3.151344e-01 1.882923e+00 6.700022e-01 1.043734e+00 1.834892e+00 2.559861e+00 1.467143e+00 1.693773e+00 1.384672e+00 1.287924e+00 1.031998e+00 9.705024e-01 3.582554e-02 4.748387e-02 9.098802e-02 9.640407e-02 2.205423e-01 1.814732e-01 2.352881e-01 2.696370e-01 2.497844e-01 1.837021e-01 1.709959e-01 1.443272e-01 1.353045e-01 2.469565e-03
<GCONST> 8.276380e+01
<TRANSP> 5
 0.000000e+00 1.000000e+00 0.000000e+00 0.000000e+00 0.000000e+00
 0.000000e+00 9.016224e-01 9.837762e-02 0.000000e+00 0.000000e+00
 0.000000e+00 0.000000e+00 8.936676e-01 1.063324e-01 0.000000e+00
 0.000000e+00 0.000000e+00 0.000000e+00 9.153335e-01 8.466647e-02
 0.000000e+00 0.000000e+00 0.000000e+00 0.000000e+00 0.000000e+00
<ENDHMM>
~h "one"
<BEGINHMM>
<NUMSTATES> 5
<STATE> 2
<MEAN> 39
 -4.518797e-01 -3.402783e+00 -8.443935e+00 -1.270263e+01 -1.875606e+00 -5.987661e+00 -2.275723e+00 -8.867911e+00 -2.601642e+00 -6.646011e+00 -1.475403e+00 -7.365994e+00 1.769859e+01 2.103998e-01 -3.606905e-01 -7.771859e-01 3.866610e-01 4.274688e-01 9.435675e-02 -2.048135e-01 2.134636e-01 1.819849e-01 -2.419252e-01 -3.084224e-01 -2.085046e-01 1.796984e-01 -1.118917e-01 -1.460599e-01 2.928787e-02 2.153364e-01 1.225147e-02 -9.389181e-02 -2.919320e-03 1.044306e-01 5.143857e-03 -7.578701e-02 2.515466e-03 7.602520e-02 -1.570836e-02
<VARIANCE> 39
 5.495451e+00 8.375304e+00 3.133022e+01 2.276519e+01 2.856289e+01 2.622849e+01 2.260917e+01 2.060509e+01 2.743982e+01 2.315638e+01 3.019646e+01 3.007906e+01 2.038592e+00 4.331117e-01 7.311467e-01 9.486066e-01 2.139370e+00 1.343968e+00 1.366099e+00 1.271948e+00 1.039807e+00 1.139394e+00 9.681926e-01 1.111005e+00 9.685556e-01 5.947198e-02 3.949684e-02 5.502414e-02 1.856311e-01 2.318593e-01 2.499859e-01 2.470844e-01 2.300212e-01 1.749950e-01 1.963441e-01 1.583901e-01 1.854133e-01 1.750184e-01 4.527907e-03
<GCONST> 7.904118e+01
<STATE> 3
<MEAN> 39
 -2.465532e+00 -1.063755e+01 -1.057806e+01 -1.816899e+00 -8.205522e-01 -9.426733e+00 -2.030189e+00 -4.359922e+00 -3.708466e+00 -1.158850e+01 -2.280303e+00 -6.159982e+00 1.852691e+01 -5.923280e-01 -3.130907e-01 1.360808e+00 4.865192e-01 -1.327708e+00 -2.683869e-01 1.140204e+00 -1.565541e-01 -8.915408e-01 -1.471399e-02 5.522612e-01 9.288763e-02 -5.213566e-02 3.157378e-02 3.182565e-01 2.336368e-01 -5.691901e-01 -9.458832e-02 3.616264e-01 5.219134e-02 -4.228625e-01 2.293660e-02 3.597822e-01 2.881053e-02 -1.620904e-01 -2.971558e-02
<VARIANCE> 39
 6.425573e+00 9.764834e+00 1.981017e+01 2.419557e+01 2.885874e+01 1.776315e+01 3.884035e+01 3.255224e+01 4.659214e+01 3.886999e+01 3.430857e+01 3.411103e+01 1.525048e+00 1.633406e-01 5.914712e-01 6.367460e-01 1.980046e+00 7.715699e-01 1.823208e+00 1.053303e+00 2.307828e+00 1.240627e+00 1.946858e+00 1.064869e+00 1.293228e+00 8.977593e-03 2.596245e-02 5.244817e-02 1.077559e-01 1.227772e-01 3.162028e-01 1.590554e-01 4.062644e-01 1.859148e-01 3.425929e-01 2.133326e-01 2.683240e-01 1.720577e-01 8.707186e-04
<GCONST> 7.673698e+01
<STATE> 4
<MEAN> 39
 -3.841181e+00 -4.380180e+00 -1.380852e+00 -8.920088e+00 -3.196715e+00 -6.281982e+00 -2.462189e+00 -1.221242e+01 -5.214603e+00 -8.497525e+00 -2.664975e+00 -8.175470e+00 1.759471e+01 -3.696593e-03 5.640361e-01 2.622678e-01 -4.548993e-01 4.116560e-01 1.698910e-01 -3.735679e-01 -2.333216e-01 1.575198e-01 1.861187e-01 -2.807056e-02 1.649841e-01 -1.759987e-01 -2.107773e-02 -1.171217e-01 -2.145142e-01 1.096547e-01 8.704742e-02 -2.722266e-02 2.045605e-02 1.849961e-01 4.517065e-02 -7.363621e-02 3.749550e-02 8.076187e-02 -1.677499e-02
<VARIANCE> 39
 6.725615e+00 2.077660e+01 9.946248e+00 1.740463e+01 2.093878e+01 4.195578e+01 3.341080e+01 3.282930e+01 4.008433e+01 4.409936e+01 3.259617e+01 3.568710e+01 1.337940e+00 3.443299e-01 1.010750e+00 9.863695e-01 1.216703e+00 8.805141e-01 1.865040e+00 1.353860e+00 1.411842e+00 1.573528e+00 1.478436e+00 1.085055e+00 1.050132e+00 2.735217e-02 5.694389e-02 1.045753e-01 8.382139e-02 1.278463e-01 1.951442e-01 2.806747e-01 2.505352e-01 1.784448e-01 2.218369e-01 2.216927e-01 1.661902e-01 1.590880e-01 2.928949e-03
<GCONST> 7.987355e+01
<TRANSP> 5
 0.000000e+00 1.000000e+00 0.000000e+00 0.000000e+00 0.000000e+00
 0.000000e+00 9.096045e-01 9.039543e-02 0.000000e+00 0.000000e+00
 0.000000e+00 0.000000e+00 8.314074e-01 1.685926e-01 0.000000e+00
 0.000000e+00 0.000000e+00 0.000000e+00 9.086884e-01 9.131162e-02
 0.000000e+00 0.000000e+00 0.000000e+00 0.000000e+00 0.000000e+00
<ENDHMM>
~h "sil"
<BEGINHMM>
<NUMSTATES> 5
<STATE> 2
<MEAN> 39
 -5.629636e+00 -5.381877e+00 -3.959651e+00 -9.043993e+00 -2.191857e-01 -4.181953e+00 -1.412919e-01 -8.546723e+00 -2.498071e+00 -5.830970e+00 5.865711e-01 -4.487364e+00 1.512058e+01 -2.989974e-01 -2.485851e-01 -1.857902e-01 -5.062558e-02 6.953648e-02 1.348618e-01 8.168861e-02 -1.643570e-03 1.418123e-02 1.866470e-02 1.135566e-01 5.824581e-02 -1.518556e-01 2.366609e-02 -7.472800e-03 -3.844203e-02 -6.360445e-02 -7.384084e-02 -6.419973e-02 -4.217735e-02 -1.949182e-03 -3.811366e-03 -6.769979e-03 -1.693800e-02 -5.217368e-03 2.531349e-02
<VARIANCE> 39
 6.971162e+00 8.607526e+00 9.564885e+00 1.168488e+01 1.486952e+01 1.538816e+01 1.765945e+01 1.877705e+01 2.046500e+01 1.954521e+01 1.858396e+01 1.638751e+01 1.209581e+00 1.686659e-01 3.746075e-01 4.430738e-01 5.866191e-01 7.339917e-01 8.284980e-01 8.455011e-01 9.076102e-01 9.109292e-01 8.356497e-01 9.046670e-01 7.998170e-01 2.155277e-02 2.201153e-02 4.568585e-02 6.338256e-02 7.749972e-02 1.032744e-01 1.189166e-01 1.186155e-01 1.276628e-01 1.369567e-01 1.216473e-01 1.281471e-01 1.153788e-01 2.526397e-03
<GCONST> 5.922253e+01
<STATE> 3
<MEAN> 39
 -7.156939e+00 -7.236734e+00 -5.866395e+00 -1.018522e+01 -1.012347e+00 -4.339154e+00 -3.654398e-01 -8.603598e+00 -2.680012e+00 -5.571365e+00 1.005066e+00 -4.037417e+00 1.452098e+01 -3.584246e-03 4.973468e-03 -6.192429e-03 3.801533e-03 1.879225e-03 4.715817e-03 1.254865e-03 -9.876017e-03 -4.555673e-03 1.094671e-02 -2.631674e-04 2.492694e-03 -1.193116e-03 -2.367664e-04 4.887860e-03 2.877423e-03 5.286395e-03 1.315755e-03 2.870242e-03 5.486000e-04 5.853313e-03 2.717692e-03 -8.293778e-04 -4.062817e-03 -3.430445e-03 1.585004e-03
<VARIANCE> 39
 3.027166e+00 3.564782e+00 6.172708e+00 8.254447e+00 1.253747e+01 1.387374e+01 1.474216e+01 1.582845e+01 1.623779e+01 1.398252e+01 1.548318e+01 1.300188e+01 1.028432e+00 5.842907e-02 1.319094e-01 2.563354e-01 3.600305e-01 4.751973e-01 6.449597e-01 6.224145e-01 6.900988e-01 6.643435e-01 5.534236e-01 6.422849e-01 5.676933e-01 2.417421e-03 1.073369e-02 2.426563e-02 4.638901e-02 6.443691e-02 8.854954e-02 1.218526e-01 1.105601e-01 1.289115e-01 1.215520e-01 9.644405e-02 1.150024e-01 1.070999e-01 5.051139e-04
<GCONST> 4.276596e+01
<STATE> 4
<MEAN> 39
 -8.044108e+00 -6.369842e+00 -6.079112e+00 -1.016942e+01 -1.188545e+00 -4.700866e+00 -5.106556e-01 -8.720682e+00 -2.519547e+00 -5.941777e+00 9.985307e-01 -4.417085e+00 1.453677e+01 3.423239e-03 1.545876e-01 2.794356e-02 1.227885e-02 -7.638072e-02 -6.393964e-02 -6.564838e-02 4.920999e-02 -5.532659e-02 -8.987775e-02 -1.027087e-01 -6.833776e-02 4.891992e-02 4.561822e-02 5.645907e-02 2.690598e-02 -6.750972e-03 -2.035823e-03 -2.716316e-02 -1.659572e-02 -1.573691e-02 -1.398933e-02 -1.821265e-02 -3.889871e-02 -1.456903e-02 3.347781e-02
<VARIANCE> 39
 5.361446e+00 5.850628e+00 7.452226e+00 1.031433e+01 1.202342e+01 1.461873e+01 1.655215e+01 1.791415e+01 1.851075e+01 1.737204e+01 1.645254e+01 1.416318e+01 1.276581e+00 2.534415e-01 3.365528e-01 3.772620e-01 5.664119e-01 6.053328e-01 7.375283e-01 7.088112e-01 9.202842e-01 8.939191e-01 7.990489e-01 7.762735e-01 6.718947e-01 2.073158e-02 3.954312e-02 5.724533e-02 6.069194e-02 9.818345e-02 9.287857e-02 1.226491e-01 1.060877e-01 1.502724e-01 1.416595e-01 1.225171e-01 1.118091e-01 9.929999e-02 4.412925e-03
<GCONST> 5.788786e+01
<TRANSP> 5
 0.000000e+00 1.000000e+00 0.000000e+00 0.000000e+00 0.000000e+00
 0.000000e+00 7.692422e-01 2.307578e-01 0.000000e+00 0.000000e+00
 0.000000e+00 0.000000e+00 9.590835e-01 4.091651e-02 0.000000e+00
 0.000000e+00 0.000000e+00 0.000000e+00 7.109243e-01 2.890757e-01
 0.000000e+00 0.000000e+00 0.000000e+00 0.000000e+00 0.000000e+00
<ENDHMM>
~h "six"
<BEGINHMM>
<NUMSTATES> 5
<STATE> 2
<MEAN> 39
 -9.124295e+00 -4.836953e+00 -7.749949e+00 -8.266639e+00 -2.438857e+00 -2.834769e+00 -1.487292e+00 -7.798928e+00 -3.116517e+00 -4.969313e+00 3.618690e-01 -3.493941e+00 1.461232e+01 2.726816e-02 1.591592e-01 1.186000e-01 -3.531424e-01 -3.868238e-01 -2.528211e-01 -1.307457e-02 8.920136e-03 1.418941e-01 1.896524e-01 -1.204983e-01 9.512855e-03 1.277529e-01 1.224179e-01 8.574616e-02 1.920704e-01 -2.156929e-01 -1.443492e-01 -1.911087e-01 -1.348148e-02 -1.142856e-02 4.335986e-02 1.788299e-02 -7.846190e-02 -1.185633e-01 9.579258e-02
<VARIANCE> 39
 5.881856e+00 7.824514e+00 1.145771e+01 1.170149e+01 1.691563e+01 1.670038e+01 1.585943e+01 1.681437e+01 1.957148e+01 2.023768e+01 1.844873e+01 1.536605e+01 1.012899e+00 5.537620e-01 4.715973e-01 1.205764e+00 1.010492e+00 1.007775e+00 1.470687e+00 8.038239e-01 8.137798e-01 1.030869e+00 1.294180e+00 9.459646e-01 9.358562e-01 1.411679e-01 4.636098e-02 5.967521e-02 9.845395e-02 1.366895e-01 1.730452e-01 1.833199e-01 1.418879e-01 1.549592e-01 1.804593e-01 1.774092e-01 1.522814e-01 1.540163e-01 7.503508e-03
<GCONST> 7.075550e+01
<STATE> 3
<MEAN> 39
 -6.389795e+00 -1.255084e+00 -8.810620e-01 -1.937228e+01 -7.577193e+00 -8.493302e+00 -2.595069e+00 -6.569140e+00 3.325139e-02 -3.820272e+00 -2.226168e+00 -7.108534e+00 1.817332e+01 6.033788e-02 -1.004580e-01 1.973094e-01 -2.318163e-01 3.399071e-01 1.645808e-01 -1.732649e-01 1.224701e-01 4.917455e-02 -1.716383e-01 1.772008e-01 -6.580628e-03 -4.431785e-02 -7.081279e-02 -1.914884e-01 -2.624974e-01 4.212634e-01 2.477778e-01 2.067547e-01 8.841415e-02 -7.030384e-02 -1.214316e-01 -5.252285e-02 1.186420e-01 1.339913e-01 -1.487445e-01
<VARIANCE> 39
 7.367367e+00 9.635597e+00 1.569742e+01 2.776347e+01 5.692444e+01 3.167277e+01 3.629292e+01 2.495915e+01 3.438404e+01 5.661713e+01 3.469409e+01 3.674877e+01 1.645047e+00 3.757045e-01 7.674609e-01 1.271301e+00 3.640179e+00 2.695807e+00 1.950656e+00 1.896175e+00 1.366034e+00 1.928482e+00 2.033426e+00 1.879827e+00 2.011310e+00 3.396144e-01 6.646574e-02 6.525157e-02 1.520792e-01 2.585392e-01 3.130457e-01 3.120063e-01 3.695939e-01 2.303204e-01 2.922211e-01 3.375136e-01 2.687100e-01 2.614650e-01 1.433633e-02
<GCONST> 9.337854e+01
<STATE> 4
<MEAN> 39
 -8.222577e+00 -6.451437e+00 -6.277396e+00 -9.275581e+00 -2.415956e+00 -3.256267e+00 -9.182800e-01 -8.615625e+00 -2.795307e+00 -5.153826e+00 7.408615e-01 -4.248632e+00 1.464348e+01 -7.442142e-02 -1.118081e-01 -2.389876e-01 2.870741e-01 3.500238e-02 6.666959e-02 1.390738e-01 -4.188104e-02 -8.121282e-02 -2.483531e-03 7.366287e-03 3.130441e-02 -6.889643e-02 2.173760e-02 7.154374e-02 7.432567e-02 -1.248943e-01 -5.118543e-02 -6.603872e-02 -5.131232e-02 3.815523e-02 2.469896e-02 6.733102e-03 -2.995414e-02 -2.922749e-02 4.497594e-02
<VARIANCE> 39
 7.836406e+00 8.036999e+00 1.202002e+01 1.253897e+01 1.775490e+01 1.684576e+01 1.688476e+01 1.718216e+01 1.742179e+01 1.762553e+01 1.547864e+01 1.427367e+01 1.310077e+00 3.471870e-01 5.518960e-01 7.463471e-01 9.087877e-01 9.875023e-01 1.059264e+00 1.026785e+00 9.108873e-01 8.760954e-01 8.051555e-01 7.558445e-01 6.350732e-01 5.456961e-02 4.509159e-02 7.355035e-02 1.100384e-01 1.327705e-01 1.825923e-01 1.706938e-01 1.655958e-01 1.667245e-01 1.581869e-01 1.441438e-01 1.370198e-01 1.246721e-01 7.388052e-03
<GCONST> 6.779649e+01
<TRANSP> 5
 0.000000e+00 1.000000e+00 0.000000e+00 0.000000e+00 0.000000e+00
 0.000000e+00 9.049472e-01 9.505282e-02 0.000000e+00 0.000000e+00
 0.000000e+00 0.000000e+00 8.983329e-01 1.016671e-01 0.000000e+00
 0.000000e+00 0.000000e+00 0.000000e+00 9.437304e-01 5.626970e-02
 0.000000e+00 0.000000e+00 0.000000e+00 0.000000e+00 0.000000e+00
<ENDHMM>
~h "two"
<BEGINHMM>
<NUMSTATES> 5
<STATE> 2
<MEAN> 39
 -9.639381e+00 -4.513417e+00 -6.580734e+00 -9.863549e+00 -9.720718e-01 -4.070688e+00 -1.373343e+00 -8.179421e+00 -2.537152e+00 -5.722523e+00 1.014189e+00 -3.721768e+00 1.495430e+01 -3.758483e-02 2.631131e-01 2.263375e-01 -3.008481e-01 -8.029155e-02 -1.059107e-02 -1.952108e-01 2.048007e-02 1.192919e-01 3.786829e-02 -4.394512e-03 -2.839595e-02 9.347276e-02 1.950326e-01 9.726073e-02 2.115305e-01 -1.064899e-01 -1.587308e-01 -1.867033e-01 -1.174412e-01 -6.690832e-02 -2.515928e-02 -1.346567e-03 -7.481466e-02 -1.170505e-01 8.904146e-02
<VARIANCE> 39
 9.732283e+00 8.411868e+00 1.057139e+01 1.130263e+01 1.669863e+01 1.858915e+01 1.761610e+01 1.993475e+01 2.015008e+01 2.109536e+01 2.063022e+01 1.756303e+01 9.683679e-01 1.154742e+00 7.385863e-01 1.484535e+00 7.320565e-01 1.243841e+00 1.212138e+00 9.533133e-01 1.050649e+00 1.054677e+00 1.129717e+00 1.398421e+00 9.929956e-01 1.174518e-01 1.107615e-01 1.110960e-01 1.232448e-01 1.199814e-01 2.136392e-01 1.859784e-01 1.655751e-01 1.895574e-01 1.984027e-01 1.764035e-01 2.621551e-01 1.380706e-01 7.422639e-03
<GCONST> 7.620221e+01
<STATE> 3
<MEAN> 39
 -4.756927e+00 1.149319e+00 1.778226e+00 -1.527068e+01 -6.598805e+00 -9.672951e+00 -6.598327e+00 -1.044179e+01 -2.516045e+00 -5.320361e+00 -1.030022e+00 -7.239760e+00 1.830119e+01 7.193317e-01 5.999754e-01 8.360485e-01 -6.091871e-01 -1.201094e+00 -1.150002e+00 -6.212714e-01 -3.241047e-01 -7.638556e-02 1.074631e-01 -2.783294e-01 -6.924760e-01 4.804431e-01 -2.461664e-01 -2.219688e-01 -4.234547e-01 2.838059e-01 2.397683e-01 2.108273e-01 2.293689e-01 1.474371e-01 -1.436219e-02 5.922050e-03 1.442221e-01 1.762003e-01 -1.356786e-01
<VARIANCE> 39
 7.637055e+00 8.201179e+00 1.359603e+01 2.286914e+01 4.094153e+01 2.664878e+01 2.842987e+01 2.392865e+01 3.044524e+01 5.369548e+01 4.334023e+01 4.700751e+01 1.220935e+00 6.002335e-01 6.134155e-01 9.871254e-01 1.413978e+00 1.245543e+00 1.154155e+00 1.636978e+00 1.535898e+00 1.877875e+00 2.038629e+00 2.554883e+00 1.859359e+00 8.416656e-02 6.196137e-02 5.703236e-02 8.188549e-02 1.318224e-01 2.159619e-01 1.828539e-01 2.050726e-01 1.926454e-01 2.096131e-01 2.724445e-01 2.909153e-01 2.224142e-01 8.053110e-03
<GCONST> 8.427509e+01
<STATE> 4
<MEAN> 39
 -3.074160e+00 -2.498499e-01 -1.582086e-01 -1.281029e+01 -6.631962e+00 -1.135589e+01 -5.742243e+00 -1.003087e+01 -3.079259e+00 -5.508291e+00 -1.510174e-01 -7.402941e+00 1.806439e+01 2.856441e-02 -3.108901e-01 -3.225633e-01 4.777231e-01 4.160339e-01 2.897202e-01 2.823397e-01 6.164471e-02 -7.978722e-02 -2.571147e-03 1.468312e-01 2.523625e-01 -1.813450e-01 -7.879077e-02 -6.534903e-02 -4.715160e-02 -2.746984e-03 8.374638e-02 1.333992e-01 8.168756e-02 3.501741e-02 2.799210e-02 -2.889529e-03 -1.431957e-02 4.589156e-02 -4.147515e-02
<VARIANCE> 39
 6.126970e+00 7.980877e+00 1.202322e+01 3.019344e+01 3.252042e+01 2.281902e+01 3.197463e+01 3.246532e+01 4.006977e+01 4.282232e+01 5.143120e+01 4.045087e+01 1.492823e+00 2.866627e-01 2.399528e-01 4.425736e-01 6.655247e-01 9.312074e-01 1.150723e+00 1.105539e+00 1.194716e+00 1.057023e+00 1.124072e+00 1.145986e+00 1.082553e+00 3.967653e-02 3.091886e-02 3.306121e-02 5.466453e-02 9.506746e-02 1.114157e-01 1.450114e-01 1.389046e-01 1.749011e-01 1.699729e-01 1.672947e-01 1.672982e-01 1.557807e-01 3.008825e-03
<GCONST> 7.111192e+01
<TRANSP> 5
 0.000000e+00 1.000000e+00 0.000000e+00 0.000000e+00 0.000000e+00
 0.000000e+00 9.084745e-01 9.152548e-02 0.000000e+00 0.000000e+00
 0.000000e+00 0.000000e+00 7.698596e-01 2.301404e-01 0.000000e+00
 0.000000e+00 0.000000e+00 0.000000e+00 9.201574e-01 7.984259e-02
 0.000000e+00 0.000000e+00 0.000000e+00 0.000000e+00 0.000000e+00
<ENDHMM>
~h "nine"
<BEGINHMM>
<NUMSTATES> 5
<STATE> 2
<MEAN> 39
 -4.077331e+00 -3.898047e+00 -1.677266e+00 -8.971155e+00 -2.804492e+00 -6.378209e+00 -1.642721e+00 -1.116134e+01 -5.117402e+00 -8.041976e+00 -2.887750e+00 -7.734883e+00 1.762904e+01 -1.811326e-01 -6.858035e-01 -2.834641e-01 4.408271e-01 -4.285431e-01 2.355705e-01 4.030291e-01 -1.731194e-01 -1.880384e-02 -1.236191e-01 -8.592718e-02 -8.366861e-02 2.069312e-01 -5.922488e-02 -1.590375e-01 -1.030369e-01 1.132272e-01 -5.453323e-03 -1.169253e-03 5.204876e-02 4.893637e-02 3.952456e-02 9.370353e-03 7.326273e-02 3.877678e-02 -9.215221e-03
<VARIANCE> 39
 8.090953e+00 1.916343e+01 1.444466e+01 1.669296e+01 2.834809e+01 2.875756e+01 3.145666e+01 2.650790e+01 4.734472e+01 3.538874e+01 3.033126e+01 3.281607e+01 1.829772e+00 4.871427e-01 1.494062e+00 1.080494e+00 1.097170e+00 1.264090e+00 1.393836e+00 1.627390e+00 1.205140e+00 1.553539e+00 1.157374e+00 1.183340e+00 1.006628e+00 4.894993e-02 6.265619e-02 1.682044e-01 1.288502e-01 1.425365e-01 2.181607e-01 2.178717e-01 2.447256e-01 1.814127e-01 2.032964e-01 1.691314e-01 1.711285e-01 1.443605e-01 4.463007e-03
<GCONST> 8.221024e+01
<STATE> 3
<MEAN> 39
 -6.347527e+00 -1.160442e+01 -4.860511e+00 -2.734689e+00 -5.693743e+00 -5.250024e+00 1.736060e+00 -1.135922e+01 -5.539679e+00 -9.015328e+00 -1.699770e+00 -7.646741e+00 1.861514e+01 -1.102202e-01 9.686065e-02 2.307478e-01 -2.420476e-01 -2.305192e-02 2.140792e-01 -1.050663e-01 -8.696255e-02 1.959001e-01 5.474265e-02 -5.526773e-02 4.596741e-02 -2.113689e-02 2.517092e-03 1.935468e-01 6.929506e-02 -2.402585e-01 4.426289e-02 6.240291e-02 -1.060978e-01 1.121202e-02 7.537673e-02 -1.084899e-02 -6.778222e-02 2.441988e-02 -1.480030e-02
<VARIANCE> 39
 7.253241e+00 8.472353e+00 2.450037e+01 3.236936e+01 1.900658e+01 3.083623e+01 3.095137e+01 3.397374e+01 4.391691e+01 4.150164e+01 2.842895e+01 3.075455e+01 1.006126e+00 8.384608e-02 3.840279e-01 4.111279e-01 1.132712e+00 5.000370e-01 6.241732e-01 5.587699e-01 5.153652e-01 6.511035e-01 6.707070e-01 6.806694e-01 5.420507e-01 4.827252e-03 1.133340e-02 3.005360e-02 4.127556e-02 5.547938e-02 7.264969e-02 7.246985e-02 7.391030e-02 8.095075e-02 8.281077e-02 8.716504e-02 7.873286e-02 7.922964e-02 3.983415e-04
<GCONST> 5.405603e+01
<STATE> 4
<MEAN> 39
 -5.408938e+00 -2.488682e+00 -1.320186e+00 -1.141012e+01 -1.443078e+00 -5.341778e+00 -3.676827e+00 -1.048140e+01 -3.509034e+00 -8.117117e+00 -2.930945e+00 -6.527739e+00 1.769446e+01 2.317152e-01 5.105909e-01 -3.092723e-03 -1.016930e-01 4.411193e-01 -2.479251e-01 -2.011422e-01 2.756162e-01 -1.277939e-01 8.107452e-02 2.108436e-01 1.169409e-01 -1.723584e-01 -2.715098e-02 -1.583066e-01 -8.625386e-02 1.474568e-01 -3.839147e-02 -6.090496e-03 1.204324e-01 1.985705e-02 -5.447888e-02 4.231451e-02 7.832291e-02 -9.554897e-03 -2.023009e-02
<VARIANCE> 39
 1.166846e+01 1.632529e+01 1.132169e+01 2.321636e+01 3.171843e+01 3.320291e+01 3.064791e+01 2.993113e+01 4.733529e+01 3.817848e+01 3.626938e+01 3.985385e+01 1.211661e+00 5.065153e-01 1.171872e+00 6.359947e-01 1.643074e+00 1.303741e+00 1.550628e+00 1.528431e+00 1.269756e+00 1.658819e+00 1.184173e+00 1.105880e+00 1.068939e+00 2.538143e-02 7.071385e-02 8.681950e-02 9.031532e-02 1.779846e-01 1.819096e-01 2.449436e-01 1.820611e-01 2.039851e-01 2.436526e-01 1.943311e-01 1.735393e-01 1.451956e-01 2.221678e-03
<GCONST> 8.083681e+01
<TRANSP> 5
 0.000000e+00 1.000000e+00 0.000000e+00 0.000000e+00 0.000000e+00
 0.000000e+00 9.012508e-01 9.874918e-02 0.000000e+00 0.000000e+00
 0.000000e+00 0.000000e+00 9.153501e-01 8.464983e-02 0.000000e+00
 0.000000e+00 0.000000e+00 0.000000e+00 9.176028e-01 8.239713e-02
 0.000000e+00 0.000000e+00 0.000000e+00 0.000000e+00 0.000000e+00
<ENDHMM>
~h "five"
<BEGINHMM>
<NUMSTATES> 5
<STATE> 2
<MEAN> 39
 -6.145300e+00 -8.579067e+00 -7.592479e+00 -9.225046e+00 -4.230649e-01 -6.121465e+00 6.969890e-03 -6.825414e+00 -3.778209e+00 -6.490661e+00 -3.219447e-01 -4.546302e+00 1.643808e+01 1.117980e-01 -6.872113e-01 -4.785919e-01 3.255060e-01 2.195613e-01 -2.712119e-01 2.421208e-01 2.802697e-01 -3.435880e-01 -1.302723e-01 -1.266205e-01 1.667029e-02 2.472799e-01 -1.687921e-03 -5.660875e-03 5.737718e-02 4.688834e-02 -1.725675e-02 -3.236454e-02 -1.989582e-02 -4.941049e-02 -1.732890e-02 2.411534e-02 1.546293e-02 -1.459348e-02 2.061849e-02
<VARIANCE> 39
 1.125221e+01 1.815386e+01 1.972011e+01 1.332428e+01 1.796993e+01 2.025479e+01 1.944230e+01 3.697227e+01 2.612189e+01 2.326820e+01 2.203223e+01 1.616224e+01 4.948135e+00 7.423179e-01 6.844237e-01 8.868371e-01 8.866003e-01 8.226769e-01 1.096098e+00 9.428281e-01 1.701123e+00 1.496832e+00 1.271830e+00 1.231869e+00 8.357611e-01 2.129117e-01 1.004225e-01 1.065271e-01 1.570923e-01 1.148708e-01 1.338450e-01 1.695190e-01 1.473376e-01 2.760081e-01 2.348385e-01 1.802754e-01 1.906099e-01 1.286198e-01 2.516604e-02
<GCONST> 8.141045e+01
<STATE> 3
<MEAN> 39
 -5.829909e+00 -1.543208e+01 -8.489592e+00 -3.791502e+00 1.364197e+00 -9.061790e+00 2.480586e+00 -7.543463e+00 -7.266443e+00 -5.482922e+00 -5.596442e-01 -4.576599e+00 1.903887e+01 -1.610333e-01 9.881285e-02 4.891212e-01 -2.808343e-01 -2.718478e-01 4.465793e-01 6.804525e-02 -3.852472e-01 3.469783e-02 2.820538e-01 5.019221e-02 -7.338862e-02 -4.962919e-02 4.119490e-02 1.198990e-01 1.074242e-02 -1.944130e-01 -5.746679e-02 8.541083e-02 -2.819498e-02 2.903876e-02 6.260715e-02 -5.057390e-02 -7.345671e-02 -1.855369e-02 -1.597168e-02
<VARIANCE> 39
 9.235520e+00 9.516521e+00 2.487405e+01 2.134832e+01 1.890436e+01 2.361058e+01 1.802779e+01 4.020387e+01 4.783451e+01 4.513331e+01 2.691067e+01 2.542698e+01 1.368736e+00 9.077754e-02 1.726024e-01 2.727430e-01 6.954145e-01 5.202823e-01 5.777695e-01 5.082267e-01 5.121689e-01 6.401092e-01 6.122527e-01 5.999653e-01 4.835856e-01 5.997586e-03 1.192115e-02 2.521031e-02 3.123388e-02 4.833078e-02 5.224699e-02 5.349388e-02 5.804963e-02 6.689398e-02 9.045376e-02 8.805465e-02 6.807324e-02 7.103812e-02 9.688302e-04
<GCONST> 5.083685e+01
<STATE> 4
<MEAN> 39
 -5.452402e+00 -7.798196e+00 -3.664724e+00 -1.292934e+01 -3.057850e+00 -3.760870e+00 1.120415e+00 -8.346091e+00 -3.888038e+00 -5.631059e+00 -1.734032e+00 -5.653007e+00 1.761938e+01 6.896103e-02 9.293821e-01 2.307978e-01 -1.987884e-01 -1.315929e-01 -8.908881e-02 -2.932281e-01 7.891054e-02 3.928495e-01 -1.370573e-01 7.672822e-02 1.233722e-02 -2.762189e-01 -4.002637e-02 -7.254062e-02 -8.900338e-02 1.945952e-01 1.092603e-01 -8.830160e-02 -1.665550e-02 -4.516080e-03 -4.075459e-02 1.309683e-02 7.345103e-02 3.240535e-02 -1.782531e-02
<VARIANCE> 39
 7.533137e+00 2.308251e+01 1.185585e+01 2.986160e+01 3.748623e+01 2.150837e+01 2.415422e+01 3.057125e+01 4.223595e+01 2.629448e+01 2.688212e+01 2.787959e+01 2.629519e+00 3.400312e-01 7.374029e-01 6.409168e-01 2.733145e+00 1.682087e+00 1.393089e+00 9.393058e-01 1.417221e+00 1.594574e+00 1.266554e+00 1.316848e+00 1.013080e+00 6.819271e-02 5.715515e-02 1.022110e-01 9.524717e-02 3.009315e-01 2.342665e-01 2.509229e-01 1.675266e-01 2.084452e-01 2.011775e-01 1.717468e-01 2.163429e-01 1.726192e-01 9.082114e-03
<GCONST> 8.298357e+01
<TRANSP> 5
 0.000000e+00 1.000000e+00 0.000000e+00 0.000000e+00 0.000000e+00
 0.000000e+00 9.300392e-01 6.996087e-02 0.000000e+00 0.000000e+00
 0.000000e+00 0.000000e+00 9.152319e-01 8.476811e-02 0.000000e+00
 0.000000e+00 0.000000e+00 0.000000e+00 8.980054e-01 1.019946e-01
 0.000000e+00 0.000000e+00 0.000000e+00 0.000000e+00 0.000000e+00
<ENDHMM>
~h "four"
<BEGINHMM>
<NUMSTATES> 5
<STATE> 2
<MEAN> 39
 -7.667614e+00 -6.677808e+00 -5.470642e+00 -9.688792e+00 -1.112550e+00 -4.543476e+00 -5.189727e-01 -8.559962e+00 -2.271121e+00 -5.732479e+00 1.121441e+00 -4.080834e+00 1.494338e+01 3.138357e-01 1.474960e-02 -3.778507e-01 -2.939831e-01 -1.125255e-01 -9.205826e-02 -1.320307e-01 -8.569831e-03 1.231802e-01 1.055109e-01 -1.625156e-02 -4.077200e-02 1.258386e-01 2.438173e-01 9.813485e-02 -1.170318e-01 -1.288143e-01 -5.303989e-02 -1.112579e-01 -1.097986e-01 -1.808098e-02 -8.184096e-03 7.009564e-03 -7.390761e-02 -1.029496e-01 1.065350e-01
<VARIANCE> 39
 4.657703e+00 4.193450e+00 6.876489e+00 8.704023e+00 1.156782e+01 1.418993e+01 1.488089e+01 1.611071e+01 1.489992e+01 1.410062e+01 1.539703e+01 1.167687e+01 9.116804e-01 1.047066e+00 4.639235e-01 5.766307e-01 6.437171e-01 6.049650e-01 9.842696e-01 9.577665e-01 8.519986e-01 8.544640e-01 7.821125e-01 1.037500e+00 8.674543e-01 1.654569e-01 5.929431e-02 5.711765e-02 1.015155e-01 1.069120e-01 1.041820e-01 1.638891e-01 1.311690e-01 1.613808e-01 1.551103e-01 1.347689e-01 1.544513e-01 1.329648e-01 6.555353e-03
<GCONST> 6.410861e+01
<STATE> 3
<MEAN> 39
 1.545542e+00 -3.506071e+00 -1.204609e+01 -1.693926e+01 -4.004881e+00 -6.246487e+00 -3.255047e+00 -8.958976e+00 -1.451340e+00 -3.992062e+00 3.068372e-01 -6.856420e+00 1.889500e+01 3.433108e-01 -1.623348e-01 -3.558477e-01 -7.217045e-02 6.820401e-02 -2.290270e-02 -2.270717e-01 1.736721e-01 3.472252e-01 1.047987e-01 -2.364447e-01 -2.329478e-01 1.594964e-01 -1.728062e-01 -1.511379e-01 1.446060e-01 2.267973e-01 4.013357e-02 -2.949183e-02 4.305372e-02 1.087216e-01 4.690732e-02 -7.877221e-02 -5.253191e-02 5.703614e-02 -6.698091e-02
<VARIANCE> 39
 4.227960e+00 1.022245e+01 1.029036e+01 1.432916e+01 2.460276e+01 1.721146e+01 1.818636e+01 1.709348e+01 2.334695e+01 2.481169e+01 3.750479e+01 3.594286e+01 1.115800e+00 5.912060e-01 7.438594e-01 7.231894e-01 1.240829e+00 9.895772e-01 7.948631e-01 9.115145e-01 9.642963e-01 1.307602e+00 1.180656e+00 1.372135e+00 1.243437e+00 1.038316e-01 4.871599e-02 4.642923e-02 9.628294e-02 8.305278e-02 1.340594e-01 1.435021e-01 1.544317e-01 1.396361e-01 1.799932e-01 1.932645e-01 2.021902e-01 1.820074e-01 7.090522e-03
<GCONST> 7.298954e+01
<STATE> 4
<MEAN> 39
 -5.429468e-01 -1.072220e+01 -7.323118e+00 -8.565816e+00 -5.391744e+00 -8.704765e+00 -2.323944e+00 -4.895528e+00 1.832072e-01 -7.540122e+00 -3.910873e+00 -7.426217e+00 1.840887e+01 -6.129127e-01 7.465048e-02 1.055966e+00 4.896526e-01 -3.433495e-01 7.616246e-02 5.981666e-01 -1.811748e-01 -6.240197e-01 -3.440995e-01 1.658253e-01 3.014710e-01 -2.432765e-01 -9.001637e-02 2.380779e-01 -4.453152e-02 -1.996030e-01 1.165280e-01 1.960449e-01 3.099994e-02 -1.858953e-01 -1.287929e-01 1.032561e-01 1.745549e-01 4.439848e-02 -4.962717e-02
<VARIANCE> 39
 7.333425e+00 1.779958e+01 3.181579e+01 1.828339e+01 4.522203e+01 3.700930e+01 3.509687e+01 4.319408e+01 4.621207e+01 3.482880e+01 3.460002e+01 3.076935e+01 1.741630e+00 2.971708e-01 1.587486e+00 9.179295e-01 1.626265e+00 2.564565e+00 2.221741e+00 1.718492e+00 2.564770e+00 1.885271e+00 1.705947e+00 1.829050e+00 1.123808e+00 5.832913e-02 2.926799e-02 1.346432e-01 2.064868e-01 1.690598e-01 4.288346e-01 2.940587e-01 3.516556e-01 3.668475e-01 3.851871e-01 2.816707e-01 3.092501e-01 2.124644e-01 3.411653e-03
<GCONST> 9.085587e+01
<TRANSP> 5
 0.000000e+00 1.000000e+00 0.000000e+00 0.000000e+00 0.000000e+00
 0.000000e+00 9.011176e-01 9.888241e-02 0.000000e+00 0.000000e+00
 0.000000e+00 0.000000e+00 9.186853e-01 8.131475e-02 0.000000e+00
 0.000000e+00 0.000000e+00 0.000000e+00 8.810120e-01 1.189880e-01
 0.000000e+00 0.000000e+00 0.000000e+00 0.000000e+00 0.000000e+00
<ENDHMM>
~h "zero"
<BEGINHMM>
<NUMSTATES> 5
<STATE> 2
<MEAN> 39
 -6.758176e+00 -3.060532e+00 -4.886794e+00 -7.466865e+00 -1.265789e+00 -3.807552e+00 -1.414100e+00 -8.519995e+00 -3.457350e+00 -5.106208e+00 5.901247e-01 -4.556122e+00 1.523185e+01 -8.170438e-02 3.317767e-01 1.413697e-01 -3.041188e-01 -2.133207e-01 -2.737612e-01 -1.777334e-01 -1.205102e-01 1.233103e-01 2.201350e-01 -1.254899e-02 -1.803392e-04 1.060418e-01 6.806277e-02 1.068908e-01 1.512870e-01 -2.256986e-01 -1.459334e-01 -2.462534e-01 -6.497095e-02 -7.538818e-02 6.202372e-02 1.080056e-02 -2.262760e-02 -5.403161e-02 8.252079e-02
<VARIANCE> 39
 7.745598e+00 1.028860e+01 1.429243e+01 1.360916e+01 1.783329e+01 1.930372e+01 1.877951e+01 1.949849e+01 2.377084e+01 2.085609e+01 1.977660e+01 1.678327e+01 1.208743e+00 4.211676e-01 7.290792e-01 1.003665e+00 9.500206e-01 8.893794e-01 1.750821e+00 9.589464e-01 1.102063e+00 1.068043e+00 8.963281e-01 1.006095e+00 1.001624e+00 1.192540e-01 5.258037e-02 9.179008e-02 1.144092e-01 1.198336e-01 1.237964e-01 1.946422e-01 1.597987e-01 1.730610e-01 1.607244e-01 1.399860e-01 1.706398e-01 1.584597e-01 7.959141e-03
<GCONST> 7.320313e+01
<STATE> 3
<MEAN> 39
 -5.592297e+00 3.954359e-01 8.077769e-01 -1.662425e+01 -7.707349e+00 -9.224955e+00 -4.660046e+00 -8.628917e+00 -4.995048e-02 -3.802481e+00 1.258491e-01 -6.759886e+00 1.834423e+01 3.379188e-01 -6.248057e-01 4.887719e-01 -2.656937e-01 -1.102035e+00 1.290276e-01 1.548221e-01 1.538495e-01 3.349271e-01 -5.399793e-02 2.664832e-02 -1.553107e-01 1.949278e-01 4.521356e-02 -2.660711e-01 -1.692032e-01 3.433228e-01 9.403368e-03 1.403214e-01 1.908140e-01 7.234794e-02 -7.128502e-02 -4.766115e-02 -7.066098e-03 6.281524e-02 -6.164991e-02
<VARIANCE> 39
 7.281327e+00 1.915978e+01 1.718727e+01 2.744026e+01 5.847399e+01 3.936535e+01 3.189037e+01 4.336208e+01 3.246234e+01 3.001799e+01 3.379695e+01 4.994989e+01 1.156446e+00 4.295132e-01 1.775867e+00 8.555257e-01 2.664649e+00 1.664695e+00 2.654128e+00 1.727403e+00 1.475454e+00 1.340083e+00 1.175755e+00 1.141512e+00 1.379969e+00 7.314203e-02 5.099225e-02 1.107163e-01 1.223846e-01 1.857541e-01 2.375479e-01 3.918655e-01 2.244560e-01 2.434566e-01 2.200186e-01 1.773839e-01 1.724207e-01 2.131535e-01 4.550984e-03
<GCONST> 8.729041e+01
<STATE> 4
<MEAN> 39
 -1.649550e+00 -9.930127e+00 -4.550347e+00 -9.837058e+00 -9.202869e+00 -8.373492e+00 4.405146e-02 -4.373032e+00 -3.070411e-01 -6.662824e+00 -1.066617e+00 -5.913479e+00 1.846299e+01 -1.722368e-03 4.105607e-02 -4.249443e-01 2.122147e-01 6.903567e-01 -3.667529e-02 1.309260e-02 7.659481e-02 -1.453034e-01 -9.953695e-02 -4.258906e-02 5.560997e-02 -9.980626e-02 -8.147374e-02 1.027276e-01 5.154895e-02 -8.308232e-02 8.996465e-02 7.160066e-02 -5.898333e-02 -6.223264e-02 -2.369792e-02 2.519742e-02 2.528083e-02 8.756716e-03 -2.410406e-02
<VARIANCE> 39
 6.049092e+00 2.022755e+01 2.591778e+01 2.576304e+01 6.116879e+01 5.180315e+01 3.776219e+01 3.636247e+01 4.391728e+01 3.594055e+01 2.597993e+01 3.311922e+01 1.509339e+00 3.012035e-01 8.277342e-01 7.833878e-01 1.013873e+00 1.236896e+00 1.841350e+00 1.590075e+00 1.897713e+00 1.647468e+00 1.476168e+00 1.053240e+00 9.581062e-01 3.797222e-02 2.902775e-02 5.182413e-02 8.361154e-02 1.130989e-01 1.905674e-01 2.371253e-01 2.060665e-01 2.034615e-01 2.219547e-01 2.011820e-01 1.522518e-01 1.418979e-01 2.415672e-03
<GCONST> 8.034359e+01
<TRANSP> 5
 0.000000e+00 1.000000e+00 0.000000e+00 0.000000e+00 0.000000e+00
 0.000000e+00 8.903300e-01 1.096700e-01 0.000000e+00 0.000000e+00
 0.000000e+00 0.000000e+00 8.972690e-01 1.027309e-01 0.000000e+00
 0.000000e+00 0.000000e+00 0.000000e+00 9.447606e-01 5.523935e-02
 0.000000e+00 0.000000e+00 0.000000e+00 0.000000e+00 0.000000e+00
<ENDHMM>
