~o
<STREAMINFO> 1 39
<VECSIZE> 39<NULLD><MFCC_E_D_A><DIAGC>
~s "silst"
<MEAN> 39
 -5.087295e+00 -3.720355e+00 -3.225414e+00 -8.845125e+00 -1.270901e+00 -5.781485e+00 -1.835330e+00 -9.461997e+00 -3.491682e+00 -6.420352e+00 -3.753550e-01 -5.634086e+00 1.585643e+01 -6.642012e-01 -4.396465e-01 -4.521885e-01 1.647383e-01 3.055721e-01 7.022204e-01 3.734266e-01 1.060054e-01 1.436547e-01 1.489840e-01 3.354209e-01 3.740208e-01 -3.628284e-01 -2.576577e-02 -7.162149e-02 -1.080146e-01 -1.269955e-01 -9.446362e-02 -6.988578e-02 5.610524e-04 7.325718e-02 3.697272e-02 9.219550e-03 -1.492352e-02 3.460879e-03 2.654116e-02
<VARIANCE> 39
 1.125587e+01 1.085723e+01 1.337725e+01 1.342067e+01 2.083005e+01 2.472961e+01 2.380788e+01 2.484160e+01 2.795175e+01 2.734586e+01 2.587272e+01 2.369278e+01 2.025073e+00 3.761845e-01 7.366597e-01 8.215225e-01 8.120659e-01 1.147675e+00 1.287147e+00 1.255687e+00 1.300734e+00 1.409017e+00 1.279454e+00 1.252210e+00 1.116453e+00 5.121801e-02 7.018441e-02 9.921792e-02 1.069391e-01 1.137856e-01 1.576302e-01 2.194847e-01 1.939335e-01 1.876884e-01 2.100794e-01 1.853492e-01 1.827049e-01 1.530478e-01 9.212705e-03
<GCONST> 7.764561e+01
~h "eight"
<BEGINHMM>
<NUMSTATES> 5
<STATE> 2
<MEAN> 39
 -8.237439e+00 -2.881706e+00 -5.900507e+00 -1.829290e+01 1.811203e-01 -4.958691e+00 8.547797e-01 -6.755779e+00 -1.587319e+00 -7.441147e+00 -1.720120e+00 -5.761459e+00 1.742535e+01 -1.663628e-01 1.033687e+00 -9.065128e-02 -1.046754e+00 -5.797107e-02 -6.079212e-01 8.098032e-02 4.626308e-01 3.885694e-01 6.626007e-03 -1.696879e-01 -2.375911e-01 3.270437e-01 2.912497e-02 8.638762e-02 7.188465e-03 1.430968e-01 -6.158298e-02 -1.923290e-01 -8.489245e-02 -2.421949e-02 2.354272e-02 9.408128e-02 1.137642e-01 1.838791e-03 -1.758772e-02
<VARIANCE> 39
 7.964121e+00 2.052646e+01 1.879880e+01 3.164672e+01 4.162627e+01 2.215710e+01 2.479488e+01 2.262340e+01 3.075501e+01 2.323006e+01 2.478974e+01 2.560078e+01 3.263914e+00 3.413175e-01 7.405844e-01 6.512054e-01 1.297361e+00 1.204543e+00 1.369351e+00 1.443023e+00 9.905359e-01 1.336770e+00 1.125910e+00 1.087281e+00 9.581813e-01 1.031253e-01 4.141716e-02 7.966162e-02 7.483367e-02 1.938404e-01 1.360669e-01 1.664317e-01 1.474845e-01 1.684638e-01 2.265969e-01 1.615580e-01 1.704866e-01 1.464528e-01 1.282689e-02
<GCONST> 7.923419e+01
<STATE> 3
<MEAN> 39
 -8.371680e+00 5.897880e+00 -5.457287e+00 -1.899155e+01 -2.907447e+00 -1.400990e+01 -1.807224e+00 -6.187463e+00 6.568678e-01 -3.963606e+00 8.420310e-01 -5.629930e+00 1.852264e+01 1.162357e-01 4.266161e-01 2.075486e-01 8.556119e-01 1.091159e-02 -8.511302e-01 -6.035748e-01 -8.357807e-01 -4.069327e-01 2.702274e-01 4.321067e-01 2.282303e-01 -8.489947e-02 5.037655e-02 -3.001740e-01 2.069391e-02 1.806007e-01 8.936033e-02 3.002619e-01 3.099026e-02 -1.378058e-01 -1.916402e-01 -1.483846e-01 -7.900215e-02 3.423495e-02 -6.391379e-02
<VARIANCE> 39
 9.924999e+00 1.138155e+01 2.478140e+01 2.715670e+01 2.047669e+01 2.329659e+01 5.645978e+01 2.787942e+01 3.083232e+01 2.225978e+01 3.279196e+01 2.524176e+01 1.492014e+00 1.884337e-01 5.798040e-01 2.670608e-01 6.297461e-01 8.061473e-01 1.077891e+00 7.483655e-01 8.096657e-01 1.738294e+00 1.061857e+00 1.201080e+00 8.620310e-01 2.795003e-02 2.811974e-02 7.518823e-02 5.017301e-02 1.012220e-01 8.195309e-02 1.587949e-01 1.430958e-01 1.413782e-01 1.743731e-01 1.410049e-01 1.843843e-01 1.387044e-01 3.490085e-03
<GCONST> 6.981363e+01
<STATE> 4
<MEAN> 39
 -6.886086e+00 5.231420e-01 -4.055383e+00 -1.194648e+01 -1.076727e+00 -1.118424e+01 -3.966974e+00 -1.165162e+01 -4.611856e+00 -5.854035e+00 7.874818e-01 -4.523773e+00 1.638910e+01 1.897415e-01 -1.905042e+00 -3.518517e-02 8.530517e-01 2.079462e-01 1.669349e+00 3.768598e-01 6.004982e-02 -2.649781e-01 -3.641314e-01 -1.199653e-01 9.993373e-02 -4.772685e-01 -8.158547e-02 -4.846319e-02 -1.051404e-01 -1.473897e-01 -5.726724e-02 1.019960e-01 1.837139e-01 2.681037e-01 2.204398e-01 8.214854e-02 3.234727e-02 -3.305295e-02 3.485687e-03
<VARIANCE> 39
 5.854450e+00 3.305511e+01 1.426921e+01 1.822071e+01 1.586992e+01 3.828663e+01 3.171871e+01 2.418900e+01 3.717287e+01 2.664142e+01 2.490026e+01 2.338984e+01 2.754815e+00 3.629217e-01 7.012430e-01 6.336370e-01 1.045224e+00 6.555330e-01 1.197886e+00 1.774734e+00 1.468300e+00 2.066678e+00 1.217791e+00 1.386635e+00 1.142304e+00 3.489292e-02 4.138339e-02 2.581282e-01 6.954813e-02 1.161557e-01 9.540856e-02 3.295658e-01 1.849069e-01 1.985417e-01 2.870224e-01 1.724162e-01 1.972086e-01 1.934615e-01 1.072001e-02
<GCONST> 7.986730e+01
<TRANSP> 5
 0.000000e+00 1.000000e+00 0.000000e+00 0.000000e+00 0.000000e+00
 0.000000e+00 8.699923e-01 1.300077e-01 0.000000e+00 0.000000e+00
 0.000000e+00 0.000000e+00 8.591560e-01 1.408440e-01 0.000000e+00
 0.000000e+00 0.000000e+00 0.000000e+00 8.174236e-01 1.825764e-01
 0.000000e+00 0.000000e+00 0.000000e+00 0.000000e+00 0.000000e+00
<ENDHMM>
~h "oh"
<BEGINHMM>
<NUMSTATES> 5
<STATE> 2
<MEAN> 39
 -4.358329e+00 -1.036647e+01 -8.336211e+00 -8.605238e+00 -2.639651e+00 -7.661435e+00 3.591829e+00 -7.352664e+00 -5.236193e+00 -7.103610e+00 -2.429889e+00 -5.415382e+00 1.781609e+01 5.458651e-01 -2.048435e-01 -6.068466e-01 1.648093e-01 8.903457e-02 -6.991601e-01 1.388486e-01 7.355029e-01 -1.670350e-02 -4.331388e-01 -4.119968e-01 -1.510155e-01 3.528406e-01 9.855568e-03 1.025534e-01 1.417658e-03 -5.071899e-02 3.708392e-02 -1.234850e-02 -1.511298e-01 7.166681e-03 1.337825e-01 2.575129e-02 -1.102431e-02 -2.829389e-02 -2.123074e-02
<VARIANCE> 39
 8.731293e+00 1.231714e+01 1.655811e+01 1.810617e+01 2.296624e+01 2.455271e+01 3.062283e+01 6.444917e+01 3.812768e+01 3.390949e+01 2.702891e+01 3.139497e+01 3.022416e+00 2.977992e-01 5.798207e-01 6.312523e-01 6.405317e-01 6.852380e-01 9.268664e-01 1.327793e+00 1.791498e+00 1.557617e+00 1.261378e+00 1.249631e+00 1.055418e+00 9.550760e-02 3.989948e-02 6.303208e-02 7.482953e-02 7.941883e-02 9.148552e-02 1.289282e-01 1.559508e-01 2.153970e-01 1.868349e-01 1.968847e-01 1.842119e-01 1.404319e-01 1.339440e-02
<GCONST> 7.713441e+01
<STATE> 3
<MEAN> 39
 -5.554425e-01 -8.224263e+00 -1.323890e+01 -9.956645e+00 -6.973129e-01 -1.211375e+01 -8.486924e-01 -6.612627e-01 1.262714e-01 -8.237594e+00 -5.132578e+00 -6.557121e+00 1.904300e+01 2.221582e-01 4.050987e-01 -2.528539e-02 -3.488932e-01 -3.576212e-02 -1.848751e-03 -6.831393e-01 -2.522717e-01 6.702862e-01 6.029425e-01 -3.358376e-02 -3.588032e-01 -9.627577e-03 -4.140161e-02 2.452862e-02 1.024759e-01 -2.132845e-02 -5.807199e-02 9.459180e-02 1.346818e-02 -1.595100e-01 -8.154275e-02 9.318775e-02 1.224976e-01 1.038161e-02 -2.540083e-02
<VARIANCE> 39
 6.106947e+00 8.409647e+00 1.498953e+01 1.469945e+01 1.918987e+01 2.200202e+01 4.179403e+01 2.896604e+01 3.927256e+01 3.587772e+01 3.204216e+01 4.013495e+01 1.218634e+00 8.081339e-02 1.376328e-01 2.632309e-01 2.766879e-01 3.863971e-01 5.143082e-01 7.207537e-01 1.013040e+00 7.291259e-01 8.512897e-01 7.929387e-01 6.953925e-01 1.329122e-02 1.118736e-02 1.428990e-02 3.330894e-02 3.312284e-02 4.676693e-02 6.841681e-02 7.793138e-02 9.569711e-02 1.057506e-01 1.010677e-01 9.209768e-02 8.874387e-02 1.205736e-03
<GCONST> 5.206163e+01
<STATE> 4
<MEAN> 39
 1.791528e-01 -3.742238e+00 -9.919811e+00 -1.348855e+01 -3.332103e+00 -1.007246e+01 -4.942088e+00 -7.374871e+00 1.033235e+00 -2.357339e+00 -1.690438e-01 -7.000253e+00 1.844839e+01 -3.498003e-01 2.874804e-01 8.533275e-01 1.529657e-01 -2.183192e-01 3.725695e-01 2.128602e-01 -5.728608e-01 -5.875103e-01 -1.065327e-01 5.082614e-01 4.142709e-01 -2.312957e-01 -1.313724e-01 -1.058411e-01 5.154973e-02 1.421718e-01 1.072378e-01 8.441257e-02 1.852360e-01 8.597267e-02 -1.044257e-01 -1.824420e-01 -7.867358e-02 7.965193e-02 -4.439723e-02
<VARIANCE> 39
 6.292681e+00 7.048060e+00 1.858647e+01 1.558574e+01 1.892281e+01 2.848662e+01 3.127048e+01 2.745539e+01 3.060040e+01 3.704197e+01 3.952303e+01 3.650912e+01 1.761224e+00 2.387847e-01 3.550213e-01 4.244607e-01 5.885305e-01 6.877500e-01 8.716204e-01 1.174280e+00 1.225381e+00 1.194881e+00 1.303501e+00 1.200547e+00 1.025764e+00 3.055835e-02 2.294218e-02 3.303259e-02 6.537689e-02 6.532776e-02 9.786186e-02 1.572145e-01 1.651216e-01 1.871416e-01 2.025369e-01 1.906254e-01 1.709068e-01 1.632094e-01 2.730959e-03
<GCONST> 6.918822e+01
<TRANSP> 5
 0.000000e+00 1.000000e+00 0.000000e+00 0.000000e+00 0.000000e+00
 0.000000e+00 8.830513e-01 1.169487e-01 0.000000e+00 0.000000e+00
 0.000000e+00 0.000000e+00 8.914107e-01 1.085892e-01 0.000000e+00
 0.000000e+00 0.000000e+00 0.000000e+00 8.560998e-01 1.439002e-01
 0.000000e+00 0.000000e+00 0.000000e+00 0.000000e+00 0.000000e+00
<ENDHMM>
~h "sp"
<BEGINHMM>
<NUMSTATES> 5
<STATE> 2
~s "silst"
<STATE> 3
<MEAN> 39
 -7.705448e+00 -6.477449e+00 -6.098654e+00 -9.710704e+00 -1.333721e+00 -4.072954e+00 -6.306784e-01 -8.570534e+00 -2.836517e+00 -5.610784e+00 9.597427e-01 -4.090722e+00 1.480061e+01 -9.938630e-02 -1.815947e-02 -1.134893e-01 -5.779353e-03 -2.985148e-02 2.998904e-02 -7.016551e-03 3.523063e-02 2.227029e-03 2.059627e-02 3.544333e-02 4.052179e-02 -1.366758e-02 6.115117e-02 8.251865e-02 6.140724e-02 -1.116197e-02 -9.404900e-03 -5.679783e-02 -4.153597e-02 -1.841734e-02 -9.196516e-03 -1.628051e-02 -3.351300e-02 -3.230212e-02 4.423260e-02
<VARIANCE> 39
 5.193812e+00 5.797864e+00 8.355978e+00 9.997946e+00 1.421253e+01 1.532834e+01 1.544412e+01 1.657652e+01 1.761942e+01 1.632797e+01 1.592539e+01 1.371068e+01 1.091544e+00 1.557259e-01 2.331971e-01 3.569021e-01 4.279180e-01 5.669894e-01 6.771210e-01 6.510599e-01 7.184518e-01 7.398160e-01 6.608590e-01 6.502457e-01 5.696762e-01 7.362160e-03 3.298508e-02 5.298345e-02 7.083576e-02 9.027940e-02 1.137792e-01 1.430728e-01 1.319933e-01 1.438409e-01 1.467400e-01 1.251341e-01 1.240192e-01 1.144516e-01 4.100077e-03
<GCONST> 5.480750e+01
<STATE> 4
<MEAN> 39
 -8.563969e+00 -4.927659e+00 -6.286335e+00 -8.988024e+00 -2.037114e+00 -3.793388e+00 -1.074190e+00 -8.412826e+00 -2.904875e+00 -5.470145e+00 6.434243e-01 -4.047104e+00 1.505474e+01 2.679201e-01 1.824458e-01 9.396154e-02 -1.317008e-01 -1.800453e-01 -2.945390e-01 -8.286583e-02 7.400659e-02 -3.741743e-02 -5.190817e-02 -2.008827e-01 -7.851932e-02 2.159560e-01 2.163027e-01 4.997318e-03 6.187976e-02 -1.475611e-01 -1.268354e-01 -2.114612e-01 -7.673407e-03 1.809587e-02 7.049093e-03 -2.334008e-03 -1.011723e-01 -8.301342e-02 1.096277e-01
<VARIANCE> 39
 1.200660e+01 1.157571e+01 1.731067e+01 1.580672e+01 1.932537e+01 1.879967e+01 1.807330e+01 2.025300e+01 2.111750e+01 1.987515e+01 1.870389e+01 1.700363e+01 1.497051e+00 5.851815e-01 5.313454e-01 7.361757e-01 7.886314e-01 9.567702e-01 9.911041e-01 8.491531e-01 1.180282e+00 1.040690e+00 9.226530e-01 9.444338e-01 7.631270e-01 5.272735e-02 7.115201e-02 1.105227e-01 1.692531e-01 1.474381e-01 1.993619e-01 1.919034e-01 1.674773e-01 2.253286e-01 2.038593e-01 1.790724e-01 1.804547e-01 1.546334e-01 9.449261e-03
<GCONST> 7.452527e+01
<TRANSP> 5
 0.000000e+00 8.143052e-01 1.856949e-01 0.000000e+00 0.000000e+00
 0.000000e+00 7.948722e-01 2.051278e-01 0.000000e+00 0.000000e+00
 0.000000e+00 0.000000e+00 8.496745e-01 1.503256e-01 0.000000e+00
 0.000000e+00 0.000000e+00 0.000000e+00 5.801699e-01 4.198301e-01
 0.000000e+00 0.000000e+00 0.000000e+00 0.000000e+00 0.000000e+00
<ENDHMM>
~h "seven"
<BEGINHMM>
<NUMSTATES> 5
<STATE> 2
<MEAN> 39
 -7.581933e+00 -4.392818e+00 -6.009011e+00 -9.680895e+00 -3.607218e+00 -4.852823e+00 -5.585024e-01 -8.188265e+00 -2.395938e+00 -4.343822e+00 -4.047376e-01 -3.891921e+00 1.550513e+01 8.768979e-01 1.107442e-01 7.048286e-01 -1.384896e+00 -1.103009e+00 -8.568909e-01 9.489719e-01 -1.039512e-01 3.616451e-01 1.808388e-02 -7.794642e-01 -6.873049e-01 6.812912e-01 1.875744e-02 -1.110970e-01 -6.288626e-02 -2.536498e-01 -1.763811e-01 8.121885e-02 2.523603e-01 6.183834e-02 -1.154510e-02 -1.398290e-01 -1.683236e-01 -1.526185e-01 1.311269e-01
<VARIANCE> 39
 9.782393e+00 6.299073e+00 1.241947e+01 1.220624e+01 1.976526e+01 2.171524e+01 1.810679e+01 1.876800e+01 1.818375e+01 2.600581e+01 1.783193e+01 1.616715e+01 2.345495e+00 4.593263e-01 4.376132e-01 6.441213e-01 9.566209e-01 1.281203e+00 1.620741e+00 1.342164e+00 1.219658e+00 1.227252e+00 2.344725e+00 1.089774e+00 1.195381e+00 7.306056e-02 8.228260e-02 5.431196e-02 9.843279e-02 1.228755e-01 2.180354e-01 2.114829e-01 1.567210e-01 1.544502e-01 1.617697e-01 1.970174e-01 1.397269e-01 1.855192e-01 1.151975e-02
<GCONST> 7.503909e+01
<STATE> 3
<MEAN> 39
 -5.757571e+00 -7.481491e+00 -5.364563e+00 -1.621024e+01 -6.155639e+00 -4.379341e+00 5.035495e+00 -8.667257e+00 -2.708368e+00 -7.106773e+00 -4.203363e+00 -6.592132e+00 1.904539e+01 1.322793e-01 -3.013251e-01 6.986072e-02 1.484586e-01 3.845149e-02 -3.163569e-02 1.902363e-01 2.614073e-01 -3.457753e-01 -4.314410e-02 -2.312143e-03 -4.750110e-02 8.093361e-02 -2.067819e-02 1.017663e-01 3.712186e-02 3.166067e-01 1.449182e-01 -7.385071e-02 -2.819358e-01 4.886000e-02 -1.773185e-02 3.682514e-02 2.024755e-01 6.485484e-02 -1.360426e-01
<VARIANCE> 39
 9.494359e+00 1.192349e+01 8.989320e+00 1.774112e+01 4.812068e+01 3.853382e+01 3.171099e+01 3.885584e+01 4.860065e+01 5.842139e+01 3.327750e+01 3.285612e+01 1.192378e+00 3.960183e-01 5.731875e-01 4.494395e-01 1.321894e+00 1.495129e+00 1.582698e+00 1.629299e+00 1.050680e+00 1.279025e+00 1.723004e+00 1.747830e+00 1.233572e+00 1.763665e-01 8.151599e-02 8.577714e-02 8.936255e-02 1.107399e-01 2.646712e-01 2.645691e-01 1.733631e-01 1.624099e-01 2.081032e-01 2.426428e-01 2.316658e-01 1.899964e-01 5.540224e-03
<GCONST> 8.335076e+01
<STATE> 4
<MEAN> 39
 -3.256125e+00 -4.144639e+00 -2.040968e+00 -9.796789e+00 -3.964054e+00 -7.902019e+00 -4.604366e-01 -7.893754e+00 -3.873816e+00 -6.627669e+00 -1.620587e+00 -6.938922e+00 1.713572e+01 1.048469e-01 3.674197e-01 2.300917e-01 2.343264e-01 3.760744e-01 -3.268600e-02 -4.250419e-01 -3.490305e-01 3.161376e-02 -6.934208e-02 8.035626e-02 -1.553099e-02 -8.789238e-02 -3.982168e-02 -5.778616e-02 -5.434468e-02 -7.373418e-02 1.686409e-03 1.088722e-01 9.050445e-02 -4.307097e-02 -9.214546e-04 -6.033056e-04 -4.322592e-02 3.114613e-02 1.957666e-02
<VARIANCE> 39
 4.898980e+00 1.044583e+01 1.001134e+01 1.376323e+01 2.822126e+01 3.245945e+01 2.625979e+01 4.098613e+01 3.228663e+01 3.543578e+01 3.234299e+01 2.884708e+01 1.689704e+00 1.922377e-01 4.145133e-01 4.780313e-01 9.050330e-01 1.392555e+00 1.173678e+00 1.647987e+00 1.271876e+00 1.389843e+00 1.389047e+00 1.264638e+00 9.332467e-01 8.932102e-02 3.490138e-02 7.892102e-02 8.611398e-02 1.530500e-01 2.483393e-01 2.055722e-01 2.861917e-01 2.267024e-01 2.301944e-01 2.388556e-01 2.142165e-01 1.482523e-01 1.490675e-02
<GCONST> 7.852660e+01
<TRANSP> 5
 0.000000e+00 1.000000e+00 0.000000e+00 0.000000e+00 0.000000e+00
 0.000000e+00 7.197495e-01 2.802505e-01 0.000000e+00 0.000000e+00
 0.000000e+00 0.000000e+00 8.921194e-01 1.078806e-01 0.000000e+00
 0.000000e+00 0.000000e+00 0.000000e+00 9.308139e-01 6.918612e-02
 0.000000e+00 0.000000e+00 0.000000e+00 0.000000e+00 0.000000e+00
<ENDHMM>
~h "three"
<BEGINHMM>
<NUMSTATES> 5
<STATE> 2
<MEAN> 39
 -3.185517e+00 -6.857286e+00 -5.892811e-01 -8.915542e+00 -9.876132e+00 -1.094339e+01 -1.327574e+00 -8.637451e+00 -1.944443e+00 -5.199905e+00 -3.146619e-01 -5.300151e+00 1.729456e+01 5.480989e-01 -1.931518e-01 9.457487e-01 -1.622445e-01 -1.664190e+00 -2.239828e-01 -1.919112e-01 -2.335948e-01 3.747185e-01 1.015092e-01 -5.062440e-02 -2.367794e-01 3.830283e-01 -1.680190e-01 9.566952e-02 2.302039e-02 -2.849704e-01 1.609133e-01 3.174613e-01 -1.395424e-01 -5.158413e-03 9.658977e-02 -7.605836e-03 5.112040e-02 7.465496e-03 -2.714578e-02
<VARIANCE> 39
 1.213536e+01 1.254912e+01 1.615604e+01 2.966944e+01 5.110587e+01 4.900275e+01 2.324841e+01 2.552434e+01 2.806454e+01 2.580543e+01 3.259266e+01 3.133829e+01 2.775170e+00 7.287966e-01 6.376373e-01 8.067929e-01 1.900290e+00 1.853301e+00 3.290444e+00 1.368822e+00 1.539956e+00 1.261807e+00 1.088252e+00 1.384641e+00 1.288763e+00 5.853051e-02 1.176647e-01 1.433371e-01 1.305930e-01 3.101231e-01 4.476096e-01 4.333998e-01 2.832800e-01 2.352872e-01 1.923812e-01 1.833972e-01 1.977889e-01 1.958035e-01 1.028916e-02
<GCONST> 8.908509e+01
<STATE> 3
<MEAN> 39
 -4.602219e+00 -4.525442e+00 5.743371e+00 -1.807758e+01 -1.375650e+01 -4.066041e+00 -7.729856e+00 -9.346510e+00 2.257056e+00 -5.579620e+00 1.202891e+00 -5.876749e+00 1.869757e+01 -8.801892e-01 1.735374e+00 -4.625992e-02 -1.975649e+00 2.164216e+00 2.428598e-01 -1.667024e+00 8.764353e-01 -2.223148e-01 -2.603013e-01 1.518117e-01 -1.811597e-02 -2.197647e-03 7.733237e-05 2.042138e-01 -4.819340e-01 4.257658e-01 5.498910e-01 -6.839528e-01 3.122538e-01 1.475236e-01 -4.030958e-01 4.456432e-02 -5.556254e-02 4.726314e-02 -5.855368e-02
<VARIANCE> 39
 7.461827e+00 2.201118e+01 1.125887e+01 3.541900e+01 5.580645e+01 2.973548e+01 4.644258e+01 6.094712e+01 2.358587e+01 2.795699e+01 4.000082e+01 3.053022e+01 1.286478e+00 2.546025e-01 6.557721e-01 1.011782e+00 1.476495e+00 1.701988e+00 3.604348e+00 1.618317e+00 1.526724e+00 1.456893e+00 1.001468e+00 7.519900e-01 8.514643e-01 2.115362e-02 5.329667e-02 1.339147e-01 8.968828e-02 2.867052e-01 4.433739e-01 2.435420e-01 4.543826e-01 3.430801e-01 1.471667e-01 1.541806e-01 1.397092e-01 1.119779e-01 2.342298e-03
<GCONST> 8.269843e+01
<STATE> 4
<MEAN> 39
 -6.813468e+00 3.973796e+00 -1.415198e+00 -1.677000e+01 -1.461112e+00 -1.231457e+01 -5.837317e+00 -7.931793e+00 -3.362461e+00 -5.022801e+00 -1.680691e-01 -6.252589e+00 1.791267e+01 1.119751e-01 2.508826e-02 -6.171315e-01 9.341263e-01 5.464542e-01 -2.427283e-01 7.028562e-01 -3.309741e-01 -3.655989e-01 -2.063616e-03 -2.008744e-01 1.620064e-03 -1.752571e-01 7.712837e-02 -3.191003e-01 8.046643e-02 1.242171e-01 -2.525897e-01 2.878739e-01 7.828786e-02 -6.119043e-02 1.345529e-01 -2.529038e-02 1.510302e-02 1.163794e-02 -2.659519e-02
<VARIANCE> 39
 7.372267e+00 1.577602e+01 1.708049e+01 3.103899e+01 2.325986e+01 2.660166e+01 4.855513e+01 4.643360e+01 3.212679e+01 4.025085e+01 4.064093e+01 3.632798e+01 1.606608e+00 2.374946e-01 1.472240e+00 6.554844e-01 8.564442e-01 1.433057e+00 2.199560e+00 1.280108e+00 1.498299e+00 1.251313e+00 1.187291e+00 8.217844e-01 8.401920e-01 2.426955e-02 3.793423e-02 9.242453e-02 7.554007e-02 1.815748e-01 1.814208e-01 1.805369e-01 2.407182e-01 2.353272e-01 1.712960e-01 1.621867e-01 1.314003e-01 1.286707e-01 2.592665e-03
<GCONST> 7.841888e+01
<TRANSP> 5
 0.000000e+00 1.000000e+00 0.000000e+00 0.000000e+00 0.000000e+00
 0.000000e+00 8.745427e-01 1.254573e-01 0.000000e+00 0.000000e+00
 0.000000e+00 0.000000e+00 7.796188e-01 2.203813e-01 0.000000e+00
 0.000000e+00 0.000000e+00 0.000000e+00 8.944178e-01 1.055821e-01
 0.000000e+00 0.000000e+00 0.000000e+00 0.000000e+00 0.000000e+00
<ENDHMM>
~h "one"
<BEGINHMM>
<NUMSTATES> 5
<STATE> 2
<MEAN> 39
 -5.814946e-01 -3.784194e+00 -9.269494e+00 -1.280949e+01 -1.653997e+00 -5.565183e+00 -2.022233e+00 -8.864175e+00 -2.704803e+00 -6.729288e+00 -1.542564e+00 -7.284381e+00 1.773971e+01 2.786031e-01 -4.031887e-01 -8.690602e-01 4.563142e-01 4.854845e-01 3.756412e-02 -2.919184e-01 2.270656e-01 2.021506e-01 -3.072905e-01 -3.897861e-01 -2.711742e-01 2.375939e-01 -1.180990e-01 -1.453454e-01 5.392373e-02 2.636403e-01 7.202695e-03 -1.160080e-01 -1.438445e-02 9.341997e-02 -1.134200e-02 -9.031278e-02 1.114476e-02 8.248268e-02 -2.073720e-02
<VARIANCE> 39
 7.655730e+00 9.271986e+00 2.887381e+01 2.285519e+01 2.886065e+01 2.530915e+01 2.281836e+01 2.062724e+01 2.826484e+01 2.392693e+01 2.966653e+01 2.874860e+01 2.284495e+00 4.575130e-01 8.004839e-01 8.750358e-01 2.244179e+00 1.371642e+00 1.443012e+00 1.266382e+00 1.066210e+00 1.134775e+00 1.022512e+00 1.095394e+00 1.044602e+00 4.808059e-02 4.512857e-02 6.163861e-02 1.907343e-01 2.175047e-01 2.625107e-01 2.520312e-01 2.367766e-01 1.809590e-01 2.007052e-01 1.693891e-01 1.888884e-01 1.838978e-01 5.036190e-03
<GCONST> 8.020744e+01
<STATE> 3
<MEAN> 39
 -2.380161e+00 -1.071578e+01 -1.087306e+01 -1.685699e+00 -4.823012e-01 -9.490812e+00 -2.407502e+00 -4.227230e+00 -3.565282e+00 -1.171403e+01 -2.364613e+00 -6.065533e+00 1.853699e+01 -6.078612e-01 -3.677405e-01 1.342768e+00 5.604231e-01 -1.352943e+00 -3.180514e-01 1.191955e+00 -9.917944e-02 -9.203764e-01 -8.395997e-02 5.834001e-01 1.149971e-01 -4.966924e-02 2.466249e-02 3.144869e-01 2.495286e-01 -5.821182e-01 -1.295574e-01 3.759033e-01 8.679991e-02 -4.360895e-01 3.489273e-03 3.783613e-01 4.163327e-02 -1.753837e-01 -2.978987e-02
<VARIANCE> 39
 6.168964e+00 9.630939e+00 1.871430e+01 2.371391e+01 2.717815e+01 1.741065e+01 3.787387e+01 3.153080e+01 4.647298e+01 3.759411e+01 3.387496e+01 3.329949e+01 1.544862e+00 1.546626e-01 5.197598e-01 6.055264e-01 1.845005e+00 7.374662e-01 1.723710e+00 1.007054e+00 2.254502e+00 1.170990e+00 1.870254e+00 1.030057e+00 1.293999e+00 8.509696e-03 2.382868e-02 5.256815e-02 1.011138e-01 1.223611e-01 2.877010e-01 1.530051e-01 3.792378e-01 1.786970e-01 3.368346e-01 2.013259e-01 2.674824e-01 1.686129e-01 8.585200e-04
<GCONST> 7.524551e+01
<STATE> 4
<MEAN> 39
 -4.099206e+00 -5.418634e+00 -1.633265e+00 -8.768050e+00 -3.993870e+00 -5.838650e+00 -1.720104e+00 -1.199405e+01 -4.598757e+00 -8.701797e+00 -2.608730e+00 -8.330938e+00 1.778331e+01 1.511171e-01 9.458873e-01 6.011277e-01 -7.081892e-01 4.272504e-01 -6.427637e-02 -6.103796e-01 -4.365918e-01 8.860619e-02 2.283868e-01 -1.732081e-01 5.453176e-02 -1.266651e-01 4.276983e-02 -6.913204e-02 -2.117103e-01 1.672033e-01 1.538747e-01 -6.724989e-02 -6.223683e-02 1.649408e-01 1.048944e-02 -1.140625e-01 1.176261e-02 7.401139e-02 -5.374262e-03
<VARIANCE> 39
 6.879293e+00 2.325202e+01 1.098249e+01 2.113359e+01 1.968494e+01 4.639776e+01 3.593604e+01 3.526766e+01 4.131165e+01 4.571523e+01 3.318430e+01 3.752178e+01 1.307046e+00 2.736647e-01 6.507412e-01 8.138219e-01 1.209596e+00 9.054331e-01 1.955070e+00 1.158825e+00 1.428761e+00 1.599429e+00 1.528222e+00 9.367182e-01 9.536304e-01 1.265596e-02 4.840625e-02 1.189851e-01 8.240170e-02 1.320614e-01 1.999618e-01 3.087550e-01 2.704822e-01 1.845238e-01 2.277381e-01 2.242385e-01 1.664807e-01 1.665440e-01 1.602095e-03
<GCONST> 7.838847e+01
<TRANSP> 5
 0.000000e+00 1.000000e+00 0.000000e+00 0.000000e+00 0.000000e+00
 0.000000e+00 8.985623e-01 1.014377e-01 0.000000e+00 0.000000e+00
 0.000000e+00 0.000000e+00 8.256826e-01 1.743174e-01 0.000000e+00
 0.000000e+00 0.000000e+00 0.000000e+00 8.860025e-01 1.139975e-01
 0.000000e+00 0.000000e+00 0.000000e+00 0.000000e+00 0.000000e+00
<ENDHMM>
~h "sil"
<BEGINHMM>
<NUMSTATES> 5
<STATE> 2
<MEAN> 39
 -6.789060e+00 -6.735052e+00 -5.106299e+00 -9.063940e+00 4.898608e-02 -3.322380e+00 1.846801e-01 -8.538651e+00 -2.599722e+00 -5.745873e+00 5.693008e-01 -4.313867e+00 1.461939e+01 -3.964592e-02 -3.668387e-03 -6.944584e-03 3.035037e-02 3.949421e-02 2.563297e-02 5.062516e-02 5.700386e-03 -1.789819e-02 6.724390e-03 1.256054e-02 8.889209e-03 -1.273692e-02 -2.585728e-02 -3.345823e-02 -7.421587e-02 -1.129099e-01 -1.260947e-01 -1.237682e-01 -6.309339e-02 -9.934618e-03 -2.424485e-02 9.269819e-03 3.740632e-02 3.151286e-02 1.931699e-03
<VARIANCE> 39
 3.691711e+00 4.400497e+00 6.100681e+00 7.589377e+00 1.183125e+01 1.364113e+01 1.473889e+01 1.640370e+01 1.582607e+01 1.376463e+01 1.585631e+01 1.314505e+01 1.165856e+00 8.037213e-02 1.606502e-01 2.737525e-01 3.745829e-01 4.954248e-01 6.589161e-01 6.851178e-01 7.184329e-01 6.973585e-01 5.786883e-01 6.381105e-01 5.630987e-01 5.167773e-03 1.115403e-02 2.433536e-02 4.084052e-02 4.990092e-02 6.945853e-02 1.004914e-01 1.067557e-01 1.313853e-01 1.121063e-01 9.236465e-02 1.052694e-01 9.864204e-02 6.455139e-04
<GCONST> 4.397469e+01
<STATE> 3
~s "silst"
<STATE> 4
<MEAN> 39
 -7.567542e+00 -7.336473e+00 -6.568073e+00 -1.116249e+01 -2.175011e+00 -5.397333e+00 -9.725239e-01 -8.639862e+00 -2.715801e+00 -5.430455e+00 1.420119e+00 -3.847947e+00 1.448516e+01 -2.640353e-03 7.971931e-03 -2.265103e-02 -2.321690e-02 -4.947419e-02 -1.789594e-02 -5.881270e-02 -8.111382e-03 -3.601766e-03 -6.410420e-03 -1.573848e-02 -1.506543e-02 -2.113947e-04 3.608362e-02 5.515865e-02 9.104548e-02 1.238954e-01 1.322732e-01 1.265357e-01 5.963986e-02 1.635491e-02 2.709019e-02 -1.550729e-02 -5.351487e-02 -3.967839e-02 8.197108e-03
<VARIANCE> 39
 3.489442e+00 4.107591e+00 6.395150e+00 7.771532e+00 1.125515e+01 1.249726e+01 1.492371e+01 1.586272e+01 1.756930e+01 1.526837e+01 1.512608e+01 1.335349e+01 1.002075e+00 7.504215e-02 1.659771e-01 2.846849e-01 4.142418e-01 5.042110e-01 6.733730e-01 5.934078e-01 7.365744e-01 7.059973e-01 6.028658e-01 6.957597e-01 6.117738e-01 3.164276e-03 1.402049e-02 2.863863e-02 4.220722e-02 5.647205e-02 7.218751e-02 1.073966e-01 1.041754e-01 1.269585e-01 1.320898e-01 1.053570e-01 1.172450e-01 1.100806e-01 1.043602e-03
<GCONST> 4.513148e+01
<TRANSP> 5
 0.000000e+00 1.000000e+00 0.000000e+00 0.000000e+00 0.000000e+00
 0.000000e+00 7.620701e-01 2.439699e-02 2.135329e-01 0.000000e+00
 0.000000e+00 0.000000e+00 8.289924e-01 1.710076e-01 0.000000e+00
 0.000000e+00 1.836706e-01 0.000000e+00 7.484379e-01 6.789148e-02
 0.000000e+00 0.000000e+00 0.000000e+00 0.000000e+00 0.000000e+00
<ENDHMM>
~h "six"
<BEGINHMM>
<NUMSTATES> 5
<STATE> 2
<MEAN> 39
 -8.694263e+00 -4.266817e+00 -7.006999e+00 -8.721643e+00 -3.083309e+00 -4.213826e+00 -1.956609e+00 -8.228555e+00 -3.555790e+00 -4.018331e+00 1.265533e-01 -3.140892e+00 1.494617e+01 6.774629e-01 6.764163e-01 1.197414e+00 -1.373323e+00 -1.150861e+00 -1.206338e+00 4.026728e-02 -1.347005e-01 4.175679e-01 3.487925e-01 -5.150002e-01 -4.683971e-01 6.271827e-01 6.826815e-02 1.155204e-01 2.282294e-01 -4.787376e-01 -2.800616e-01 -1.715267e-01 4.309592e-02 7.500774e-02 2.034081e-01 1.484977e-03 -1.367083e-01 -2.366871e-01 1.454050e-01
<VARIANCE> 39
 7.446915e+00 7.785765e+00 1.267054e+01 1.147200e+01 1.893879e+01 1.991108e+01 1.514771e+01 1.811194e+01 2.002489e+01 2.950164e+01 1.916021e+01 1.706737e+01 1.858595e+00 3.589836e-01 4.706888e-01 8.841442e-01 1.153823e+00 1.075716e+00 1.325368e+00 1.000211e+00 8.091220e-01 1.416313e+00 2.232206e+00 1.073504e+00 1.319511e+00 7.756183e-02 6.195621e-02 5.633491e-02 1.156695e-01 9.775384e-02 2.030031e-01 2.082718e-01 1.477111e-01 1.765119e-01 1.851206e-01 2.376152e-01 1.707288e-01 1.684744e-01 8.775106e-03
<GCONST> 7.402348e+01
<STATE> 3
<MEAN> 39
 -6.469818e+00 -1.099969e+00 -8.574779e-01 -2.011637e+01 -7.862094e+00 -8.737425e+00 -2.436312e+00 -6.381901e+00 2.444668e-01 -3.794179e+00 -2.523595e+00 -7.320828e+00 1.832833e+01 2.441738e-02 -8.631469e-02 2.215892e-01 -2.829737e-01 3.741016e-01 2.119354e-01 -2.747985e-01 1.720144e-01 3.791056e-02 -1.958850e-01 1.699097e-01 6.440199e-03 -4.724733e-02 -5.683939e-02 -2.051630e-01 -2.669072e-01 4.872321e-01 2.881385e-01 2.214108e-01 6.791308e-02 -9.096588e-02 -1.465140e-01 -5.880585e-02 1.515030e-01 1.657639e-01 -1.669945e-01
<VARIANCE> 39
 7.691558e+00 9.744660e+00 1.662311e+01 2.309386e+01 5.848496e+01 3.110364e+01 3.718675e+01 2.460200e+01 3.462652e+01 5.834438e+01 3.542147e+01 3.741924e+01 1.432816e+00 3.497194e-01 6.529648e-01 1.076031e+00 3.230472e+00 2.399700e+00 1.762833e+00 1.734377e+00 1.341201e+00 1.887947e+00 2.010624e+00 1.867572e+00 1.898044e+00 2.941173e-01 6.818561e-02 6.606327e-02 1.608587e-01 2.260906e-01 3.060679e-01 3.193197e-01 3.834451e-01 2.241514e-01 2.868226e-01 3.401670e-01 2.635375e-01 2.552902e-01 1.166479e-02
<GCONST> 9.188706e+01
<STATE> 4
<MEAN> 39
 -6.562902e+00 -6.247785e+00 -4.680417e+00 -1.081142e+01 -1.001001e+00 -3.980352e+00 -1.437985e+00 -8.755174e+00 -2.166744e+00 -5.868221e+00 1.164456e+00 -4.221467e+00 1.475333e+01 -2.339195e-01 -9.118037e-01 -1.005170e+00 1.462161e+00 4.136380e-01 4.094567e-01 9.076065e-01 -4.569356e-01 -2.816036e-01 -3.995925e-02 2.007432e-01 2.989479e-01 -4.646948e-01 -1.053184e-01 1.689498e-01 2.069544e-01 -4.381025e-01 -3.787714e-01 -1.609020e-01 -8.480178e-02 1.721968e-01 1.161634e-01 1.034335e-01 -1.797341e-01 -1.430124e-01 1.500004e-01
<VARIANCE> 39
 3.293651e+00 5.438995e+00 9.454653e+00 1.107177e+01 1.465004e+01 1.565797e+01 1.950269e+01 1.858695e+01 1.688876e+01 1.707083e+01 1.861678e+01 1.491183e+01 1.491664e+00 2.674877e-01 4.859675e-01 8.970840e-01 1.308624e+00 2.110603e+00 1.651563e+00 1.603323e+00 1.249669e+00 1.214707e+00 1.205584e+00 1.178142e+00 1.022942e+00 7.926797e-02 3.888813e-02 6.518061e-02 1.378380e-01 1.468327e-01 2.331115e-01 1.805865e-01 2.654765e-01 1.921644e-01 1.853865e-01 1.736201e-01 1.976900e-01 1.824399e-01 5.797474e-03
<GCONST> 7.239903e+01
<TRANSP> 5
 0.000000e+00 1.000000e+00 0.000000e+00 0.000000e+00 0.000000e+00
 0.000000e+00 7.196940e-01 2.803060e-01 0.000000e+00 0.000000e+00
 0.000000e+00 0.000000e+00 8.892080e-01 1.107920e-01 0.000000e+00
 0.000000e+00 0.000000e+00 0.000000e+00 7.504250e-01 2.495750e-01
 0.000000e+00 0.000000e+00 0.000000e+00 0.000000e+00 0.000000e+00
<ENDHMM>
~h "two"
<BEGINHMM>
<NUMSTATES> 5
<STATE> 2
<MEAN> 39
 -1.092978e+01 -3.293373e+00 -6.695841e+00 -1.063919e+01 -9.737293e-01 -3.877685e+00 -1.954136e+00 -7.504923e+00 -2.327823e+00 -5.675919e+00 1.126913e+00 -3.370948e+00 1.506315e+01 5.117487e-01 6.204320e-01 1.017600e+00 -5.903314e-01 -2.730046e-01 -3.706331e-01 -4.652997e-01 -2.146468e-01 7.320312e-02 -5.329832e-02 -2.266740e-01 -3.651496e-01 3.262648e-01 2.946775e-01 6.751224e-02 2.859667e-01 -1.302743e-01 -2.146455e-01 -2.436615e-01 -1.194470e-01 -1.277951e-01 -2.600324e-02 2.538368e-03 -8.024648e-02 -1.708697e-01 9.459465e-02
<VARIANCE> 39
 8.894257e+00 8.124043e+00 1.268783e+01 1.227743e+01 1.844962e+01 2.274971e+01 1.921498e+01 2.107598e+01 2.148294e+01 2.404530e+01 2.472994e+01 1.984782e+01 9.100912e-01 1.367756e+00 5.591322e-01 1.280831e+00 8.337833e-01 1.348367e+00 1.287599e+00 9.911706e-01 1.188063e+00 1.177558e+00 1.297765e+00 1.882940e+00 1.106808e+00 7.284090e-02 1.272791e-01 1.088216e-01 1.345927e-01 1.312691e-01 2.271890e-01 1.984350e-01 1.763755e-01 2.230699e-01 2.282040e-01 2.037006e-01 3.600645e-01 1.596912e-01 7.785313e-03
<GCONST> 7.901975e+01
<STATE> 3
<MEAN> 39
 -4.600681e+00 1.274179e+00 1.864211e+00 -1.552779e+01 -6.960173e+00 -9.949685e+00 -6.706051e+00 -1.044044e+01 -2.406486e+00 -5.176616e+00 -1.125618e+00 -7.310335e+00 1.840876e+01 6.626091e-01 5.427362e-01 7.408107e-01 -5.403916e-01 -1.162601e+00 -1.105065e+00 -5.664835e-01 -2.811740e-01 -6.608779e-02 1.258596e-01 -2.155507e-01 -6.231357e-01 4.510041e-01 -2.501473e-01 -2.355826e-01 -4.264553e-01 2.993546e-01 2.738223e-01 2.331794e-01 2.362827e-01 1.461880e-01 -1.910921e-02 -1.013674e-02 1.534318e-01 1.829866e-01 -1.453362e-01
<VARIANCE> 39
 7.462358e+00 8.101150e+00 1.363270e+01 2.231472e+01 3.961015e+01 2.559126e+01 2.821703e+01 2.454118e+01 3.158792e+01 5.528062e+01 4.395619e+01 4.856210e+01 1.034528e+00 5.671206e-01 6.279339e-01 9.838398e-01 1.463437e+00 1.293190e+00 1.206974e+00 1.682016e+00 1.515627e+00 1.843789e+00 1.989199e+00 2.387699e+00 1.876641e+00 8.957130e-02 6.153000e-02 5.328977e-02 8.130014e-02 1.249047e-01 2.039204e-01 1.801771e-01 2.039567e-01 1.908968e-01 2.119690e-01 2.733286e-01 2.893853e-01 2.222970e-01 6.485349e-03
<GCONST> 8.373320e+01
<STATE> 4
<MEAN> 39
 -3.232543e+00 -6.038331e-02 -4.632089e-02 -1.365565e+01 -7.119951e+00 -1.157481e+01 -5.650366e+00 -9.638674e+00 -2.715242e+00 -5.310704e+00 -1.576774e-01 -7.595738e+00 1.823839e+01 1.667202e-01 -2.230983e-01 -2.387263e-01 5.387345e-01 3.383178e-01 8.688643e-02 9.914266e-02 -5.511939e-02 -1.917135e-01 -8.638009e-02 7.745102e-02 1.590776e-01 -1.202292e-01 -4.363764e-02 -3.782491e-02 -2.644065e-02 2.418797e-02 9.536077e-02 1.095058e-01 5.230437e-02 5.322104e-03 2.054916e-02 1.529600e-03 -5.534376e-03 4.452733e-02 -3.518872e-02
<VARIANCE> 39
 5.894996e+00 7.960720e+00 1.253806e+01 2.984799e+01 3.398601e+01 2.157445e+01 3.318078e+01 3.369445e+01 3.983471e+01 4.293394e+01 5.469030e+01 4.152924e+01 1.361555e+00 1.339327e-01 1.530033e-01 3.770494e-01 6.211426e-01 9.146482e-01 8.572061e-01 8.812794e-01 1.029362e+00 9.058664e-01 9.875891e-01 1.044873e+00 9.309135e-01 1.453443e-02 2.161375e-02 2.513546e-02 5.077015e-02 8.854293e-02 1.056966e-01 1.241606e-01 1.295275e-01 1.603639e-01 1.487371e-01 1.528518e-01 1.592464e-01 1.458472e-01 2.341575e-03
<GCONST> 6.576484e+01
<TRANSP> 5
 0.000000e+00 1.000000e+00 0.000000e+00 0.000000e+00 0.000000e+00
 0.000000e+00 8.200657e-01 1.799342e-01 0.000000e+00 0.000000e+00
 0.000000e+00 0.000000e+00 7.668548e-01 2.331452e-01 0.000000e+00
 0.000000e+00 0.000000e+00 0.000000e+00 9.014832e-01 9.851680e-02
 0.000000e+00 0.000000e+00 0.000000e+00 0.000000e+00 0.000000e+00
<ENDHMM>
~h "nine"
<BEGINHMM>
<NUMSTATES> 5
<STATE> 2
<MEAN> 39
 -4.473573e+00 -4.322145e+00 -2.082853e+00 -8.925901e+00 -3.026716e+00 -6.192966e+00 -1.518472e+00 -1.117388e+01 -5.001814e+00 -8.071330e+00 -2.934266e+00 -7.803665e+00 1.756204e+01 -1.362690e-01 -6.709515e-01 -2.195840e-01 4.949447e-01 -4.917761e-01 1.723195e-01 3.872875e-01 -1.976036e-01 -3.955404e-02 -1.531178e-01 -1.790508e-01 -1.450517e-01 2.490896e-01 -3.819599e-02 -1.258311e-01 -7.457442e-02 1.143755e-01 1.787094e-02 -6.494908e-03 3.840515e-02 3.130636e-02 9.324230e-03 6.056060e-03 7.908297e-02 3.456628e-02 -1.028400e-02
<VARIANCE> 39
 8.949876e+00 2.035123e+01 1.532703e+01 1.680610e+01 2.860223e+01 2.884756e+01 3.198551e+01 2.750145e+01 4.713047e+01 3.540787e+01 3.016097e+01 3.277958e+01 2.317656e+00 5.319729e-01 1.578371e+00 1.144050e+00 1.116507e+00 1.137636e+00 1.423570e+00 1.644297e+00 1.276981e+00 1.528193e+00 1.153130e+00 1.245008e+00 1.037909e+00 3.755179e-02 6.501471e-02 1.813980e-01 1.346284e-01 1.401158e-01 2.019331e-01 2.217892e-01 2.429783e-01 1.863675e-01 1.997521e-01 1.613564e-01 1.741180e-01 1.450333e-01 4.968329e-03
<GCONST> 8.289026e+01
<STATE> 3
<MEAN> 39
 -6.291555e+00 -1.167207e+01 -4.985188e+00 -2.496604e+00 -5.656505e+00 -5.428928e+00 1.785335e+00 -1.126771e+01 -5.676420e+00 -9.067110e+00 -1.606486e+00 -7.684825e+00 1.862182e+01 -1.083707e-01 6.640797e-02 2.330891e-01 -2.061372e-01 -4.655200e-02 2.058160e-01 -7.384822e-02 -1.007871e-01 1.721958e-01 6.953503e-02 -4.038436e-02 3.077825e-02 -1.982136e-02 -2.898066e-03 1.880222e-01 7.724766e-02 -2.485476e-01 3.329452e-02 8.068480e-02 -1.013719e-01 -1.654995e-03 8.299040e-02 -5.569726e-03 -7.919201e-02 2.510073e-02 -1.440941e-02
<VARIANCE> 39
 7.198415e+00 8.452117e+00 2.462606e+01 3.137742e+01 1.880886e+01 3.042981e+01 3.088347e+01 3.410552e+01 4.310941e+01 4.183866e+01 2.806113e+01 3.032205e+01 1.011730e+00 8.119702e-02 3.225457e-01 4.023649e-01 1.034382e+00 4.638793e-01 6.116324e-01 5.237174e-01 4.999053e-01 6.129397e-01 6.487975e-01 6.587898e-01 5.180529e-01 4.586772e-03 1.055887e-02 2.934867e-02 3.929586e-02 5.260250e-02 6.937083e-02 6.539043e-02 7.268587e-02 7.678659e-02 7.957292e-02 8.560672e-02 7.640410e-02 7.778797e-02 3.927034e-04
<GCONST> 5.269775e+01
<STATE> 4
<MEAN> 39
 -6.215569e+00 -3.167909e+00 -1.621243e+00 -1.204102e+01 -1.899386e+00 -4.493637e+00 -3.317743e+00 -1.019173e+01 -2.794127e+00 -8.221242e+00 -3.086320e+00 -6.512004e+00 1.789826e+01 3.936798e-01 8.488107e-01 1.532275e-01 -3.075100e-01 5.444351e-01 -4.765935e-01 -4.733042e-01 3.276278e-01 -2.006402e-01 5.552270e-02 9.864800e-02 5.294365e-02 -1.227117e-01 4.350845e-02 -1.239131e-01 -3.726116e-02 2.357294e-01 -1.503715e-02 -7.269668e-02 1.051044e-01 -3.538800e-02 -1.089471e-01 2.583463e-02 7.921545e-02 -2.942595e-02 -1.026375e-02
<VARIANCE> 39
 1.145907e+01 2.006410e+01 1.221390e+01 2.398339e+01 3.580854e+01 3.412893e+01 3.363103e+01 2.990649e+01 4.904647e+01 3.960107e+01 3.856968e+01 4.247036e+01 1.076765e+00 4.058699e-01 9.275342e-01 5.741765e-01 1.873559e+00 1.354152e+00 1.381790e+00 1.360803e+00 1.284779e+00 1.674464e+00 1.184985e+00 1.058543e+00 1.024100e+00 9.895156e-03 5.710078e-02 9.894981e-02 8.661176e-02 1.493691e-01 1.941419e-01 2.405411e-01 1.804258e-01 1.978111e-01 2.315307e-01 1.956214e-01 1.707777e-01 1.415331e-01 1.009542e-03
<GCONST> 7.865894e+01
<TRANSP> 5
 0.000000e+00 1.000000e+00 0.000000e+00 0.000000e+00 0.000000e+00
 0.000000e+00 8.956774e-01 1.043226e-01 0.000000e+00 0.000000e+00
 0.000000e+00 0.000000e+00 9.110032e-01 8.899682e-02 0.000000e+00
 0.000000e+00 0.000000e+00 0.000000e+00 8.980803e-01 1.019198e-01
 0.000000e+00 0.000000e+00 0.000000e+00 0.000000e+00 0.000000e+00
<ENDHMM>
~h "five"
<BEGINHMM>
<NUMSTATES> 5
<STATE> 2
<MEAN> 39
 -4.203867e+00 -1.131111e+01 -1.004190e+01 -8.279321e+00 4.766622e-01 -8.108492e+00 3.477413e-01 -4.699071e+00 -5.231702e+00 -7.933859e+00 -1.795751e+00 -4.894919e+00 1.795575e+01 3.666706e-01 -1.173551e+00 -7.196544e-01 7.783431e-01 5.121329e-01 -6.426850e-01 3.298893e-01 4.040719e-01 -7.467053e-01 -2.238662e-01 -3.037956e-01 -6.471193e-03 5.652917e-01 -1.887055e-01 2.243257e-02 1.722285e-01 9.269962e-02 -1.235031e-02 1.028297e-01 3.037315e-02 -2.012042e-01 2.402994e-02 1.373369e-01 1.569334e-01 4.906224e-02 -7.257121e-02
<VARIANCE> 39
 1.092072e+01 1.967282e+01 2.368774e+01 1.670526e+01 1.896903e+01 2.064158e+01 2.521584e+01 5.142270e+01 3.215661e+01 2.798128e+01 2.495904e+01 1.988548e+01 4.406060e+00 7.734804e-01 5.618511e-01 1.168841e+00 9.084910e-01 7.887983e-01 9.865343e-01 9.750995e-01 2.255413e+00 1.723412e+00 1.721509e+00 1.360980e+00 1.026497e+00 1.225508e-01 9.533577e-02 1.339703e-01 1.789416e-01 1.233698e-01 1.360427e-01 1.448474e-01 1.544848e-01 3.015362e-01 2.735890e-01 1.937767e-01 1.767809e-01 1.403988e-01 2.843854e-02
<GCONST> 8.438400e+01
<STATE> 3
<MEAN> 39
 -5.809570e+00 -1.545225e+01 -8.555007e+00 -3.647273e+00 1.424807e+00 -9.171380e+00 2.532819e+00 -7.499193e+00 -7.219507e+00 -5.456675e+00 -4.693965e-01 -4.506047e+00 1.904717e+01 -1.662331e-01 8.413748e-02 4.908685e-01 -2.582840e-01 -2.715604e-01 4.351528e-01 6.880748e-02 -3.988437e-01 2.751346e-02 3.034110e-01 6.090995e-02 -8.428850e-02 -4.853559e-02 4.023864e-02 1.147204e-01 1.141843e-02 -1.968978e-01 -5.508328e-02 9.314157e-02 -2.909710e-02 2.492418e-02 5.681541e-02 -4.918186e-02 -7.760758e-02 -1.872667e-02 -1.504301e-02
<VARIANCE> 39
 9.176710e+00 9.381403e+00 2.485196e+01 2.081976e+01 1.875584e+01 2.312307e+01 1.753097e+01 3.909103e+01 4.704769e+01 4.451592e+01 2.690493e+01 2.552098e+01 1.357143e+00 8.803643e-02 1.536906e-01 2.699374e-01 6.369588e-01 4.974574e-01 5.527540e-01 4.981605e-01 4.942081e-01 6.141944e-01 5.722088e-01 5.696991e-01 4.737735e-01 5.866102e-03 1.175648e-02 2.426696e-02 3.036078e-02 4.820374e-02 5.126195e-02 5.163304e-02 5.709629e-02 6.425331e-02 8.559855e-02 8.437999e-02 6.666353e-02 7.047588e-02 9.124534e-04
<GCONST> 4.969606e+01
<STATE> 4
<MEAN> 39
 -5.745446e+00 -9.381871e+00 -3.927009e+00 -1.392962e+01 -3.279689e+00 -2.810794e+00 1.864263e+00 -8.421916e+00 -4.183945e+00 -5.246009e+00 -2.272508e+00 -5.513958e+00 1.829267e+01 2.170079e-01 1.204802e+00 3.688765e-01 -6.360549e-01 -3.915839e-01 -1.064070e-01 -3.116247e-01 2.581162e-01 5.513725e-01 -2.125199e-01 -6.987321e-02 -9.179801e-02 -2.462372e-01 -1.786548e-02 -2.314549e-02 -5.323646e-02 3.454712e-01 1.402943e-01 -1.803166e-01 -6.258050e-02 -1.085770e-02 -4.327282e-02 1.797208e-02 1.220117e-01 3.962645e-02 -4.843971e-02
<VARIANCE> 39
 7.850691e+00 2.308003e+01 1.223076e+01 3.178286e+01 4.212729e+01 1.956561e+01 2.459701e+01 3.652433e+01 5.293410e+01 2.792765e+01 2.702586e+01 3.007442e+01 1.850765e+00 2.142475e-01 5.016857e-01 5.736496e-01 2.641741e+00 1.467519e+00 1.616694e+00 9.736607e-01 1.326991e+00 1.640779e+00 1.336623e+00 1.268796e+00 9.173602e-01 4.137826e-02 4.301723e-02 9.700272e-02 7.592136e-02 2.395028e-01 2.359770e-01 2.301601e-01 1.665148e-01 2.288614e-01 2.219168e-01 1.793714e-01 2.064927e-01 1.650508e-01 4.439031e-03
<GCONST> 8.034026e+01
<TRANSP> 5
 0.000000e+00 1.000000e+00 0.000000e+00 0.000000e+00 0.000000e+00
 0.000000e+00 8.488711e-01 1.511288e-01 0.000000e+00 0.000000e+00
 0.000000e+00 0.000000e+00 9.126143e-01 8.738567e-02 0.000000e+00
 0.000000e+00 0.000000e+00 0.000000e+00 8.645101e-01 1.354899e-01
 0.000000e+00 0.000000e+00 0.000000e+00 0.000000e+00 0.000000e+00
<ENDHMM>
~h "four"
<BEGINHMM>
<NUMSTATES> 5
<STATE> 2
<MEAN> 39
 -6.775781e+00 -6.563330e+00 -5.527532e+00 -9.747865e+00 -1.571306e+00 -5.541740e+00 -1.202897e+00 -8.388611e+00 -2.004959e+00 -5.573328e+00 9.821877e-01 -4.267840e+00 1.535168e+01 1.562965e+00 5.340765e-01 -8.967732e-01 -8.513718e-01 -3.048206e-01 -5.325586e-01 -6.920978e-01 -1.902378e-01 1.955873e-01 2.012910e-01 -3.412563e-01 -4.847626e-01 6.410440e-01 3.522051e-01 1.265359e-01 -3.370013e-01 -3.177788e-01 -5.900637e-02 -8.451121e-03 -8.191207e-02 -1.869914e-02 2.624913e-03 5.433569e-02 -7.925641e-02 -1.323093e-01 1.438108e-01
<VARIANCE> 39
 7.472916e+00 5.380777e+00 5.425833e+00 7.796846e+00 1.002314e+01 1.242188e+01 1.452250e+01 1.365392e+01 1.606909e+01 1.349772e+01 1.605091e+01 1.220205e+01 1.715749e+00 5.183730e-01 4.323177e-01 6.058711e-01 7.387446e-01 7.105125e-01 9.060071e-01 7.527288e-01 8.212721e-01 1.010474e+00 1.081708e+00 1.519838e+00 1.221750e+00 5.873876e-02 6.703977e-02 5.348176e-02 6.070799e-02 8.251535e-02 1.012733e-01 1.528780e-01 1.211139e-01 1.523134e-01 1.400163e-01 1.609813e-01 1.993449e-01 1.870839e-01 7.057362e-03
<GCONST> 6.395588e+01
<STATE> 3
<MEAN> 39
 1.595473e+00 -3.479429e+00 -1.216272e+01 -1.704735e+01 -4.000142e+00 -6.179615e+00 -3.166733e+00 -8.953785e+00 -1.399837e+00 -3.857853e+00 4.285365e-01 -6.774300e+00 1.891313e+01 3.050727e-01 -1.857590e-01 -3.255106e-01 -3.838077e-02 7.371028e-02 -1.862495e-02 -2.195955e-01 1.744191e-01 3.526275e-01 9.319634e-02 -2.296671e-01 -2.205642e-01 1.433496e-01 -1.735075e-01 -1.541594e-01 1.497044e-01 2.358817e-01 3.832860e-02 -3.631008e-02 3.802131e-02 1.108389e-01 4.731875e-02 -8.551615e-02 -5.572550e-02 5.666676e-02 -6.752868e-02
<VARIANCE> 39
 4.139394e+00 1.025995e+01 9.614709e+00 1.373257e+01 2.438598e+01 1.715124e+01 1.856523e+01 1.713994e+01 2.361189e+01 2.481212e+01 3.808220e+01 3.755593e+01 1.088612e+00 5.243458e-01 7.276903e-01 6.858608e-01 1.215284e+00 9.700970e-01 7.723944e-01 9.087968e-01 9.567974e-01 1.310195e+00 1.175359e+00 1.338516e+00 1.242721e+00 9.316711e-02 4.946609e-02 4.571638e-02 9.586973e-02 8.019564e-02 1.357255e-01 1.434193e-01 1.559809e-01 1.411279e-01 1.814299e-01 1.919726e-01 1.991216e-01 1.869101e-01 7.203487e-03
<GCONST> 7.252818e+01
<STATE> 4
<MEAN> 39
 -2.669567e-01 -1.130849e+01 -7.977520e+00 -8.561475e+00 -5.378536e+00 -8.944830e+00 -2.200242e+00 -4.228107e+00 6.494696e-01 -7.562643e+00 -3.904716e+00 -7.358531e+00 1.854896e+01 -5.528871e-01 -3.150268e-02 1.188380e+00 5.185629e-01 -5.904980e-01 2.974945e-02 6.830126e-01 -1.594068e-01 -6.796425e-01 -3.908496e-01 1.340227e-01 2.570572e-01 -2.041155e-01 -8.738361e-02 3.018679e-01 4.371376e-04 -2.176183e-01 1.360775e-01 2.154549e-01 1.412978e-02 -2.456758e-01 -1.508619e-01 1.210621e-01 1.771318e-01 3.073567e-02 -5.101271e-02
<VARIANCE> 39
 6.997546e+00 1.431695e+01 2.851108e+01 1.841753e+01 4.716270e+01 3.736474e+01 3.527757e+01 3.883879e+01 4.498276e+01 3.452481e+01 3.471087e+01 3.195316e+01 1.579105e+00 2.193600e-01 1.525578e+00 6.637456e-01 1.661392e+00 2.093302e+00 2.163894e+00 1.565774e+00 2.597097e+00 1.821906e+00 1.726810e+00 1.796503e+00 1.077007e+00 4.099175e-02 2.919466e-02 9.488749e-02 1.880871e-01 1.663676e-01 4.425870e-01 3.013925e-01 3.549848e-01 3.383766e-01 3.792328e-01 2.800032e-01 3.073955e-01 2.167381e-01 3.207434e-03
<GCONST> 8.840878e+01
<TRANSP> 5
 0.000000e+00 1.000000e+00 0.000000e+00 0.000000e+00 0.000000e+00
 0.000000e+00 7.035928e-01 2.964072e-01 0.000000e+00 0.000000e+00
 0.000000e+00 0.000000e+00 9.183105e-01 8.168947e-02 0.000000e+00
 0.000000e+00 0.000000e+00 0.000000e+00 8.714255e-01 1.285745e-01
 0.000000e+00 0.000000e+00 0.000000e+00 0.000000e+00 0.000000e+00
<ENDHMM>
~h "zero"
<BEGINHMM>
<NUMSTATES> 5
<STATE> 2
<MEAN> 39
 -6.849843e+00 -1.895308e+00 -4.578917e+00 -7.694159e+00 -2.517678e+00 -4.689613e+00 -2.828816e+00 -8.911596e+00 -3.627597e+00 -4.164024e+00 1.355455e-01 -4.376369e+00 1.565517e+01 2.799496e-01 1.044050e+00 9.696710e-01 -1.156082e+00 -8.274371e-01 -1.403272e+00 -6.249232e-01 -5.989143e-01 3.233534e-01 3.346159e-01 -1.323574e-01 -2.391956e-01 4.903250e-01 3.765754e-02 9.640868e-02 1.835255e-01 -3.588674e-01 -1.729338e-01 -2.315014e-01 2.788121e-03 -2.333149e-02 1.684005e-01 8.258243e-04 3.111490e-02 -8.997989e-02 9.248122e-02
<VARIANCE> 39
 6.907068e+00 1.048159e+01 1.552586e+01 1.463151e+01 2.103371e+01 2.220577e+01 1.924592e+01 1.979450e+01 2.956461e+01 2.449051e+01 2.237169e+01 1.999828e+01 1.488907e+00 3.163073e-01 4.274654e-01 7.595870e-01 9.369524e-01 8.466597e-01 1.290607e+00 9.702496e-01 1.179699e+00 1.340415e+00 9.798763e-01 1.203208e+00 1.527739e+00 4.269053e-02 4.668805e-02 1.028983e-01 1.272397e-01 1.082194e-01 1.313870e-01 2.177906e-01 1.590556e-01 1.930534e-01 1.627220e-01 1.505812e-01 1.803098e-01 1.680700e-01 6.462384e-03
<GCONST> 7.326305e+01
<STATE> 3
<MEAN> 39
 -5.547061e+00 2.709998e-01 9.557369e-01 -1.692384e+01 -7.897958e+00 -9.159485e+00 -4.555476e+00 -8.443297e+00 1.812531e-01 -3.747228e+00 1.724816e-01 -6.825841e+00 1.840919e+01 3.389571e-01 -7.485144e-01 4.353219e-01 -1.591956e-01 -1.079244e+00 2.624145e-01 2.131959e-01 1.938187e-01 3.175682e-01 -7.805868e-02 4.199490e-02 -1.224698e-01 1.649061e-01 5.091462e-02 -2.664632e-01 -1.743371e-01 3.697675e-01 1.943834e-02 1.321685e-01 1.942508e-01 5.606289e-02 -8.750972e-02 -4.372186e-02 -1.301342e-02 7.186411e-02 -6.409198e-02
<VARIANCE> 39
 7.455913e+00 2.091796e+01 1.737113e+01 2.637002e+01 5.959923e+01 4.073637e+01 3.221087e+01 4.417123e+01 3.105695e+01 3.029276e+01 3.449878e+01 5.106796e+01 1.092572e+00 4.427700e-01 1.620055e+00 8.071110e-01 2.628184e+00 1.740225e+00 2.526581e+00 1.693509e+00 1.424439e+00 1.339450e+00 1.175531e+00 1.106201e+00 1.318560e+00 6.271183e-02 5.146784e-02 1.137861e-01 1.258710e-01 1.808013e-01 2.470743e-01 4.103523e-01 2.252928e-01 2.475459e-01 2.115880e-01 1.746308e-01 1.721294e-01 2.171579e-01 4.571159e-03
<GCONST> 8.709061e+01
<STATE> 4
<MEAN> 39
 -1.600118e+00 -1.052276e+01 -4.412591e+00 -9.805000e+00 -9.669674e+00 -8.050602e+00 5.662528e-01 -4.090302e+00 -1.790330e-01 -6.711751e+00 -1.008094e+00 -5.666847e+00 1.854220e+01 8.129573e-02 1.571432e-02 -5.492218e-01 1.589527e-01 6.715250e-01 -1.768518e-01 -2.152968e-02 2.081945e-01 -6.413778e-02 -1.484527e-01 -9.207529e-02 -8.320436e-03 -5.387238e-02 -5.974622e-02 1.429272e-01 6.424802e-02 -8.618875e-02 8.545513e-02 4.262512e-02 -9.799853e-02 -8.296388e-02 -1.996987e-02 3.428577e-02 2.069870e-02 -9.098780e-03 -1.782369e-02
<VARIANCE> 39
 6.464945e+00 1.772885e+01 2.643807e+01 2.672799e+01 6.263446e+01 5.432182e+01 3.561973e+01 3.637803e+01 4.425778e+01 3.495609e+01 2.489170e+01 3.288594e+01 1.496668e+00 2.232608e-01 8.327348e-01 6.311406e-01 1.028737e+00 1.218773e+00 1.667690e+00 1.522307e+00 1.766408e+00 1.575699e+00 1.379616e+00 1.023708e+00 9.260172e-01 1.577116e-02 2.389414e-02 3.501464e-02 7.605081e-02 1.110738e-01 1.903026e-01 2.318814e-01 1.872046e-01 1.958208e-01 2.167474e-01 1.822717e-01 1.467784e-01 1.332830e-01 1.763437e-03
<GCONST> 7.709827e+01
<TRANSP> 5
 0.000000e+00 1.000000e+00 0.000000e+00 0.000000e+00 0.000000e+00
 0.000000e+00 7.353040e-01 2.646960e-01 0.000000e+00 0.000000e+00
 0.000000e+00 0.000000e+00 8.927032e-01 1.072968e-01 0.000000e+00
 0.000000e+00 0.000000e+00 0.000000e+00 9.396115e-01 6.038852e-02
 0.000000e+00 0.000000e+00 0.000000e+00 0.000000e+00 0.000000e+00
<ENDHMM>
