~o
<STREAMINFO> 1 39
<VECSIZE> 39<NULLD><MFCC_E_D_A><DIAGC>
~h "eight"
<BEGINHMM>
<NUMSTATES> 5
<STATE> 2
<MEAN> 39
 -7.524255e+00 -3.425455e+00 -5.693405e+00 -1.668128e+01 -6.472258e-01 -5.182432e+00 5.464634e-01 -6.746649e+00 -1.554747e+00 -6.763814e+00 -1.027580e+00 -5.331584e+00 1.714911e+01 -1.900192e-01 7.575293e-01 -8.186704e-02 -7.814736e-01 3.923755e-02 -4.145860e-01 5.498247e-02 2.967994e-01 3.011555e-01 4.554050e-02 -9.449519e-02 -9.567261e-02 2.139844e-01 3.509394e-02 8.254537e-02 1.092683e-02 8.963386e-02 -4.103997e-02 -1.680769e-01 -8.082501e-02 -2.284169e-02 2.705511e-02 6.061799e-02 5.858100e-02 -4.580548e-03 3.466373e-03
<VARIANCE> 39
 1.075576e+01 2.305841e+01 1.835782e+01 3.944753e+01 4.045810e+01 2.353716e+01 2.441509e+01 2.433809e+01 3.137290e+01 2.547060e+01 2.575901e+01 2.447308e+01 3.380896e+00 3.360933e-01 9.651081e-01 6.847395e-01 1.411191e+00 1.254018e+00 1.634325e+00 1.348155e+00 1.128210e+00 1.374383e+00 1.216731e+00 1.140045e+00 1.007758e+00 1.229793e-01 4.082860e-02 8.491884e-02 8.461761e-02 2.011355e-01 1.478591e-01 1.778295e-01 1.529716e-01 1.814239e-01 2.320960e-01 1.695072e-01 1.833572e-01 1.573080e-01 1.323968e-02
<GCONST> 8.183726e+01
<STATE> 3
<MEAN> 39
 -7.935267e+00 5.475987e+00 -4.908604e+00 -1.664727e+01 -2.357276e+00 -1.441937e+01 -3.035217e+00 -8.590796e+00 -1.333277e+00 -4.426882e+00 9.894445e-01 -5.287219e+00 1.807283e+01 2.038414e-01 -4.290175e-01 1.808107e-01 9.720501e-01 1.361378e-01 6.934077e-02 -3.419801e-01 -6.694555e-01 -5.148345e-01 -4.113157e-02 2.100339e-01 1.945946e-01 -2.363283e-01 1.021277e-02 -3.328932e-01 -3.043276e-02 6.396089e-02 4.254457e-02 3.532513e-01 1.234175e-01 5.585757e-02 -2.347386e-02 -9.194048e-02 -6.257334e-02 3.917271e-03 -6.257652e-02
<VARIANCE> 39
 9.284462e+00 1.350720e+01 2.250872e+01 3.248517e+01 1.967648e+01 2.420522e+01 5.254552e+01 3.438113e+01 4.415734e+01 2.637303e+01 3.191334e+01 2.703314e+01 1.959815e+00 2.642207e-01 1.895687e+00 4.088293e-01 7.647219e-01 7.868130e-01 2.502150e+00 1.307329e+00 1.116773e+00 1.804253e+00 1.195110e+00 1.398758e+00 1.008694e+00 6.759349e-02 3.641365e-02 9.029853e-02 5.905543e-02 1.265765e-01 9.250860e-02 1.745031e-01 1.630074e-01 2.078774e-01 2.767942e-01 1.690443e-01 1.958873e-01 1.643072e-01 4.024226e-03
<GCONST> 7.874339e+01
<STATE> 4
<MEAN> 39
 -7.116767e+00 -6.541067e+00 -5.514878e+00 -1.004293e+01 -1.215375e+00 -4.682480e+00 -8.409405e-01 -8.921490e+00 -3.019660e+00 -5.935846e+00 9.428729e-01 -4.004976e+00 1.468662e+01 -7.179785e-02 -3.660488e-01 -1.176298e-01 1.204242e-01 -4.112492e-02 3.696103e-01 1.855421e-01 1.810012e-01 1.167377e-01 8.797115e-03 1.649076e-02 9.388021e-03 -9.300596e-02 -5.685293e-03 1.757349e-01 1.039995e-02 -6.684013e-02 -1.211832e-02 -1.464314e-01 -4.599057e-02 -1.503947e-02 -6.331503e-03 2.179370e-02 -5.186089e-03 -1.391516e-02 4.871765e-02
<VARIANCE> 39
 4.560893e+00 6.159152e+00 8.314755e+00 9.574125e+00 1.262566e+01 1.589434e+01 1.697651e+01 1.696683e+01 1.732072e+01 1.627313e+01 1.523352e+01 1.399439e+01 1.034501e+00 2.099294e-01 8.405246e-01 4.288091e-01 5.955234e-01 4.862397e-01 1.170447e+00 9.931200e-01 8.546666e-01 9.812967e-01 7.909758e-01 7.432476e-01 7.057065e-01 4.874192e-02 3.460032e-02 9.647736e-02 7.128505e-02 1.091523e-01 9.177045e-02 1.887645e-01 1.756934e-01 1.504275e-01 1.623781e-01 1.354730e-01 1.324254e-01 1.272722e-01 4.818405e-03
<GCONST> 6.216208e+01
<TRANSP> 5
 0.000000e+00 1.000000e+00 0.000000e+00 0.000000e+00 0.000000e+00
 0.000000e+00 9.121924e-01 8.780760e-02 0.000000e+00 0.000000e+00
 0.000000e+00 0.000000e+00 8.976271e-01 1.023729e-01 0.000000e+00
 0.000000e+00 0.000000e+00 0.000000e+00 9.213890e-01 7.861096e-02
 0.000000e+00 0.000000e+00 0.000000e+00 0.000000e+00 0.000000e+00
<ENDHMM>
~h "oh"
<BEGINHMM>
<NUMSTATES> 5
<STATE> 2
<MEAN> 39
 -5.072906e+00 -9.817537e+00 -7.833377e+00 -8.759861e+00 -2.347719e+00 -7.078435e+00 2.847755e+00 -7.616874e+00 -4.773004e+00 -6.878155e+00 -1.687974e+00 -4.955316e+00 1.721407e+01 4.015585e-01 -2.821495e-01 -5.485502e-01 2.171545e-01 1.401627e-01 -4.945689e-01 2.322911e-01 5.781040e-01 -1.037486e-01 -3.932610e-01 -3.404421e-01 -6.349503e-02 2.903814e-01 6.013420e-02 8.892393e-02 -1.210264e-02 -5.544873e-02 1.547174e-02 -6.012468e-02 -1.276604e-01 1.861856e-02 1.092551e-01 1.494747e-03 -5.272237e-02 -5.050194e-02 1.424375e-02
<VARIANCE> 39
 8.382305e+00 1.228220e+01 1.538583e+01 1.591971e+01 2.185689e+01 2.340161e+01 2.846190e+01 5.757657e+01 3.748621e+01 3.054211e+01 2.663984e+01 2.711323e+01 3.812013e+00 4.045048e-01 5.595052e-01 6.603169e-01 6.405977e-01 7.460979e-01 1.180177e+00 1.235326e+00 1.815302e+00 1.533159e+00 1.309645e+00 1.311777e+00 1.082004e+00 1.254167e-01 4.813059e-02 7.023268e-02 8.521727e-02 8.555458e-02 1.118070e-01 1.482320e-01 1.609972e-01 2.226749e-01 2.095436e-01 1.953586e-01 2.000352e-01 1.548820e-01 1.713554e-02
<GCONST> 7.894449e+01
<STATE> 3
<MEAN> 39
 -4.965996e-01 -8.085561e+00 -1.303811e+01 -1.018378e+01 -8.909652e-01 -1.201037e+01 -8.892379e-01 -1.284800e+00 1.939157e-01 -7.884272e+00 -5.009706e+00 -6.855098e+00 1.903839e+01 2.239072e-01 4.083353e-01 -6.301218e-03 -3.375470e-01 -6.150932e-02 -1.964745e-02 -6.569722e-01 -2.515010e-01 6.164270e-01 5.838704e-01 3.178547e-02 -3.234858e-01 -1.058156e-02 -4.688027e-02 2.213276e-02 1.000644e-01 -1.014050e-02 -5.009494e-02 8.897687e-02 1.630278e-02 -1.447877e-01 -8.520344e-02 7.581958e-02 1.148444e-01 2.391843e-02 -2.662398e-02
<VARIANCE> 39
 6.028922e+00 9.347392e+00 1.555832e+01 1.589685e+01 1.975419e+01 2.333681e+01 4.428232e+01 3.314378e+01 4.055782e+01 3.755700e+01 3.123153e+01 3.914725e+01 1.183734e+00 8.543305e-02 1.427004e-01 2.976720e-01 2.936641e-01 3.913099e-01 5.535882e-01 7.245919e-01 1.116325e+00 7.998049e-01 8.947310e-01 8.656509e-01 6.944233e-01 1.391791e-02 1.175630e-02 1.537127e-02 3.537053e-02 3.572029e-02 4.852976e-02 7.178194e-02 8.156148e-02 1.012436e-01 1.109302e-01 1.074998e-01 9.628420e-02 9.289259e-02 1.245802e-03
<GCONST> 5.396380e+01
<STATE> 4
<MEAN> 39
 -7.418188e-01 -3.730195e+00 -8.383331e+00 -1.248796e+01 -3.622055e+00 -9.300144e+00 -4.000157e+00 -8.066672e+00 -2.979437e-01 -3.366245e+00 3.569732e-01 -6.248671e+00 1.795417e+01 -5.069022e-01 1.203023e-01 7.350001e-01 2.727178e-01 1.213561e-02 5.559244e-01 3.365021e-01 -4.405236e-01 -5.363585e-01 -1.885736e-01 3.968888e-01 4.349113e-01 -2.802318e-01 -1.126522e-01 -1.140013e-01 -2.907872e-02 7.595465e-02 9.950963e-02 8.985815e-02 1.345922e-01 9.031346e-02 -3.953842e-02 -1.066725e-01 -6.855582e-02 5.315373e-02 -3.464301e-02
<VARIANCE> 39
 9.361494e+00 7.810179e+00 2.079552e+01 1.825480e+01 1.941331e+01 2.692005e+01 3.110310e+01 2.683559e+01 3.199027e+01 4.008418e+01 3.906119e+01 3.790240e+01 2.412501e+00 3.826953e-01 4.593658e-01 5.507361e-01 6.217663e-01 8.842409e-01 1.264738e+00 1.251874e+00 1.298648e+00 1.305792e+00 1.263464e+00 1.279160e+00 1.245754e+00 5.453465e-02 3.299579e-02 4.469838e-02 8.896653e-02 8.728103e-02 1.096993e-01 1.661356e-01 1.871798e-01 1.997286e-01 2.127136e-01 2.068778e-01 1.755926e-01 1.748503e-01 4.194860e-03
<GCONST> 7.532736e+01
<TRANSP> 5
 0.000000e+00 1.000000e+00 0.000000e+00 0.000000e+00 0.000000e+00
 0.000000e+00 9.027607e-01 9.723924e-02 0.000000e+00 0.000000e+00
 0.000000e+00 0.000000e+00 9.042472e-01 9.575285e-02 0.000000e+00
 0.000000e+00 0.000000e+00 0.000000e+00 8.838429e-01 1.161570e-01
 0.000000e+00 0.000000e+00 0.000000e+00 0.000000e+00 0.000000e+00
<ENDHMM>
~h "seven"
<BEGINHMM>
<NUMSTATES> 5
<STATE> 2
<MEAN> 39
 -8.806631e+00 -4.769282e+00 -7.050017e+00 -8.596656e+00 -2.107394e+00 -3.131447e+00 -1.276509e+00 -8.136147e+00 -2.909429e+00 -5.214480e+00 6.799266e-01 -3.793395e+00 1.484347e+01 4.741064e-02 -4.084800e-02 -4.356902e-02 -3.256981e-01 -2.671274e-01 -1.353344e-01 2.667653e-01 1.513757e-02 1.375778e-01 -7.736746e-04 -2.047790e-01 -6.332374e-02 1.080879e-01 1.303976e-01 9.204544e-03 8.983021e-02 -1.476355e-01 -1.309363e-01 -1.120196e-01 8.732994e-02 -1.238424e-02 2.002494e-02 -2.644499e-02 -8.712240e-02 -9.269767e-02 9.199268e-02
<VARIANCE> 39
 8.340010e+00 1.013035e+01 1.380078e+01 1.310765e+01 1.612601e+01 1.582008e+01 1.759687e+01 1.745255e+01 1.826360e+01 1.723364e+01 1.706742e+01 1.463345e+01 9.047276e-01 7.144135e-01 4.608480e-01 8.613430e-01 9.991096e-01 9.701380e-01 1.283294e+00 9.959626e-01 8.575959e-01 1.029544e+00 1.155908e+00 9.210116e-01 9.517402e-01 1.512429e-01 5.368428e-02 6.783888e-02 9.750191e-02 1.360510e-01 1.662413e-01 1.770663e-01 1.648983e-01 1.456986e-01 1.700096e-01 1.546174e-01 1.450091e-01 1.504834e-01 8.093955e-03
<GCONST> 7.123421e+01
<STATE> 3
<MEAN> 39
 -5.558075e+00 -7.172778e+00 -5.193472e+00 -1.591174e+01 -6.355660e+00 -4.897010e+00 4.772487e+00 -8.475009e+00 -2.770161e+00 -6.761118e+00 -3.975049e+00 -6.626519e+00 1.896182e+01 1.894533e-01 -2.722631e-01 1.233811e-01 3.882821e-02 -6.137373e-02 -1.088003e-01 2.446588e-01 2.681850e-01 -2.807251e-01 -5.543018e-02 -6.964483e-02 -1.107269e-01 1.236367e-01 -4.177999e-02 7.839750e-02 1.111911e-02 2.926458e-01 1.553699e-01 -2.480873e-02 -2.548968e-01 3.867887e-02 -2.091178e-02 1.592025e-02 1.771704e-01 7.159717e-02 -1.270850e-01
<VARIANCE> 39
 9.614646e+00 1.303329e+01 9.436707e+00 1.827779e+01 4.580248e+01 3.937847e+01 3.187668e+01 3.950835e+01 4.652962e+01 5.849231e+01 3.255420e+01 3.130153e+01 1.240813e+00 4.410259e-01 5.954199e-01 4.993328e-01 1.548395e+00 1.671524e+00 1.672650e+00 1.827650e+00 1.089302e+00 1.392667e+00 1.776832e+00 1.809613e+00 1.326400e+00 2.114269e-01 8.204690e-02 9.001198e-02 9.646609e-02 1.114838e-01 2.523420e-01 2.721471e-01 1.781217e-01 1.666770e-01 2.018927e-01 2.407534e-01 2.262372e-01 1.834979e-01 6.062320e-03
<GCONST> 8.474817e+01
<STATE> 4
<MEAN> 39
 -3.244347e+00 -3.881843e+00 -1.891207e+00 -9.521952e+00 -3.365987e+00 -8.015697e+00 -1.088915e+00 -8.732973e+00 -4.324259e+00 -7.120052e+00 -1.906874e+00 -7.105269e+00 1.713248e+01 1.768510e-02 2.205677e-01 1.049620e-01 2.065502e-01 3.193775e-01 1.039530e-01 -2.925324e-01 -2.637353e-01 8.569290e-02 -1.439427e-02 1.277887e-01 4.227578e-02 -1.184134e-01 -5.595603e-02 -7.367292e-02 -7.384458e-02 -8.778009e-02 -2.233362e-02 9.372197e-02 1.106988e-01 -4.596782e-03 1.866149e-02 1.745089e-02 -3.220640e-02 2.023123e-02 1.415730e-02
<VARIANCE> 39
 4.974843e+00 1.019479e+01 9.926719e+00 1.395349e+01 2.822470e+01 3.043305e+01 2.586530e+01 4.089539e+01 3.293282e+01 3.570397e+01 3.328819e+01 2.974882e+01 1.533692e+00 2.533936e-01 5.250465e-01 5.539055e-01 8.538668e-01 1.339955e+00 1.253490e+00 1.628738e+00 1.363172e+00 1.438485e+00 1.411172e+00 1.273563e+00 9.896296e-01 9.358775e-02 3.738631e-02 7.812212e-02 8.698365e-02 1.507716e-01 2.341878e-01 2.027750e-01 2.726198e-01 2.366433e-01 2.360255e-01 2.409609e-01 2.174077e-01 1.500707e-01 1.437088e-02
<GCONST> 7.928015e+01
<TRANSP> 5
 0.000000e+00 1.000000e+00 0.000000e+00 0.000000e+00 0.000000e+00
 0.000000e+00 9.125739e-01 8.742612e-02 0.000000e+00 0.000000e+00
 0.000000e+00 0.000000e+00 9.003658e-01 9.963418e-02 0.000000e+00
 0.000000e+00 0.000000e+00 0.000000e+00 9.365582e-01 6.344186e-02
 0.000000e+00 0.000000e+00 0.000000e+00 0.000000e+00 0.000000e+00
<ENDHMM>
~h "three"
<BEGINHMM>
<NUMSTATES> 5
<STATE> 2
<MEAN> 39
 -7.753082e+00 -6.035266e+00 -4.949138e+00 -1.011977e+01 -8.176902e-01 -4.845856e+00 -5.887964e-01 -8.498262e+00 -2.602043e+00 -5.425551e+00 9.830297e-01 -3.779382e+00 1.488863e+01 1.181819e-01 -8.363595e-02 2.207188e-01 -4.797694e-02 -4.167406e-01 -2.858677e-01 -6.849118e-02 1.494116e-02 7.425302e-02 3.189598e-02 1.361424e-02 4.313574e-04 9.208690e-02 1.742197e-01 2.254020e-02 1.428289e-01 1.951505e-03 -2.577675e-01 -1.755563e-01 -7.574127e-02 -1.877703e-02 1.537905e-02 -9.218387e-03 -3.924777e-02 -7.054545e-02 8.471630e-02
<VARIANCE> 39
 5.400866e+00 6.329596e+00 9.779344e+00 1.060192e+01 1.435539e+01 1.431225e+01 1.606517e+01 1.761144e+01 1.951329e+01 1.776079e+01 1.686059e+01 1.459231e+01 1.170455e+00 7.019925e-01 5.235446e-01 8.963120e-01 7.510101e-01 1.499186e+00 1.312560e+00 9.016348e-01 1.036179e+00 9.999577e-01 9.323084e-01 9.825646e-01 9.153206e-01 1.193093e-01 5.916817e-02 9.076452e-02 9.846703e-02 1.380231e-01 2.011592e-01 1.855363e-01 1.564496e-01 2.030751e-01 1.781607e-01 1.662450e-01 1.641534e-01 1.611113e-01 4.958384e-03
<GCONST> 7.052036e+01
<STATE> 3
<MEAN> 39
 -2.518137e+00 -6.783540e+00 2.449299e+00 -1.140187e+01 -1.369865e+01 -9.363331e+00 -3.152538e+00 -9.428353e+00 -9.454889e-03 -5.130505e+00 1.270095e-01 -5.735048e+00 1.823541e+01 -6.862422e-02 4.227096e-01 6.951844e-01 -1.049856e+00 -3.996567e-01 3.060275e-01 -8.254076e-01 1.096440e-01 3.076171e-01 -2.807253e-02 6.153170e-02 -1.674223e-01 2.367503e-01 -2.156733e-01 2.146464e-01 -2.005198e-01 -1.428203e-01 5.230276e-01 4.712676e-02 -5.942040e-02 1.143475e-01 -1.140714e-01 -2.023161e-02 2.135186e-02 3.956064e-02 -6.774376e-02
<VARIANCE> 39
 6.507147e+00 1.457567e+01 2.008426e+01 4.937639e+01 4.245366e+01 6.100885e+01 3.522882e+01 3.826534e+01 3.064140e+01 2.820660e+01 3.707789e+01 3.334343e+01 1.447084e+00 9.619795e-01 1.476627e+00 9.228631e-01 2.725313e+00 4.895086e+00 3.382430e+00 2.206999e+00 1.969151e+00 1.296619e+00 1.095892e+00 1.152278e+00 1.164600e+00 6.899488e-02 6.798209e-02 1.290743e-01 1.773857e-01 3.907521e-01 3.806304e-01 6.812702e-01 3.772549e-01 2.755092e-01 2.400974e-01 1.746557e-01 1.705918e-01 1.637534e-01 3.908583e-03
<GCONST> 9.265439e+01
<STATE> 4
<MEAN> 39
 -6.590552e+00 3.298164e+00 -7.803060e-01 -1.672948e+01 -2.106745e+00 -1.135582e+01 -6.399223e+00 -7.962154e+00 -3.159436e+00 -5.505670e+00 -3.370715e-01 -6.525784e+00 1.789479e+01 -2.820210e-02 6.330340e-02 -6.391534e-01 7.253042e-01 7.234855e-01 -1.648779e-01 5.492610e-01 -8.268371e-02 -3.564604e-01 1.203076e-02 -7.059460e-02 5.073463e-02 -1.956445e-01 5.814829e-02 -2.881115e-01 2.508634e-03 1.697353e-01 -2.211509e-01 1.819722e-01 1.647818e-01 -6.734913e-02 9.742326e-02 8.240768e-03 2.041616e-02 2.496871e-02 -3.092087e-02
<VARIANCE> 39
 7.580473e+00 1.700897e+01 1.909990e+01 3.484708e+01 2.704758e+01 2.948788e+01 4.823341e+01 4.778468e+01 3.321848e+01 3.976919e+01 4.240158e+01 3.677536e+01 1.619884e+00 3.151341e-01 1.882921e+00 6.700022e-01 1.043733e+00 1.834891e+00 2.559860e+00 1.467141e+00 1.693772e+00 1.384672e+00 1.287924e+00 1.031998e+00 9.705019e-01 3.582553e-02 4.748385e-02 9.098803e-02 9.640396e-02 2.205422e-01 1.814733e-01 2.352876e-01 2.696368e-01 2.497842e-01 1.837021e-01 1.709958e-01 1.443272e-01 1.353045e-01 2.469563e-03
<GCONST> 8.276376e+01
<TRANSP> 5
 0.000000e+00 1.000000e+00 0.000000e+00 0.000000e+00 0.000000e+00
 0.000000e+00 9.016224e-01 9.837764e-02 0.000000e+00 0.000000e+00
 0.000000e+00 0.000000e+00 8.936676e-01 1.063324e-01 0.000000e+00
 0.000000e+00 0.000000e+00 0.000000e+00 9.153336e-01 8.466642e-02
 0.000000e+00 0.000000e+00 0.000000e+00 0.000000e+00 0.000000e+00
<ENDHMM>
~h "one"
<BEGINHMM>
<NUMSTATES> 5
<STATE> 2
<MEAN> 39
 -4.518783e-01 -3.402781e+00 -8.443935e+00 -1.270263e+01 -1.875609e+00 -5.987660e+00 -2.275721e+00 -8.867911e+00 -2.601645e+00 -6.646010e+00 -1.475403e+00 -7.365995e+00 1.769859e+01 2.104001e-01 -3.606908e-01 -7.771869e-01 3.866608e-01 4.274690e-01 9.435735e-02 -2.048133e-01 2.134636e-01 1.819853e-01 -2.419250e-01 -3.084230e-01 -2.085051e-01 1.796986e-01 -1.118918e-01 -1.460601e-01 2.928774e-02 2.153369e-01 1.225193e-02 -9.389196e-02 -2.919569e-03 1.044306e-01 5.144013e-03 -7.578723e-02 2.515290e-03 7.602527e-02 -1.570840e-02
<VARIANCE> 39
 5.495444e+00 8.375292e+00 3.133020e+01 2.276516e+01 2.856287e+01 2.622850e+01 2.260917e+01 2.060509e+01 2.743980e+01 2.315640e+01 3.019646e+01 3.007907e+01 2.038590e+00 4.331117e-01 7.311466e-01 9.486060e-01 2.139370e+00 1.343969e+00 1.366099e+00 1.271948e+00 1.039806e+00 1.139393e+00 9.681923e-01 1.111004e+00 9.685558e-01 5.947201e-02 3.949684e-02 5.502411e-02 1.856311e-01 2.318592e-01 2.499857e-01 2.470846e-01 2.300213e-01 1.749951e-01 1.963440e-01 1.583902e-01 1.854133e-01 1.750185e-01 4.527911e-03
<GCONST> 7.904118e+01
<STATE> 3
<MEAN> 39
 -2.465530e+00 -1.063755e+01 -1.057806e+01 -1.816903e+00 -8.205494e-01 -9.426730e+00 -2.030191e+00 -4.359926e+00 -3.708462e+00 -1.158850e+01 -2.280303e+00 -6.159985e+00 1.852691e+01 -5.923279e-01 -3.130912e-01 1.360808e+00 4.865203e-01 -1.327707e+00 -2.683879e-01 1.140203e+00 -1.565536e-01 -8.915400e-01 -1.471451e-02 5.522606e-01 9.288791e-02 -5.213561e-02 3.157368e-02 3.182565e-01 2.336370e-01 -5.691898e-01 -9.458870e-02 3.616259e-01 5.219163e-02 -4.228620e-01 2.293641e-02 3.597818e-01 2.881072e-02 -1.620901e-01 -2.971559e-02
<VARIANCE> 39
 6.425578e+00 9.764840e+00 1.981019e+01 2.419559e+01 2.885876e+01 1.776316e+01 3.884037e+01 3.255225e+01 4.659215e+01 3.887001e+01 3.430858e+01 3.411105e+01 1.525048e+00 1.633406e-01 5.914718e-01 6.367466e-01 1.980049e+00 7.715715e-01 1.823208e+00 1.053306e+00 2.307829e+00 1.240627e+00 1.946858e+00 1.064870e+00 1.293228e+00 8.977598e-03 2.596248e-02 5.244818e-02 1.077560e-01 1.227773e-01 3.162033e-01 1.590557e-01 4.062647e-01 1.859150e-01 3.425930e-01 2.133328e-01 2.683239e-01 1.720578e-01 8.707186e-04
<GCONST> 7.673703e+01
<STATE> 4
<MEAN> 39
 -3.841178e+00 -4.380177e+00 -1.380851e+00 -8.920089e+00 -3.196712e+00 -6.281982e+00 -2.462188e+00 -1.221241e+01 -5.214600e+00 -8.497520e+00 -2.664972e+00 -8.175467e+00 1.759471e+01 -3.696771e-03 5.640354e-01 2.622671e-01 -4.548984e-01 4.116560e-01 1.698903e-01 -3.735677e-01 -2.333210e-01 1.575193e-01 1.861186e-01 -2.807034e-02 1.649840e-01 -1.759986e-01 -2.107785e-02 -1.171218e-01 -2.145141e-01 1.096546e-01 8.704713e-02 -2.722246e-02 2.045629e-02 1.849959e-01 4.517063e-02 -7.363615e-02 3.749546e-02 8.076183e-02 -1.677498e-02
<VARIANCE> 39
 6.725612e+00 2.077658e+01 9.946243e+00 1.740463e+01 2.093879e+01 4.195573e+01 3.341077e+01 3.282928e+01 4.008432e+01 4.409935e+01 3.259618e+01 3.568708e+01 1.337941e+00 3.443296e-01 1.010750e+00 9.863685e-01 1.216703e+00 8.805140e-01 1.865039e+00 1.353860e+00 1.411841e+00 1.573527e+00 1.478436e+00 1.085054e+00 1.050132e+00 2.735214e-02 5.694385e-02 1.045752e-01 8.382133e-02 1.278463e-01 1.951441e-01 2.806746e-01 2.505350e-01 1.784446e-01 2.218367e-01 2.216926e-01 1.661902e-01 1.590879e-01 2.928947e-03
<GCONST> 7.987354e+01
<TRANSP> 5
 0.000000e+00 1.000000e+00 0.000000e+00 0.000000e+00 0.000000e+00
 0.000000e+00 9.096045e-01 9.039555e-02 0.000000e+00 0.000000e+00
 0.000000e+00 0.000000e+00 8.314075e-01 1.685925e-01 0.000000e+00
 0.000000e+00 0.000000e+00 0.000000e+00 9.086885e-01 9.131152e-02
 0.000000e+00 0.000000e+00 0.000000e+00 0.000000e+00 0.000000e+00
<ENDHMM>
~h "sil"
<BEGINHMM>
<NUMSTATES> 5
<STATE> 2
<MEAN> 39
 -5.629638e+00 -5.381876e+00 -3.959650e+00 -9.043992e+00 -2.191847e-01 -4.181951e+00 -1.412908e-01 -8.546722e+00 -2.498070e+00 -5.830967e+00 5.865741e-01 -4.487363e+00 1.512057e+01 -2.989975e-01 -2.485857e-01 -1.857906e-01 -5.062603e-02 6.953572e-02 1.348617e-01 8.168875e-02 -1.643199e-03 1.418121e-02 1.866467e-02 1.135566e-01 5.824596e-02 -1.518556e-01 2.366622e-02 -7.472723e-03 -3.844212e-02 -6.360449e-02 -7.384088e-02 -6.419995e-02 -4.217749e-02 -1.949295e-03 -3.811464e-03 -6.770069e-03 -1.693811e-02 -5.217358e-03 2.531354e-02
<VARIANCE> 39
 6.971160e+00 8.607503e+00 9.564874e+00 1.168487e+01 1.486951e+01 1.538814e+01 1.765944e+01 1.877702e+01 2.046498e+01 1.954520e+01 1.858395e+01 1.638751e+01 1.209579e+00 1.686659e-01 3.746072e-01 4.430736e-01 5.866188e-01 7.339908e-01 8.284976e-01 8.455005e-01 9.076093e-01 9.109293e-01 8.356493e-01 9.046669e-01 7.998163e-01 2.155278e-02 2.201152e-02 4.568584e-02 6.338251e-02 7.749970e-02 1.032744e-01 1.189166e-01 1.186155e-01 1.276628e-01 1.369567e-01 1.216473e-01 1.281471e-01 1.153789e-01 2.526399e-03
<GCONST> 5.922251e+01
<STATE> 3
<MEAN> 39
 -7.156939e+00 -7.236734e+00 -5.866395e+00 -1.018522e+01 -1.012348e+00 -4.339154e+00 -3.654399e-01 -8.603598e+00 -2.680012e+00 -5.571365e+00 1.005066e+00 -4.037417e+00 1.452098e+01 -3.584248e-03 4.973470e-03 -6.192434e-03 3.801553e-03 1.879217e-03 4.715823e-03 1.254864e-03 -9.875995e-03 -4.555683e-03 1.094672e-02 -2.631701e-04 2.492713e-03 -1.193115e-03 -2.367665e-04 4.887861e-03 2.877432e-03 5.286402e-03 1.315760e-03 2.870251e-03 5.485980e-04 5.853319e-03 2.717681e-03 -8.293688e-04 -4.062808e-03 -3.430445e-03 1.585003e-03
<VARIANCE> 39
 3.027166e+00 3.564783e+00 6.172709e+00 8.254449e+00 1.253747e+01 1.387374e+01 1.474216e+01 1.582846e+01 1.623780e+01 1.398252e+01 1.548318e+01 1.300188e+01 1.028432e+00 5.842908e-02 1.319095e-01 2.563354e-01 3.600306e-01 4.751974e-01 6.449597e-01 6.224144e-01 6.900988e-01 6.643434e-01 5.534236e-01 6.422850e-01 5.676934e-01 2.417422e-03 1.073369e-02 2.426564e-02 4.638901e-02 6.443691e-02 8.854956e-02 1.218526e-01 1.105601e-01 1.289115e-01 1.215520e-01 9.644404e-02 1.150024e-01 1.070999e-01 5.051140e-04
<GCONST> 4.276596e+01
<STATE> 4
<MEAN> 39
 -8.044106e+00 -6.369840e+00 -6.079110e+00 -1.016942e+01 -1.188543e+00 -4.700865e+00 -5.106564e-01 -8.720682e+00 -2.519547e+00 -5.941776e+00 9.985310e-01 -4.417085e+00 1.453677e+01 3.423443e-03 1.545877e-01 2.794370e-02 1.227892e-02 -7.638072e-02 -6.393978e-02 -6.564859e-02 4.920990e-02 -5.532654e-02 -8.987749e-02 -1.027087e-01 -6.833770e-02 4.891998e-02 4.561818e-02 5.645906e-02 2.690593e-02 -6.751115e-03 -2.035972e-03 -2.716330e-02 -1.659569e-02 -1.573690e-02 -1.398935e-02 -1.821262e-02 -3.889871e-02 -1.456902e-02 3.347784e-02
<VARIANCE> 39
 5.361448e+00 5.850634e+00 7.452226e+00 1.031434e+01 1.202342e+01 1.461873e+01 1.655216e+01 1.791415e+01 1.851075e+01 1.737205e+01 1.645255e+01 1.416318e+01 1.276581e+00 2.534417e-01 3.365529e-01 3.772621e-01 5.664123e-01 6.053327e-01 7.375285e-01 7.088115e-01 9.202843e-01 8.939195e-01 7.990493e-01 7.762735e-01 6.718951e-01 2.073160e-02 3.954313e-02 5.724537e-02 6.069195e-02 9.818351e-02 9.287860e-02 1.226492e-01 1.060878e-01 1.502724e-01 1.416596e-01 1.225172e-01 1.118091e-01 9.929999e-02 4.412929e-03
<GCONST> 5.788790e+01
<TRANSP> 5
 0.000000e+00 1.000000e+00 0.000000e+00 0.000000e+00 0.000000e+00
 0.000000e+00 7.692419e-01 2.307581e-01 0.000000e+00 0.000000e+00
 0.000000e+00 0.000000e+00 9.590835e-01 4.091653e-02 0.000000e+00
 0.000000e+00 0.000000e+00 0.000000e+00 7.109243e-01 2.890758e-01
 0.000000e+00 0.000000e+00 0.000000e+00 0.000000e+00 0.000000e+00
<ENDHMM>
~h "six"
<BEGINHMM>
<NUMSTATES> 5
<STATE> 2
<MEAN> 39
 -9.124295e+00 -4.836953e+00 -7.749949e+00 -8.266639e+00 -2.438857e+00 -2.834770e+00 -1.487292e+00 -7.798928e+00 -3.116517e+00 -4.969313e+00 3.618692e-01 -3.493940e+00 1.461232e+01 2.726808e-02 1.591592e-01 1.185999e-01 -3.531423e-01 -3.868238e-01 -2.528209e-01 -1.307453e-02 8.920142e-03 1.418941e-01 1.896524e-01 -1.204982e-01 9.512865e-03 1.277529e-01 1.224179e-01 8.574615e-02 1.920704e-01 -2.156928e-01 -1.443491e-01 -1.911087e-01 -1.348150e-02 -1.142854e-02 4.335985e-02 1.788299e-02 -7.846190e-02 -1.185633e-01 9.579257e-02
<VARIANCE> 39
 5.881856e+00 7.824515e+00 1.145771e+01 1.170149e+01 1.691563e+01 1.670037e+01 1.585943e+01 1.681437e+01 1.957148e+01 2.023767e+01 1.844873e+01 1.536605e+01 1.012899e+00 5.537621e-01 4.715973e-01 1.205764e+00 1.010493e+00 1.007774e+00 1.470688e+00 8.038239e-01 8.137798e-01 1.030869e+00 1.294180e+00 9.459648e-01 9.358562e-01 1.411679e-01 4.636098e-02 5.967520e-02 9.845395e-02 1.366895e-01 1.730452e-01 1.833199e-01 1.418879e-01 1.549592e-01 1.804593e-01 1.774092e-01 1.522814e-01 1.540163e-01 7.503506e-03
<GCONST> 7.075549e+01
<STATE> 3
<MEAN> 39
 -6.389795e+00 -1.255084e+00 -8.810619e-01 -1.937228e+01 -7.577194e+00 -8.493302e+00 -2.595069e+00 -6.569140e+00 3.325145e-02 -3.820272e+00 -2.226168e+00 -7.108534e+00 1.817332e+01 6.033789e-02 -1.004580e-01 1.973094e-01 -2.318163e-01 3.399071e-01 1.645808e-01 -1.732649e-01 1.224701e-01 4.917456e-02 -1.716382e-01 1.772009e-01 -6.580665e-03 -4.431784e-02 -7.081279e-02 -1.914884e-01 -2.624974e-01 4.212634e-01 2.477779e-01 2.067547e-01 8.841414e-02 -7.030384e-02 -1.214316e-01 -5.252286e-02 1.186420e-01 1.339913e-01 -1.487445e-01
<VARIANCE> 39
 7.367368e+00 9.635597e+00 1.569742e+01 2.776347e+01 5.692444e+01 3.167277e+01 3.629292e+01 2.495915e+01 3.438404e+01 5.661712e+01 3.469410e+01 3.674877e+01 1.645046e+00 3.757045e-01 7.674609e-01 1.271301e+00 3.640179e+00 2.695807e+00 1.950656e+00 1.896175e+00 1.366034e+00 1.928482e+00 2.033425e+00 1.879827e+00 2.011311e+00 3.396144e-01 6.646574e-02 6.525157e-02 1.520792e-01 2.585391e-01 3.130457e-01 3.120062e-01 3.695940e-01 2.303204e-01 2.922211e-01 3.375136e-01 2.687100e-01 2.614650e-01 1.433633e-02
<GCONST> 9.337854e+01
<STATE> 4
<MEAN> 39
 -8.222577e+00 -6.451437e+00 -6.277396e+00 -9.275581e+00 -2.415955e+00 -3.256267e+00 -9.182798e-01 -8.615625e+00 -2.795307e+00 -5.153826e+00 7.408613e-01 -4.248632e+00 1.464348e+01 -7.442137e-02 -1.118080e-01 -2.389875e-01 2.870741e-01 3.500243e-02 6.666952e-02 1.390738e-01 -4.188105e-02 -8.121277e-02 -2.483549e-03 7.366239e-03 3.130436e-02 -6.889639e-02 2.173761e-02 7.154374e-02 7.432570e-02 -1.248943e-01 -5.118548e-02 -6.603876e-02 -5.131234e-02 3.815521e-02 2.469895e-02 6.733144e-03 -2.995416e-02 -2.922746e-02 4.497596e-02
<VARIANCE> 39
 7.836410e+00 8.036999e+00 1.202002e+01 1.253897e+01 1.775490e+01 1.684577e+01 1.688476e+01 1.718216e+01 1.742179e+01 1.762553e+01 1.547864e+01 1.427368e+01 1.310077e+00 3.471872e-01 5.518962e-01 7.463474e-01 9.087883e-01 9.875025e-01 1.059264e+00 1.026785e+00 9.108874e-01 8.760956e-01 8.051556e-01 7.558445e-01 6.350735e-01 5.456964e-02 4.509161e-02 7.355036e-02 1.100384e-01 1.327706e-01 1.825924e-01 1.706938e-01 1.655958e-01 1.667245e-01 1.581869e-01 1.441439e-01 1.370199e-01 1.246721e-01 7.388056e-03
<GCONST> 6.779649e+01
<TRANSP> 5
 0.000000e+00 1.000000e+00 0.000000e+00 0.000000e+00 0.000000e+00
 0.000000e+00 9.049472e-01 9.505282e-02 0.000000e+00 0.000000e+00
 0.000000e+00 0.000000e+00 8.983328e-01 1.016671e-01 0.000000e+00
 0.000000e+00 0.000000e+00 0.000000e+00 9.437304e-01 5.626968e-02
 0.000000e+00 0.000000e+00 0.000000e+00 0.000000e+00 0.000000e+00
<ENDHMM>
~h "two"
<BEGINHMM>
<NUMSTATES> 5
<STATE> 2
<MEAN> 39
 -9.639382e+00 -4.513418e+00 -6.580736e+00 -9.863550e+00 -9.720699e-01 -4.070688e+00 -1.373342e+00 -8.179421e+00 -2.537153e+00 -5.722522e+00 1.014189e+00 -3.721768e+00 1.495430e+01 -3.758490e-02 2.631133e-01 2.263373e-01 -3.008479e-01 -8.029184e-02 -1.059138e-02 -1.952108e-01 2.048018e-02 1.192919e-01 3.786854e-02 -4.394742e-03 -2.839602e-02 9.347287e-02 1.950326e-01 9.726094e-02 2.115305e-01 -1.064899e-01 -1.587307e-01 -1.867033e-01 -1.174414e-01 -6.690837e-02 -2.515929e-02 -1.346575e-03 -7.481471e-02 -1.170505e-01 8.904146e-02
<VARIANCE> 39
 9.732267e+00 8.411866e+00 1.057138e+01 1.130263e+01 1.669863e+01 1.858914e+01 1.761610e+01 1.993474e+01 2.015006e+01 2.109536e+01 2.063021e+01 1.756302e+01 9.683673e-01 1.154742e+00 7.385865e-01 1.484535e+00 7.320567e-01 1.243841e+00 1.212137e+00 9.533133e-01 1.050649e+00 1.054676e+00 1.129717e+00 1.398420e+00 9.929946e-01 1.174517e-01 1.107615e-01 1.110959e-01 1.232447e-01 1.199815e-01 2.136392e-01 1.859784e-01 1.655751e-01 1.895574e-01 1.984026e-01 1.764035e-01 2.621551e-01 1.380705e-01 7.422637e-03
<GCONST> 7.620215e+01
<STATE> 3
<MEAN> 39
 -4.756927e+00 1.149320e+00 1.778226e+00 -1.527068e+01 -6.598805e+00 -9.672951e+00 -6.598328e+00 -1.044179e+01 -2.516045e+00 -5.320361e+00 -1.030022e+00 -7.239760e+00 1.830119e+01 7.193316e-01 5.999752e-01 8.360482e-01 -6.091869e-01 -1.201094e+00 -1.150002e+00 -6.212712e-01 -3.241048e-01 -7.638551e-02 1.074630e-01 -2.783294e-01 -6.924760e-01 4.804430e-01 -2.461664e-01 -2.219688e-01 -4.234547e-01 2.838060e-01 2.397684e-01 2.108274e-01 2.293689e-01 1.474371e-01 -1.436218e-02 5.922067e-03 1.442222e-01 1.762003e-01 -1.356786e-01
<VARIANCE> 39
 7.637056e+00 8.201180e+00 1.359603e+01 2.286914e+01 4.094155e+01 2.664878e+01 2.842987e+01 2.392866e+01 3.044524e+01 5.369550e+01 4.334023e+01 4.700753e+01 1.220934e+00 6.002336e-01 6.134157e-01 9.871256e-01 1.413978e+00 1.245543e+00 1.154155e+00 1.636979e+00 1.535898e+00 1.877875e+00 2.038629e+00 2.554883e+00 1.859359e+00 8.416659e-02 6.196138e-02 5.703237e-02 8.188551e-02 1.318224e-01 2.159619e-01 1.828538e-01 2.050726e-01 1.926454e-01 2.096132e-01 2.724445e-01 2.909154e-01 2.224143e-01 8.053108e-03
<GCONST> 8.427509e+01
<STATE> 4
<MEAN> 39
 -3.074160e+00 -2.498504e-01 -1.582090e-01 -1.281028e+01 -6.631961e+00 -1.135589e+01 -5.742242e+00 -1.003087e+01 -3.079259e+00 -5.508291e+00 -1.510168e-01 -7.402940e+00 1.806439e+01 2.856431e-02 -3.108901e-01 -3.225634e-01 4.777231e-01 4.160340e-01 2.897204e-01 2.823397e-01 6.164466e-02 -7.978725e-02 -2.571157e-03 1.468312e-01 2.523625e-01 -1.813451e-01 -7.879078e-02 -6.534903e-02 -4.715159e-02 -2.747024e-03 8.374634e-02 1.333991e-01 8.168751e-02 3.501742e-02 2.799212e-02 -2.889533e-03 -1.431960e-02 4.589152e-02 -4.147514e-02
<VARIANCE> 39
 6.126969e+00 7.980877e+00 1.202322e+01 3.019344e+01 3.252041e+01 2.281902e+01 3.197463e+01 3.246532e+01 4.006976e+01 4.282231e+01 5.143119e+01 4.045086e+01 1.492823e+00 2.866627e-01 2.399528e-01 4.425736e-01 6.655245e-01 9.312073e-01 1.150723e+00 1.105538e+00 1.194716e+00 1.057023e+00 1.124071e+00 1.145986e+00 1.082552e+00 3.967652e-02 3.091886e-02 3.306121e-02 5.466451e-02 9.506746e-02 1.114157e-01 1.450114e-01 1.389046e-01 1.749011e-01 1.699729e-01 1.672947e-01 1.672982e-01 1.557807e-01 3.008824e-03
<GCONST> 7.111191e+01
<TRANSP> 5
 0.000000e+00 1.000000e+00 0.000000e+00 0.000000e+00 0.000000e+00
 0.000000e+00 9.084746e-01 9.152545e-02 0.000000e+00 0.000000e+00
 0.000000e+00 0.000000e+00 7.698596e-01 2.301404e-01 0.000000e+00
 0.000000e+00 0.000000e+00 0.000000e+00 9.201574e-01 7.984255e-02
 0.000000e+00 0.000000e+00 0.000000e+00 0.000000e+00 0.000000e+00
<ENDHMM>
~h "nine"
<BEGINHMM>
<NUMSTATES> 5
<STATE> 2
<MEAN> 39
 -4.077331e+00 -3.898047e+00 -1.677266e+00 -8.971154e+00 -2.804493e+00 -6.378208e+00 -1.642721e+00 -1.116134e+01 -5.117402e+00 -8.041977e+00 -2.887751e+00 -7.734883e+00 1.762904e+01 -1.811328e-01 -6.858038e-01 -2.834644e-01 4.408272e-01 -4.285434e-01 2.355707e-01 4.030291e-01 -1.731193e-01 -1.880386e-02 -1.236192e-01 -8.592725e-02 -8.366860e-02 2.069312e-01 -5.922490e-02 -1.590376e-01 -1.030370e-01 1.132273e-01 -5.453255e-03 -1.169263e-03 5.204877e-02 4.893640e-02 3.952456e-02 9.370347e-03 7.326274e-02 3.877682e-02 -9.215238e-03
<VARIANCE> 39
 8.090956e+00 1.916343e+01 1.444467e+01 1.669296e+01 2.834810e+01 2.875758e+01 3.145667e+01 2.650790e+01 4.734473e+01 3.538877e+01 3.033127e+01 3.281608e+01 1.829772e+00 4.871428e-01 1.494063e+00 1.080494e+00 1.097171e+00 1.264091e+00 1.393837e+00 1.627391e+00 1.205140e+00 1.553540e+00 1.157374e+00 1.183341e+00 1.006628e+00 4.894994e-02 6.265622e-02 1.682045e-01 1.288503e-01 1.425366e-01 2.181608e-01 2.178718e-01 2.447258e-01 1.814128e-01 2.032965e-01 1.691316e-01 1.711286e-01 1.443605e-01 4.463009e-03
<GCONST> 8.221026e+01
<STATE> 3
<MEAN> 39
 -6.347527e+00 -1.160442e+01 -4.860510e+00 -2.734690e+00 -5.693742e+00 -5.250024e+00 1.736060e+00 -1.135922e+01 -5.539679e+00 -9.015328e+00 -1.699770e+00 -7.646741e+00 1.861514e+01 -1.102202e-01 9.686068e-02 2.307477e-01 -2.420476e-01 -2.305189e-02 2.140792e-01 -1.050664e-01 -8.696253e-02 1.959001e-01 5.474262e-02 -5.526775e-02 4.596741e-02 -2.113689e-02 2.517103e-03 1.935468e-01 6.929503e-02 -2.402585e-01 4.426289e-02 6.240289e-02 -1.060978e-01 1.121204e-02 7.537672e-02 -1.084900e-02 -6.778219e-02 2.441988e-02 -1.480030e-02
<VARIANCE> 39
 7.253241e+00 8.472353e+00 2.450037e+01 3.236936e+01 1.900658e+01 3.083623e+01 3.095137e+01 3.397374e+01 4.391690e+01 4.150164e+01 2.842895e+01 3.075454e+01 1.006126e+00 8.384609e-02 3.840281e-01 4.111280e-01 1.132712e+00 5.000369e-01 6.241731e-01 5.587699e-01 5.153652e-01 6.511036e-01 6.707070e-01 6.806695e-01 5.420507e-01 4.827252e-03 1.133340e-02 3.005360e-02 4.127556e-02 5.547938e-02 7.264969e-02 7.246985e-02 7.391031e-02 8.095077e-02 8.281078e-02 8.716507e-02 7.873289e-02 7.922965e-02 3.983415e-04
<GCONST> 5.405603e+01
<STATE> 4
<MEAN> 39
 -5.408937e+00 -2.488682e+00 -1.320186e+00 -1.141012e+01 -1.443077e+00 -5.341779e+00 -3.676827e+00 -1.048140e+01 -3.509035e+00 -8.117116e+00 -2.930943e+00 -6.527738e+00 1.769446e+01 2.317152e-01 5.105906e-01 -3.092923e-03 -1.016926e-01 4.411193e-01 -2.479250e-01 -2.011421e-01 2.756159e-01 -1.277939e-01 8.107446e-02 2.108435e-01 1.169408e-01 -1.723584e-01 -2.715103e-02 -1.583066e-01 -8.625387e-02 1.474566e-01 -3.839155e-02 -6.090385e-03 1.204324e-01 1.985706e-02 -5.447882e-02 4.231450e-02 7.832286e-02 -9.554900e-03 -2.023008e-02
<VARIANCE> 39
 1.166846e+01 1.632528e+01 1.132170e+01 2.321636e+01 3.171841e+01 3.320290e+01 3.064791e+01 2.993113e+01 4.733530e+01 3.817848e+01 3.626938e+01 3.985385e+01 1.211662e+00 5.065153e-01 1.171872e+00 6.359946e-01 1.643074e+00 1.303741e+00 1.550628e+00 1.528431e+00 1.269756e+00 1.658818e+00 1.184173e+00 1.105880e+00 1.068940e+00 2.538143e-02 7.071385e-02 8.681949e-02 9.031533e-02 1.779846e-01 1.819096e-01 2.449435e-01 1.820612e-01 2.039851e-01 2.436527e-01 1.943311e-01 1.735394e-01 1.451956e-01 2.221679e-03
<GCONST> 8.083681e+01
<TRANSP> 5
 0.000000e+00 1.000000e+00 0.000000e+00 0.000000e+00 0.000000e+00
 0.000000e+00 9.012507e-01 9.874924e-02 0.000000e+00 0.000000e+00
 0.000000e+00 0.000000e+00 9.153502e-01 8.464981e-02 0.000000e+00
 0.000000e+00 0.000000e+00 0.000000e+00 9.176028e-01 8.239716e-02
 0.000000e+00 0.000000e+00 0.000000e+00 0.000000e+00 0.000000e+00
<ENDHMM>
~h "five"
<BEGINHMM>
<NUMSTATES> 5
<STATE> 2
<MEAN> 39
 -6.145305e+00 -8.579067e+00 -7.592478e+00 -9.225047e+00 -4.230657e-01 -6.121463e+00 6.970445e-03 -6.825418e+00 -3.778213e+00 -6.490662e+00 -3.219419e-01 -4.546302e+00 1.643808e+01 1.117986e-01 -6.872125e-01 -4.785926e-01 3.255059e-01 2.195613e-01 -2.712127e-01 2.421207e-01 2.802713e-01 -3.435880e-01 -1.302724e-01 -1.266206e-01 1.666981e-02 2.472805e-01 -1.687681e-03 -5.660796e-03 5.737703e-02 4.688840e-02 -1.725650e-02 -3.236476e-02 -1.989588e-02 -4.941035e-02 -1.732878e-02 2.411560e-02 1.546264e-02 -1.459349e-02 2.061858e-02
<VARIANCE> 39
 1.125220e+01 1.815387e+01 1.972013e+01 1.332428e+01 1.796994e+01 2.025480e+01 1.944231e+01 3.697224e+01 2.612188e+01 2.326820e+01 2.203223e+01 1.616225e+01 4.948138e+00 7.423180e-01 6.844219e-01 8.868363e-01 8.866009e-01 8.226776e-01 1.096098e+00 9.428285e-01 1.701121e+00 1.496832e+00 1.271831e+00 1.231869e+00 8.357612e-01 2.129115e-01 1.004225e-01 1.065271e-01 1.570922e-01 1.148708e-01 1.338450e-01 1.695190e-01 1.473376e-01 2.760082e-01 2.348385e-01 1.802755e-01 1.906098e-01 1.286198e-01 2.516606e-02
<GCONST> 8.141045e+01
<STATE> 3
<MEAN> 39
 -5.829909e+00 -1.543208e+01 -8.489592e+00 -3.791502e+00 1.364197e+00 -9.061790e+00 2.480586e+00 -7.543463e+00 -7.266443e+00 -5.482922e+00 -5.596446e-01 -4.576599e+00 1.903887e+01 -1.610333e-01 9.881294e-02 4.891212e-01 -2.808344e-01 -2.718478e-01 4.465794e-01 6.804524e-02 -3.852472e-01 3.469785e-02 2.820537e-01 5.019220e-02 -7.338859e-02 -4.962919e-02 4.119490e-02 1.198991e-01 1.074242e-02 -1.944130e-01 -5.746679e-02 8.541078e-02 -2.819498e-02 2.903878e-02 6.260718e-02 -5.057392e-02 -7.345669e-02 -1.855370e-02 -1.597168e-02
<VARIANCE> 39
 9.235519e+00 9.516523e+00 2.487405e+01 2.134832e+01 1.890436e+01 2.361057e+01 1.802779e+01 4.020387e+01 4.783452e+01 4.513332e+01 2.691066e+01 2.542698e+01 1.368736e+00 9.077757e-02 1.726025e-01 2.727430e-01 6.954150e-01 5.202826e-01 5.777696e-01 5.082270e-01 5.121690e-01 6.401094e-01 6.122530e-01 5.999652e-01 4.835858e-01 5.997587e-03 1.192115e-02 2.521032e-02 3.123388e-02 4.833079e-02 5.224700e-02 5.349389e-02 5.804963e-02 6.689397e-02 9.045378e-02 8.805467e-02 6.807324e-02 7.103813e-02 9.688307e-04
<GCONST> 5.083687e+01
<STATE> 4
<MEAN> 39
 -5.452401e+00 -7.798193e+00 -3.664723e+00 -1.292934e+01 -3.057850e+00 -3.760871e+00 1.120414e+00 -8.346091e+00 -3.888038e+00 -5.631059e+00 -1.734031e+00 -5.653006e+00 1.761938e+01 6.896093e-02 9.293818e-01 2.307975e-01 -1.987882e-01 -1.315925e-01 -8.908892e-02 -2.932281e-01 7.891065e-02 3.928493e-01 -1.370572e-01 7.672834e-02 1.233728e-02 -2.762188e-01 -4.002643e-02 -7.254070e-02 -8.900342e-02 1.945949e-01 1.092603e-01 -8.830154e-02 -1.665539e-02 -4.516048e-03 -4.075455e-02 1.309683e-02 7.345097e-02 3.240532e-02 -1.782527e-02
<VARIANCE> 39
 7.533134e+00 2.308251e+01 1.185585e+01 2.986159e+01 3.748622e+01 2.150838e+01 2.415422e+01 3.057125e+01 4.223594e+01 2.629447e+01 2.688213e+01 2.787960e+01 2.629519e+00 3.400313e-01 7.374033e-01 6.409168e-01 2.733145e+00 1.682088e+00 1.393088e+00 9.393056e-01 1.417221e+00 1.594574e+00 1.266554e+00 1.316848e+00 1.013080e+00 6.819273e-02 5.715517e-02 1.022110e-01 9.524719e-02 3.009317e-01 2.342665e-01 2.509229e-01 1.675267e-01 2.084452e-01 2.011775e-01 1.717467e-01 2.163430e-01 1.726192e-01 9.082120e-03
<GCONST> 8.298357e+01
<TRANSP> 5
 0.000000e+00 1.000000e+00 0.000000e+00 0.000000e+00 0.000000e+00
 0.000000e+00 9.300391e-01 6.996091e-02 0.000000e+00 0.000000e+00
 0.000000e+00 0.000000e+00 9.152319e-01 8.476811e-02 0.000000e+00
 0.000000e+00 0.000000e+00 0.000000e+00 8.980054e-01 1.019945e-01
 0.000000e+00 0.000000e+00 0.000000e+00 0.000000e+00 0.000000e+00
<ENDHMM>
~h "four"
<BEGINHMM>
<NUMSTATES> 5
<STATE> 2
<MEAN> 39
 -7.667615e+00 -6.677808e+00 -5.470642e+00 -9.688792e+00 -1.112550e+00 -4.543475e+00 -5.189725e-01 -8.559962e+00 -2.271121e+00 -5.732478e+00 1.121441e+00 -4.080834e+00 1.494338e+01 3.138355e-01 1.474937e-02 -3.778507e-01 -2.939830e-01 -1.125255e-01 -9.205837e-02 -1.320307e-01 -8.569899e-03 1.231802e-01 1.055107e-01 -1.625169e-02 -4.077201e-02 1.258385e-01 2.438173e-01 9.813484e-02 -1.170317e-01 -1.288143e-01 -5.303992e-02 -1.112580e-01 -1.097986e-01 -1.808101e-02 -8.184114e-03 7.009565e-03 -7.390761e-02 -1.029496e-01 1.065350e-01
<VARIANCE> 39
 4.657700e+00 4.193452e+00 6.876488e+00 8.704023e+00 1.156782e+01 1.418994e+01 1.488089e+01 1.611071e+01 1.489992e+01 1.410062e+01 1.539704e+01 1.167687e+01 9.116804e-01 1.047066e+00 4.639232e-01 5.766308e-01 6.437173e-01 6.049651e-01 9.842694e-01 9.577664e-01 8.519986e-01 8.544639e-01 7.821129e-01 1.037501e+00 8.674542e-01 1.654569e-01 5.929432e-02 5.711767e-02 1.015156e-01 1.069120e-01 1.041820e-01 1.638891e-01 1.311690e-01 1.613808e-01 1.551103e-01 1.347689e-01 1.544513e-01 1.329648e-01 6.555355e-03
<GCONST> 6.410861e+01
<STATE> 3
<MEAN> 39
 1.545542e+00 -3.506072e+00 -1.204609e+01 -1.693926e+01 -4.004880e+00 -6.246487e+00 -3.255047e+00 -8.958975e+00 -1.451340e+00 -3.992062e+00 3.068363e-01 -6.856420e+00 1.889500e+01 3.433107e-01 -1.623348e-01 -3.558476e-01 -7.217033e-02 6.820396e-02 -2.290277e-02 -2.270717e-01 1.736722e-01 3.472252e-01 1.047986e-01 -2.364447e-01 -2.329478e-01 1.594964e-01 -1.728061e-01 -1.511378e-01 1.446060e-01 2.267973e-01 4.013349e-02 -2.949183e-02 4.305374e-02 1.087216e-01 4.690729e-02 -7.877222e-02 -5.253189e-02 5.703615e-02 -6.698090e-02
<VARIANCE> 39
 4.227961e+00 1.022245e+01 1.029036e+01 1.432917e+01 2.460276e+01 1.721146e+01 1.818636e+01 1.709347e+01 2.334695e+01 2.481169e+01 3.750480e+01 3.594287e+01 1.115800e+00 5.912059e-01 7.438596e-01 7.231895e-01 1.240829e+00 9.895774e-01 7.948631e-01 9.115145e-01 9.642966e-01 1.307602e+00 1.180656e+00 1.372135e+00 1.243437e+00 1.038316e-01 4.871599e-02 4.642919e-02 9.628294e-02 8.305277e-02 1.340594e-01 1.435021e-01 1.544317e-01 1.396361e-01 1.799932e-01 1.932645e-01 2.021902e-01 1.820074e-01 7.090522e-03
<GCONST> 7.298954e+01
<STATE> 4
<MEAN> 39
 -5.429480e-01 -1.072220e+01 -7.323116e+00 -8.565815e+00 -5.391743e+00 -8.704765e+00 -2.323944e+00 -4.895531e+00 1.832049e-01 -7.540123e+00 -3.910872e+00 -7.426216e+00 1.840887e+01 -6.129127e-01 7.465087e-02 1.055966e+00 4.896522e-01 -3.433493e-01 7.616273e-02 5.981665e-01 -1.811751e-01 -6.240197e-01 -3.440993e-01 1.658254e-01 3.014708e-01 -2.432765e-01 -9.001633e-02 2.380778e-01 -4.453168e-02 -1.996030e-01 1.165280e-01 1.960449e-01 3.099990e-02 -1.858952e-01 -1.287928e-01 1.032561e-01 1.745549e-01 4.439838e-02 -4.962715e-02
<VARIANCE> 39
 7.333425e+00 1.779958e+01 3.181578e+01 1.828339e+01 4.522201e+01 3.700930e+01 3.509686e+01 4.319410e+01 4.621207e+01 3.482878e+01 3.460001e+01 3.076934e+01 1.741630e+00 2.971708e-01 1.587486e+00 9.179295e-01 1.626264e+00 2.564564e+00 2.221741e+00 1.718491e+00 2.564770e+00 1.885271e+00 1.705947e+00 1.829050e+00 1.123808e+00 5.832915e-02 2.926798e-02 1.346432e-01 2.064868e-01 1.690598e-01 4.288345e-01 2.940586e-01 3.516555e-01 3.668474e-01 3.851870e-01 2.816706e-01 3.092501e-01 2.124643e-01 3.411654e-03
<GCONST> 9.085586e+01
<TRANSP> 5
 0.000000e+00 1.000000e+00 0.000000e+00 0.000000e+00 0.000000e+00
 0.000000e+00 9.011176e-01 9.888241e-02 0.000000e+00 0.000000e+00
 0.000000e+00 0.000000e+00 9.186853e-01 8.131471e-02 0.000000e+00
 0.000000e+00 0.000000e+00 0.000000e+00 8.810120e-01 1.189879e-01
 0.000000e+00 0.000000e+00 0.000000e+00 0.000000e+00 0.000000e+00
<ENDHMM>
~h "zero"
<BEGINHMM>
<NUMSTATES> 5
<STATE> 2
<MEAN> 39
 -6.758186e+00 -3.060529e+00 -4.886796e+00 -7.466868e+00 -1.265794e+00 -3.807547e+00 -1.414106e+00 -8.520000e+00 -3.457356e+00 -5.106210e+00 5.901185e-01 -4.556120e+00 1.523185e+01 -8.170301e-02 3.317785e-01 1.413726e-01 -3.041241e-01 -2.133248e-01 -2.737659e-01 -1.777339e-01 -1.205117e-01 1.233120e-01 2.201340e-01 -1.254800e-02 -1.813339e-04 1.060436e-01 6.806326e-02 1.068911e-01 1.512874e-01 -2.256990e-01 -1.459340e-01 -2.462539e-01 -6.497123e-02 -7.538818e-02 6.202454e-02 1.080049e-02 -2.262715e-02 -5.403220e-02 8.252100e-02
<VARIANCE> 39
 7.745568e+00 1.028864e+01 1.429245e+01 1.360921e+01 1.783333e+01 1.930368e+01 1.877954e+01 1.949850e+01 2.377088e+01 2.085614e+01 1.977661e+01 1.678328e+01 1.208745e+00 4.211684e-01 7.290809e-01 1.003671e+00 9.500241e-01 8.893808e-01 1.750823e+00 9.589488e-01 1.102067e+00 1.068043e+00 8.963274e-01 1.006096e+00 1.001628e+00 1.192544e-01 5.258032e-02 9.179018e-02 1.144093e-01 1.198336e-01 1.237965e-01 1.946419e-01 1.597986e-01 1.730613e-01 1.607245e-01 1.399862e-01 1.706401e-01 1.584599e-01 7.959129e-03
<GCONST> 7.320319e+01
<STATE> 3
<MEAN> 39
 -5.592199e+00 3.951221e-01 8.078569e-01 -1.662418e+01 -7.707667e+00 -9.224744e+00 -4.659925e+00 -8.628929e+00 -4.988096e-02 -3.802470e+00 1.258563e-01 -6.759890e+00 1.834424e+01 3.379320e-01 -6.248433e-01 4.887268e-01 -2.656138e-01 -1.102033e+00 1.290165e-01 1.548812e-01 1.538403e-01 3.349061e-01 -5.400127e-02 2.663960e-02 -1.552952e-01 1.949197e-01 4.520746e-02 -2.660520e-01 -1.692095e-01 3.433083e-01 9.427073e-03 1.402982e-01 1.908081e-01 7.235477e-02 -7.129233e-02 -4.765966e-02 -7.070070e-03 6.281804e-02 -6.164774e-02
<VARIANCE> 39
 7.281435e+00 1.916203e+01 1.718715e+01 2.744064e+01 5.847632e+01 3.936738e+01 3.189022e+01 4.336184e+01 3.246197e+01 3.001766e+01 3.379657e+01 4.994922e+01 1.156436e+00 4.295160e-01 1.775841e+00 8.555545e-01 2.664763e+00 1.664676e+00 2.654116e+00 1.727465e+00 1.475470e+00 1.340079e+00 1.175737e+00 1.141496e+00 1.379957e+00 7.314083e-02 5.099237e-02 1.107228e-01 1.223824e-01 1.857566e-01 2.375592e-01 3.918733e-01 2.244526e-01 2.434542e-01 2.200152e-01 1.773826e-01 1.724181e-01 2.131501e-01 4.550989e-03
<GCONST> 8.729065e+01
<STATE> 4
<MEAN> 39
 -1.649524e+00 -9.930163e+00 -4.550502e+00 -9.836961e+00 -9.202710e+00 -8.373588e+00 4.408202e-02 -4.372942e+00 -3.070841e-01 -6.662892e+00 -1.066647e+00 -5.913461e+00 1.846299e+01 -1.737644e-03 4.109025e-02 -4.249379e-01 2.121824e-01 6.903926e-01 -3.666942e-02 1.305802e-02 7.659683e-02 -1.453027e-01 -9.953556e-02 -4.258572e-02 5.560631e-02 -9.980897e-02 -8.147313e-02 1.027243e-01 5.155684e-02 -8.308288e-02 8.995324e-02 7.161203e-02 -5.898495e-02 -6.223880e-02 -2.369328e-02 2.519805e-02 2.528374e-02 8.754415e-03 -2.410451e-02
<VARIANCE> 39
 6.049097e+00 2.022771e+01 2.591698e+01 2.576239e+01 6.116817e+01 5.180243e+01 3.776247e+01 3.636209e+01 4.391762e+01 3.594060e+01 2.597994e+01 3.311914e+01 1.509358e+00 3.011925e-01 8.276923e-01 7.833967e-01 1.013811e+00 1.236832e+00 1.841336e+00 1.590029e+00 1.897712e+00 1.647482e+00 1.476185e+00 1.053249e+00 9.581060e-01 3.797270e-02 2.902777e-02 5.182443e-02 8.360924e-02 1.130992e-01 1.905619e-01 2.371196e-01 2.060682e-01 2.034605e-01 2.219562e-01 2.011828e-01 1.522525e-01 1.418978e-01 2.415689e-03
<GCONST> 8.034328e+01
<TRANSP> 5
 0.000000e+00 1.000000e+00 0.000000e+00 0.000000e+00 0.000000e+00
 0.000000e+00 8.903297e-01 1.096703e-01 0.000000e+00 0.000000e+00
 0.000000e+00 0.000000e+00 8.972729e-01 1.027271e-01 0.000000e+00
 0.000000e+00 0.000000e+00 0.000000e+00 9.447597e-01 5.524033e-02
 0.000000e+00 0.000000e+00 0.000000e+00 0.000000e+00 0.000000e+00
<ENDHMM>
