~o
<STREAMINFO> 1 39
<VECSIZE> 39<NULLD><MFCC_E_D_A><DIAGC>
~s "silst"
<MEAN> 39
 -5.089681e+00 -3.745990e+00 -3.212667e+00 -8.841165e+00 -1.244477e+00 -5.746367e+00 -1.823767e+00 -9.463357e+00 -3.498904e+00 -6.420342e+00 -3.617294e-01 -5.631732e+00 1.585406e+01 -6.630947e-01 -4.430109e-01 -4.523224e-01 1.671863e-01 3.061280e-01 7.053567e-01 3.754003e-01 1.105042e-01 1.450657e-01 1.512304e-01 3.337833e-01 3.710575e-01 -3.627487e-01 -2.658177e-02 -6.920300e-02 -1.091129e-01 -1.274220e-01 -9.652466e-02 -7.310427e-02 2.204975e-04 7.249580e-02 3.783317e-02 9.343282e-03 -1.498257e-02 3.993871e-03 2.677765e-02
<VARIANCE> 39
 1.123139e+01 1.072764e+01 1.343440e+01 1.340273e+01 2.076707e+01 2.465995e+01 2.381897e+01 2.472525e+01 2.788687e+01 2.726970e+01 2.578738e+01 2.355836e+01 2.021770e+00 3.750083e-01 7.430506e-01 8.193309e-01 8.113292e-01 1.144731e+00 1.289503e+00 1.255202e+00 1.300245e+00 1.409016e+00 1.271742e+00 1.245589e+00 1.114173e+00 5.123537e-02 6.988893e-02 1.004480e-01 1.068387e-01 1.139639e-01 1.562113e-01 2.204649e-01 1.943070e-01 1.871196e-01 2.096565e-01 1.843306e-01 1.820881e-01 1.530489e-01 9.221067e-03
<GCONST> 7.758894e+01
~h "eight"
<BEGINHMM>
<NUMSTATES> 5
<STATE> 2
<MEAN> 39
 -8.239214e+00 -2.991293e+00 -5.885662e+00 -1.823225e+01 2.115251e-01 -4.906703e+00 8.327002e-01 -6.812497e+00 -1.622975e+00 -7.444222e+00 -1.715962e+00 -5.722692e+00 1.740764e+01 -1.695527e-01 1.034997e+00 -9.605677e-02 -1.072848e+00 -5.044565e-02 -5.836366e-01 9.154048e-02 4.704074e-01 3.858455e-01 -1.039935e-02 -1.826181e-01 -2.425243e-01 3.341583e-01 2.901405e-02 8.959768e-02 5.214043e-03 1.406325e-01 -6.259967e-02 -1.924392e-01 -8.339346e-02 -1.765577e-02 2.581188e-02 9.260226e-02 1.135935e-01 -6.382925e-04 -1.726111e-02
<VARIANCE> 39
 7.942671e+00 2.035027e+01 1.879321e+01 3.165776e+01 4.185577e+01 2.220969e+01 2.471265e+01 2.264844e+01 3.069573e+01 2.349657e+01 2.466006e+01 2.550930e+01 3.277129e+00 3.464383e-01 7.510053e-01 6.564191e-01 1.285482e+00 1.207116e+00 1.362647e+00 1.444358e+00 9.977971e-01 1.350154e+00 1.119108e+00 1.070944e+00 9.610813e-01 1.025491e-01 4.200558e-02 8.029280e-02 7.528021e-02 1.952366e-01 1.374840e-01 1.691795e-01 1.485670e-01 1.685653e-01 2.269123e-01 1.638297e-01 1.703757e-01 1.470793e-01 1.302989e-02
<GCONST> 7.935700e+01
<STATE> 3
<MEAN> 39
 -8.394470e+00 5.771802e+00 -5.519194e+00 -1.924308e+01 -2.893326e+00 -1.374274e+01 -1.638763e+00 -5.947412e+00 7.446961e-01 -4.029351e+00 7.569927e-01 -5.693688e+00 1.854693e+01 1.001941e-01 5.036167e-01 2.027540e-01 8.254847e-01 -1.156942e-02 -9.374601e-01 -6.096101e-01 -8.101990e-01 -3.584271e-01 3.271731e-01 4.646980e-01 2.250039e-01 -7.167726e-02 4.940028e-02 -2.805813e-01 2.301319e-02 1.895987e-01 8.654077e-02 2.712345e-01 2.058351e-02 -1.588245e-01 -1.939965e-01 -1.393408e-01 -7.102965e-02 3.690939e-02 -6.157581e-02
<VARIANCE> 39
 1.001503e+01 1.133205e+01 2.487327e+01 2.641796e+01 2.100929e+01 2.371275e+01 5.644412e+01 2.709880e+01 2.949872e+01 2.181905e+01 3.273093e+01 2.502944e+01 1.477200e+00 1.826848e-01 5.045951e-01 2.620916e-01 6.263863e-01 8.219665e-01 1.014410e+00 7.514363e-01 8.255336e-01 1.768219e+00 1.022410e+00 1.190374e+00 8.480961e-01 2.537745e-02 2.770343e-02 7.067197e-02 4.948696e-02 9.902306e-02 8.105437e-02 1.527747e-01 1.404292e-01 1.337658e-01 1.674795e-01 1.386310e-01 1.858673e-01 1.361234e-01 3.380033e-03
<GCONST> 6.903370e+01
<STATE> 4
<MEAN> 39
 -6.984285e+00 1.127424e+00 -4.081423e+00 -1.221614e+01 -1.205386e+00 -1.173293e+01 -4.083825e+00 -1.160497e+01 -4.449624e+00 -5.780791e+00 8.147751e-01 -4.551664e+00 1.652464e+01 2.185581e-01 -1.854391e+00 6.502091e-04 8.879856e-01 2.211969e-01 1.602290e+00 3.188907e-01 -3.147729e-02 -3.292788e-01 -3.992815e-01 -1.453393e-01 9.680186e-02 -4.691799e-01 -7.001542e-02 -1.013486e-01 -9.851442e-02 -1.302986e-01 -4.587932e-02 1.612349e-01 1.929331e-01 2.728990e-01 2.061752e-01 6.422299e-02 2.204333e-02 -3.139287e-02 -6.720334e-03
<VARIANCE> 39
 6.055406e+00 3.354147e+01 1.485221e+01 1.934434e+01 1.615636e+01 3.814562e+01 3.284108e+01 2.463389e+01 3.948251e+01 2.741690e+01 2.595896e+01 2.419382e+01 2.806454e+00 3.506892e-01 7.456281e-01 6.176115e-01 1.035453e+00 6.513376e-01 1.246694e+00 1.757785e+00 1.481114e+00 2.021172e+00 1.219055e+00 1.376278e+00 1.140628e+00 3.566788e-02 4.192580e-02 2.584875e-01 6.970736e-02 1.185412e-01 9.773008e-02 3.261731e-01 1.808421e-01 1.961394e-01 2.998341e-01 1.796909e-01 1.979146e-01 1.934912e-01 1.053394e-02
<GCONST> 8.036967e+01
<TRANSP> 5
 0.000000e+00 1.000000e+00 0.000000e+00 0.000000e+00 0.000000e+00
 0.000000e+00 8.671327e-01 1.328674e-01 0.000000e+00 0.000000e+00
 0.000000e+00 0.000000e+00 8.555790e-01 1.444210e-01 0.000000e+00
 0.000000e+00 0.000000e+00 0.000000e+00 8.207124e-01 1.792876e-01
 0.000000e+00 0.000000e+00 0.000000e+00 0.000000e+00 0.000000e+00
<ENDHMM>
~h "oh"
<BEGINHMM>
<NUMSTATES> 5
<STATE> 2
<MEAN> 39
 -4.360927e+00 -1.037645e+01 -8.315480e+00 -8.582250e+00 -2.638456e+00 -7.657390e+00 3.583937e+00 -7.387762e+00 -5.244617e+00 -7.111697e+00 -2.443909e+00 -5.427718e+00 1.782160e+01 5.457988e-01 -2.055782e-01 -6.071023e-01 1.669082e-01 9.240212e-02 -6.956500e-01 1.439234e-01 7.355204e-01 -1.566012e-02 -4.300046e-01 -4.103798e-01 -1.510759e-01 3.513740e-01 9.917106e-03 1.038803e-01 2.274252e-03 -5.245849e-02 3.843982e-02 -1.037559e-02 -1.521551e-01 8.133444e-03 1.329853e-01 2.598049e-02 -9.742962e-03 -2.758134e-02 -2.166306e-02
<VARIANCE> 39
 8.673347e+00 1.233017e+01 1.668460e+01 1.819552e+01 2.297487e+01 2.454785e+01 3.070090e+01 6.480463e+01 3.833411e+01 3.403548e+01 2.704266e+01 3.146489e+01 2.998059e+00 2.968111e-01 5.784456e-01 6.301818e-01 6.398751e-01 6.845229e-01 9.312081e-01 1.330398e+00 1.788210e+00 1.556703e+00 1.260857e+00 1.250683e+00 1.051828e+00 9.580241e-02 3.982777e-02 6.281771e-02 7.489295e-02 7.970900e-02 9.163015e-02 1.299576e-01 1.557426e-01 2.153303e-01 1.870926e-01 1.964816e-01 1.842379e-01 1.402511e-01 1.331752e-02
<GCONST> 7.714774e+01
<STATE> 3
<MEAN> 39
 -5.709711e-01 -8.245179e+00 -1.317709e+01 -9.927944e+00 -7.006808e-01 -1.204488e+01 -8.022401e-01 -7.816610e-01 1.287829e-01 -8.232551e+00 -5.127984e+00 -6.598911e+00 1.903694e+01 2.231913e-01 4.045735e-01 -2.834420e-02 -3.471193e-01 -3.603432e-02 -4.216663e-03 -6.740922e-01 -2.446122e-01 6.657402e-01 6.032227e-01 -3.278833e-02 -3.512969e-01 -9.615096e-03 -4.124667e-02 2.440395e-02 1.011327e-01 -2.061717e-02 -5.721675e-02 9.290847e-02 1.148683e-02 -1.582070e-01 -8.109398e-02 9.176771e-02 1.210934e-01 1.123065e-02 -2.521705e-02
<VARIANCE> 39
 6.095738e+00 8.381211e+00 1.532959e+01 1.468904e+01 1.920263e+01 2.241393e+01 4.166140e+01 3.073497e+01 3.924300e+01 3.570698e+01 3.180223e+01 4.015140e+01 1.216754e+00 8.017258e-02 1.367614e-01 2.628202e-01 2.767515e-01 3.853113e-01 5.148655e-01 7.295155e-01 1.010341e+00 7.302185e-01 8.548724e-01 7.856145e-01 6.994855e-01 1.317031e-02 1.110881e-02 1.421587e-02 3.351701e-02 3.312481e-02 4.699875e-02 6.866297e-02 7.738791e-02 9.577812e-02 1.050010e-01 1.013291e-01 9.151492e-02 8.859779e-02 1.198562e-03
<GCONST> 5.210241e+01
<STATE> 4
<MEAN> 39
 1.785516e-01 -3.748571e+00 -9.931092e+00 -1.348463e+01 -3.320668e+00 -1.008049e+01 -4.949424e+00 -7.354104e+00 1.045228e+00 -2.363810e+00 -1.862913e-01 -7.007220e+00 1.844907e+01 -3.486532e-01 2.884024e-01 8.522702e-01 1.504207e-01 -2.189926e-01 3.724398e-01 2.096471e-01 -5.764074e-01 -5.865375e-01 -1.034024e-01 5.094177e-01 4.128709e-01 -2.309057e-01 -1.311237e-01 -1.055899e-01 5.184824e-02 1.419233e-01 1.060865e-01 8.459246e-02 1.855441e-01 8.504407e-02 -1.053077e-01 -1.823402e-01 -7.793230e-02 8.005927e-02 -4.430559e-02
<VARIANCE> 39
 6.296672e+00 7.045575e+00 1.859890e+01 1.557366e+01 1.892182e+01 2.848231e+01 3.126130e+01 2.745732e+01 3.058603e+01 3.710738e+01 3.966155e+01 3.647574e+01 1.764315e+00 2.388199e-01 3.547433e-01 4.247435e-01 5.884629e-01 6.862294e-01 8.703573e-01 1.175866e+00 1.224901e+00 1.194557e+00 1.307946e+00 1.201058e+00 1.026517e+00 3.052085e-02 2.295933e-02 3.296728e-02 6.558502e-02 6.527244e-02 9.790803e-02 1.570248e-01 1.653572e-01 1.871778e-01 2.026951e-01 1.905100e-01 1.711907e-01 1.630559e-01 2.734685e-03
<GCONST> 6.919810e+01
<TRANSP> 5
 0.000000e+00 1.000000e+00 0.000000e+00 0.000000e+00 0.000000e+00
 0.000000e+00 8.830792e-01 1.169208e-01 0.000000e+00 0.000000e+00
 0.000000e+00 0.000000e+00 8.921182e-01 1.078818e-01 0.000000e+00
 0.000000e+00 0.000000e+00 0.000000e+00 8.563516e-01 1.436484e-01
 0.000000e+00 0.000000e+00 0.000000e+00 0.000000e+00 0.000000e+00
<ENDHMM>
~h "sp"
<BEGINHMM>
<NUMSTATES> 5
<STATE> 2
~s "silst"
<STATE> 3
<MEAN> 39
 -7.707620e+00 -6.466142e+00 -6.097973e+00 -9.708136e+00 -1.336561e+00 -4.073950e+00 -6.425313e-01 -8.569352e+00 -2.840283e+00 -5.609714e+00 9.585301e-01 -4.087708e+00 1.480038e+01 -9.927683e-02 -1.673100e-02 -1.123491e-01 -4.351595e-03 -2.987868e-02 2.988927e-02 -7.133555e-03 3.456885e-02 2.616253e-03 2.025166e-02 3.492739e-02 3.994765e-02 -1.327367e-02 6.161337e-02 8.214112e-02 6.150815e-02 -1.165999e-02 -9.673623e-03 -5.696141e-02 -4.084422e-02 -1.852583e-02 -9.032643e-03 -1.636267e-02 -3.396084e-02 -3.262848e-02 4.432956e-02
<VARIANCE> 39
 5.218454e+00 5.830645e+00 8.411077e+00 1.002476e+01 1.422403e+01 1.534348e+01 1.549720e+01 1.659199e+01 1.761446e+01 1.638606e+01 1.595477e+01 1.373950e+01 1.089634e+00 1.566072e-01 2.344861e-01 3.580268e-01 4.291681e-01 5.682490e-01 6.774123e-01 6.523592e-01 7.201898e-01 7.409934e-01 6.604909e-01 6.523888e-01 5.700475e-01 7.423915e-03 3.313816e-02 5.312565e-02 7.104598e-02 9.047523e-02 1.141771e-01 1.430928e-01 1.321789e-01 1.439748e-01 1.466529e-01 1.252154e-01 1.245310e-01 1.146946e-01 4.115975e-03
<GCONST> 5.490494e+01
<STATE> 4
<MEAN> 39
 -8.567834e+00 -4.949822e+00 -6.294660e+00 -8.981361e+00 -2.041062e+00 -3.788594e+00 -1.052468e+00 -8.398839e+00 -2.902598e+00 -5.487158e+00 6.398398e-01 -4.036389e+00 1.505374e+01 3.023295e-01 1.766467e-01 1.146570e-01 -1.570567e-01 -2.088021e-01 -3.292131e-01 -6.722746e-02 7.124251e-02 -2.877883e-02 -5.016718e-02 -2.095857e-01 -8.806508e-02 2.292862e-01 2.181872e-01 4.219471e-03 6.165437e-02 -1.530658e-01 -1.377705e-01 -2.148425e-01 -1.131123e-04 1.913468e-02 8.620727e-03 -5.716081e-04 -1.042258e-01 -8.571828e-02 1.132278e-01
<VARIANCE> 39
 1.183920e+01 1.149348e+01 1.730004e+01 1.573380e+01 1.916235e+01 1.870329e+01 1.793532e+01 2.018653e+01 2.122891e+01 1.982982e+01 1.866422e+01 1.695200e+01 1.493730e+00 5.961223e-01 5.360322e-01 7.586548e-01 8.082570e-01 9.796014e-01 1.024182e+00 8.635219e-01 1.192399e+00 1.049180e+00 9.480205e-01 9.447806e-01 7.729082e-01 5.523263e-02 7.050964e-02 1.100964e-01 1.692497e-01 1.503604e-01 2.008966e-01 1.929847e-01 1.709518e-01 2.261838e-01 2.057309e-01 1.808502e-01 1.799420e-01 1.563380e-01 9.406738e-03
<GCONST> 7.479693e+01
<TRANSP> 5
 0.000000e+00 8.230438e-01 1.769561e-01 0.000000e+00 0.000000e+00
 0.000000e+00 7.937871e-01 2.062129e-01 0.000000e+00 0.000000e+00
 0.000000e+00 0.000000e+00 8.506625e-01 1.493375e-01 0.000000e+00
 0.000000e+00 0.000000e+00 0.000000e+00 5.844621e-01 4.155379e-01
 0.000000e+00 0.000000e+00 0.000000e+00 0.000000e+00 0.000000e+00
<ENDHMM>
~h "seven"
<BEGINHMM>
<NUMSTATES> 5
<STATE> 2
<MEAN> 39
 -6.415690e+00 -4.115700e+00 -5.124322e+00 -1.139803e+01 -5.530059e+00 -6.514251e+00 5.838845e-01 -8.038066e+00 -2.233922e+00 -3.724457e+00 -1.471581e+00 -4.795122e+00 1.631625e+01 7.965233e-01 -2.816869e-02 5.694582e-01 -1.461662e+00 -1.189661e+00 -7.054951e-01 1.131557e+00 2.404074e-02 2.486245e-01 -9.490732e-02 -8.932067e-01 -7.761627e-01 7.338377e-01 -1.083152e-01 -1.576863e-01 -1.691802e-01 -9.236624e-02 1.525124e-02 2.450280e-01 1.480091e-01 4.808237e-02 -7.389411e-02 -1.966847e-01 -8.315211e-02 -5.740808e-02 5.592291e-02
<VARIANCE> 39
 1.172849e+01 6.128440e+00 1.209106e+01 1.986225e+01 3.106871e+01 2.975487e+01 2.429593e+01 2.199647e+01 2.039798e+01 3.693208e+01 2.173915e+01 2.108117e+01 3.613216e+00 4.809237e-01 4.971975e-01 6.923360e-01 9.432733e-01 1.344676e+00 1.687118e+00 1.439504e+00 1.312357e+00 1.439276e+00 2.299042e+00 1.142197e+00 1.389848e+00 5.570815e-02 9.628117e-02 5.576764e-02 1.044710e-01 1.652681e-01 2.867939e-01 2.382054e-01 1.665127e-01 1.441915e-01 1.527253e-01 2.084077e-01 1.481091e-01 1.983559e-01 2.383433e-02
<GCONST> 8.053951e+01
<STATE> 3
<MEAN> 39
 -6.010819e+00 -7.958336e+00 -5.626753e+00 -1.621975e+01 -5.524095e+00 -3.541486e+00 5.160100e+00 -8.848204e+00 -2.795218e+00 -7.680307e+00 -4.137310e+00 -6.480566e+00 1.910334e+01 8.686266e-02 -2.892139e-01 5.722264e-02 3.418962e-01 1.813504e-01 -6.846916e-03 3.341720e-02 2.489310e-01 -3.730095e-01 -2.035520e-03 1.205742e-01 4.500704e-02 -2.510799e-04 2.575740e-02 1.435767e-01 8.960178e-02 3.134094e-01 9.567419e-02 -1.610780e-01 -2.986840e-01 5.948285e-02 8.160049e-03 7.740761e-02 2.069573e-01 4.463519e-02 -1.338517e-01
<VARIANCE> 39
 9.138201e+00 1.044534e+01 8.308752e+00 1.782642e+01 4.804982e+01 3.386832e+01 3.205985e+01 3.936666e+01 5.078764e+01 5.432218e+01 3.483900e+01 3.355925e+01 1.184849e+00 3.695825e-01 5.739896e-01 4.297276e-01 9.963564e-01 1.287091e+00 1.593672e+00 1.404462e+00 1.014077e+00 1.216465e+00 1.715227e+00 1.660341e+00 1.067562e+00 1.274327e-01 6.742022e-02 7.303836e-02 6.454708e-02 1.164761e-01 2.591473e-01 2.103607e-01 1.793485e-01 1.653378e-01 2.129814e-01 2.264817e-01 2.465179e-01 1.931734e-01 5.664633e-03
<GCONST> 8.096519e+01
<STATE> 4
<MEAN> 39
 -3.257813e+00 -4.145651e+00 -2.031172e+00 -9.791008e+00 -3.984206e+00 -7.924829e+00 -4.658365e-01 -7.886007e+00 -3.876139e+00 -6.626940e+00 -1.634084e+00 -6.957352e+00 1.713622e+01 1.041813e-01 3.695242e-01 2.321656e-01 2.368464e-01 3.792399e-01 -3.278634e-02 -4.291521e-01 -3.498956e-01 3.309277e-02 -6.890818e-02 8.118344e-02 -1.513619e-02 -8.911007e-02 -4.047554e-02 -5.821692e-02 -5.476211e-02 -7.414308e-02 2.877227e-03 1.105497e-01 9.055571e-02 -4.416501e-02 -1.651717e-03 -1.297449e-03 -4.326591e-02 3.211306e-02 1.965411e-02
<VARIANCE> 39
 4.917688e+00 1.049373e+01 9.985598e+00 1.377239e+01 2.814844e+01 3.249387e+01 2.626109e+01 4.102831e+01 3.215187e+01 3.556347e+01 3.233673e+01 2.876136e+01 1.695594e+00 1.926963e-01 4.174845e-01 4.801511e-01 9.144411e-01 1.393933e+00 1.175627e+00 1.656219e+00 1.274234e+00 1.394575e+00 1.392655e+00 1.268051e+00 9.363984e-01 9.024577e-02 3.504059e-02 7.909774e-02 8.641584e-02 1.532140e-01 2.491160e-01 2.060509e-01 2.860855e-01 2.274255e-01 2.303614e-01 2.395138e-01 2.145367e-01 1.483842e-01 1.494561e-02
<GCONST> 7.861600e+01
<TRANSP> 5
 0.000000e+00 1.000000e+00 0.000000e+00 0.000000e+00 0.000000e+00
 0.000000e+00 7.559361e-01 2.440638e-01 0.000000e+00 0.000000e+00
 0.000000e+00 0.000000e+00 8.796538e-01 1.203462e-01 0.000000e+00
 0.000000e+00 0.000000e+00 0.000000e+00 9.306839e-01 6.931606e-02
 0.000000e+00 0.000000e+00 0.000000e+00 0.000000e+00 0.000000e+00
<ENDHMM>
~h "three"
<BEGINHMM>
<NUMSTATES> 5
<STATE> 2
<MEAN> 39
 -3.074281e+00 -6.942223e+00 -3.492416e-01 -8.983500e+00 -1.037262e+01 -1.089546e+01 -1.256777e+00 -8.768931e+00 -1.814378e+00 -5.105891e+00 -2.439172e-01 -5.331346e+00 1.738947e+01 4.839835e-01 -1.450618e-01 9.492444e-01 -2.611691e-01 -1.590555e+00 -1.095416e-01 -2.430234e-01 -2.372911e-01 4.034996e-01 1.015008e-01 -3.457264e-02 -2.411617e-01 3.706095e-01 -1.771833e-01 1.163760e-01 6.965210e-03 -2.926100e-01 2.112963e-01 3.087669e-01 -1.617971e-01 1.336660e-02 8.341591e-02 -1.679615e-02 4.725828e-02 8.832367e-03 -3.132999e-02
<VARIANCE> 39
 1.167524e+01 1.268777e+01 1.681795e+01 2.988042e+01 5.281138e+01 4.902162e+01 2.345410e+01 2.632759e+01 2.821416e+01 2.593098e+01 3.401088e+01 3.193684e+01 2.753993e+00 7.839884e-01 6.858720e-01 8.024879e-01 2.088138e+00 1.925166e+00 3.468679e+00 1.419059e+00 1.554291e+00 1.259613e+00 1.074519e+00 1.378050e+00 1.285424e+00 6.033282e-02 1.135299e-01 1.463466e-01 1.333265e-01 3.009641e-01 4.694896e-01 4.274426e-01 2.914991e-01 2.398713e-01 1.936880e-01 1.819454e-01 1.986025e-01 1.941404e-01 1.000049e-02
<GCONST> 8.964464e+01
<STATE> 3
<MEAN> 39
 -5.056583e+00 -3.618076e+00 5.581081e+00 -1.899721e+01 -1.238057e+01 -4.195159e+00 -8.687461e+00 -8.717789e+00 1.899767e+00 -5.782970e+00 1.096027e+00 -5.945905e+00 1.865035e+01 -8.434156e-01 1.788729e+00 -2.661967e-01 -1.713191e+00 2.357634e+00 -1.328179e-01 -1.457241e+00 9.115990e-01 -4.189053e-01 -2.281574e-01 1.224482e-01 2.165928e-02 -2.188701e-02 4.321383e-02 1.232411e-01 -4.623166e-01 5.146329e-01 3.937237e-01 -6.707649e-01 4.278586e-01 5.746800e-02 -3.708464e-01 7.526787e-02 -5.793318e-02 3.769284e-02 -5.416158e-02
<VARIANCE> 39
 7.790553e+00 2.370288e+01 1.158980e+01 3.192714e+01 6.009467e+01 2.842422e+01 4.200955e+01 6.396637e+01 2.610007e+01 2.802628e+01 3.818610e+01 2.960520e+01 1.290310e+00 2.537577e-01 6.102425e-01 1.025281e+00 1.782985e+00 1.386823e+00 3.635195e+00 2.033321e+00 1.372845e+00 1.407496e+00 1.081246e+00 7.249744e-01 7.948921e-01 2.048438e-02 5.201418e-02 1.575274e-01 9.273724e-02 2.441745e-01 5.010303e-01 2.351254e-01 3.910686e-01 3.776827e-01 1.659528e-01 1.492065e-01 1.327621e-01 1.101438e-01 2.225205e-03
<GCONST> 8.271690e+01
<STATE> 4
<MEAN> 39
 -6.746815e+00 4.093503e+00 -1.721655e+00 -1.635560e+01 -1.328065e+00 -1.256867e+01 -5.462450e+00 -8.149721e+00 -3.433005e+00 -4.968493e+00 -2.619937e-01 -6.250236e+00 1.786986e+01 1.468766e-01 -8.960187e-02 -5.631444e-01 9.711595e-01 4.179890e-01 -1.270716e-01 7.106728e-01 -3.730578e-01 -3.086933e-01 -2.183935e-02 -1.989193e-01 2.313506e-03 -1.796388e-01 6.455223e-02 -3.143977e-01 9.449913e-02 8.266698e-02 -2.303348e-01 3.110497e-01 3.704793e-02 -3.357105e-02 1.386379e-01 -3.343677e-02 2.239065e-02 1.256025e-02 -2.592124e-02
<VARIANCE> 39
 7.448169e+00 1.524204e+01 1.624384e+01 3.040068e+01 2.260889e+01 2.547826e+01 4.760060e+01 4.507006e+01 3.213588e+01 4.072972e+01 4.082842e+01 3.688435e+01 1.619578e+00 2.183836e-01 1.350387e+00 6.424161e-01 8.470957e-01 1.206324e+00 2.045626e+00 1.288653e+00 1.478597e+00 1.223825e+00 1.179729e+00 8.507512e-01 8.676286e-01 2.467288e-02 3.732619e-02 9.136011e-02 7.184696e-02 1.616886e-01 1.832273e-01 1.715291e-01 2.115361e-01 2.211606e-01 1.728011e-01 1.652728e-01 1.335503e-01 1.304025e-01 2.676648e-03
<GCONST> 7.750697e+01
<TRANSP> 5
 0.000000e+00 1.000000e+00 0.000000e+00 0.000000e+00 0.000000e+00
 0.000000e+00 8.776979e-01 1.223022e-01 0.000000e+00 0.000000e+00
 0.000000e+00 0.000000e+00 7.878724e-01 2.121276e-01 0.000000e+00
 0.000000e+00 0.000000e+00 0.000000e+00 8.905870e-01 1.094131e-01
 0.000000e+00 0.000000e+00 0.000000e+00 0.000000e+00 0.000000e+00
<ENDHMM>
~h "one"
<BEGINHMM>
<NUMSTATES> 5
<STATE> 2
<MEAN> 39
 -5.658820e-01 -3.775817e+00 -9.276024e+00 -1.281789e+01 -1.657327e+00 -5.564119e+00 -2.021027e+00 -8.864901e+00 -2.706399e+00 -6.731582e+00 -1.546393e+00 -7.289839e+00 1.774662e+01 2.778510e-01 -4.053448e-01 -8.725401e-01 4.571283e-01 4.874341e-01 3.968510e-02 -2.917297e-01 2.271250e-01 2.035476e-01 -3.066655e-01 -3.899999e-01 -2.720299e-01 2.374922e-01 -1.190750e-01 -1.463645e-01 5.399732e-02 2.648495e-01 7.893367e-03 -1.161224e-01 -1.495618e-02 9.386580e-02 -1.090600e-02 -9.034085e-02 1.104458e-02 8.298547e-02 -2.104053e-02
<VARIANCE> 39
 7.563636e+00 9.248345e+00 2.887374e+01 2.285646e+01 2.889561e+01 2.533324e+01 2.281681e+01 2.065198e+01 2.828312e+01 2.394566e+01 2.968011e+01 2.876710e+01 2.268422e+00 4.573645e-01 7.996385e-01 8.720710e-01 2.245307e+00 1.372642e+00 1.442613e+00 1.267941e+00 1.065924e+00 1.134059e+00 1.021775e+00 1.095204e+00 1.044965e+00 4.811460e-02 4.478336e-02 6.130077e-02 1.908610e-01 2.174778e-01 2.627535e-01 2.524492e-01 2.367412e-01 1.810237e-01 2.006602e-01 1.693308e-01 1.889061e-01 1.838775e-01 5.001677e-03
<GCONST> 8.017097e+01
<STATE> 3
<MEAN> 39
 -2.365786e+00 -1.071515e+01 -1.090185e+01 -1.689131e+00 -4.440271e-01 -9.494481e+00 -2.447042e+00 -4.207424e+00 -3.535955e+00 -1.172771e+01 -2.378322e+00 -6.056096e+00 1.853594e+01 -6.083254e-01 -3.738189e-01 1.339245e+00 5.725873e-01 -1.353402e+00 -3.280389e-01 1.195619e+00 -8.909615e-02 -9.245064e-01 -9.231936e-02 5.861658e-01 1.197541e-01 -4.917022e-02 2.359303e-02 3.139455e-01 2.517657e-01 -5.823185e-01 -1.342475e-01 3.765833e-01 9.198763e-02 -4.376501e-01 -1.841032e-04 3.804748e-01 4.405462e-02 -1.767899e-01 -2.978552e-02
<VARIANCE> 39
 6.139112e+00 9.608304e+00 1.865693e+01 2.375523e+01 2.701238e+01 1.740479e+01 3.766994e+01 3.139152e+01 4.646109e+01 3.755385e+01 3.383789e+01 3.321791e+01 1.544244e+00 1.544821e-01 5.160022e-01 6.043777e-01 1.832223e+00 7.393386e-01 1.712008e+00 1.007568e+00 2.247602e+00 1.165855e+00 1.864553e+00 1.028617e+00 1.293528e+00 8.478347e-03 2.364938e-02 5.254921e-02 1.008258e-01 1.224766e-01 2.853327e-01 1.528474e-01 3.760135e-01 1.782098e-01 3.358965e-01 2.003759e-01 2.674336e-01 1.680992e-01 8.554361e-04
<GCONST> 7.513366e+01
<STATE> 4
<MEAN> 39
 -4.105386e+00 -5.414992e+00 -1.636433e+00 -8.752579e+00 -4.064993e+00 -5.855705e+00 -1.672038e+00 -1.194604e+01 -4.645689e+00 -8.684988e+00 -2.577302e+00 -8.293508e+00 1.778413e+01 1.509981e-01 9.694529e-01 6.239629e-01 -7.276480e-01 4.267837e-01 -6.547602e-02 -6.298071e-01 -4.443387e-01 8.179572e-02 2.297117e-01 -1.766057e-01 5.028106e-02 -1.278780e-01 4.421867e-02 -6.870840e-02 -2.142958e-01 1.672437e-01 1.609730e-01 -6.844246e-02 -6.792775e-02 1.652328e-01 1.349114e-02 -1.166057e-01 1.017815e-02 7.498523e-02 -5.521023e-03
<VARIANCE> 39
 6.947138e+00 2.328733e+01 1.104366e+01 2.142827e+01 1.961029e+01 4.664791e+01 3.616126e+01 3.531781e+01 4.120683e+01 4.573469e+01 3.327637e+01 3.777592e+01 1.325341e+00 2.764399e-01 6.149166e-01 8.081698e-01 1.205945e+00 9.140355e-01 1.966791e+00 1.137453e+00 1.444016e+00 1.607485e+00 1.540515e+00 9.442922e-01 9.591309e-01 1.267411e-02 4.883305e-02 1.199535e-01 8.185514e-02 1.338969e-01 2.006711e-01 3.081969e-01 2.740810e-01 1.857871e-01 2.301611e-01 2.256927e-01 1.685933e-01 1.675474e-01 1.604490e-03
<GCONST> 7.851192e+01
<TRANSP> 5
 0.000000e+00 1.000000e+00 0.000000e+00 0.000000e+00 0.000000e+00
 0.000000e+00 8.982691e-01 1.017309e-01 0.000000e+00 0.000000e+00
 0.000000e+00 0.000000e+00 8.248973e-01 1.751027e-01 0.000000e+00
 0.000000e+00 0.000000e+00 0.000000e+00 8.843508e-01 1.156492e-01
 0.000000e+00 0.000000e+00 0.000000e+00 0.000000e+00 0.000000e+00
<ENDHMM>
~h "sil"
<BEGINHMM>
<NUMSTATES> 5
<STATE> 2
<MEAN> 39
 -6.782018e+00 -6.747765e+00 -5.112058e+00 -9.111780e+00 -1.441543e-02 -3.382900e+00 1.744836e-01 -8.539393e+00 -2.615235e+00 -5.765930e+00 5.601274e-01 -4.303613e+00 1.461621e+01 -3.777440e-02 -2.381381e-03 -3.029823e-03 3.313692e-02 4.111157e-02 2.650174e-02 4.843122e-02 3.971936e-03 -1.796209e-02 5.889962e-03 1.568235e-02 1.240161e-02 -1.229065e-02 -2.593042e-02 -3.353833e-02 -7.336946e-02 -1.086412e-01 -1.193097e-01 -1.167826e-01 -6.145163e-02 -8.351034e-03 -2.198577e-02 1.051843e-02 3.725467e-02 2.996141e-02 1.898012e-03
<VARIANCE> 39
 3.611577e+00 4.343129e+00 5.993860e+00 7.598487e+00 1.194288e+01 1.365022e+01 1.466318e+01 1.632517e+01 1.575356e+01 1.373807e+01 1.578986e+01 1.311224e+01 1.166083e+00 7.814827e-02 1.586650e-01 2.706091e-01 3.724604e-01 4.934173e-01 6.559135e-01 6.800869e-01 7.127437e-01 6.936780e-01 5.750733e-01 6.354244e-01 5.630811e-01 5.001921e-03 1.091923e-02 2.402094e-02 4.036500e-02 5.008416e-02 7.048626e-02 1.014716e-01 1.067993e-01 1.303494e-01 1.117603e-01 9.223772e-02 1.051594e-01 9.906295e-02 6.340240e-04
<GCONST> 4.373548e+01
<STATE> 3
~s "silst"
<STATE> 4
<MEAN> 39
 -7.602889e+00 -7.340942e+00 -6.612979e+00 -1.117289e+01 -2.176343e+00 -5.396205e+00 -9.999306e-01 -8.639633e+00 -2.700077e+00 -5.399555e+00 1.454551e+00 -3.843649e+00 1.448356e+01 -3.210788e-03 7.285547e-03 -2.736335e-02 -2.861716e-02 -5.367450e-02 -2.050444e-02 -6.049825e-02 -7.386056e-03 -3.207756e-03 -6.307143e-03 -2.029924e-02 -1.936229e-02 -2.449838e-05 3.860701e-02 5.827229e-02 9.558830e-02 1.262147e-01 1.324457e-01 1.261167e-01 6.178973e-02 1.531354e-02 2.599281e-02 -1.742132e-02 -5.630567e-02 -4.030750e-02 8.733467e-03
<VARIANCE> 39
 3.528167e+00 4.158891e+00 6.414132e+00 7.844816e+00 1.126512e+01 1.258669e+01 1.498021e+01 1.595476e+01 1.769455e+01 1.533087e+01 1.513258e+01 1.340673e+01 9.978134e-01 7.739878e-02 1.686113e-01 2.882764e-01 4.167643e-01 5.055366e-01 6.763403e-01 5.957991e-01 7.429752e-01 7.102988e-01 6.075321e-01 7.004927e-01 6.127081e-01 3.264547e-03 1.436769e-02 2.894257e-02 4.218325e-02 5.712640e-02 7.316958e-02 1.086762e-01 1.040825e-01 1.282502e-01 1.331893e-01 1.059947e-01 1.175628e-01 1.099855e-01 1.104981e-03
<GCONST> 4.548832e+01
<TRANSP> 5
 0.000000e+00 1.000000e+00 0.000000e+00 0.000000e+00 0.000000e+00
 0.000000e+00 7.695751e-01 2.420646e-02 2.062184e-01 0.000000e+00
 0.000000e+00 0.000000e+00 8.272173e-01 1.727827e-01 0.000000e+00
 0.000000e+00 1.875721e-01 0.000000e+00 7.426022e-01 6.982565e-02
 0.000000e+00 0.000000e+00 0.000000e+00 0.000000e+00 0.000000e+00
<ENDHMM>
~h "six"
<BEGINHMM>
<NUMSTATES> 5
<STATE> 2
<MEAN> 39
 -8.677224e+00 -4.255445e+00 -6.979275e+00 -8.738381e+00 -3.101017e+00 -4.244066e+00 -1.959369e+00 -8.232531e+00 -3.551692e+00 -4.001574e+00 1.226381e-01 -3.143736e+00 1.495536e+01 6.802384e-01 6.806942e-01 1.203367e+00 -1.385140e+00 -1.160306e+00 -1.214239e+00 4.139848e-02 -1.330315e-01 4.227002e-01 3.495667e-01 -5.186244e-01 -4.751576e-01 6.312856e-01 6.602964e-02 1.147003e-01 2.256981e-01 -4.788894e-01 -2.786463e-01 -1.682542e-01 4.342579e-02 7.635266e-02 2.043995e-01 -8.197580e-05 -1.367795e-01 -2.384326e-01 1.447800e-01
<VARIANCE> 39
 7.488646e+00 7.802501e+00 1.269131e+01 1.147770e+01 1.903740e+01 2.004599e+01 1.519363e+01 1.805400e+01 2.004659e+01 2.969491e+01 1.917840e+01 1.709555e+01 1.871994e+00 3.584047e-01 4.708540e-01 8.831491e-01 1.147341e+00 1.075157e+00 1.324031e+00 1.005433e+00 8.108133e-01 1.419724e+00 2.240011e+00 1.076138e+00 1.324866e+00 7.652954e-02 6.201320e-02 5.630236e-02 1.153662e-01 9.802175e-02 2.033318e-01 2.092047e-01 1.477420e-01 1.768088e-01 1.849354e-01 2.379660e-01 1.708940e-01 1.682760e-01 8.887331e-03
<GCONST> 7.408063e+01
<STATE> 3
<MEAN> 39
 -6.471214e+00 -1.099776e+00 -8.567521e-01 -2.012281e+01 -7.860407e+00 -8.734956e+00 -2.436916e+00 -6.379847e+00 2.472718e-01 -3.795507e+00 -2.524752e+00 -7.322101e+00 1.832918e+01 2.400025e-02 -8.698801e-02 2.206870e-01 -2.813397e-01 3.758155e-01 2.134674e-01 -2.750943e-01 1.720183e-01 3.729551e-02 -1.963001e-01 1.704039e-01 7.432279e-03 -4.795098e-02 -5.671830e-02 -2.052699e-01 -2.669640e-01 4.877542e-01 2.882322e-01 2.211474e-01 6.798957e-02 -9.111643e-02 -1.467514e-01 -5.876625e-02 1.516275e-01 1.660240e-01 -1.670786e-01
<VARIANCE> 39
 7.692340e+00 9.748886e+00 1.663171e+01 2.304709e+01 5.851402e+01 3.110866e+01 3.719735e+01 2.460472e+01 3.463029e+01 5.833547e+01 3.543258e+01 3.743454e+01 1.432321e+00 3.495446e-01 6.524907e-01 1.075411e+00 3.229068e+00 2.396397e+00 1.760119e+00 1.734468e+00 1.341379e+00 1.887689e+00 2.010900e+00 1.867401e+00 1.896830e+00 2.936818e-01 6.820349e-02 6.607236e-02 1.609472e-01 2.258418e-01 3.062180e-01 3.193634e-01 3.836446e-01 2.241223e-01 2.868631e-01 3.401666e-01 2.636542e-01 2.553218e-01 1.166274e-02
<GCONST> 9.188171e+01
<STATE> 4
<MEAN> 39
 -6.563044e+00 -6.249178e+00 -4.681054e+00 -1.081192e+01 -1.002099e+00 -3.978067e+00 -1.435016e+00 -8.753242e+00 -2.164029e+00 -5.868340e+00 1.163718e+00 -4.220451e+00 1.475293e+01 -2.337197e-01 -9.108782e-01 -1.005248e+00 1.461750e+00 4.136221e-01 4.083621e-01 9.075457e-01 -4.570277e-01 -2.820685e-01 -4.061009e-02 2.005712e-01 2.987195e-01 -4.644660e-01 -1.053342e-01 1.690145e-01 2.072070e-01 -4.381419e-01 -3.787559e-01 -1.607688e-01 -8.526530e-02 1.721389e-01 1.161498e-01 1.035767e-01 -1.794854e-01 -1.430249e-01 1.499716e-01
<VARIANCE> 39
 3.291834e+00 5.442568e+00 9.444696e+00 1.106971e+01 1.463772e+01 1.564728e+01 1.950459e+01 1.858132e+01 1.687894e+01 1.706082e+01 1.861929e+01 1.491700e+01 1.491291e+00 2.674570e-01 4.868372e-01 8.966031e-01 1.309634e+00 2.110398e+00 1.651549e+00 1.602844e+00 1.249535e+00 1.214239e+00 1.204800e+00 1.177907e+00 1.023262e+00 7.936295e-02 3.887705e-02 6.516264e-02 1.378447e-01 1.468757e-01 2.331772e-01 1.805198e-01 2.655472e-01 1.924008e-01 1.854757e-01 1.735229e-01 1.976973e-01 1.825153e-01 5.795953e-03
<GCONST> 7.239820e+01
<TRANSP> 5
 0.000000e+00 1.000000e+00 0.000000e+00 0.000000e+00 0.000000e+00
 0.000000e+00 7.176526e-01 2.823474e-01 0.000000e+00 0.000000e+00
 0.000000e+00 0.000000e+00 8.891255e-01 1.108745e-01 0.000000e+00
 0.000000e+00 0.000000e+00 0.000000e+00 7.504581e-01 2.495419e-01
 0.000000e+00 0.000000e+00 0.000000e+00 0.000000e+00 0.000000e+00
<ENDHMM>
~h "two"
<BEGINHMM>
<NUMSTATES> 5
<STATE> 2
<MEAN> 39
 -1.096570e+01 -3.263656e+00 -6.733882e+00 -1.062100e+01 -9.847216e-01 -3.867360e+00 -1.964629e+00 -7.512726e+00 -2.327979e+00 -5.683772e+00 1.128867e+00 -3.370585e+00 1.506364e+01 5.014794e-01 6.193178e-01 1.010213e+00 -5.867574e-01 -2.647460e-01 -3.617553e-01 -4.640609e-01 -2.115904e-01 7.131762e-02 -5.577907e-02 -2.296388e-01 -3.603663e-01 3.236001e-01 2.972943e-01 6.290078e-02 2.884356e-01 -1.309664e-01 -2.099016e-01 -2.419308e-01 -1.180821e-01 -1.265655e-01 -2.625971e-02 2.957865e-03 -7.855688e-02 -1.697937e-01 9.340164e-02
<VARIANCE> 39
 8.833884e+00 8.093768e+00 1.269360e+01 1.232005e+01 1.844109e+01 2.274898e+01 1.920181e+01 2.115449e+01 2.140766e+01 2.397434e+01 2.471316e+01 1.984293e+01 9.019338e-01 1.371863e+00 5.610574e-01 1.279593e+00 8.299622e-01 1.350340e+00 1.288043e+00 9.882925e-01 1.191402e+00 1.170303e+00 1.292230e+00 1.872737e+00 1.104645e+00 7.279289e-02 1.262929e-01 1.095761e-01 1.342439e-01 1.305063e-01 2.281498e-01 1.982528e-01 1.758861e-01 2.236450e-01 2.271485e-01 2.030083e-01 3.595869e-01 1.594341e-01 7.866375e-03
<GCONST> 7.897651e+01
<STATE> 3
<MEAN> 39
 -4.602123e+00 1.269127e+00 1.860565e+00 -1.551977e+01 -6.949678e+00 -9.942041e+00 -6.700269e+00 -1.043925e+01 -2.408526e+00 -5.176564e+00 -1.124077e+00 -7.306620e+00 1.840644e+01 6.639854e-01 5.438228e-01 7.430753e-01 -5.415170e-01 -1.163036e+00 -1.106010e+00 -5.671484e-01 -2.814061e-01 -6.584724e-02 1.260480e-01 -2.157157e-01 -6.240665e-01 4.515331e-01 -2.501572e-01 -2.349553e-01 -4.262384e-01 2.989504e-01 2.727006e-01 2.323890e-01 2.358261e-01 1.460803e-01 -1.896122e-02 -9.779533e-03 1.532516e-01 1.828495e-01 -1.450651e-01
<VARIANCE> 39
 7.463366e+00 8.105935e+00 1.363371e+01 2.232956e+01 3.965220e+01 2.561609e+01 2.821867e+01 2.453397e+01 3.158052e+01 5.527698e+01 4.392904e+01 4.850944e+01 1.036985e+00 5.678312e-01 6.281019e-01 9.863299e-01 1.463926e+00 1.293227e+00 1.205894e+00 1.681257e+00 1.516028e+00 1.845175e+00 1.989630e+00 2.391153e+00 1.875053e+00 8.952811e-02 6.149641e-02 5.352808e-02 8.130682e-02 1.250257e-01 2.046103e-01 1.806034e-01 2.040999e-01 1.910298e-01 2.121535e-01 2.735364e-01 2.891802e-01 2.221931e-01 6.526232e-03
<GCONST> 8.376005e+01
<STATE> 4
<MEAN> 39
 -3.233337e+00 -5.683665e-02 -4.337003e-02 -1.366328e+01 -7.122834e+00 -1.157469e+01 -5.645888e+00 -9.635422e+00 -2.710380e+00 -5.307877e+00 -1.589978e-01 -7.598693e+00 1.823996e+01 1.669524e-01 -2.230781e-01 -2.385890e-01 5.385652e-01 3.368366e-01 8.577678e-02 9.856547e-02 -5.504015e-02 -1.927960e-01 -8.643764e-02 7.789551e-02 1.595911e-01 -1.200631e-01 -4.358265e-02 -3.796262e-02 -2.656633e-02 2.441100e-02 9.563409e-02 1.093944e-01 5.189953e-02 4.904702e-03 2.007047e-02 1.238212e-03 -5.761041e-03 4.459703e-02 -3.522691e-02
<VARIANCE> 39
 5.895233e+00 7.955533e+00 1.254041e+01 2.981317e+01 3.400550e+01 2.156580e+01 3.316376e+01 3.370855e+01 3.985019e+01 4.293981e+01 5.473373e+01 4.156372e+01 1.359448e+00 1.336461e-01 1.530674e-01 3.770119e-01 6.212493e-01 9.124683e-01 8.559365e-01 8.810886e-01 1.029028e+00 9.033738e-01 9.881839e-01 1.046201e+00 9.317713e-01 1.451799e-02 2.163346e-02 2.516231e-02 5.075676e-02 8.856127e-02 1.056570e-01 1.240923e-01 1.293138e-01 1.601236e-01 1.488198e-01 1.527146e-01 1.593176e-01 1.459203e-01 2.344038e-03
<GCONST> 6.575629e+01
<TRANSP> 5
 0.000000e+00 1.000000e+00 0.000000e+00 0.000000e+00 0.000000e+00
 0.000000e+00 8.209695e-01 1.790305e-01 0.000000e+00 0.000000e+00
 0.000000e+00 0.000000e+00 7.671335e-01 2.328665e-01 0.000000e+00
 0.000000e+00 0.000000e+00 0.000000e+00 9.013998e-01 9.860019e-02
 0.000000e+00 0.000000e+00 0.000000e+00 0.000000e+00 0.000000e+00
<ENDHMM>
~h "nine"
<BEGINHMM>
<NUMSTATES> 5
<STATE> 2
<MEAN> 39
 -4.468395e+00 -4.320373e+00 -2.080056e+00 -8.923559e+00 -3.036500e+00 -6.193315e+00 -1.515423e+00 -1.117581e+01 -5.007968e+00 -8.081136e+00 -2.949290e+00 -7.810820e+00 1.756940e+01 -1.374502e-01 -6.734067e-01 -2.217619e-01 4.958708e-01 -4.933728e-01 1.733530e-01 3.883426e-01 -1.974318e-01 -3.905797e-02 -1.524940e-01 -1.778945e-01 -1.450471e-01 2.491958e-01 -3.850171e-02 -1.263918e-01 -7.498067e-02 1.146789e-01 1.839249e-02 -6.549516e-03 3.851309e-02 3.150416e-02 9.857016e-03 6.495077e-03 8.015524e-02 3.488559e-02 -1.061995e-02
<VARIANCE> 39
 8.939606e+00 2.038647e+01 1.532691e+01 1.684190e+01 2.863293e+01 2.888601e+01 3.201622e+01 2.751009e+01 4.722090e+01 3.538816e+01 3.016314e+01 3.278563e+01 2.301416e+00 5.319772e-01 1.579156e+00 1.144997e+00 1.117818e+00 1.137609e+00 1.424660e+00 1.645908e+00 1.277857e+00 1.529113e+00 1.154601e+00 1.246125e+00 1.038442e+00 3.757396e-02 6.492034e-02 1.814524e-01 1.345932e-01 1.401593e-01 2.020075e-01 2.219494e-01 2.431041e-01 1.863292e-01 1.997842e-01 1.612008e-01 1.737846e-01 1.449508e-01 4.933977e-03
<GCONST> 8.289011e+01
<STATE> 3
<MEAN> 39
 -6.290627e+00 -1.167303e+01 -4.987173e+00 -2.493174e+00 -5.655578e+00 -5.431727e+00 1.785311e+00 -1.126515e+01 -5.678936e+00 -9.068489e+00 -1.604749e+00 -7.685228e+00 1.862178e+01 -1.082608e-01 6.586967e-02 2.330352e-01 -2.054307e-01 -4.687613e-02 2.054808e-01 -7.340243e-02 -1.009190e-01 1.717097e-01 6.969549e-02 -4.000500e-02 3.044106e-02 -1.980099e-02 -2.992330e-03 1.878738e-01 7.741332e-02 -2.486234e-01 3.303954e-02 8.098431e-02 -1.012155e-01 -1.932174e-03 8.307570e-02 -5.388351e-03 -7.942434e-02 2.507572e-02 -1.439817e-02
<VARIANCE> 39
 7.198005e+00 8.451612e+00 2.463062e+01 3.136994e+01 1.880496e+01 3.042552e+01 3.088284e+01 3.410252e+01 4.310292e+01 4.184252e+01 2.805862e+01 3.031939e+01 1.011847e+00 8.114870e-02 3.212835e-01 4.020981e-01 1.032005e+00 4.633837e-01 6.110058e-01 5.232124e-01 4.996288e-01 6.120967e-01 6.482409e-01 6.582922e-01 5.176075e-01 4.581252e-03 1.054603e-02 2.932028e-02 3.925609e-02 5.256610e-02 6.929012e-02 6.527200e-02 7.263484e-02 7.668032e-02 7.950313e-02 8.555040e-02 7.634189e-02 7.776383e-02 3.925199e-04
<GCONST> 5.266876e+01
<STATE> 4
<MEAN> 39
 -6.218842e+00 -3.173847e+00 -1.624705e+00 -1.203695e+01 -1.903153e+00 -4.490562e+00 -3.314307e+00 -1.019646e+01 -2.792675e+00 -8.219484e+00 -3.088280e+00 -6.512069e+00 1.789949e+01 3.932048e-01 8.493531e-01 1.535778e-01 -3.096588e-01 5.438057e-01 -4.755068e-01 -4.736553e-01 3.273819e-01 -1.991362e-01 5.489135e-02 9.751641e-02 5.330744e-02 -1.226747e-01 4.356643e-02 -1.235690e-01 -3.720265e-02 2.354849e-01 -1.480465e-02 -7.303267e-02 1.047442e-01 -3.501830e-02 -1.089098e-01 2.564333e-02 7.960787e-02 -2.932595e-02 -1.027139e-02
<VARIANCE> 39
 1.145274e+01 2.010605e+01 1.220042e+01 2.401881e+01 3.582196e+01 3.415142e+01 3.366085e+01 2.992081e+01 4.905972e+01 3.962207e+01 3.857104e+01 4.244621e+01 1.076162e+00 4.062210e-01 9.276547e-01 5.741420e-01 1.873477e+00 1.354222e+00 1.383244e+00 1.360930e+00 1.284923e+00 1.675363e+00 1.184633e+00 1.059435e+00 1.024045e+00 9.887419e-03 5.706771e-02 9.913932e-02 8.654445e-02 1.494500e-01 1.941849e-01 2.405515e-01 1.805428e-01 1.979271e-01 2.316383e-01 1.955552e-01 1.707206e-01 1.415385e-01 1.009092e-03
<GCONST> 7.866740e+01
<TRANSP> 5
 0.000000e+00 1.000000e+00 0.000000e+00 0.000000e+00 0.000000e+00
 0.000000e+00 8.954424e-01 1.045576e-01 0.000000e+00 0.000000e+00
 0.000000e+00 0.000000e+00 9.109170e-01 8.908296e-02 0.000000e+00
 0.000000e+00 0.000000e+00 0.000000e+00 8.981026e-01 1.018974e-01
 0.000000e+00 0.000000e+00 0.000000e+00 0.000000e+00 0.000000e+00
<ENDHMM>
~h "five"
<BEGINHMM>
<NUMSTATES> 5
<STATE> 2
<MEAN> 39
 -4.168028e+00 -1.135376e+01 -1.007728e+01 -8.257198e+00 4.914019e-01 -8.142946e+00 3.462582e-01 -4.663027e+00 -5.253632e+00 -7.952377e+00 -1.825835e+00 -4.908533e+00 1.798371e+01 3.603348e-01 -1.175910e+00 -7.163388e-01 7.839785e-01 5.150912e-01 -6.401259e-01 3.331995e-01 3.987062e-01 -7.487781e-01 -2.199838e-01 -2.992096e-01 -4.423692e-03 5.639521e-01 -1.918358e-01 2.594129e-02 1.761281e-01 9.138785e-02 -1.382994e-02 1.049166e-01 2.985409e-02 -2.047517e-01 2.630737e-02 1.389359e-01 1.601449e-01 5.000174e-02 -7.467869e-02
<VARIANCE> 39
 1.083155e+01 1.964940e+01 2.371555e+01 1.675701e+01 1.901312e+01 2.059638e+01 2.528448e+01 5.156834e+01 3.223233e+01 2.804694e+01 2.498551e+01 1.991746e+01 4.352877e+00 7.727704e-01 5.612130e-01 1.173311e+00 9.064662e-01 7.891059e-01 9.861063e-01 9.734990e-01 2.242454e+00 1.725847e+00 1.725370e+00 1.363983e+00 1.026949e+00 1.228215e-01 9.433886e-02 1.333391e-01 1.776705e-01 1.234530e-01 1.362672e-01 1.446905e-01 1.544241e-01 3.005422e-01 2.738219e-01 1.930207e-01 1.757787e-01 1.403680e-01 2.810969e-02
<GCONST> 8.433495e+01
<STATE> 3
<MEAN> 39
 -5.809649e+00 -1.545242e+01 -8.555694e+00 -3.643825e+00 1.425664e+00 -9.174938e+00 2.535098e+00 -7.497171e+00 -7.217709e+00 -5.454747e+00 -4.659737e-01 -4.503110e+00 1.904687e+01 -1.660853e-01 8.377903e-02 4.906729e-01 -2.576353e-01 -2.713659e-01 4.344035e-01 6.881481e-02 -3.989213e-01 2.714076e-02 3.039090e-01 6.105319e-02 -8.457538e-02 -4.853587e-02 4.021674e-02 1.144235e-01 1.141710e-02 -1.967103e-01 -5.493656e-02 9.327292e-02 -2.899303e-02 2.471161e-02 5.652314e-02 -4.901570e-02 -7.776955e-02 -1.874325e-02 -1.498051e-02
<VARIANCE> 39
 9.174000e+00 9.379901e+00 2.484369e+01 2.081466e+01 1.874996e+01 2.312006e+01 1.751615e+01 3.905418e+01 4.701143e+01 4.450005e+01 2.688937e+01 2.551961e+01 1.356905e+00 8.787391e-02 1.530622e-01 2.696545e-01 6.339436e-01 4.959517e-01 5.514401e-01 4.976481e-01 4.932612e-01 6.131546e-01 5.706502e-01 5.684728e-01 4.732523e-01 5.856673e-03 1.174232e-02 2.420751e-02 3.030556e-02 4.808995e-02 5.120178e-02 5.160467e-02 5.702834e-02 6.415742e-02 8.528182e-02 8.423363e-02 6.649932e-02 7.041539e-02 9.070651e-04
<GCONST> 4.963452e+01
<STATE> 4
<MEAN> 39
 -5.752343e+00 -9.408993e+00 -3.940780e+00 -1.391107e+01 -3.281907e+00 -2.813910e+00 1.869724e+00 -8.422133e+00 -4.204447e+00 -5.238523e+00 -2.265496e+00 -5.520620e+00 1.830181e+01 2.169338e-01 1.206647e+00 3.702888e-01 -6.415848e-01 -3.921617e-01 -1.029078e-01 -3.103482e-01 2.565920e-01 5.543084e-01 -2.122750e-01 -7.192308e-02 -8.895984e-02 -2.459753e-01 -1.748728e-02 -2.163997e-02 -5.275929e-02 3.437038e-01 1.403255e-01 -1.802106e-01 -6.274185e-02 -1.009492e-02 -4.294432e-02 1.673572e-02 1.215214e-01 3.987259e-02 -4.834192e-02
<VARIANCE> 39
 7.867269e+00 2.309164e+01 1.221301e+01 3.191134e+01 4.211855e+01 1.957912e+01 2.462995e+01 3.665943e+01 5.311651e+01 2.795982e+01 2.708167e+01 3.009024e+01 1.837892e+00 2.146253e-01 4.988858e-01 5.738069e-01 2.637320e+00 1.470947e+00 1.620952e+00 9.744381e-01 1.331332e+00 1.638419e+00 1.337554e+00 1.268747e+00 9.162667e-01 4.136996e-02 4.305370e-02 9.684804e-02 7.585990e-02 2.402513e-01 2.361621e-01 2.300993e-01 1.663362e-01 2.294213e-01 2.225629e-01 1.790936e-01 2.066254e-01 1.646759e-01 4.442794e-03
<GCONST> 8.035680e+01
<TRANSP> 5
 0.000000e+00 1.000000e+00 0.000000e+00 0.000000e+00 0.000000e+00
 0.000000e+00 8.477834e-01 1.522166e-01 0.000000e+00 0.000000e+00
 0.000000e+00 0.000000e+00 9.124593e-01 8.754066e-02 0.000000e+00
 0.000000e+00 0.000000e+00 0.000000e+00 8.642519e-01 1.357482e-01
 0.000000e+00 0.000000e+00 0.000000e+00 0.000000e+00 0.000000e+00
<ENDHMM>
~h "four"
<BEGINHMM>
<NUMSTATES> 5
<STATE> 2
<MEAN> 39
 -6.742461e+00 -6.543168e+00 -5.531696e+00 -9.760974e+00 -1.580078e+00 -5.561181e+00 -1.220078e+00 -8.401687e+00 -2.001715e+00 -5.576159e+00 9.686469e-01 -4.275094e+00 1.536307e+01 1.572838e+00 5.377001e-01 -9.064139e-01 -8.610677e-01 -3.068376e-01 -5.357098e-01 -6.958713e-01 -1.931258e-01 1.937260e-01 2.017030e-01 -3.450002e-01 -4.883864e-01 6.450087e-01 3.494302e-01 1.250675e-01 -3.369189e-01 -3.169121e-01 -5.809554e-02 -6.314675e-03 -7.995545e-02 -1.737688e-02 2.143393e-03 5.400434e-02 -7.887967e-02 -1.319886e-01 1.428476e-01
<VARIANCE> 39
 7.635486e+00 5.420259e+00 5.409435e+00 7.835108e+00 1.003826e+01 1.246131e+01 1.450457e+01 1.363320e+01 1.605711e+01 1.350073e+01 1.610844e+01 1.222448e+01 1.730768e+00 5.117961e-01 4.344209e-01 6.000612e-01 7.388565e-01 7.144131e-01 9.074585e-01 7.498296e-01 8.225372e-01 1.018632e+00 1.089096e+00 1.526280e+00 1.229870e+00 5.753521e-02 6.800430e-02 5.340965e-02 6.060298e-02 8.254394e-02 1.012856e-01 1.524551e-01 1.212056e-01 1.513310e-01 1.398394e-01 1.608225e-01 1.994570e-01 1.873101e-01 7.185396e-03
<GCONST> 6.401515e+01
<STATE> 3
<MEAN> 39
 1.596729e+00 -3.480427e+00 -1.216769e+01 -1.705021e+01 -4.000957e+00 -6.176775e+00 -3.167075e+00 -8.952990e+00 -1.398832e+00 -3.855742e+00 4.299062e-01 -6.776106e+00 1.891458e+01 3.034238e-01 -1.869382e-01 -3.245106e-01 -3.666383e-02 7.419636e-02 -1.798222e-02 -2.191119e-01 1.750481e-01 3.533666e-01 9.303464e-02 -2.296330e-01 -2.200637e-01 1.427278e-01 -1.735036e-01 -1.542180e-01 1.499609e-01 2.361864e-01 3.836656e-02 -3.657697e-02 3.797313e-02 1.109342e-01 4.732358e-02 -8.559245e-02 -5.583274e-02 5.674617e-02 -6.754906e-02
<VARIANCE> 39
 4.139139e+00 1.026647e+01 9.595473e+00 1.373027e+01 2.439713e+01 1.715003e+01 1.857413e+01 1.714653e+01 2.362608e+01 2.482142e+01 3.809809e+01 3.757257e+01 1.087049e+00 5.216292e-01 7.269015e-01 6.849880e-01 1.213260e+00 9.697065e-01 7.715944e-01 9.086041e-01 9.566447e-01 1.308968e+00 1.175093e+00 1.338046e+00 1.241687e+00 9.279837e-02 4.950019e-02 4.573606e-02 9.588283e-02 8.013637e-02 1.358041e-01 1.434465e-01 1.560709e-01 1.412097e-01 1.814939e-01 1.920519e-01 1.991526e-01 1.870128e-01 7.209125e-03
<GCONST> 7.251560e+01
<STATE> 4
<MEAN> 39
 -2.656378e-01 -1.130989e+01 -7.977674e+00 -8.561969e+00 -5.377289e+00 -8.944464e+00 -2.202016e+00 -4.233304e+00 6.462289e-01 -7.567025e+00 -3.910130e+00 -7.362502e+00 1.854911e+01 -5.527807e-01 -3.231524e-02 1.188389e+00 5.177086e-01 -5.918087e-01 2.934581e-02 6.829640e-01 -1.587283e-01 -6.804440e-01 -3.920578e-01 1.339646e-01 2.576862e-01 -2.039433e-01 -8.726577e-02 3.019504e-01 6.199760e-04 -2.177958e-01 1.357895e-01 2.153094e-01 1.406502e-02 -2.456813e-01 -1.510567e-01 1.212148e-01 1.774305e-01 3.070008e-02 -5.097122e-02
<VARIANCE> 39
 6.987222e+00 1.431507e+01 2.850061e+01 1.842719e+01 4.718184e+01 3.738398e+01 3.524647e+01 3.893290e+01 4.504768e+01 3.449936e+01 3.467972e+01 3.193869e+01 1.577963e+00 2.194018e-01 1.523723e+00 6.633717e-01 1.663493e+00 2.091352e+00 2.162960e+00 1.566232e+00 2.596799e+00 1.820150e+00 1.725727e+00 1.796234e+00 1.076699e+00 4.097218e-02 2.920049e-02 9.485207e-02 1.879230e-01 1.663439e-01 4.425504e-01 3.015018e-01 3.549789e-01 3.384447e-01 3.790193e-01 2.796354e-01 3.071987e-01 2.166492e-01 3.209688e-03
<GCONST> 8.840144e+01
<TRANSP> 5
 0.000000e+00 1.000000e+00 0.000000e+00 0.000000e+00 0.000000e+00
 0.000000e+00 7.020803e-01 2.979197e-01 0.000000e+00 0.000000e+00
 0.000000e+00 0.000000e+00 9.182396e-01 8.176040e-02 0.000000e+00
 0.000000e+00 0.000000e+00 0.000000e+00 8.714013e-01 1.285987e-01
 0.000000e+00 0.000000e+00 0.000000e+00 0.000000e+00 0.000000e+00
<ENDHMM>
~h "zero"
<BEGINHMM>
<NUMSTATES> 5
<STATE> 2
<MEAN> 39
 -6.848924e+00 -1.887216e+00 -4.579983e+00 -7.683526e+00 -2.517622e+00 -4.681404e+00 -2.838613e+00 -8.914564e+00 -3.638062e+00 -4.165483e+00 1.288352e-01 -4.377304e+00 1.565629e+01 2.805939e-01 1.045879e+00 9.720289e-01 -1.157152e+00 -8.282239e-01 -1.406315e+00 -6.264212e-01 -6.019585e-01 3.219274e-01 3.347963e-01 -1.319890e-01 -2.387492e-01 4.910041e-01 3.735261e-02 9.602517e-02 1.836610e-01 -3.597658e-01 -1.732198e-01 -2.321083e-01 3.674949e-03 -2.295700e-02 1.696241e-01 9.730010e-04 3.121173e-02 -8.997058e-02 9.250757e-02
<VARIANCE> 39
 6.894547e+00 1.044414e+01 1.553265e+01 1.463599e+01 2.100874e+01 2.213232e+01 1.922883e+01 1.977987e+01 2.960859e+01 2.447919e+01 2.237572e+01 1.994856e+01 1.480204e+00 3.157448e-01 4.253755e-01 7.577132e-01 9.359080e-01 8.465120e-01 1.287962e+00 9.707845e-01 1.180617e+00 1.342574e+00 9.783799e-01 1.204303e+00 1.530537e+00 4.248264e-02 4.658340e-02 1.027467e-01 1.271914e-01 1.080806e-01 1.312853e-01 2.172072e-01 1.590300e-01 1.926445e-01 1.620874e-01 1.503334e-01 1.803215e-01 1.679919e-01 6.430828e-03
<GCONST> 7.320995e+01
<STATE> 3
<MEAN> 39
 -5.561459e+00 3.158638e-01 9.448850e-01 -1.693671e+01 -7.858051e+00 -9.190243e+00 -4.572796e+00 -8.443665e+00 1.740030e-01 -3.748827e+00 1.713133e-01 -6.830890e+00 1.840747e+01 3.374240e-01 -7.427745e-01 4.419114e-01 -1.709875e-01 -1.080045e+00 2.630828e-01 2.052368e-01 1.949900e-01 3.208199e-01 -7.744421e-02 4.340911e-02 -1.248000e-01 1.662927e-01 5.154777e-02 -2.691267e-01 -1.736521e-01 3.717628e-01 1.647893e-02 1.356274e-01 1.949990e-01 5.549527e-02 -8.666696e-02 -4.427466e-02 -1.250263e-02 7.153343e-02 -6.443378e-02
<VARIANCE> 39
 7.431060e+00 2.061633e+01 1.739152e+01 2.628224e+01 5.928746e+01 4.050677e+01 3.222366e+01 4.421420e+01 3.111296e+01 3.032746e+01 3.453613e+01 5.111559e+01 1.093353e+00 4.425130e-01 1.626691e+00 8.037855e-01 2.615770e+00 1.742248e+00 2.529063e+00 1.685067e+00 1.421325e+00 1.341233e+00 1.178272e+00 1.107445e+00 1.320521e+00 6.299860e-02 5.150866e-02 1.129040e-01 1.260657e-01 1.802629e-01 2.454125e-01 4.091701e-01 2.257617e-01 2.479101e-01 2.120798e-01 1.746197e-01 1.724449e-01 2.174407e-01 4.557055e-03
<GCONST> 8.705493e+01
<STATE> 4
<MEAN> 39
 -1.604714e+00 -1.051283e+01 -4.389456e+00 -9.816876e+00 -9.685976e+00 -8.037381e+00 5.588027e-01 -4.106743e+00 -1.750963e-01 -6.699669e+00 -1.003891e+00 -5.666594e+00 1.854220e+01 8.294692e-02 1.099886e-02 -5.494455e-01 1.636235e-01 6.661074e-01 -1.770570e-01 -1.624157e-02 2.072797e-01 -6.450047e-02 -1.487381e-01 -9.261804e-02 -7.447327e-03 -5.366533e-02 -5.978540e-02 1.431404e-01 6.302261e-02 -8.615804e-02 8.703028e-02 4.107429e-02 -9.755776e-02 -8.203613e-02 -2.057401e-02 3.421545e-02 2.039390e-02 -8.781306e-03 -1.775885e-02
<VARIANCE> 39
 6.464402e+00 1.774477e+01 2.652917e+01 2.680109e+01 6.271989e+01 5.437372e+01 3.558241e+01 3.644726e+01 4.418882e+01 3.497581e+01 2.490716e+01 3.291685e+01 1.494881e+00 2.247333e-01 8.380923e-01 6.307499e-01 1.038132e+00 1.227644e+00 1.669712e+00 1.529419e+00 1.766612e+00 1.573408e+00 1.377156e+00 1.023351e+00 9.264882e-01 1.577197e-02 2.391117e-02 3.502889e-02 7.641945e-02 1.110524e-01 1.911574e-01 2.326767e-01 1.870200e-01 1.959339e-01 2.165226e-01 1.823253e-01 1.466938e-01 1.334403e-01 1.767113e-03
<GCONST> 7.715470e+01
<TRANSP> 5
 0.000000e+00 1.000000e+00 0.000000e+00 0.000000e+00 0.000000e+00
 0.000000e+00 7.335067e-01 2.664933e-01 0.000000e+00 0.000000e+00
 0.000000e+00 0.000000e+00 8.922040e-01 1.077960e-01 0.000000e+00
 0.000000e+00 0.000000e+00 0.000000e+00 9.397949e-01 6.020514e-02
 0.000000e+00 0.000000e+00 0.000000e+00 0.000000e+00 0.000000e+00
<ENDHMM>
