~o
<STREAMINFO> 1 39
<VECSIZE> 39<NULLD><MFCC_E_D_A><DIAGC>
~s "silst"
<MEAN> 39
 -7.299125e+00 -5.980827e+00 -5.452642e+00 -9.450068e+00 -1.044797e+00 -4.067982e+00 -6.027386e-01 -8.660856e+00 -2.685938e+00 -5.727749e+00 9.018437e-01 -4.235071e+00 1.489479e+01 -1.609961e-01 -8.466062e-02 -1.509991e-01 -1.762204e-02 -1.269270e-02 6.555708e-02 1.816848e-02 4.946025e-02 1.416149e-02 2.606484e-02 5.392952e-02 5.216219e-02 -5.244845e-02 6.782600e-02 5.748428e-02 3.937652e-02 -3.794522e-02 -3.400120e-02 -7.747664e-02 -4.254599e-02 -1.639686e-02 -6.783754e-03 -7.076521e-03 -3.685512e-02 -2.844600e-02 4.179358e-02
<VARIANCE> 39
 7.499311e+00 7.517468e+00 1.076495e+01 1.089938e+01 1.436455e+01 1.648457e+01 1.639149e+01 1.750332e+01 1.880782e+01 1.722681e+01 1.691780e+01 1.534260e+01 1.137698e+00 2.284598e-01 3.317225e-01 4.190181e-01 4.975548e-01 6.083642e-01 7.531260e-01 7.040306e-01 7.663359e-01 8.054034e-01 7.216848e-01 7.339407e-01 6.380678e-01 2.523568e-02 3.632871e-02 5.782592e-02 7.576168e-02 9.361958e-02 1.146107e-01 1.488483e-01 1.314392e-01 1.474164e-01 1.499618e-01 1.291416e-01 1.326974e-01 1.182391e-01 4.426381e-03
<GCONST> 5.989527e+01
~h "eight"
<BEGINHMM>
<NUMSTATES> 5
<STATE> 2
<MEAN> 39
 -8.420645e+00 -2.476664e+00 -5.733540e+00 -1.896913e+01 3.280677e-01 -4.997610e+00 7.092220e-01 -6.525999e+00 -1.222929e+00 -7.634607e+00 -1.483032e+00 -5.402060e+00 1.750466e+01 -1.810430e-01 1.123406e+00 -1.338177e-01 -9.887078e-01 -3.701823e-02 -7.307065e-01 4.777454e-02 5.567356e-01 3.766419e-01 1.340733e-02 -5.686432e-04 -2.356645e-01 3.070700e-01 4.536036e-02 6.028024e-02 1.205323e-02 1.840290e-01 -7.650373e-02 -1.999962e-01 -6.962936e-02 -4.005637e-02 -7.440735e-03 1.184405e-01 1.130185e-01 -1.366543e-02 -2.116905e-02
<VARIANCE> 39
 8.071342e+00 2.077136e+01 1.830984e+01 3.002382e+01 3.880648e+01 2.293542e+01 2.460116e+01 2.246830e+01 2.968003e+01 2.085399e+01 2.241473e+01 2.496935e+01 3.037749e+00 3.045885e-01 7.200012e-01 6.078321e-01 1.323331e+00 1.046615e+00 1.214182e+00 1.453650e+00 9.100979e-01 1.245022e+00 1.040715e+00 1.101071e+00 9.233134e-01 1.132180e-01 3.904410e-02 8.670639e-02 7.137894e-02 2.149502e-01 1.194312e-01 1.561232e-01 1.347807e-01 1.643859e-01 1.982448e-01 1.495302e-01 1.698138e-01 1.411694e-01 1.333833e-02
<GCONST> 7.773920e+01
<STATE> 3
<MEAN> 39
 -8.614019e+00 5.434528e+00 -5.570047e+00 -1.998190e+01 -2.695103e+00 -1.328617e+01 -1.656630e+00 -5.518589e+00 3.663935e-01 -4.596334e+00 3.105887e-01 -6.025472e+00 1.859973e+01 1.062043e-01 5.801280e-01 1.454962e-01 7.674571e-01 1.188671e-03 -9.789100e-01 -5.538350e-01 -7.177634e-01 -2.916248e-01 3.725395e-01 4.764024e-01 2.011338e-01 -5.482127e-02 5.125363e-02 -2.495048e-01 2.254457e-02 2.240191e-01 7.019518e-02 2.246107e-01 1.409217e-02 -1.894911e-01 -1.801327e-01 -1.004989e-01 -5.735005e-02 5.747060e-02 -5.987135e-02
<VARIANCE> 39
 9.796000e+00 1.185566e+01 2.737081e+01 2.285411e+01 2.343402e+01 2.446588e+01 5.752891e+01 2.607413e+01 3.117249e+01 2.207815e+01 3.256471e+01 2.468645e+01 1.327658e+00 2.015166e-01 5.142411e-01 3.004849e-01 7.258057e-01 9.074356e-01 1.055869e+00 8.508068e-01 8.707387e-01 1.828934e+00 1.075035e+00 1.212864e+00 8.763516e-01 3.087836e-02 2.810607e-02 7.041761e-02 5.087551e-02 9.518736e-02 8.842504e-02 1.485911e-01 1.430213e-01 1.313656e-01 1.714666e-01 1.428821e-01 1.888649e-01 1.359592e-01 3.717051e-03
<GCONST> 7.034110e+01
<STATE> 4
<MEAN> 39
 -6.917810e+00 1.392043e+00 -4.384610e+00 -1.209871e+01 -1.147027e+00 -1.158871e+01 -3.436205e+00 -1.103927e+01 -3.755819e+00 -5.153217e+00 1.194758e+00 -4.362363e+00 1.657269e+01 1.529397e-01 -1.626508e+00 -2.627409e-02 8.500668e-01 1.611240e-01 1.345204e+00 2.791124e-01 -1.187334e-01 -2.682962e-01 -2.999766e-01 -7.344292e-02 1.271751e-01 -4.319529e-01 -6.264660e-02 -8.923682e-02 -7.558868e-02 -1.481482e-01 -4.009867e-02 1.368530e-01 1.314571e-01 2.133424e-01 1.423418e-01 1.577173e-02 -1.434927e-02 -3.864635e-02 -1.291445e-03
<VARIANCE> 39
 6.196153e+00 3.601056e+01 1.375152e+01 1.910406e+01 1.505376e+01 4.210282e+01 3.497375e+01 2.339170e+01 4.047493e+01 2.682356e+01 2.589176e+01 2.378121e+01 2.852790e+00 3.385183e-01 9.547589e-01 6.257893e-01 9.503820e-01 6.226729e-01 1.555774e+00 1.743742e+00 1.512839e+00 2.029994e+00 1.158466e+00 1.283144e+00 1.115137e+00 4.022198e-02 4.113219e-02 2.695705e-01 6.560741e-02 1.157641e-01 9.493322e-02 3.651480e-01 2.057855e-01 1.827018e-01 2.978466e-01 1.923401e-01 1.986449e-01 1.844194e-01 1.110960e-02
<GCONST> 8.087361e+01
<TRANSP> 5
 0.000000e+00 1.000000e+00 0.000000e+00 0.000000e+00 0.000000e+00
 0.000000e+00 8.478459e-01 1.521541e-01 0.000000e+00 0.000000e+00
 0.000000e+00 0.000000e+00 8.379220e-01 1.620779e-01 0.000000e+00
 0.000000e+00 0.000000e+00 0.000000e+00 8.572647e-01 1.427354e-01
 0.000000e+00 0.000000e+00 0.000000e+00 0.000000e+00 0.000000e+00
<ENDHMM>
~h "oh"
<BEGINHMM>
<NUMSTATES> 5
<STATE> 2
<MEAN> 39
 -4.751023e+00 -1.020616e+01 -9.068608e+00 -8.352053e+00 -2.136226e+00 -8.136538e+00 2.862251e+00 -5.952138e+00 -5.304338e+00 -7.843159e+00 -1.693084e+00 -4.368474e+00 1.762996e+01 5.979871e-01 -3.579094e-01 -7.575582e-01 2.015663e-01 2.190036e-01 -6.807184e-01 1.665984e-01 6.773837e-01 -3.986600e-02 -5.350482e-01 -6.169092e-01 -1.715140e-01 4.326566e-01 3.563304e-02 1.173230e-01 2.302150e-02 -9.053193e-02 2.616552e-02 -5.083866e-03 -1.461679e-01 -1.907798e-02 1.520157e-01 4.982911e-02 -4.488298e-02 -6.900299e-02 -1.523762e-02
<VARIANCE> 39
 8.542550e+00 1.276058e+01 1.534468e+01 1.746130e+01 2.136564e+01 2.295814e+01 2.606067e+01 6.191663e+01 3.921840e+01 3.150185e+01 2.379581e+01 2.574651e+01 3.069870e+00 3.315626e-01 5.428548e-01 6.372739e-01 6.632962e-01 6.630952e-01 1.041897e+00 1.286208e+00 1.989381e+00 1.552924e+00 1.314295e+00 1.223544e+00 1.064313e+00 8.853911e-02 4.418183e-02 7.427031e-02 8.347736e-02 8.363385e-02 9.889867e-02 1.330736e-01 1.528213e-01 2.379025e-01 2.036782e-01 2.097190e-01 1.936437e-01 1.398272e-01 1.694526e-02
<GCONST> 7.757777e+01
<STATE> 3
<MEAN> 39
 -1.561676e+00 -9.803617e+00 -1.188127e+01 -8.818244e+00 -1.275620e+00 -1.117944e+01 2.249682e+00 -2.288043e+00 -2.995263e+00 -8.952110e+00 -5.134634e+00 -5.636500e+00 1.912491e+01 3.168163e-01 3.748701e-01 -2.101096e-01 -2.608348e-01 1.415678e-02 -2.735481e-01 -5.749935e-01 2.033907e-01 7.244556e-01 2.622345e-01 -2.244892e-01 -3.606527e-01 3.386015e-02 -4.447409e-02 5.106639e-02 8.122514e-02 -3.059147e-02 -4.813641e-02 8.121993e-02 -6.013802e-02 -1.427328e-01 9.324451e-03 1.360854e-01 1.047419e-01 -1.698198e-02 -3.553797e-02
<VARIANCE> 39
 7.659490e+00 9.441723e+00 1.952674e+01 1.452934e+01 2.282054e+01 2.422698e+01 4.111881e+01 6.015902e+01 4.004015e+01 3.663960e+01 3.219269e+01 4.096675e+01 1.163181e+00 1.012484e-01 1.664509e-01 2.431498e-01 3.248659e-01 4.018491e-01 5.969000e-01 8.932931e-01 9.850817e-01 9.204502e-01 1.001051e+00 8.082629e-01 6.755291e-01 2.221311e-02 1.511512e-02 1.918400e-02 3.945816e-02 3.722347e-02 5.062404e-02 8.058628e-02 9.149562e-02 1.190442e-01 1.168314e-01 1.125999e-01 1.198913e-01 9.697530e-02 2.256406e-03
<GCONST> 5.812032e+01
<STATE> 4
<MEAN> 39
 -8.012342e-02 -4.649564e+00 -1.043136e+01 -1.256396e+01 -2.573865e+00 -1.032113e+01 -4.139683e+00 -6.075931e+00 1.236706e+00 -3.949775e+00 -1.879087e+00 -7.761055e+00 1.842461e+01 -2.537609e-01 2.493265e-01 5.621351e-01 7.258976e-03 -7.802669e-02 4.033110e-01 -1.053248e-02 -5.415161e-01 -2.151892e-01 2.194447e-01 4.483401e-01 2.045457e-01 -1.969894e-01 -9.545712e-02 -7.345068e-02 3.979619e-02 7.134838e-02 3.601120e-02 6.890704e-02 1.255797e-01 4.103973e-02 -1.061154e-01 -1.084868e-01 -3.110390e-03 7.874080e-02 -3.080592e-02
<VARIANCE> 39
 6.590736e+00 8.447882e+00 2.345614e+01 1.548752e+01 1.970396e+01 2.774638e+01 3.285642e+01 3.378026e+01 3.207394e+01 3.888833e+01 4.082196e+01 3.425449e+01 1.807706e+00 3.248034e-01 3.384379e-01 4.694111e-01 5.545155e-01 6.987181e-01 9.212278e-01 1.167314e+00 1.211356e+00 1.113241e+00 1.286133e+00 1.110420e+00 1.118724e+00 4.424189e-02 2.141793e-02 3.201989e-02 6.284351e-02 6.141576e-02 8.548139e-02 1.225035e-01 1.360084e-01 1.584717e-01 1.598206e-01 1.506961e-01 1.489009e-01 1.346229e-01 2.501844e-03
<GCONST> 6.881644e+01
<TRANSP> 5
 0.000000e+00 1.000000e+00 0.000000e+00 0.000000e+00 0.000000e+00
 0.000000e+00 8.261937e-01 1.738062e-01 0.000000e+00 0.000000e+00
 0.000000e+00 0.000000e+00 8.668634e-01 1.331366e-01 0.000000e+00
 0.000000e+00 0.000000e+00 0.000000e+00 9.135732e-01 8.642682e-02
 0.000000e+00 0.000000e+00 0.000000e+00 0.000000e+00 0.000000e+00
<ENDHMM>
~h "sp"
<BEGINHMM>
<NUMSTATES> 5
<STATE> 2
~s "silst"
<STATE> 3
<MEAN> 39
 -7.071791e+00 -5.137268e+00 -5.561468e+00 -9.904370e+00 -2.206713e+00 -4.885962e+00 -1.124277e+00 -8.394490e+00 -2.946291e+00 -5.912043e+00 8.275104e-02 -4.869747e+00 1.578805e+01 3.619990e-01 3.854245e-01 3.636262e-01 -5.216560e-01 -4.229951e-01 -5.058477e-01 -2.807298e-02 3.598354e-02 8.100086e-02 -1.255797e-02 -2.914273e-01 -2.293049e-01 2.452739e-01 1.383948e-01 2.906395e-02 1.291471e-02 -1.478400e-01 -1.125924e-01 -1.693389e-01 -1.212086e-02 2.706243e-02 3.822917e-02 1.517393e-02 -8.241553e-02 -7.679685e-02 1.014406e-01
<VARIANCE> 39
 1.395335e+01 1.429594e+01 1.505980e+01 1.878867e+01 2.500618e+01 2.458169e+01 2.193196e+01 2.435409e+01 2.803068e+01 2.591453e+01 2.483599e+01 2.296914e+01 3.109246e+00 8.136166e-01 8.211561e-01 1.101893e+00 1.334260e+00 1.437698e+00 1.713654e+00 1.203013e+00 1.503484e+00 1.740229e+00 1.438319e+00 1.321626e+00 1.217208e+00 1.642395e-01 9.780706e-02 1.284160e-01 1.678599e-01 2.152857e-01 2.504735e-01 2.637826e-01 2.099395e-01 2.481644e-01 2.621338e-01 2.235098e-01 2.234135e-01 1.983603e-01 1.382054e-02
<GCONST> 8.684727e+01
<STATE> 4
<MEAN> 39
 -5.334466e+00 -3.889900e+00 -3.584336e+00 -1.169574e+01 -4.574682e+00 -7.413404e+00 -1.442733e+00 -8.628151e+00 -2.700397e+00 -5.936757e+00 -1.373933e+00 -6.192458e+00 1.706767e+01 8.327857e-02 1.490136e-01 -2.813985e-02 -2.625146e-01 -4.466561e-02 -1.143747e-01 3.567222e-02 4.103272e-02 4.972526e-02 5.503079e-02 -7.324284e-02 9.879902e-03 1.079226e-01 -2.768000e-02 -8.204699e-02 -1.449876e-01 1.363444e-02 7.528488e-02 6.178305e-02 -1.025849e-02 3.212389e-02 -2.177947e-04 -1.580697e-02 2.039564e-02 3.803751e-02 1.067834e-02
<VARIANCE> 39
 1.400067e+01 2.003098e+01 1.955278e+01 2.992510e+01 3.992908e+01 3.364984e+01 2.768315e+01 3.024030e+01 3.705188e+01 3.605474e+01 3.433442e+01 3.208348e+01 2.903255e+00 9.913612e-01 1.119753e+00 1.346237e+00 1.822458e+00 2.063046e+00 2.207997e+00 1.594342e+00 1.833931e+00 1.756453e+00 1.567431e+00 1.536572e+00 1.436977e+00 2.264282e-01 9.906506e-02 1.306428e-01 1.677941e-01 2.390036e-01 3.093793e-01 3.032532e-01 2.436389e-01 2.531497e-01 2.746829e-01 2.480223e-01 2.356625e-01 2.019070e-01 1.574958e-02
<GCONST> 9.419841e+01
<TRANSP> 5
 0.000000e+00 6.951441e-01 3.048559e-01 0.000000e+00 0.000000e+00
 0.000000e+00 9.166963e-01 8.330376e-02 0.000000e+00 0.000000e+00
 0.000000e+00 0.000000e+00 5.634387e-01 4.365613e-01 0.000000e+00
 0.000000e+00 0.000000e+00 0.000000e+00 6.038129e-01 3.961871e-01
 0.000000e+00 0.000000e+00 0.000000e+00 0.000000e+00 0.000000e+00
<ENDHMM>
~h "seven"
<BEGINHMM>
<NUMSTATES> 5
<STATE> 2
<MEAN> 39
 -7.147326e+00 -4.530498e+00 -5.818630e+00 -1.243509e+01 -5.543099e+00 -4.981504e+00 1.192379e+00 -7.933739e+00 -1.688279e+00 -5.253596e+00 -2.117296e+00 -4.658574e+00 1.674014e+01 3.316556e-01 -1.961449e-01 2.122933e-01 -8.467569e-01 -6.150501e-01 -1.380058e-01 8.260311e-01 -7.163379e-02 2.075693e-02 -1.553233e-01 -6.360370e-01 -3.879990e-01 4.854168e-01 -3.826343e-02 -8.643262e-02 -6.465536e-02 3.688872e-02 4.914024e-02 9.054421e-02 3.505503e-02 1.893908e-02 -1.176487e-01 -5.816802e-02 2.071913e-03 -3.242122e-02 7.081016e-03
<VARIANCE> 39
 1.254206e+01 7.445511e+00 1.222856e+01 3.280636e+01 3.431594e+01 2.841107e+01 2.704375e+01 2.352425e+01 2.546933e+01 4.870697e+01 2.461312e+01 2.505108e+01 4.928652e+00 6.721231e-01 4.920315e-01 5.628788e-01 1.294893e+00 1.593702e+00 1.538117e+00 1.370840e+00 9.253508e-01 1.261997e+00 1.922129e+00 1.109685e+00 1.457877e+00 1.759779e-01 1.073268e-01 6.812101e-02 1.048817e-01 2.332802e-01 2.896323e-01 2.418081e-01 1.753267e-01 1.329020e-01 1.675810e-01 2.775742e-01 1.806383e-01 1.932242e-01 3.184986e-02
<GCONST> 8.511356e+01
<STATE> 3
<MEAN> 39
 -6.154796e+00 -7.929207e+00 -5.202862e+00 -1.522293e+01 -6.133147e+00 -3.944029e+00 5.197956e+00 -8.479279e+00 -3.243360e+00 -6.860158e+00 -4.301589e+00 -6.228713e+00 1.899043e+01 1.244325e-01 -2.179406e-01 8.310923e-02 3.517976e-01 1.220943e-01 -6.429628e-02 -3.118143e-02 2.552421e-01 -4.257070e-01 3.470994e-02 9.934172e-02 -4.320539e-02 -3.083182e-02 4.742760e-02 1.430660e-01 8.210528e-02 2.282226e-01 8.686367e-02 -1.648223e-01 -2.832867e-01 5.797014e-02 3.031140e-02 4.319844e-02 1.974283e-01 2.934557e-02 -1.052705e-01
<VARIANCE> 39
 7.906466e+00 9.494125e+00 9.224913e+00 2.179317e+01 4.264239e+01 3.523370e+01 3.364537e+01 4.032026e+01 4.570067e+01 5.083918e+01 3.528565e+01 3.322757e+01 1.722989e+00 3.430498e-01 5.609994e-01 4.036787e-01 1.026908e+00 1.443180e+00 1.578622e+00 1.503595e+00 1.106617e+00 1.140974e+00 1.723811e+00 1.713879e+00 1.112083e+00 1.329419e-01 6.140133e-02 6.990368e-02 6.287613e-02 1.522437e-01 2.763071e-01 2.404075e-01 2.200334e-01 1.864704e-01 2.022746e-01 2.383478e-01 2.598997e-01 1.977300e-01 1.401156e-02
<GCONST> 8.302271e+01
<STATE> 4
<MEAN> 39
 -3.378617e+00 -4.300558e+00 -2.232591e+00 -9.954228e+00 -3.714590e+00 -7.885689e+00 -5.099323e-01 -8.448500e+00 -4.662015e+00 -7.101636e+00 -2.224546e+00 -7.567924e+00 1.722892e+01 2.713179e-02 2.342891e-01 1.420394e-01 2.993194e-01 3.658925e-01 3.085643e-02 -3.568915e-01 -1.836450e-01 1.176582e-01 -2.194147e-02 2.344918e-01 1.070013e-01 -1.518036e-01 -5.134407e-02 -4.003620e-02 -5.286269e-02 -6.329077e-02 -1.223552e-02 7.046524e-02 7.123266e-02 -1.495067e-02 3.300845e-02 1.380233e-02 -2.415276e-02 3.458472e-02 5.311159e-03
<VARIANCE> 39
 5.112680e+00 1.169148e+01 1.065298e+01 1.482203e+01 3.002743e+01 3.354400e+01 2.915152e+01 4.429720e+01 3.481362e+01 3.650317e+01 3.372244e+01 2.754978e+01 1.694284e+00 2.840210e-01 5.322541e-01 5.555364e-01 8.131645e-01 1.315764e+00 1.341336e+00 1.729439e+00 1.438344e+00 1.525508e+00 1.481870e+00 1.368186e+00 1.005655e+00 9.039570e-02 3.642381e-02 7.931814e-02 8.471875e-02 1.362867e-01 2.243843e-01 2.086596e-01 2.823642e-01 2.349336e-01 2.426607e-01 2.287901e-01 2.157796e-01 1.463811e-01 1.381601e-02
<GCONST> 8.023284e+01
<TRANSP> 5
 0.000000e+00 1.000000e+00 0.000000e+00 0.000000e+00 0.000000e+00
 0.000000e+00 7.805482e-01 2.194518e-01 0.000000e+00 0.000000e+00
 0.000000e+00 0.000000e+00 8.444391e-01 1.555609e-01 0.000000e+00
 0.000000e+00 0.000000e+00 0.000000e+00 9.300599e-01 6.994013e-02
 0.000000e+00 0.000000e+00 0.000000e+00 0.000000e+00 0.000000e+00
<ENDHMM>
~h "three"
<BEGINHMM>
<NUMSTATES> 5
<STATE> 2
<MEAN> 39
 -2.960692e+00 -7.055759e+00 -4.398482e-01 -8.332089e+00 -1.034934e+01 -1.136612e+01 -1.289176e+00 -8.359583e+00 -1.609961e+00 -4.989644e+00 5.833040e-01 -4.773336e+00 1.731370e+01 6.024759e-01 -2.150902e-01 9.835132e-01 -1.301869e-01 -1.782789e+00 -3.412364e-01 -2.078549e-01 -2.747405e-01 4.655653e-01 1.304614e-01 9.040399e-02 -1.407978e-01 4.035007e-01 -1.885983e-01 1.225918e-01 3.172834e-02 -3.264974e-01 1.612648e-01 3.475130e-01 -1.430984e-01 -2.825113e-02 8.369002e-02 -6.589914e-03 1.168228e-02 -1.539146e-02 -2.759068e-02
<VARIANCE> 39
 1.308170e+01 1.216896e+01 1.689231e+01 2.802414e+01 5.049524e+01 5.418914e+01 2.277160e+01 2.273998e+01 2.544012e+01 2.170104e+01 2.861431e+01 2.913941e+01 2.873648e+00 7.461431e-01 6.898036e-01 7.792765e-01 2.043857e+00 2.001930e+00 3.408982e+00 1.495631e+00 1.511897e+00 1.066239e+00 9.893687e-01 1.335627e+00 1.160493e+00 5.656441e-02 1.346200e-01 1.471781e-01 1.414116e-01 3.194124e-01 4.947784e-01 5.135960e-01 2.876356e-01 2.290327e-01 1.937919e-01 1.677798e-01 2.031308e-01 1.832885e-01 1.104717e-02
<GCONST> 8.899259e+01
<STATE> 3
<MEAN> 39
 -3.867661e+00 -5.645225e+00 5.447818e+00 -1.644343e+01 -1.509162e+01 -5.079243e+00 -6.077042e+00 -9.788691e+00 2.045980e+00 -5.247383e+00 9.203298e-01 -6.155602e+00 1.873590e+01 -8.704929e-01 1.554647e+00 2.233324e-01 -2.162082e+00 1.717491e+00 6.534793e-01 -1.639191e+00 6.205729e-01 3.612413e-02 -2.038397e-01 1.453006e-01 -9.113545e-02 3.319894e-02 -5.940884e-02 2.882119e-01 -4.602788e-01 2.627868e-01 6.964355e-01 -5.780915e-01 1.354475e-01 2.045301e-01 -3.523894e-01 -1.494349e-03 -4.845807e-02 6.140248e-02 -6.530733e-02
<VARIANCE> 39
 7.005311e+00 1.923090e+01 1.326443e+01 4.707193e+01 5.730575e+01 4.165439e+01 4.727589e+01 5.919901e+01 2.305940e+01 2.937371e+01 3.949524e+01 3.264542e+01 1.194282e+00 2.956943e-01 9.312258e-01 1.067165e+00 1.366225e+00 2.817223e+00 3.937270e+00 1.890440e+00 1.991187e+00 1.515535e+00 9.695470e-01 8.305765e-01 8.503682e-01 2.374942e-02 5.482254e-02 1.148852e-01 1.115087e-01 3.938159e-01 3.924015e-01 4.103128e-01 5.312356e-01 3.526353e-01 1.817455e-01 1.649227e-01 1.439061e-01 1.230898e-01 2.425756e-03
<GCONST> 8.644890e+01
<STATE> 4
<MEAN> 39
 -6.515503e+00 2.540545e+00 -1.084154e+00 -1.563686e+01 -1.895078e+00 -1.056073e+01 -5.797733e+00 -8.029450e+00 -2.655733e+00 -5.117509e+00 3.766523e-01 -5.832198e+00 1.762946e+01 -3.397247e-02 -1.368179e-01 -6.459397e-01 7.451710e-01 6.054000e-01 1.058583e-02 5.912843e-01 -1.152647e-01 -2.637096e-01 -8.639382e-03 -7.307065e-02 6.221328e-02 -2.238319e-01 4.050412e-02 -2.339274e-01 1.506687e-02 9.996162e-02 -2.070588e-01 1.396438e-01 1.056468e-01 -5.198590e-02 7.739906e-02 -6.094871e-03 1.382307e-02 8.678786e-03 -1.918442e-02
<VARIANCE> 39
 8.129909e+00 2.226834e+01 1.763663e+01 3.769276e+01 2.747509e+01 3.445945e+01 4.870427e+01 4.263917e+01 2.881043e+01 3.664697e+01 3.940519e+01 3.438796e+01 2.138514e+00 3.426546e-01 1.846340e+00 7.064335e-01 1.064690e+00 1.668662e+00 2.450101e+00 1.642236e+00 1.565594e+00 1.367711e+00 1.258898e+00 1.033930e+00 9.582165e-01 3.983138e-02 5.115658e-02 1.166741e-01 9.266349e-02 2.088787e-01 1.842437e-01 2.591850e-01 2.596613e-01 2.261393e-01 1.925160e-01 1.673914e-01 1.433200e-01 1.348716e-01 3.515623e-03
<GCONST> 8.374718e+01
<TRANSP> 5
 0.000000e+00 1.000000e+00 0.000000e+00 0.000000e+00 0.000000e+00
 0.000000e+00 8.353140e-01 1.646860e-01 0.000000e+00 0.000000e+00
 0.000000e+00 0.000000e+00 7.555628e-01 2.444372e-01 0.000000e+00
 0.000000e+00 0.000000e+00 0.000000e+00 9.188683e-01 8.113175e-02
 0.000000e+00 0.000000e+00 0.000000e+00 0.000000e+00 0.000000e+00
<ENDHMM>
~h "one"
<BEGINHMM>
<NUMSTATES> 5
<STATE> 2
<MEAN> 39
 -2.573122e-01 -3.193082e+00 -8.639221e+00 -1.356295e+01 -2.289946e+00 -6.218052e+00 -1.579419e+00 -8.624981e+00 -2.958238e+00 -6.757782e+00 -1.609889e+00 -7.118193e+00 1.779754e+01 3.521095e-01 -4.138629e-01 -1.063479e+00 2.967226e-01 5.822031e-01 2.633007e-01 -1.755052e-01 1.873798e-01 1.559783e-01 -2.538042e-01 -3.522601e-01 -3.398405e-01 2.628621e-01 -1.535235e-01 -1.961555e-01 1.628014e-02 3.480283e-01 9.714985e-02 -7.404731e-02 -9.058864e-02 5.826878e-02 1.350166e-02 -4.960956e-02 3.538761e-03 5.868119e-02 -2.814490e-02
<VARIANCE> 39
 6.862455e+00 8.082894e+00 2.557903e+01 2.216962e+01 2.585741e+01 2.279702e+01 1.924191e+01 1.942251e+01 2.541338e+01 2.397688e+01 3.059884e+01 2.883015e+01 1.905584e+00 4.310177e-01 8.268384e-01 8.470433e-01 2.056333e+00 1.481204e+00 1.308476e+00 1.239759e+00 1.032039e+00 1.109226e+00 1.023633e+00 1.084735e+00 1.035333e+00 5.171490e-02 4.527213e-02 6.227601e-02 1.758003e-01 2.421922e-01 2.389266e-01 2.513869e-01 2.272828e-01 1.786572e-01 1.941370e-01 1.865356e-01 2.025869e-01 1.810939e-01 5.188216e-03
<GCONST> 7.895934e+01
<STATE> 3
<MEAN> 39
 -1.198561e+00 -9.134928e+00 -1.351530e+01 -4.688878e+00 1.906837e+00 -6.758771e+00 -4.465256e+00 -6.258526e+00 -1.855247e+00 -1.006316e+01 -3.656736e+00 -7.403036e+00 1.875358e+01 -6.092923e-01 -8.169183e-01 6.756906e-01 1.543700e+00 -5.833548e-01 -7.976059e-01 3.325033e-01 4.574829e-01 -4.177502e-01 -6.868484e-01 1.537812e-01 3.243549e-01 4.190502e-03 -4.619819e-02 2.137736e-01 4.299882e-01 -3.830703e-01 -4.415573e-01 7.769535e-02 3.473161e-01 -1.706058e-01 -1.926411e-01 1.365450e-01 1.837191e-01 -7.139636e-03 -3.318567e-02
<VARIANCE> 39
 6.321136e+00 1.296429e+01 1.775042e+01 3.671930e+01 2.348997e+01 3.224316e+01 3.431699e+01 3.510842e+01 4.500705e+01 3.702082e+01 3.096296e+01 3.222659e+01 1.316424e+00 1.703784e-01 4.083242e-01 1.111898e+00 1.472683e+00 1.826263e+00 1.499761e+00 2.157470e+00 1.832539e+00 1.737197e+00 1.271329e+00 1.368249e+00 1.095702e+00 8.920451e-03 2.687622e-02 6.031318e-02 9.744410e-02 2.595145e-01 2.061099e-01 3.387594e-01 2.945357e-01 3.256697e-01 2.834211e-01 2.448358e-01 2.192083e-01 2.161059e-01 9.239514e-04
<GCONST> 7.976083e+01
<STATE> 4
<MEAN> 39
 -3.766572e+00 -6.022539e+00 -3.119170e+00 -7.078323e+00 -3.218111e+00 -7.262241e+00 -2.018276e+00 -1.068210e+01 -5.591706e+00 -9.586338e+00 -2.384878e+00 -7.960084e+00 1.777993e+01 -1.332592e-01 4.745306e-01 5.445029e-01 -4.824819e-01 3.416536e-03 2.445421e-01 -1.288604e-02 -3.513986e-01 -1.730368e-02 3.571881e-01 1.415526e-01 1.118869e-01 -1.719996e-01 1.396327e-02 -5.222836e-03 -1.498223e-01 -3.375671e-02 1.287758e-01 5.053529e-02 -6.390920e-02 4.633581e-02 1.030567e-01 3.109586e-02 -1.464757e-02 2.598676e-02 -1.742227e-02
<VARIANCE> 39
 6.200807e+00 2.616967e+01 1.967339e+01 2.982630e+01 2.164580e+01 3.657922e+01 3.484547e+01 4.523630e+01 3.929302e+01 4.515242e+01 3.245562e+01 3.603609e+01 1.549792e+00 3.551588e-01 9.873992e-01 1.257324e+00 1.192643e+00 1.408539e+00 1.852930e+00 1.798388e+00 1.660908e+00 1.744705e+00 1.575186e+00 1.182818e+00 1.138840e+00 2.838550e-02 4.770875e-02 1.312218e-01 8.846670e-02 1.990682e-01 2.014226e-01 2.920193e-01 2.783943e-01 2.423331e-01 2.522462e-01 2.624897e-01 1.840779e-01 1.753985e-01 2.693790e-03
<GCONST> 8.461275e+01
<TRANSP> 5
 0.000000e+00 1.000000e+00 0.000000e+00 0.000000e+00 0.000000e+00
 0.000000e+00 8.511203e-01 1.488797e-01 0.000000e+00 0.000000e+00
 0.000000e+00 0.000000e+00 7.896910e-01 2.103090e-01 0.000000e+00
 0.000000e+00 0.000000e+00 0.000000e+00 9.193131e-01 8.068686e-02
 0.000000e+00 0.000000e+00 0.000000e+00 0.000000e+00 0.000000e+00
<ENDHMM>
~h "sil"
<BEGINHMM>
<NUMSTATES> 5
<STATE> 2
<MEAN> 39
 -6.936786e+00 -7.045971e+00 -5.666282e+00 -1.007839e+01 -1.008755e+00 -4.379525e+00 -3.200050e-01 -8.593837e+00 -2.621336e+00 -5.568237e+00 9.550241e-01 -4.070846e+00 1.462405e+01 -4.672312e-02 -2.048032e-02 -1.874323e-02 2.415368e-02 1.740182e-02 2.450066e-02 2.364443e-02 -1.596799e-05 -4.773079e-03 9.893197e-03 2.599088e-02 9.933987e-03 -1.630506e-02 -7.450725e-03 -6.982386e-04 -9.855091e-03 -5.040464e-03 -4.518218e-03 1.973687e-04 -4.976667e-03 1.054804e-02 2.889627e-04 -3.593883e-03 -4.604428e-03 9.251537e-04 3.024699e-03
<VARIANCE> 39
 3.631963e+00 4.368272e+00 6.498162e+00 8.770030e+00 1.284848e+01 1.409964e+01 1.509472e+01 1.597271e+01 1.631737e+01 1.444941e+01 1.571970e+01 1.300535e+01 1.183309e+00 7.225775e-02 1.612793e-01 2.724507e-01 3.870731e-01 5.110182e-01 6.837352e-01 6.484120e-01 7.183821e-01 6.873258e-01 5.871775e-01 6.586128e-01 5.907707e-01 5.434813e-03 1.056372e-02 2.575809e-02 4.426286e-02 6.267118e-02 8.810215e-02 1.181089e-01 1.085866e-01 1.240941e-01 1.170033e-01 9.652827e-02 1.114719e-01 1.038665e-01 6.766560e-04
<GCONST> 4.532736e+01
<STATE> 3
~s "silst"
<STATE> 4
<MEAN> 39
 -7.256785e+00 -7.080457e+00 -5.905777e+00 -1.011970e+01 -9.929651e-01 -4.257464e+00 -3.829447e-01 -8.562008e+00 -2.654027e+00 -5.565674e+00 1.045897e+00 -4.045286e+00 1.448339e+01 8.767454e-03 3.224499e-02 -2.197939e-03 -1.625636e-02 -1.483213e-02 -1.401925e-02 -2.195260e-02 -8.191779e-03 -1.374198e-02 -6.311973e-03 -3.507142e-02 -1.563595e-02 3.851165e-03 1.269177e-02 1.696922e-02 1.636380e-02 4.341433e-03 -2.245256e-03 -8.700708e-03 -3.618235e-03 -1.965965e-03 1.853438e-03 -2.547957e-03 -1.105345e-02 -1.080362e-02 8.953574e-03
<VARIANCE> 39
 3.399058e+00 3.959969e+00 6.354715e+00 8.526664e+00 1.245626e+01 1.373450e+01 1.480475e+01 1.604061e+01 1.662424e+01 1.428283e+01 1.536219e+01 1.306550e+01 9.681681e-01 8.035578e-02 1.614457e-01 2.741573e-01 3.906778e-01 4.871703e-01 6.340591e-01 6.358891e-01 7.276082e-01 7.064492e-01 5.864373e-01 6.781345e-01 5.943044e-01 4.434215e-03 1.470534e-02 2.838735e-02 4.871483e-02 6.897819e-02 8.702577e-02 1.183555e-01 1.083990e-01 1.317414e-01 1.237933e-01 9.798161e-02 1.144744e-01 1.062176e-01 1.254345e-03
<GCONST> 4.608386e+01
<TRANSP> 5
 0.000000e+00 1.000000e+00 0.000000e+00 0.000000e+00 0.000000e+00
 0.000000e+00 6.835050e-01 7.732373e-02 2.391713e-01 0.000000e+00
 0.000000e+00 0.000000e+00 6.640447e-01 3.359553e-01 0.000000e+00
 0.000000e+00 2.607292e-01 0.000000e+00 6.692951e-01 6.997564e-02
 0.000000e+00 0.000000e+00 0.000000e+00 0.000000e+00 0.000000e+00
<ENDHMM>
~h "six"
<BEGINHMM>
<NUMSTATES> 5
<STATE> 2
<MEAN> 39
 -9.028499e+00 -2.881279e+00 -7.082342e+00 -9.769398e+00 -5.004967e+00 -4.133605e+00 -1.631789e+00 -7.583196e+00 -2.504095e+00 -3.591278e+00 -8.869100e-01 -3.507979e+00 1.536299e+01 2.124006e-01 3.703732e-01 6.265700e-01 -9.365625e-01 -6.620196e-01 -6.169488e-01 4.575056e-02 1.042048e-01 2.097040e-01 3.482000e-01 -3.368789e-01 -2.685806e-01 3.613923e-01 6.167253e-02 9.867706e-03 1.592957e-01 -2.166861e-01 -1.097143e-01 -1.125224e-01 -2.832964e-02 3.123292e-02 1.502936e-02 -2.470063e-02 -2.941030e-02 -1.453559e-01 6.860353e-02
<VARIANCE> 39
 9.456216e+00 8.544959e+00 2.276823e+01 3.286017e+01 2.347060e+01 2.692506e+01 1.769763e+01 1.821114e+01 2.559321e+01 3.313992e+01 2.221882e+01 1.960404e+01 3.467225e+00 6.148845e-01 5.441087e-01 1.861611e+00 1.796522e+00 1.574801e+00 1.875569e+00 1.060212e+00 1.042466e+00 1.273477e+00 1.797530e+00 1.245306e+00 1.249576e+00 2.039886e-01 8.244471e-02 7.388030e-02 1.732715e-01 2.062188e-01 2.426008e-01 2.568651e-01 1.801258e-01 1.872768e-01 2.249473e-01 2.537977e-01 1.926114e-01 1.844435e-01 2.112102e-02
<GCONST> 8.529478e+01
<STATE> 3
<MEAN> 39
 -7.239132e+00 -1.086628e+00 -5.042410e-01 -2.066239e+01 -8.385209e+00 -8.899783e+00 -2.379597e+00 -6.101427e+00 -3.165221e-02 -3.227812e+00 -3.015989e+00 -7.928072e+00 1.844595e+01 -1.090935e-03 -1.558855e-01 2.193241e-01 -1.495543e-01 4.424960e-01 3.961140e-01 -4.627242e-01 1.718529e-01 -5.191321e-02 -2.519647e-01 3.347248e-01 1.825821e-02 -1.018015e-01 -1.129640e-02 -2.175346e-01 -2.962802e-01 5.910704e-01 3.250555e-01 2.681382e-01 5.949956e-02 -1.302464e-01 -1.439133e-01 -1.030194e-01 1.923949e-01 2.194348e-01 -1.900059e-01
<VARIANCE> 39
 6.300300e+00 1.028922e+01 1.690661e+01 2.420221e+01 6.246101e+01 3.199637e+01 3.505749e+01 2.440215e+01 3.389404e+01 6.198948e+01 3.630576e+01 3.964119e+01 1.535471e+00 3.160131e-01 5.876554e-01 1.039604e+00 3.159360e+00 2.265357e+00 1.911546e+00 1.876387e+00 1.314807e+00 1.989903e+00 2.253935e+00 1.935192e+00 2.002631e+00 2.669688e-01 6.537007e-02 7.360221e-02 1.896643e-01 2.452023e-01 3.564837e-01 3.512769e-01 4.140131e-01 2.339083e-01 3.223796e-01 3.688163e-01 2.877755e-01 2.834602e-01 1.348443e-02
<GCONST> 9.321568e+01
<STATE> 4
<MEAN> 39
 -7.627573e+00 -4.907775e+00 -4.203531e+00 -1.222715e+01 -2.774945e+00 -3.655027e+00 -1.910328e+00 -7.809404e+00 -1.780830e+00 -5.291823e+00 5.434439e-01 -4.589053e+00 1.524524e+01 -1.552224e-01 -5.800536e-01 -7.545630e-01 1.172653e+00 4.602742e-01 3.514127e-01 5.049421e-01 -3.219328e-01 -2.647758e-01 -1.411828e-01 1.812600e-01 2.338305e-01 -3.746523e-01 -3.183515e-02 5.828192e-02 6.191237e-02 -1.933665e-01 -1.903748e-01 -1.386520e-01 2.405874e-02 5.228866e-02 4.474439e-02 6.735160e-02 -1.160146e-01 -8.562383e-02 7.062095e-02
<VARIANCE> 39
 9.808652e+00 1.148435e+01 1.796861e+01 3.285879e+01 2.972237e+01 1.996929e+01 3.073097e+01 2.211413e+01 2.191501e+01 2.241191e+01 1.864121e+01 1.697943e+01 2.540843e+00 4.558786e-01 7.906369e-01 1.121011e+00 1.510970e+00 2.150058e+00 1.420302e+00 1.703251e+00 1.237446e+00 1.228949e+00 1.212815e+00 1.113300e+00 9.822477e-01 1.137707e-01 6.320020e-02 9.647988e-02 1.998538e-01 2.544611e-01 2.699751e-01 1.921725e-01 3.037505e-01 2.080247e-01 2.002648e-01 1.866190e-01 1.860934e-01 1.519823e-01 1.508776e-02
<GCONST> 8.341472e+01
<TRANSP> 5
 0.000000e+00 1.000000e+00 0.000000e+00 0.000000e+00 0.000000e+00
 0.000000e+00 7.776582e-01 2.223418e-01 0.000000e+00 0.000000e+00
 0.000000e+00 0.000000e+00 8.260913e-01 1.739087e-01 0.000000e+00
 0.000000e+00 0.000000e+00 0.000000e+00 8.415135e-01 1.584866e-01
 0.000000e+00 0.000000e+00 0.000000e+00 0.000000e+00 0.000000e+00
<ENDHMM>
~h "two"
<BEGINHMM>
<NUMSTATES> 5
<STATE> 2
<MEAN> 39
 -1.023870e+01 -2.972716e+00 -5.949329e+00 -1.074123e+01 -1.361698e+00 -4.235280e+00 -2.343268e+00 -7.826410e+00 -2.380321e+00 -5.432710e+00 8.982924e-01 -3.576154e+00 1.528570e+01 3.857229e-01 5.996798e-01 8.500956e-01 -5.388348e-01 -3.723302e-01 -3.697240e-01 -5.149040e-01 -1.999997e-01 2.802061e-02 -4.790765e-03 -1.521932e-01 -2.982894e-01 2.968504e-01 2.265297e-01 4.598526e-02 2.147790e-01 -7.615431e-02 -1.761342e-01 -1.798467e-01 -9.294146e-02 -1.051832e-01 -4.401723e-02 -1.818799e-02 -3.667828e-02 -1.181765e-01 7.801389e-02
<VARIANCE> 39
 1.294414e+01 9.540058e+00 1.752787e+01 1.315452e+01 2.048357e+01 2.336979e+01 1.966917e+01 2.086180e+01 2.174405e+01 2.447271e+01 2.435500e+01 2.157071e+01 1.674671e+00 1.532773e+00 6.442295e-01 1.625624e+00 8.963648e-01 1.478820e+00 1.339048e+00 1.067771e+00 1.254443e+00 1.271251e+00 1.332910e+00 1.947867e+00 1.148422e+00 1.066401e-01 1.561002e-01 1.210928e-01 1.716566e-01 1.329951e-01 2.388905e-01 1.948304e-01 1.761343e-01 2.150917e-01 2.222973e-01 2.110028e-01 3.200166e-01 1.712492e-01 9.894648e-03
<GCONST> 8.294392e+01
<STATE> 3
<MEAN> 39
 -4.749242e+00 1.542476e+00 1.919938e+00 -1.623946e+01 -7.329275e+00 -1.040480e+01 -6.932258e+00 -1.032400e+01 -2.304849e+00 -5.280163e+00 -1.355424e+00 -7.960289e+00 1.851944e+01 5.852976e-01 4.935655e-01 6.522557e-01 -4.728083e-01 -1.082341e+00 -9.979935e-01 -5.817651e-01 -2.733930e-01 -8.776455e-02 1.022236e-01 -1.189793e-01 -5.840635e-01 4.032081e-01 -2.377228e-01 -2.631449e-01 -4.276088e-01 3.350418e-01 3.093386e-01 2.577131e-01 2.619583e-01 1.379550e-01 -4.001040e-02 -1.291067e-02 1.602153e-01 2.226224e-01 -1.546287e-01
<VARIANCE> 39
 8.071886e+00 8.141235e+00 1.536215e+01 2.171329e+01 4.157554e+01 2.547456e+01 2.901873e+01 2.647948e+01 3.183234e+01 5.450707e+01 4.586026e+01 4.972106e+01 1.100895e+00 5.857131e-01 5.161886e-01 8.331767e-01 1.347147e+00 1.250994e+00 1.216724e+00 1.410272e+00 1.441540e+00 1.828732e+00 1.937479e+00 2.242269e+00 1.919468e+00 9.378839e-02 7.091469e-02 4.912233e-02 9.258442e-02 1.208134e-01 1.819969e-01 1.583523e-01 1.861582e-01 1.891481e-01 1.940151e-01 2.455000e-01 2.964901e-01 2.143767e-01 5.618853e-03
<GCONST> 8.294789e+01
<STATE> 4
<MEAN> 39
 -3.384806e+00 -5.546547e-01 -3.408870e-01 -1.231222e+01 -6.230303e+00 -1.047943e+01 -5.490715e+00 -1.004797e+01 -3.231353e+00 -5.287655e+00 1.699361e-01 -6.945434e+00 1.778192e+01 -8.794034e-02 -3.855191e-01 -3.944409e-01 4.500445e-01 4.508820e-01 3.671602e-01 3.776319e-01 1.152966e-01 -1.965762e-02 -1.100737e-02 1.186380e-01 2.759567e-01 -2.169658e-01 -7.054230e-02 -5.628849e-02 -5.020472e-02 -1.511934e-02 5.493768e-02 8.783223e-02 6.092630e-02 3.748747e-02 3.031408e-02 -7.152344e-03 -1.301151e-02 2.367739e-02 -3.111214e-02
<VARIANCE> 39
 7.273252e+00 9.075151e+00 1.270145e+01 2.950458e+01 3.387592e+01 2.675005e+01 3.185473e+01 3.156179e+01 3.808838e+01 4.068454e+01 4.695630e+01 3.805103e+01 2.197196e+00 3.933519e-01 2.978316e-01 5.057945e-01 6.639289e-01 9.898355e-01 1.214717e+00 1.144974e+00 1.202210e+00 1.142022e+00 1.129382e+00 1.217481e+00 1.133309e+00 4.960582e-02 3.640696e-02 3.842996e-02 6.044369e-02 9.351030e-02 1.308885e-01 1.626433e-01 1.461504e-01 1.739656e-01 1.718557e-01 1.724459e-01 1.697515e-01 1.603182e-01 5.029444e-03
<GCONST> 7.429330e+01
<TRANSP> 5
 0.000000e+00 1.000000e+00 0.000000e+00 0.000000e+00 0.000000e+00
 0.000000e+00 8.394792e-01 1.605208e-01 0.000000e+00 0.000000e+00
 0.000000e+00 0.000000e+00 7.059506e-01 2.940494e-01 0.000000e+00
 0.000000e+00 0.000000e+00 0.000000e+00 9.252235e-01 7.477646e-02
 0.000000e+00 0.000000e+00 0.000000e+00 0.000000e+00 0.000000e+00
<ENDHMM>
~h "nine"
<BEGINHMM>
<NUMSTATES> 5
<STATE> 2
<MEAN> 39
 -3.889211e+00 -2.581300e+00 -8.814622e-01 -9.474414e+00 -2.311076e+00 -7.353498e+00 -2.419309e+00 -1.110769e+01 -6.101574e+00 -8.172399e+00 -3.164351e+00 -8.287111e+00 1.725251e+01 3.325393e-02 -1.995833e-01 -6.685732e-02 2.212287e-01 -5.526161e-01 3.858767e-02 3.835391e-01 -2.280313e-01 -1.827074e-01 -1.941252e-01 -3.475447e-01 -3.144174e-01 2.745751e-01 -1.149235e-01 -2.776102e-01 -2.004807e-01 8.821031e-02 -6.134297e-02 1.093941e-01 1.505730e-01 4.787147e-02 9.300768e-02 -4.329335e-03 8.832626e-02 7.245731e-02 -2.009277e-03
<VARIANCE> 39
 7.359272e+00 1.407632e+01 1.359706e+01 1.350834e+01 2.661696e+01 2.431457e+01 2.981717e+01 2.604476e+01 3.348930e+01 3.014769e+01 2.921049e+01 3.072174e+01 1.951388e+00 5.794446e-01 1.592450e+00 1.225254e+00 8.182725e-01 1.291680e+00 1.351105e+00 1.990077e+00 1.376227e+00 1.582049e+00 1.154124e+00 1.288934e+00 9.928310e-01 5.179239e-02 5.661780e-02 1.540727e-01 1.304461e-01 1.375003e-01 2.103146e-01 1.942170e-01 2.480223e-01 1.910741e-01 1.810002e-01 1.592999e-01 2.035519e-01 1.582439e-01 5.530126e-03
<GCONST> 8.122928e+01
<STATE> 3
<MEAN> 39
 -5.333880e+00 -8.912081e+00 -5.401892e+00 -5.423157e+00 -5.196108e+00 -6.596299e+00 1.208028e+00 -1.106630e+01 -4.750114e+00 -8.964137e+00 -2.557028e+00 -7.231166e+00 1.869111e+01 -2.379637e-01 -8.458453e-01 -3.341440e-01 7.194549e-01 -1.305346e-01 1.611158e-01 2.389329e-01 -6.445263e-02 2.432084e-02 -1.115932e-01 2.250619e-01 5.412442e-02 7.465106e-02 3.844139e-02 1.687015e-01 1.440059e-01 -8.387159e-02 6.135607e-02 -4.993230e-02 -1.134386e-01 1.020755e-02 -6.310610e-03 5.383182e-02 1.217023e-02 -1.591808e-02 -2.890555e-02
<VARIANCE> 39
 9.494741e+00 2.225349e+01 2.604225e+01 2.761085e+01 2.360744e+01 3.212264e+01 3.344939e+01 3.119332e+01 5.838806e+01 4.394743e+01 3.000611e+01 3.105524e+01 8.348665e-01 1.959458e-01 8.792958e-01 7.686235e-01 1.071223e+00 7.877079e-01 9.475163e-01 8.711456e-01 8.086951e-01 9.700325e-01 9.447691e-01 6.914851e-01 5.966263e-01 1.349239e-02 2.866115e-02 9.542318e-02 6.720986e-02 1.456775e-01 1.414808e-01 1.488512e-01 1.444073e-01 1.299656e-01 1.491211e-01 1.268376e-01 1.140756e-01 8.203162e-02 1.046096e-03
<GCONST> 6.995653e+01
<STATE> 4
<MEAN> 39
 -5.818677e+00 -6.749506e+00 -2.565435e+00 -7.104895e+00 -3.260152e+00 -4.663553e+00 -1.112495e+00 -1.113005e+01 -4.857653e+00 -8.946644e+00 -2.983470e+00 -7.762937e+00 1.805604e+01 1.759086e-02 3.682401e-01 1.356803e-01 -3.098976e-01 2.377183e-01 6.337778e-02 -2.043077e-01 8.014150e-02 9.873519e-02 8.784588e-02 5.164994e-02 1.309381e-01 -1.110340e-01 -6.599599e-03 -1.333898e-03 -3.157989e-02 -2.397132e-02 1.419077e-02 3.562554e-03 6.941631e-03 2.452833e-02 7.940081e-03 8.941563e-03 2.056221e-02 1.905652e-02 -1.508574e-02
<VARIANCE> 39
 8.898276e+00 3.220570e+01 1.658757e+01 4.554550e+01 2.899585e+01 3.138608e+01 3.659423e+01 3.222249e+01 4.417542e+01 3.789647e+01 2.817093e+01 3.404426e+01 1.319990e+00 2.830939e-01 8.497857e-01 5.214461e-01 1.312958e+00 9.094955e-01 1.152621e+00 1.003292e+00 9.032834e-01 1.198017e+00 8.913195e-01 8.887683e-01 8.413933e-01 1.950272e-02 3.454224e-02 7.967333e-02 6.424844e-02 1.423989e-01 1.218279e-01 1.593543e-01 1.380355e-01 1.342358e-01 1.656461e-01 1.356636e-01 1.235763e-01 1.154182e-01 1.167715e-03
<GCONST> 7.308022e+01
<TRANSP> 5
 0.000000e+00 1.000000e+00 0.000000e+00 0.000000e+00 0.000000e+00
 0.000000e+00 8.285277e-01 1.714723e-01 0.000000e+00 0.000000e+00
 0.000000e+00 0.000000e+00 8.447064e-01 1.552936e-01 0.000000e+00
 0.000000e+00 0.000000e+00 0.000000e+00 9.461218e-01 5.387820e-02
 0.000000e+00 0.000000e+00 0.000000e+00 0.000000e+00 0.000000e+00
<ENDHMM>
~h "five"
<BEGINHMM>
<NUMSTATES> 5
<STATE> 2
<MEAN> 39
 -4.209978e+00 -1.062469e+01 -1.001448e+01 -8.939415e+00 2.614611e-01 -8.090739e+00 -5.846477e-02 -4.557337e+00 -5.040501e+00 -8.141250e+00 -1.971123e+00 -4.630195e+00 1.757943e+01 4.846130e-01 -1.235954e+00 -8.699573e-01 7.750498e-01 5.857245e-01 -7.116079e-01 3.951293e-01 3.910651e-01 -9.159610e-01 -3.235914e-01 -4.083158e-01 3.998281e-02 5.998601e-01 -1.785529e-01 -2.765223e-02 1.744057e-01 1.480546e-01 2.232640e-02 9.297381e-02 6.843776e-02 -2.245506e-01 1.467350e-02 1.675298e-01 1.651855e-01 4.046525e-02 -5.148540e-02
<VARIANCE> 39
 1.191883e+01 1.590787e+01 2.437188e+01 1.226470e+01 1.742144e+01 1.987494e+01 2.403485e+01 5.176189e+01 2.760267e+01 2.497426e+01 2.474247e+01 1.916145e+01 5.136910e+00 6.605749e-01 6.122220e-01 9.407213e-01 9.175014e-01 7.779848e-01 8.851798e-01 1.011316e+00 1.877984e+00 1.498819e+00 1.428414e+00 1.192576e+00 1.041362e+00 1.168420e-01 1.198989e-01 1.138106e-01 1.837597e-01 1.075642e-01 1.313681e-01 1.495820e-01 1.397855e-01 3.336273e-01 2.497296e-01 1.761356e-01 1.864821e-01 1.428422e-01 3.340286e-02
<GCONST> 8.261453e+01
<STATE> 3
<MEAN> 39
 -4.799792e+00 -1.480741e+01 -1.270525e+01 -4.151749e+00 2.870717e+00 -1.057417e+01 1.132664e+00 -4.551183e+00 -8.730916e+00 -9.475389e+00 -1.576257e+00 -3.598895e+00 1.942569e+01 -3.113908e-01 -3.272530e-01 5.071664e-01 4.139767e-01 -9.837012e-02 9.963553e-02 3.306720e-01 -4.279536e-01 -2.940005e-01 4.803475e-01 5.133149e-01 -8.660898e-02 1.921801e-02 -1.016971e-02 1.654830e-01 1.554023e-01 -1.887570e-01 -1.575756e-01 1.271093e-01 -4.441820e-02 -2.419799e-02 1.205521e-01 8.371799e-02 -1.168373e-02 -8.506701e-02 -5.610234e-02
<VARIANCE> 39
 8.174043e+00 8.901278e+00 1.671859e+01 1.601416e+01 1.844029e+01 1.596915e+01 2.161645e+01 3.469027e+01 3.003598e+01 3.341038e+01 2.700169e+01 2.916441e+01 1.138037e+00 1.400522e-01 2.448501e-01 3.105096e-01 5.841617e-01 5.482371e-01 4.664215e-01 4.641918e-01 6.499044e-01 9.436508e-01 7.286131e-01 5.071239e-01 5.622361e-01 1.936065e-02 2.883378e-02 4.504504e-02 4.842568e-02 5.913090e-02 6.057043e-02 6.309900e-02 7.881133e-02 8.625314e-02 1.148603e-01 1.013901e-01 7.876597e-02 9.286176e-02 5.851616e-03
<GCONST> 5.678090e+01
<STATE> 4
<MEAN> 39
 -5.975224e+00 -1.304280e+01 -5.060959e+00 -7.574726e+00 -6.886432e-01 -5.924500e+00 2.773513e+00 -9.249998e+00 -5.386001e+00 -3.922070e+00 -8.210976e-01 -5.162899e+00 1.848132e+01 -5.034043e-02 5.809401e-01 3.865951e-01 -5.307673e-01 -2.947138e-01 4.219477e-01 -1.366359e-01 -1.307114e-01 3.173757e-01 3.711116e-02 -1.227038e-01 -3.223757e-02 -1.502245e-01 1.322056e-02 5.938911e-02 -5.330225e-02 -2.731278e-02 2.003655e-02 -2.019887e-02 -3.761865e-02 4.833546e-02 3.540613e-02 -6.890152e-02 -9.258223e-03 2.251782e-02 -2.102370e-02
<VARIANCE> 39
 8.549846e+00 2.730538e+01 1.380019e+01 4.772923e+01 2.607399e+01 2.850540e+01 1.937099e+01 3.352902e+01 5.509476e+01 3.281453e+01 2.724870e+01 2.424339e+01 1.820635e+00 1.714216e-01 5.180836e-01 4.216892e-01 1.585167e+00 9.196934e-01 9.377140e-01 6.614048e-01 9.151121e-01 9.407526e-01 1.013887e+00 9.052868e-01 6.790864e-01 3.341500e-02 2.409183e-02 6.430172e-02 4.798109e-02 1.695701e-01 1.020028e-01 1.283132e-01 1.004398e-01 1.190080e-01 1.327961e-01 1.224508e-01 1.326259e-01 9.739636e-02 2.388076e-03
<GCONST> 6.934348e+01
<TRANSP> 5
 0.000000e+00 1.000000e+00 0.000000e+00 0.000000e+00 0.000000e+00
 0.000000e+00 7.954750e-01 2.045250e-01 0.000000e+00 0.000000e+00
 0.000000e+00 0.000000e+00 8.073624e-01 1.926377e-01 0.000000e+00
 0.000000e+00 0.000000e+00 0.000000e+00 9.255881e-01 7.441180e-02
 0.000000e+00 0.000000e+00 0.000000e+00 0.000000e+00 0.000000e+00
<ENDHMM>
~h "four"
<BEGINHMM>
<NUMSTATES> 5
<STATE> 2
<MEAN> 39
 -2.672000e+00 -5.086010e+00 -8.436583e+00 -1.254564e+01 -2.472962e+00 -6.878203e+00 -3.061761e+00 -9.001468e+00 -1.476929e+00 -4.733959e+00 1.326850e-01 -5.838548e+00 1.693497e+01 1.631245e+00 5.628189e-01 -1.197511e+00 -1.141432e+00 -3.290138e-01 -3.116077e-01 -5.650442e-01 -1.424512e-01 1.672367e-01 3.205866e-01 -2.671121e-01 -5.759570e-01 6.890085e-01 -3.636173e-02 -1.331557e-02 -6.597664e-02 -6.939439e-02 5.710460e-03 1.199866e-01 8.986417e-02 4.973305e-02 -3.157651e-02 -3.830433e-03 2.552293e-02 1.598505e-02 -6.207108e-03
<VARIANCE> 39
 2.249282e+01 8.770214e+00 1.703898e+01 1.782294e+01 1.360743e+01 1.575319e+01 1.689194e+01 1.404601e+01 1.785802e+01 1.845125e+01 2.925157e+01 2.682771e+01 3.524348e+00 4.897938e-01 4.601087e-01 5.995815e-01 7.991390e-01 8.834373e-01 9.271582e-01 8.018804e-01 8.699657e-01 1.075935e+00 1.237767e+00 1.777758e+00 1.645846e+00 5.963483e-02 1.810656e-01 6.633857e-02 1.444024e-01 1.385661e-01 1.007630e-01 1.559209e-01 1.512334e-01 1.348634e-01 1.561456e-01 1.717842e-01 2.153696e-01 2.205636e-01 2.498032e-02
<GCONST> 7.625801e+01
<STATE> 3
<MEAN> 39
 1.697935e+00 -2.956880e+00 -1.230500e+01 -1.767167e+01 -4.446182e+00 -5.894547e+00 -2.751895e+00 -9.015958e+00 -1.918290e+00 -3.719824e+00 1.123738e+00 -6.230190e+00 1.908220e+01 1.253246e-01 -1.675101e-01 -1.966135e-01 -4.038225e-02 6.922314e-02 1.384443e-01 -9.929082e-02 1.291358e-01 2.576616e-01 8.744250e-02 -7.192017e-02 -1.069376e-01 6.799312e-02 -1.520372e-01 -1.730745e-01 1.373000e-01 2.612684e-01 8.913074e-02 -5.433201e-02 -4.065388e-02 9.725920e-02 1.101002e-01 -5.815251e-02 -9.109916e-02 4.413586e-03 -6.353541e-02
<VARIANCE> 39
 4.035973e+00 9.067197e+00 8.370903e+00 1.347154e+01 2.369257e+01 1.535604e+01 1.629031e+01 1.548029e+01 2.236307e+01 2.465637e+01 3.886304e+01 3.970739e+01 9.712319e-01 1.783419e-01 4.960832e-01 4.833374e-01 6.855912e-01 8.520131e-01 6.071756e-01 9.020039e-01 7.908936e-01 1.117585e+00 1.017763e+00 1.109163e+00 1.091611e+00 3.465947e-02 4.648539e-02 4.208134e-02 1.000208e-01 7.668513e-02 1.166068e-01 1.196494e-01 1.322997e-01 1.294690e-01 1.705587e-01 1.836398e-01 1.875948e-01 1.816303e-01 7.121069e-03
<GCONST> 6.625184e+01
<STATE> 4
<MEAN> 39
 -4.687114e-01 -8.742803e+00 -8.583602e+00 -1.063407e+01 -3.904087e+00 -7.305357e+00 -2.520344e+00 -6.042363e+00 -2.256635e-01 -6.660511e+00 -2.962403e+00 -7.338139e+00 1.818867e+01 -4.967842e-01 -1.801636e-01 6.804332e-01 6.241087e-01 -9.534696e-02 -4.511574e-02 3.216681e-01 6.401394e-02 -1.885489e-01 -2.949058e-01 -4.641145e-02 2.261633e-01 -2.119067e-01 -5.584512e-02 8.668930e-02 2.815986e-02 -7.559916e-02 -2.340513e-02 6.476275e-02 7.725486e-02 -8.053009e-02 -1.053160e-01 2.810974e-02 1.060544e-01 5.091846e-02 -2.835330e-02
<VARIANCE> 39
 9.833941e+00 2.289715e+01 2.794840e+01 2.666859e+01 3.315826e+01 2.930979e+01 3.011309e+01 3.988494e+01 4.196747e+01 3.436753e+01 3.392890e+01 3.020277e+01 2.257885e+00 2.454846e-01 1.367219e+00 9.454458e-01 1.262519e+00 1.982585e+00 1.634185e+00 1.578474e+00 2.202871e+00 2.031761e+00 1.599872e+00 1.786612e+00 1.129415e+00 5.407079e-02 2.901776e-02 1.350580e-01 1.480741e-01 1.475762e-01 3.006103e-01 2.361424e-01 2.694886e-01 3.213971e-01 3.063689e-01 2.541311e-01 2.751952e-01 1.930770e-01 4.072352e-03
<GCONST> 8.772087e+01
<TRANSP> 5
 0.000000e+00 1.000000e+00 0.000000e+00 0.000000e+00 0.000000e+00
 0.000000e+00 7.590356e-01 2.409643e-01 0.000000e+00 0.000000e+00
 0.000000e+00 0.000000e+00 8.675263e-01 1.324737e-01 0.000000e+00
 0.000000e+00 0.000000e+00 0.000000e+00 9.129472e-01 8.705284e-02
 0.000000e+00 0.000000e+00 0.000000e+00 0.000000e+00 0.000000e+00
<ENDHMM>
~h "zero"
<BEGINHMM>
<NUMSTATES> 5
<STATE> 2
<MEAN> 39
 -6.439744e+00 1.372573e+00 -4.651914e-01 -1.490358e+01 -5.338446e+00 -9.487173e+00 -4.717142e+00 -8.836775e+00 -1.171716e+00 -3.802283e+00 2.195992e-01 -5.935036e+00 1.774567e+01 1.856223e-01 -8.260234e-02 7.465861e-01 -8.476815e-01 -9.121562e-01 -1.544876e-01 -2.306048e-01 9.958018e-02 3.967021e-01 6.853715e-03 6.459390e-02 -2.341627e-01 2.836396e-01 7.104382e-02 -3.177490e-01 -6.235972e-02 2.393452e-01 -1.174479e-01 2.431496e-01 1.632684e-01 4.004993e-02 3.228247e-03 -7.357405e-02 4.006434e-03 9.068607e-04 -4.985412e-02
<VARIANCE> 39
 7.024045e+00 1.391036e+01 1.893527e+01 3.687628e+01 4.235213e+01 3.384263e+01 3.353556e+01 3.697252e+01 3.683589e+01 3.200056e+01 3.354991e+01 4.985754e+01 2.455324e+00 4.168651e-01 1.668278e+00 8.744922e-01 1.625612e+00 1.639275e+00 2.615390e+00 1.449905e+00 1.572356e+00 1.451181e+00 1.332696e+00 1.153433e+00 1.382125e+00 7.819990e-02 6.078456e-02 1.264406e-01 1.467851e-01 2.691429e-01 1.861436e-01 3.432930e-01 2.535942e-01 2.427531e-01 2.391181e-01 1.874567e-01 1.791791e-01 2.448474e-01 9.844881e-03
<GCONST> 8.894662e+01
<STATE> 3
<MEAN> 39
 -3.354058e+00 -5.701602e+00 2.048917e+00 -1.407832e+01 -1.357644e+01 -6.574154e+00 -2.114851e+00 -8.198510e+00 1.028657e+00 -4.073281e+00 5.009410e-01 -6.395648e+00 1.860435e+01 6.142282e-01 -1.424720e+00 -3.309459e-01 1.174984e+00 -9.212546e-01 1.515866e-02 1.096056e+00 2.552108e-01 2.761279e-02 -1.649124e-01 -1.382213e-01 1.437149e-01 1.373083e-02 -4.301000e-02 9.579284e-02 -2.322086e-01 5.113043e-02 3.195570e-01 -2.058456e-01 3.957326e-02 1.269328e-01 -1.191659e-01 -1.578566e-02 -5.914480e-02 4.071216e-02 -1.004329e-02
<VARIANCE> 39
 6.529869e+00 2.463800e+01 1.351913e+01 4.609330e+01 7.440662e+01 5.543291e+01 2.831244e+01 4.130756e+01 2.062003e+01 2.186743e+01 2.598861e+01 3.777966e+01 1.263706e+00 2.968754e-01 4.866638e-01 7.226356e-01 1.668437e+00 1.690629e+00 2.687577e+00 1.212288e+00 1.619980e+00 1.101345e+00 7.520048e-01 8.099887e-01 9.474252e-01 1.237059e-02 3.477263e-02 6.500293e-02 9.009488e-02 2.558400e-01 2.826273e-01 3.194714e-01 2.187803e-01 2.066689e-01 1.533868e-01 1.190781e-01 1.338115e-01 1.352983e-01 2.167676e-03
<GCONST> 7.790004e+01
<STATE> 4
<MEAN> 39
 -1.593140e+00 -9.794180e+00 -5.401332e+00 -9.750575e+00 -7.981611e+00 -8.370413e+00 -8.095443e-02 -3.832911e+00 -2.791698e-01 -6.887346e+00 -1.158830e+00 -5.836071e+00 1.839006e+01 -1.071356e-01 2.032407e-01 -3.317745e-01 5.087095e-02 7.872524e-01 1.164490e-01 -1.451814e-01 -2.374033e-02 -1.529789e-01 -8.465135e-02 8.547857e-03 3.948536e-02 -1.312588e-01 -6.920223e-02 7.045376e-02 6.718905e-02 -4.850675e-02 2.364312e-02 7.189498e-02 -3.193833e-02 -8.974057e-02 -1.213431e-02 2.907576e-02 3.294165e-02 4.698317e-03 -2.418240e-02
<VARIANCE> 39
 6.468427e+00 2.231832e+01 2.196255e+01 2.397535e+01 5.327214e+01 4.852101e+01 3.990985e+01 3.477161e+01 4.634886e+01 3.667616e+01 2.464138e+01 3.173315e+01 1.663141e+00 2.754669e-01 6.567917e-01 8.283160e-01 7.805509e-01 1.125008e+00 1.772596e+00 1.446859e+00 1.883938e+00 1.711548e+00 1.547938e+00 1.103504e+00 9.925126e-01 4.465618e-02 2.793313e-02 5.738748e-02 8.177130e-02 9.984898e-02 1.538015e-01 2.276494e-01 2.067062e-01 2.079699e-01 2.302815e-01 2.070036e-01 1.502881e-01 1.404188e-01 2.565095e-03
<GCONST> 7.951106e+01
<TRANSP> 5
 0.000000e+00 1.000000e+00 0.000000e+00 0.000000e+00 0.000000e+00
 0.000000e+00 8.642021e-01 1.357978e-01 0.000000e+00 0.000000e+00
 0.000000e+00 0.000000e+00 8.154327e-01 1.845673e-01 0.000000e+00
 0.000000e+00 0.000000e+00 0.000000e+00 9.382886e-01 6.171145e-02
 0.000000e+00 0.000000e+00 0.000000e+00 0.000000e+00 0.000000e+00
<ENDHMM>
