~o
<STREAMINFO> 1 39
<VECSIZE> 39<NULLD><MFCC_E_D_A><DIAGC>
~s "silst"
<MEAN> 39
 -5.072704e+00 -3.728553e+00 -3.210145e+00 -8.850662e+00 -1.265110e+00 -5.775084e+00 -1.839285e+00 -9.466230e+00 -3.498518e+00 -6.427533e+00 -3.764361e-01 -5.642265e+00 1.586308e+01 -6.620139e-01 -4.388653e-01 -4.499341e-01 1.676566e-01 3.066233e-01 7.027707e-01 3.726246e-01 1.053656e-01 1.428317e-01 1.492718e-01 3.341597e-01 3.719059e-01 -3.624949e-01 -2.702133e-02 -7.131732e-02 -1.090474e-01 -1.263076e-01 -9.483124e-02 -7.005683e-02 1.476453e-03 7.315738e-02 3.760674e-02 9.171178e-03 -1.474841e-02 4.217905e-03 2.624447e-02
<VARIANCE> 39
 1.123316e+01 1.079806e+01 1.339669e+01 1.345174e+01 2.085012e+01 2.474270e+01 2.386507e+01 2.483715e+01 2.797655e+01 2.739686e+01 2.587344e+01 2.368801e+01 2.030595e+00 3.764170e-01 7.423526e-01 8.216817e-01 8.128173e-01 1.147151e+00 1.289619e+00 1.257176e+00 1.301972e+00 1.409464e+00 1.275561e+00 1.247959e+00 1.115804e+00 5.128561e-02 6.992498e-02 9.957445e-02 1.068161e-01 1.141787e-01 1.571074e-01 2.202608e-01 1.942715e-01 1.872777e-01 2.098074e-01 1.848644e-01 1.822262e-01 1.530782e-01 9.205507e-03
<GCONST> 7.765339e+01
~h "eight"
<BEGINHMM>
<NUMSTATES> 5
<STATE> 2
<MEAN> 39
 -8.237815e+00 -2.945314e+00 -5.894126e+00 -1.825360e+01 1.986974e-01 -4.928082e+00 8.446918e-01 -6.786880e+00 -1.611508e+00 -7.443689e+00 -1.714364e+00 -5.739214e+00 1.741389e+01 -1.678158e-01 1.034635e+00 -9.347382e-02 -1.062389e+00 -5.461342e-02 -5.939728e-01 8.757153e-02 4.672683e-01 3.867414e-01 -3.171381e-03 -1.775167e-01 -2.405148e-01 3.312699e-01 2.903478e-02 8.831798e-02 6.114816e-03 1.412062e-01 -6.221894e-02 -1.924586e-01 -8.404654e-02 -2.051295e-02 2.516315e-02 9.322677e-02 1.132538e-01 3.352190e-04 -1.732604e-02
<VARIANCE> 39
 7.949394e+00 2.040925e+01 1.879306e+01 3.166418e+01 4.173169e+01 2.218459e+01 2.472093e+01 2.260967e+01 3.073024e+01 2.337245e+01 2.471486e+01 2.555917e+01 3.274593e+00 3.446357e-01 7.458125e-01 6.552618e-01 1.291484e+00 1.206952e+00 1.365858e+00 1.442737e+00 9.947672e-01 1.343837e+00 1.121971e+00 1.077714e+00 9.597467e-01 1.028178e-01 4.175805e-02 8.005323e-02 7.511325e-02 1.948840e-01 1.368975e-01 1.679668e-01 1.479721e-01 1.685226e-01 2.267804e-01 1.628195e-01 1.705205e-01 1.468475e-01 1.295685e-02
<GCONST> 7.930708e+01
<STATE> 3
<MEAN> 39
 -8.382951e+00 5.820634e+00 -5.490323e+00 -1.913617e+01 -2.900658e+00 -1.384956e+01 -1.713328e+00 -6.043730e+00 7.064213e-01 -4.000195e+00 7.855403e-01 -5.670853e+00 1.853778e+01 1.057603e-01 4.747191e-01 2.042780e-01 8.367777e-01 -1.642589e-03 -9.050656e-01 -6.069531e-01 -8.206045e-01 -3.780898e-01 3.058760e-01 4.516910e-01 2.255775e-01 -7.644272e-02 4.941570e-02 -2.875346e-01 2.171350e-02 1.854469e-01 8.754891e-02 2.824499e-01 2.480028e-02 -1.505177e-01 -1.929229e-01 -1.432032e-01 -7.404064e-02 3.573322e-02 -6.236885e-02
<VARIANCE> 39
 9.996728e+00 1.136715e+01 2.478749e+01 2.674648e+01 2.081018e+01 2.349877e+01 5.649307e+01 2.744315e+01 3.007088e+01 2.196881e+01 3.284225e+01 2.509725e+01 1.483262e+00 1.840947e-01 5.299994e-01 2.631698e-01 6.281479e-01 8.145880e-01 1.035956e+00 7.486235e-01 8.181584e-01 1.756943e+00 1.036046e+00 1.194729e+00 8.535956e-01 2.605672e-02 2.779658e-02 7.198394e-02 4.960727e-02 9.977806e-02 8.142904e-02 1.544408e-01 1.416233e-01 1.365699e-01 1.699013e-01 1.390521e-01 1.856265e-01 1.369943e-01 3.405598e-03
<GCONST> 6.928783e+01
<STATE> 4
<MEAN> 39
 -6.945478e+00 8.611957e-01 -4.079114e+00 -1.210926e+01 -1.148624e+00 -1.149188e+01 -4.007758e+00 -1.161193e+01 -4.493718e+00 -5.798573e+00 8.124381e-01 -4.536335e+00 1.646723e+01 2.053061e-01 -1.874654e+00 -1.479536e-02 8.737940e-01 2.146827e-01 1.631070e+00 3.425974e-01 8.849742e-03 -3.013816e-01 -3.857393e-01 -1.332871e-01 9.924319e-02 -4.728496e-01 -7.428055e-02 -7.876605e-02 -1.003690e-01 -1.371651e-01 -5.012071e-02 1.352567e-01 1.878462e-01 2.694269e-01 2.100119e-01 7.124790e-02 2.589610e-02 -3.139393e-02 -2.283314e-03
<VARIANCE> 39
 5.961449e+00 3.358987e+01 1.467638e+01 1.898512e+01 1.598822e+01 3.844431e+01 3.239013e+01 2.436213e+01 3.848333e+01 2.710923e+01 2.537954e+01 2.383385e+01 2.789727e+00 3.575613e-01 7.240532e-01 6.247304e-01 1.037459e+00 6.533852e-01 1.219033e+00 1.764966e+00 1.478643e+00 2.038388e+00 1.217279e+00 1.378128e+00 1.140384e+00 3.521154e-02 4.196507e-02 2.612868e-01 7.001611e-02 1.182423e-01 9.668841e-02 3.313887e-01 1.824958e-01 1.974044e-01 2.948126e-01 1.772855e-01 1.973110e-01 1.937235e-01 1.075400e-02
<GCONST> 8.022132e+01
<TRANSP> 5
 0.000000e+00 1.000000e+00 0.000000e+00 0.000000e+00 0.000000e+00
 0.000000e+00 8.684208e-01 1.315792e-01 0.000000e+00 0.000000e+00
 0.000000e+00 0.000000e+00 8.568526e-01 1.431475e-01 0.000000e+00
 0.000000e+00 0.000000e+00 0.000000e+00 8.206388e-01 1.793611e-01
 0.000000e+00 0.000000e+00 0.000000e+00 0.000000e+00 0.000000e+00
<ENDHMM>
~h "oh"
<BEGINHMM>
<NUMSTATES> 5
<STATE> 2
<MEAN> 39
 -4.369010e+00 -1.037253e+01 -8.320001e+00 -8.591455e+00 -2.637792e+00 -7.657258e+00 3.568488e+00 -7.379354e+00 -5.229753e+00 -7.117720e+00 -2.438058e+00 -5.426337e+00 1.781746e+01 5.458456e-01 -2.067713e-01 -6.073053e-01 1.661935e-01 9.130409e-02 -6.963087e-01 1.443552e-01 7.346124e-01 -1.554555e-02 -4.297675e-01 -4.115799e-01 -1.520176e-01 3.523199e-01 1.025833e-02 1.035680e-01 1.952001e-03 -5.219413e-02 3.796238e-02 -1.094071e-02 -1.515214e-01 8.165715e-03 1.327487e-01 2.611524e-02 -9.978072e-03 -2.757495e-02 -2.135787e-02
<VARIANCE> 39
 8.674913e+00 1.234419e+01 1.665843e+01 1.820448e+01 2.295827e+01 2.452953e+01 3.068685e+01 6.476815e+01 3.832483e+01 3.398583e+01 2.705681e+01 3.145432e+01 3.009878e+00 2.973410e-01 5.786073e-01 6.309363e-01 6.410996e-01 6.856527e-01 9.312868e-01 1.330723e+00 1.790996e+00 1.558283e+00 1.263896e+00 1.249386e+00 1.053289e+00 9.558562e-02 3.988831e-02 6.298149e-02 7.495540e-02 7.996793e-02 9.174540e-02 1.302256e-01 1.558789e-01 2.155482e-01 1.874438e-01 1.966496e-01 1.842117e-01 1.403492e-01 1.336879e-02
<GCONST> 7.717864e+01
<STATE> 3
<MEAN> 39
 -5.720354e-01 -8.248053e+00 -1.317495e+01 -9.925564e+00 -7.028002e-01 -1.204458e+01 -7.966635e-01 -7.844931e-01 1.242239e-01 -8.234581e+00 -5.128833e+00 -6.598040e+00 1.903739e+01 2.233454e-01 4.044670e-01 -2.870004e-02 -3.468521e-01 -3.592387e-02 -4.732024e-03 -6.738783e-01 -2.436761e-01 6.657963e-01 6.027041e-01 -3.303217e-02 -3.511769e-01 -9.574161e-03 -4.124621e-02 2.445581e-02 1.010698e-01 -2.069200e-02 -5.712260e-02 9.291205e-02 1.138963e-02 -1.581411e-01 -8.097132e-02 9.186465e-02 1.210916e-01 1.110212e-02 -2.523360e-02
<VARIANCE> 39
 6.095888e+00 8.382413e+00 1.534364e+01 1.468889e+01 1.921220e+01 2.241650e+01 4.166304e+01 3.079767e+01 3.924667e+01 3.571471e+01 3.180498e+01 4.016226e+01 1.215042e+00 8.016694e-02 1.367801e-01 2.626212e-01 2.768568e-01 3.851973e-01 5.151864e-01 7.296221e-01 1.010508e+00 7.301312e-01 8.548563e-01 7.853730e-01 6.995699e-01 1.316836e-02 1.111133e-02 1.421435e-02 3.351235e-02 3.313055e-02 4.700726e-02 6.865969e-02 7.737678e-02 9.584194e-02 1.049796e-01 1.013239e-01 9.155522e-02 8.858788e-02 1.198683e-03
<GCONST> 5.210624e+01
<STATE> 4
<MEAN> 39
 1.809542e-01 -3.750957e+00 -9.942806e+00 -1.348972e+01 -3.316478e+00 -1.007711e+01 -4.951733e+00 -7.356333e+00 1.055459e+00 -2.357892e+00 -1.910501e-01 -7.010980e+00 1.845007e+01 -3.471450e-01 2.893102e-01 8.518285e-01 1.489969e-01 -2.206481e-01 3.707405e-01 2.092799e-01 -5.766454e-01 -5.864682e-01 -1.026253e-01 5.107041e-01 4.125998e-01 -2.302676e-01 -1.310176e-01 -1.053031e-01 5.254431e-02 1.422683e-01 1.059196e-01 8.414849e-02 1.856640e-01 8.551607e-02 -1.058703e-01 -1.827022e-01 -7.794739e-02 8.019008e-02 -4.425640e-02
<VARIANCE> 39
 6.299231e+00 7.056070e+00 1.855714e+01 1.556046e+01 1.888610e+01 2.849675e+01 3.124515e+01 2.746496e+01 3.054236e+01 3.706998e+01 3.963998e+01 3.643808e+01 1.763580e+00 2.380777e-01 3.534748e-01 4.245797e-01 5.874959e-01 6.841412e-01 8.668677e-01 1.173966e+00 1.223257e+00 1.192514e+00 1.307898e+00 1.200920e+00 1.025555e+00 3.034856e-02 2.290599e-02 3.289118e-02 6.522036e-02 6.515054e-02 9.773748e-02 1.568120e-01 1.651324e-01 1.870087e-01 2.023966e-01 1.902915e-01 1.710458e-01 1.627780e-01 2.726590e-03
<GCONST> 6.913808e+01
<TRANSP> 5
 0.000000e+00 1.000000e+00 0.000000e+00 0.000000e+00 0.000000e+00
 0.000000e+00 8.830810e-01 1.169191e-01 0.000000e+00 0.000000e+00
 0.000000e+00 0.000000e+00 8.921144e-01 1.078856e-01 0.000000e+00
 0.000000e+00 0.000000e+00 0.000000e+00 8.561770e-01 1.438230e-01
 0.000000e+00 0.000000e+00 0.000000e+00 0.000000e+00 0.000000e+00
<ENDHMM>
~h "sp"
<BEGINHMM>
<NUMSTATES> 5
<STATE> 2
~s "silst"
<STATE> 3
<MEAN> 39
 -7.707884e+00 -6.474985e+00 -6.099833e+00 -9.709406e+00 -1.334076e+00 -4.071695e+00 -6.341662e-01 -8.568585e+00 -2.837278e+00 -5.610385e+00 9.602325e-01 -4.089986e+00 1.480028e+01 -9.991504e-02 -1.833571e-02 -1.137227e-01 -5.642915e-03 -2.991657e-02 3.009963e-02 -6.596762e-03 3.527084e-02 2.964259e-03 2.058848e-02 3.531242e-02 4.041428e-02 -1.372729e-02 6.150798e-02 8.264774e-02 6.162285e-02 -1.136642e-02 -9.662085e-03 -5.719094e-02 -4.144682e-02 -1.855959e-02 -9.277413e-03 -1.623925e-02 -3.377531e-02 -3.257143e-02 4.436531e-02
<VARIANCE> 39
 5.195328e+00 5.804022e+00 8.367869e+00 1.000209e+01 1.421346e+01 1.533661e+01 1.546106e+01 1.657176e+01 1.760982e+01 1.634966e+01 1.593483e+01 1.371931e+01 1.090918e+00 1.560799e-01 2.338534e-01 3.574523e-01 4.283389e-01 5.670886e-01 6.773919e-01 6.515848e-01 7.187186e-01 7.409056e-01 6.608738e-01 6.507172e-01 5.695892e-01 7.411506e-03 3.306064e-02 5.308144e-02 7.088862e-02 9.033906e-02 1.138361e-01 1.432623e-01 1.321104e-01 1.439335e-01 1.467516e-01 1.252116e-01 1.241418e-01 1.145326e-01 4.109440e-03
<GCONST> 5.484521e+01
<STATE> 4
<MEAN> 39
 -8.553699e+00 -4.936319e+00 -6.268968e+00 -8.993863e+00 -2.033230e+00 -3.799076e+00 -1.073895e+00 -8.417568e+00 -2.905522e+00 -5.481143e+00 6.397860e-01 -4.049816e+00 1.505736e+01 2.763319e-01 1.781605e-01 9.721242e-02 -1.319588e-01 -1.890194e-01 -3.031736e-01 -8.216840e-02 7.411473e-02 -3.631878e-02 -5.238900e-02 -2.025711e-01 -8.187387e-02 2.188425e-01 2.163261e-01 4.370193e-03 6.082333e-02 -1.468312e-01 -1.297527e-01 -2.122908e-01 -6.813890e-03 1.880790e-02 6.924474e-03 -1.759075e-03 -1.014644e-01 -8.324902e-02 1.101425e-01
<VARIANCE> 39
 1.198225e+01 1.157641e+01 1.732970e+01 1.581606e+01 1.930333e+01 1.880104e+01 1.809792e+01 2.027275e+01 2.111822e+01 1.993931e+01 1.873032e+01 1.701739e+01 1.498302e+00 5.884260e-01 5.335719e-01 7.427236e-01 7.906508e-01 9.675648e-01 1.001983e+00 8.528060e-01 1.186620e+00 1.045267e+00 9.261700e-01 9.468202e-01 7.672848e-01 5.337752e-02 7.114495e-02 1.106849e-01 1.693683e-01 1.484056e-01 2.002183e-01 1.926041e-01 1.679834e-01 2.259873e-01 2.042479e-01 1.793996e-01 1.803411e-01 1.550098e-01 9.432584e-03
<GCONST> 7.464009e+01
<TRANSP> 5
 0.000000e+00 8.192390e-01 1.807609e-01 0.000000e+00 0.000000e+00
 0.000000e+00 7.947622e-01 2.052378e-01 0.000000e+00 0.000000e+00
 0.000000e+00 0.000000e+00 8.500261e-01 1.499740e-01 0.000000e+00
 0.000000e+00 0.000000e+00 0.000000e+00 5.804365e-01 4.195636e-01
 0.000000e+00 0.000000e+00 0.000000e+00 0.000000e+00 0.000000e+00
<ENDHMM>
~h "seven"
<BEGINHMM>
<NUMSTATES> 5
<STATE> 2
<MEAN> 39
 -7.515438e+00 -4.380846e+00 -5.948191e+00 -9.757309e+00 -3.664339e+00 -4.915383e+00 -5.407065e-01 -8.204073e+00 -2.376340e+00 -4.348605e+00 -4.150497e-01 -3.920863e+00 1.553686e+01 8.771832e-01 1.083962e-01 6.999789e-01 -1.395297e+00 -1.107147e+00 -8.467720e-01 9.533449e-01 -1.031436e-01 3.662321e-01 9.348495e-03 -7.822991e-01 -6.904884e-01 6.865673e-01 1.269537e-02 -1.140765e-01 -6.876510e-02 -2.477348e-01 -1.681739e-01 8.836653e-02 2.489409e-01 6.200146e-02 -1.341652e-02 -1.414640e-01 -1.660202e-01 -1.486814e-01 1.285771e-01
<VARIANCE> 39
 9.939586e+00 6.275330e+00 1.233967e+01 1.235415e+01 2.001791e+01 2.192881e+01 1.816427e+01 1.884385e+01 1.813621e+01 2.634248e+01 1.793511e+01 1.625183e+01 2.393963e+00 4.601259e-01 4.407375e-01 6.447180e-01 9.572533e-01 1.281641e+00 1.631713e+00 1.347292e+00 1.233675e+00 1.237646e+00 2.354699e+00 1.096114e+00 1.203836e+00 7.176834e-02 8.260855e-02 5.430914e-02 9.801146e-02 1.244262e-01 2.208248e-01 2.100971e-01 1.569657e-01 1.533721e-01 1.609703e-01 1.971573e-01 1.398958e-01 1.859741e-01 1.187718e-02
<GCONST> 7.521148e+01
<STATE> 3
<MEAN> 39
 -5.768378e+00 -7.499553e+00 -5.375008e+00 -1.621521e+01 -6.144195e+00 -4.359893e+00 5.051558e+00 -8.665946e+00 -2.715562e+00 -7.112108e+00 -4.210701e+00 -6.594212e+00 1.904948e+01 1.300391e-01 -3.018180e-01 6.926771e-02 1.555496e-01 4.178387e-02 -3.148341e-02 1.872724e-01 2.620578e-01 -3.494042e-01 -4.109452e-02 -3.211990e-04 -4.567271e-02 7.813887e-02 -1.944022e-02 1.032782e-01 3.857756e-02 3.169627e-01 1.436961e-01 -7.586632e-02 -2.827559e-01 4.913845e-02 -1.701980e-02 3.744503e-02 2.029514e-01 6.443964e-02 -1.362773e-01
<VARIANCE> 39
 9.477441e+00 1.185580e+01 8.975714e+00 1.776442e+01 4.823388e+01 3.850752e+01 3.168446e+01 3.889785e+01 4.869874e+01 5.842945e+01 3.330888e+01 3.289434e+01 1.188724e+00 3.941127e-01 5.723119e-01 4.496797e-01 1.308594e+00 1.493133e+00 1.582055e+00 1.627676e+00 1.046026e+00 1.273883e+00 1.720813e+00 1.746905e+00 1.230542e+00 1.745738e-01 8.136429e-02 8.535549e-02 8.887703e-02 1.109266e-01 2.648467e-01 2.640818e-01 1.734227e-01 1.625633e-01 2.084299e-01 2.425292e-01 2.321409e-01 1.901198e-01 5.533389e-03
<GCONST> 8.329667e+01
<STATE> 4
<MEAN> 39
 -3.258020e+00 -4.146628e+00 -2.041985e+00 -9.796178e+00 -3.965308e+00 -7.898216e+00 -4.591687e-01 -7.893818e+00 -3.869891e+00 -6.627821e+00 -1.620608e+00 -6.940191e+00 1.713532e+01 1.049829e-01 3.678604e-01 2.307454e-01 2.341900e-01 3.761140e-01 -3.337513e-02 -4.254733e-01 -3.491417e-01 3.195171e-02 -6.880646e-02 7.984642e-02 -1.568623e-02 -8.789832e-02 -3.970640e-02 -5.775965e-02 -5.437759e-02 -7.389796e-02 1.594569e-03 1.086611e-01 9.039269e-02 -4.313556e-02 -1.131038e-03 -7.400009e-04 -4.328329e-02 3.122844e-02 1.965017e-02
<VARIANCE> 39
 4.897288e+00 1.044733e+01 1.000232e+01 1.377025e+01 2.821788e+01 3.248609e+01 2.626623e+01 4.099005e+01 3.228213e+01 3.544711e+01 3.234553e+01 2.883603e+01 1.691108e+00 1.922458e-01 4.145423e-01 4.778304e-01 9.057442e-01 1.392888e+00 1.173722e+00 1.648276e+00 1.272245e+00 1.389962e+00 1.389610e+00 1.265044e+00 9.329605e-01 8.938263e-02 3.490318e-02 7.891495e-02 8.611360e-02 1.530953e-01 2.484879e-01 2.056527e-01 2.861596e-01 2.267850e-01 2.302460e-01 2.389660e-01 2.142798e-01 1.482273e-01 1.490789e-02
<GCONST> 7.853259e+01
<TRANSP> 5
 0.000000e+00 1.000000e+00 0.000000e+00 0.000000e+00 0.000000e+00
 0.000000e+00 7.197277e-01 2.802722e-01 0.000000e+00 0.000000e+00
 0.000000e+00 0.000000e+00 8.917214e-01 1.082786e-01 0.000000e+00
 0.000000e+00 0.000000e+00 0.000000e+00 9.307750e-01 6.922499e-02
 0.000000e+00 0.000000e+00 0.000000e+00 0.000000e+00 0.000000e+00
<ENDHMM>
~h "three"
<BEGINHMM>
<NUMSTATES> 5
<STATE> 2
<MEAN> 39
 -3.125603e+00 -6.907397e+00 -4.714904e-01 -8.960495e+00 -1.010983e+01 -1.092302e+01 -1.284995e+00 -8.691667e+00 -1.889589e+00 -5.163236e+00 -3.063395e-01 -5.327989e+00 1.734045e+01 5.152451e-01 -1.700905e-01 9.457144e-01 -2.099812e-01 -1.626892e+00 -1.664594e-01 -2.121459e-01 -2.355336e-01 3.900011e-01 1.011909e-01 -4.475307e-02 -2.399144e-01 3.763738e-01 -1.728588e-01 1.063068e-01 1.546564e-02 -2.885120e-01 1.850843e-01 3.142487e-01 -1.517316e-01 4.391288e-03 9.069187e-02 -1.279762e-02 5.019196e-02 8.551996e-03 -2.923258e-02
<VARIANCE> 39
 1.190522e+01 1.264910e+01 1.650749e+01 2.975405e+01 5.155510e+01 4.906008e+01 2.335242e+01 2.586135e+01 2.812796e+01 2.586685e+01 3.348513e+01 3.182701e+01 2.758348e+00 7.570705e-01 6.589170e-01 8.060465e-01 1.985135e+00 1.889942e+00 3.378469e+00 1.377362e+00 1.540705e+00 1.260638e+00 1.081735e+00 1.379029e+00 1.291204e+00 5.961119e-02 1.154785e-01 1.448316e-01 1.315415e-01 3.051508e-01 4.553180e-01 4.295207e-01 2.885620e-01 2.377410e-01 1.922290e-01 1.828440e-01 1.980726e-01 1.950170e-01 1.013076e-02
<GCONST> 8.934002e+01
<STATE> 3
<MEAN> 39
 -4.855302e+00 -4.035518e+00 5.721495e+00 -1.852589e+01 -1.312990e+01 -4.142095e+00 -8.292485e+00 -9.089854e+00 2.109816e+00 -5.672954e+00 1.225445e+00 -5.876769e+00 1.867869e+01 -8.619343e-01 1.767681e+00 -1.569282e-01 -1.848000e+00 2.280449e+00 5.742272e-02 -1.575628e+00 9.016854e-01 -3.339827e-01 -2.421077e-01 1.381432e-01 1.036306e-02 -1.349930e-02 2.391420e-02 1.591073e-01 -4.763207e-01 4.730441e-01 4.722992e-01 -6.794353e-01 3.798649e-01 1.022217e-01 -3.896559e-01 6.130721e-02 -5.947505e-02 4.307808e-02 -5.680617e-02
<VARIANCE> 39
 7.791066e+00 2.309284e+01 1.103296e+01 3.413015e+01 5.844496e+01 2.879436e+01 4.454166e+01 6.233007e+01 2.453482e+01 2.783943e+01 3.832922e+01 2.949603e+01 1.297872e+00 2.559623e-01 6.258621e-01 1.038523e+00 1.652944e+00 1.549562e+00 3.654174e+00 1.833024e+00 1.456784e+00 1.456433e+00 1.038055e+00 7.424345e-01 8.190384e-01 2.167962e-02 5.384334e-02 1.537081e-01 8.930770e-02 2.689615e-01 4.847972e-01 2.360609e-01 4.294972e-01 3.628722e-01 1.556700e-01 1.517749e-01 1.346439e-01 1.106581e-01 2.314837e-03
<GCONST> 8.291522e+01
<STATE> 4
<MEAN> 39
 -6.779065e+00 4.028504e+00 -1.597874e+00 -1.657442e+01 -1.372158e+00 -1.243068e+01 -5.616256e+00 -8.016781e+00 -3.405003e+00 -4.984710e+00 -2.371885e-01 -6.259271e+00 1.788980e+01 1.288487e-01 -3.192400e-02 -5.908433e-01 9.521059e-01 4.756087e-01 -1.896949e-01 7.098658e-01 -3.547507e-01 -3.327318e-01 -1.145486e-02 -1.978681e-01 1.013846e-03 -1.766012e-01 7.058428e-02 -3.153867e-01 8.905483e-02 1.026927e-01 -2.415196e-01 2.991640e-01 5.443918e-02 -4.832534e-02 1.376852e-01 -2.961274e-02 1.988185e-02 1.138543e-02 -2.598526e-02
<VARIANCE> 39
 7.343357e+00 1.553016e+01 1.649384e+01 3.077267e+01 2.274934e+01 2.628253e+01 4.780937e+01 4.590968e+01 3.213678e+01 4.056366e+01 4.087061e+01 3.671317e+01 1.613530e+00 2.277013e-01 1.414398e+00 6.470990e-01 8.509918e-01 1.295218e+00 2.129648e+00 1.276878e+00 1.480067e+00 1.229727e+00 1.185580e+00 8.408143e-01 8.530512e-01 2.435800e-02 3.716110e-02 9.058022e-02 7.279172e-02 1.708779e-01 1.823618e-01 1.767356e-01 2.207978e-01 2.281419e-01 1.719844e-01 1.637353e-01 1.335514e-01 1.297119e-01 2.614710e-03
<GCONST> 7.787061e+01
<TRANSP> 5
 0.000000e+00 1.000000e+00 0.000000e+00 0.000000e+00 0.000000e+00
 0.000000e+00 8.762109e-01 1.237891e-01 0.000000e+00 0.000000e+00
 0.000000e+00 0.000000e+00 7.836961e-01 2.163038e-01 0.000000e+00
 0.000000e+00 0.000000e+00 0.000000e+00 8.925030e-01 1.074970e-01
 0.000000e+00 0.000000e+00 0.000000e+00 0.000000e+00 0.000000e+00
<ENDHMM>
~h "one"
<BEGINHMM>
<NUMSTATES> 5
<STATE> 2
<MEAN> 39
 -5.746856e-01 -3.780353e+00 -9.272916e+00 -1.281377e+01 -1.655635e+00 -5.564455e+00 -2.021424e+00 -8.864473e+00 -2.705613e+00 -6.730456e+00 -1.544820e+00 -7.287342e+00 1.774283e+01 2.783202e-01 -4.041216e-01 -8.707502e-01 4.567093e-01 4.864858e-01 3.857884e-02 -2.919897e-01 2.270318e-01 2.028613e-01 -3.069571e-01 -3.899029e-01 -2.716368e-01 2.375633e-01 -1.185469e-01 -1.458103e-01 5.398006e-02 2.642129e-01 7.538843e-03 -1.161101e-01 -1.472701e-02 9.362864e-02 -1.112850e-02 -9.037270e-02 1.108984e-02 8.272438e-02 -2.087168e-02
<VARIANCE> 39
 7.615556e+00 9.260337e+00 2.886698e+01 2.285272e+01 2.887621e+01 2.531956e+01 2.281517e+01 2.063640e+01 2.827860e+01 2.393278e+01 2.966855e+01 2.874858e+01 2.277519e+00 4.574692e-01 8.001992e-01 8.736060e-01 2.244541e+00 1.372054e+00 1.442887e+00 1.267052e+00 1.066068e+00 1.134586e+00 1.022328e+00 1.095308e+00 1.044698e+00 4.810090e-02 4.497419e-02 6.149095e-02 1.907673e-01 2.175048e-01 2.626216e-01 2.522313e-01 2.367533e-01 1.810025e-01 2.006931e-01 1.693503e-01 1.888773e-01 1.838853e-01 5.021324e-03
<GCONST> 8.019070e+01
<STATE> 3
<MEAN> 39
 -2.371420e+00 -1.071656e+01 -1.088991e+01 -1.686567e+00 -4.585700e-01 -9.492566e+00 -2.432066e+00 -4.216252e+00 -3.547836e+00 -1.172161e+01 -2.372832e+00 -6.060656e+00 1.853617e+01 -6.081959e-01 -3.715142e-01 1.340474e+00 5.676392e-01 -1.353169e+00 -3.239050e-01 1.194349e+00 -9.327890e-02 -9.226122e-01 -8.905472e-02 5.848655e-01 1.179006e-01 -4.934970e-02 2.398526e-02 3.141596e-01 2.508442e-01 -5.822953e-01 -1.324256e-01 3.763347e-01 8.996420e-02 -4.369420e-01 1.287477e-03 3.795289e-01 4.305292e-02 -1.761294e-01 -2.978086e-02
<VARIANCE> 39
 6.149242e+00 9.615939e+00 1.868216e+01 2.373682e+01 2.706758e+01 1.740598e+01 3.773006e+01 3.145665e+01 4.646415e+01 3.757061e+01 3.385292e+01 3.325993e+01 1.544475e+00 1.545356e-01 5.171213e-01 6.044887e-01 1.837227e+00 7.385061e-01 1.716946e+00 1.006998e+00 2.250540e+00 1.168153e+00 1.866415e+00 1.029404e+00 1.293635e+00 8.485287e-03 2.370402e-02 5.255301e-02 1.009462e-01 1.224088e-01 2.861359e-01 1.528684e-01 3.771262e-01 1.784365e-01 3.362516e-01 2.008500e-01 2.674617e-01 1.683974e-01 8.564006e-04
<GCONST> 7.517400e+01
<STATE> 4
<MEAN> 39
 -4.105506e+00 -5.411779e+00 -1.631602e+00 -8.761567e+00 -4.065145e+00 -5.847740e+00 -1.676719e+00 -1.195065e+01 -4.638300e+00 -8.687998e+00 -2.579509e+00 -8.292019e+00 1.778312e+01 1.523847e-01 9.711205e-01 6.232656e-01 -7.277375e-01 4.294364e-01 -6.820478e-02 -6.318239e-01 -4.425665e-01 8.181532e-02 2.281094e-01 -1.768445e-01 5.137179e-02 -1.278502e-01 4.425510e-02 -6.915552e-02 -2.144301e-01 1.683489e-01 1.605391e-01 -6.930500e-02 -6.722593e-02 1.656944e-01 1.264316e-02 -1.165674e-01 1.056921e-02 7.476179e-02 -5.442190e-03
<VARIANCE> 39
 6.950212e+00 2.325202e+01 1.102166e+01 2.136507e+01 1.959578e+01 4.669351e+01 3.613831e+01 3.530508e+01 4.120538e+01 4.573959e+01 3.324522e+01 3.776680e+01 1.324361e+00 2.758620e-01 6.146020e-01 8.064341e-01 1.206017e+00 9.114292e-01 1.965736e+00 1.137343e+00 1.443140e+00 1.607950e+00 1.540417e+00 9.439871e-01 9.590229e-01 1.267972e-02 4.880709e-02 1.197927e-01 8.191312e-02 1.333391e-01 2.005398e-01 3.082370e-01 2.736272e-01 1.857981e-01 2.297868e-01 2.258689e-01 1.683107e-01 1.674338e-01 1.600535e-03
<GCONST> 7.848159e+01
<TRANSP> 5
 0.000000e+00 1.000000e+00 0.000000e+00 0.000000e+00 0.000000e+00
 0.000000e+00 8.984209e-01 1.015790e-01 0.000000e+00 0.000000e+00
 0.000000e+00 0.000000e+00 8.252084e-01 1.747916e-01 0.000000e+00
 0.000000e+00 0.000000e+00 0.000000e+00 8.840606e-01 1.159394e-01
 0.000000e+00 0.000000e+00 0.000000e+00 0.000000e+00 0.000000e+00
<ENDHMM>
~h "sil"
<BEGINHMM>
<NUMSTATES> 5
<STATE> 2
<MEAN> 39
 -6.789684e+00 -6.745584e+00 -5.116884e+00 -9.093345e+00 2.434844e-02 -3.339762e+00 1.910991e-01 -8.525622e+00 -2.595803e+00 -5.756574e+00 5.588701e-01 -4.315753e+00 1.461751e+01 -3.827553e-02 -2.871030e-03 -5.650581e-03 3.036271e-02 3.849903e-02 2.483655e-02 4.992436e-02 5.678512e-03 -1.780536e-02 5.954367e-03 1.353642e-02 1.028278e-02 -1.237498e-02 -2.551003e-02 -3.288866e-02 -7.301081e-02 -1.102903e-01 -1.235038e-01 -1.216279e-01 -6.346716e-02 -1.077245e-02 -2.436353e-02 1.020696e-02 3.821805e-02 3.166253e-02 1.975526e-03
<VARIANCE> 39
 3.653737e+00 4.372975e+00 6.069721e+00 7.597830e+00 1.185975e+01 1.362782e+01 1.467601e+01 1.636865e+01 1.582253e+01 1.373728e+01 1.580951e+01 1.314257e+01 1.164861e+00 7.938137e-02 1.598305e-01 2.722378e-01 3.732025e-01 4.944112e-01 6.574520e-01 6.832501e-01 7.165395e-01 6.951508e-01 5.767372e-01 6.367854e-01 5.645217e-01 5.075135e-03 1.107188e-02 2.424887e-02 4.070899e-02 5.005334e-02 6.976402e-02 1.006726e-01 1.065827e-01 1.309566e-01 1.119916e-01 9.214740e-02 1.050342e-01 9.899271e-02 6.407424e-04
<GCONST> 4.386300e+01
<STATE> 3
~s "silst"
<STATE> 4
<MEAN> 39
 -7.581269e+00 -7.336102e+00 -6.582758e+00 -1.116504e+01 -2.185127e+00 -5.412264e+00 -9.988968e-01 -8.654889e+00 -2.721187e+00 -5.414380e+00 1.444700e+00 -3.837455e+00 1.448442e+01 -3.308966e-03 7.473910e-03 -2.438932e-02 -2.459338e-02 -4.993804e-02 -1.801333e-02 -6.010458e-02 -8.325695e-03 -3.420974e-03 -6.034957e-03 -1.721165e-02 -1.686157e-02 -2.550494e-04 3.694221e-02 5.614581e-02 9.255433e-02 1.248858e-01 1.335777e-01 1.280558e-01 6.197606e-02 1.762890e-02 2.791607e-02 -1.679678e-02 -5.588854e-02 -4.106995e-02 8.352727e-03
<VARIANCE> 39
 3.512036e+00 4.131862e+00 6.412752e+00 7.819703e+00 1.125212e+01 1.250394e+01 1.494960e+01 1.589458e+01 1.759722e+01 1.531234e+01 1.513126e+01 1.335623e+01 1.000835e+00 7.604666e-02 1.671214e-01 2.865188e-01 4.159115e-01 5.050316e-01 6.748455e-01 5.935578e-01 7.387910e-01 7.085493e-01 6.054381e-01 6.982046e-01 6.108359e-01 3.209469e-03 1.418670e-02 2.881090e-02 4.236653e-02 5.684874e-02 7.233644e-02 1.075890e-01 1.039701e-01 1.273587e-01 1.324690e-01 1.058322e-01 1.174460e-01 1.097543e-01 1.066457e-03
<GCONST> 4.528321e+01
<TRANSP> 5
 0.000000e+00 1.000000e+00 0.000000e+00 0.000000e+00 0.000000e+00
 0.000000e+00 7.658302e-01 2.420074e-02 2.099690e-01 0.000000e+00
 0.000000e+00 0.000000e+00 8.290604e-01 1.709396e-01 0.000000e+00
 0.000000e+00 1.860294e-01 0.000000e+00 7.450494e-01 6.892113e-02
 0.000000e+00 0.000000e+00 0.000000e+00 0.000000e+00 0.000000e+00
<ENDHMM>
~h "six"
<BEGINHMM>
<NUMSTATES> 5
<STATE> 2
<MEAN> 39
 -8.688783e+00 -4.261964e+00 -6.998775e+00 -8.727208e+00 -3.090971e+00 -4.224058e+00 -1.957926e+00 -8.230535e+00 -3.554199e+00 -4.012322e+00 1.251634e-01 -3.142713e+00 1.494948e+01 6.785379e-01 6.776940e-01 1.199603e+00 -1.377606e+00 -1.154016e+00 -1.209318e+00 4.073346e-02 -1.340738e-01 4.191459e-01 3.493261e-01 -5.160026e-01 -4.706287e-01 6.285588e-01 6.759200e-02 1.151859e-01 2.275278e-01 -4.787938e-01 -2.796828e-01 -1.704899e-01 4.319923e-02 7.547788e-02 2.036615e-01 1.056026e-03 -1.366665e-01 -2.372893e-01 1.452047e-01
<VARIANCE> 39
 7.463697e+00 7.792744e+00 1.268849e+01 1.147548e+01 1.897840e+01 1.996957e+01 1.516411e+01 1.809060e+01 2.003115e+01 2.956879e+01 1.916880e+01 1.707833e+01 1.863025e+00 3.586072e-01 4.708910e-01 8.834943e-01 1.150441e+00 1.075322e+00 1.324162e+00 1.002023e+00 8.095932e-01 1.417563e+00 2.234528e+00 1.074446e+00 1.321381e+00 7.717168e-02 6.200336e-02 5.632699e-02 1.156999e-01 9.785298e-02 2.031426e-01 2.087717e-01 1.477364e-01 1.765968e-01 1.851035e-01 2.377743e-01 1.708005e-01 1.683780e-01 8.816181e-03
<GCONST> 7.404605e+01
<STATE> 3
<MEAN> 39
 -6.470396e+00 -1.099882e+00 -8.571874e-01 -2.011902e+01 -7.861416e+00 -8.736456e+00 -2.436529e+00 -6.381078e+00 2.456308e-01 -3.794728e+00 -2.524109e+00 -7.321358e+00 1.832869e+01 2.424307e-02 -8.658028e-02 2.212274e-01 -2.823290e-01 3.747908e-01 2.125486e-01 -2.749215e-01 1.720239e-01 3.766797e-02 -1.960495e-01 1.700977e-01 6.835257e-03 -4.752750e-02 -5.678969e-02 -2.052078e-01 -2.669302e-01 4.874458e-01 2.881800e-01 2.213059e-01 6.794114e-02 -9.102570e-02 -1.466117e-01 -5.878954e-02 1.515559e-01 1.658710e-01 -1.670297e-01
<VARIANCE> 39
 7.691891e+00 9.746418e+00 1.662664e+01 2.307477e+01 5.849696e+01 3.110562e+01 3.719128e+01 2.460321e+01 3.462804e+01 5.834111e+01 3.542593e+01 3.742549e+01 1.432576e+00 3.496434e-01 6.527703e-01 1.075775e+00 3.229910e+00 2.398372e+00 1.761727e+00 1.734418e+00 1.341271e+00 1.887846e+00 2.010752e+00 1.867525e+00 1.897572e+00 2.939416e-01 6.819309e-02 6.606689e-02 1.608952e-01 2.259910e-01 3.061293e-01 3.193370e-01 3.835264e-01 2.241410e-01 2.868397e-01 3.401683e-01 2.635853e-01 2.553044e-01 1.166386e-02
<GCONST> 9.188490e+01
<STATE> 4
<MEAN> 39
 -6.563106e+00 -6.248040e+00 -4.680112e+00 -1.081117e+01 -1.001677e+00 -3.979727e+00 -1.437171e+00 -8.755408e+00 -2.166644e+00 -5.868380e+00 1.164295e+00 -4.221108e+00 1.475312e+01 -2.339457e-01 -9.115851e-01 -1.005143e+00 1.462052e+00 4.136652e-01 4.093098e-01 9.076998e-01 -4.569128e-01 -2.818065e-01 -4.007460e-02 2.005943e-01 2.989456e-01 -4.646392e-01 -1.053146e-01 1.689330e-01 2.069585e-01 -4.381173e-01 -3.787275e-01 -1.609064e-01 -8.493039e-02 1.722341e-01 1.161878e-01 1.034477e-01 -1.797036e-01 -1.429774e-01 1.499828e-01
<VARIANCE> 39
 3.294066e+00 5.439742e+00 9.452729e+00 1.107140e+01 1.464759e+01 1.565775e+01 1.950611e+01 1.858665e+01 1.688806e+01 1.707087e+01 1.861768e+01 1.491275e+01 1.491648e+00 2.675685e-01 4.862230e-01 8.970281e-01 1.308818e+00 2.110351e+00 1.651547e+00 1.603177e+00 1.249695e+00 1.214539e+00 1.205571e+00 1.178180e+00 1.023065e+00 7.929536e-02 3.889905e-02 6.516784e-02 1.378247e-01 1.468332e-01 2.331376e-01 1.805375e-01 2.655014e-01 1.922414e-01 1.854123e-01 1.736195e-01 1.976847e-01 1.824419e-01 5.797626e-03
<GCONST> 7.240063e+01
<TRANSP> 5
 0.000000e+00 1.000000e+00 0.000000e+00 0.000000e+00 0.000000e+00
 0.000000e+00 7.191421e-01 2.808580e-01 0.000000e+00 0.000000e+00
 0.000000e+00 0.000000e+00 8.891739e-01 1.108260e-01 0.000000e+00
 0.000000e+00 0.000000e+00 0.000000e+00 7.504469e-01 2.495531e-01
 0.000000e+00 0.000000e+00 0.000000e+00 0.000000e+00 0.000000e+00
<ENDHMM>
~h "two"
<BEGINHMM>
<NUMSTATES> 5
<STATE> 2
<MEAN> 39
 -1.094585e+01 -3.279982e+00 -6.712380e+00 -1.063031e+01 -9.770562e-01 -3.871010e+00 -1.957895e+00 -7.505916e+00 -2.326473e+00 -5.678039e+00 1.128568e+00 -3.370354e+00 1.506317e+01 5.080273e-01 6.195958e-01 1.015087e+00 -5.890322e-01 -2.691337e-01 -3.668630e-01 -4.639025e-01 -2.132813e-01 7.275440e-02 -5.434077e-02 -2.277650e-01 -3.632258e-01 3.250818e-01 2.960000e-01 6.551421e-02 2.871136e-01 -1.308296e-01 -2.128666e-01 -2.432867e-01 -1.189161e-01 -1.274769e-01 -2.623891e-02 2.588017e-03 -7.959327e-02 -1.705598e-01 9.418502e-02
<VARIANCE> 39
 8.859249e+00 8.109441e+00 1.268481e+01 1.229493e+01 1.844296e+01 2.274135e+01 1.921283e+01 2.109797e+01 2.145218e+01 2.401048e+01 2.472303e+01 1.985008e+01 9.062138e-01 1.367974e+00 5.598964e-01 1.278536e+00 8.317312e-01 1.348449e+00 1.287523e+00 9.897172e-01 1.189084e+00 1.173945e+00 1.295188e+00 1.877729e+00 1.105689e+00 7.281581e-02 1.267444e-01 1.091638e-01 1.344155e-01 1.309512e-01 2.275010e-01 1.982356e-01 1.761703e-01 2.231890e-01 2.277170e-01 2.033978e-01 3.597982e-01 1.595845e-01 7.817028e-03
<GCONST> 7.898952e+01
<STATE> 3
<MEAN> 39
 -4.601487e+00 1.271579e+00 1.861869e+00 -1.552439e+01 -6.955188e+00 -9.946420e+00 -6.703069e+00 -1.043928e+01 -2.407516e+00 -5.177374e+00 -1.125782e+00 -7.309991e+00 1.840768e+01 6.630565e-01 5.430582e-01 7.415812e-01 -5.407058e-01 -1.162323e+00 -1.105151e+00 -5.664763e-01 -2.809973e-01 -6.593395e-02 1.260167e-01 -2.153613e-01 -6.233125e-01 4.511206e-01 -2.500661e-01 -2.352622e-01 -4.262430e-01 2.991719e-01 2.732966e-01 2.328094e-01 2.360320e-01 1.460564e-01 -1.902395e-02 -9.959979e-03 1.533682e-01 1.829818e-01 -1.451965e-01
<VARIANCE> 39
 7.462661e+00 8.104707e+00 1.363423e+01 2.232286e+01 3.963408e+01 2.560421e+01 2.822255e+01 2.453986e+01 3.158445e+01 5.528144e+01 4.394738e+01 4.853910e+01 1.035622e+00 5.674189e-01 6.279290e-01 9.851376e-01 1.463791e+00 1.293484e+00 1.206803e+00 1.681635e+00 1.515763e+00 1.844303e+00 1.989087e+00 2.389028e+00 1.876033e+00 8.957461e-02 6.151835e-02 5.339963e-02 8.132546e-02 1.249592e-01 2.042400e-01 1.803632e-01 2.040652e-01 1.909567e-01 2.120456e-01 2.734564e-01 2.892565e-01 2.222429e-01 6.504125e-03
<GCONST> 8.374728e+01
<STATE> 4
<MEAN> 39
 -3.235373e+00 -5.881337e-02 -4.438521e-02 -1.366139e+01 -7.121779e+00 -1.157230e+01 -5.644287e+00 -9.637126e+00 -2.712716e+00 -5.306067e+00 -1.521321e-01 -7.591897e+00 1.823924e+01 1.668585e-01 -2.231109e-01 -2.385044e-01 5.389572e-01 3.382644e-01 8.643310e-02 9.888627e-02 -5.470244e-02 -1.916661e-01 -8.710104e-02 7.682571e-02 1.589431e-01 -1.200959e-01 -4.341787e-02 -3.772041e-02 -2.657429e-02 2.440560e-02 9.536906e-02 1.090726e-01 5.152189e-02 5.261563e-03 2.046622e-02 1.323615e-03 -5.947602e-03 4.413134e-02 -3.510994e-02
<VARIANCE> 39
 5.896389e+00 7.956832e+00 1.253531e+01 2.982124e+01 3.401583e+01 2.156207e+01 3.313913e+01 3.370615e+01 3.982954e+01 4.291279e+01 5.469023e+01 4.152895e+01 1.360697e+00 1.337125e-01 1.528610e-01 3.768968e-01 6.203650e-01 9.155939e-01 8.562402e-01 8.803825e-01 1.028521e+00 9.066837e-01 9.864979e-01 1.044292e+00 9.297866e-01 1.451356e-02 2.158808e-02 2.510776e-02 5.068874e-02 8.847732e-02 1.057291e-01 1.240421e-01 1.288865e-01 1.604336e-01 1.486452e-01 1.526052e-01 1.590991e-01 1.457722e-01 2.340839e-03
<GCONST> 6.573825e+01
<TRANSP> 5
 0.000000e+00 1.000000e+00 0.000000e+00 0.000000e+00 0.000000e+00
 0.000000e+00 8.205130e-01 1.794870e-01 0.000000e+00 0.000000e+00
 0.000000e+00 0.000000e+00 7.670848e-01 2.329152e-01 0.000000e+00
 0.000000e+00 0.000000e+00 0.000000e+00 9.013613e-01 9.863874e-02
 0.000000e+00 0.000000e+00 0.000000e+00 0.000000e+00 0.000000e+00
<ENDHMM>
~h "nine"
<BEGINHMM>
<NUMSTATES> 5
<STATE> 2
<MEAN> 39
 -4.472114e+00 -4.322845e+00 -2.082824e+00 -8.924460e+00 -3.031539e+00 -6.193530e+00 -1.516703e+00 -1.117474e+01 -5.004785e+00 -8.074596e+00 -2.940829e+00 -7.806988e+00 1.756544e+01 -1.367398e-01 -6.720051e-01 -2.204509e-01 4.955557e-01 -4.923178e-01 1.724680e-01 3.876749e-01 -1.974528e-01 -3.946699e-02 -1.527138e-01 -1.783905e-01 -1.450616e-01 2.491027e-01 -3.827364e-02 -1.259542e-01 -7.466440e-02 1.144134e-01 1.815634e-02 -6.535126e-03 3.839302e-02 3.131728e-02 9.511699e-03 6.197219e-03 7.951704e-02 3.471488e-02 -1.043717e-02
<VARIANCE> 39
 8.945883e+00 2.037340e+01 1.533028e+01 1.682410e+01 2.861860e+01 2.885143e+01 3.199911e+01 2.750590e+01 4.715857e+01 3.539634e+01 3.016303e+01 3.277945e+01 2.311310e+00 5.318284e-01 1.578573e+00 1.144293e+00 1.117115e+00 1.137636e+00 1.423685e+00 1.644883e+00 1.277274e+00 1.528427e+00 1.153771e+00 1.245665e+00 1.038101e+00 3.756339e-02 6.496086e-02 1.814398e-01 1.346232e-01 1.401159e-01 2.019274e-01 2.217947e-01 2.430476e-01 1.863623e-01 1.997361e-01 1.612409e-01 1.739880e-01 1.449789e-01 4.953722e-03
<GCONST> 8.288885e+01
<STATE> 3
<MEAN> 39
 -6.290563e+00 -1.167328e+01 -4.987443e+00 -2.492693e+00 -5.655541e+00 -5.432121e+00 1.785393e+00 -1.126516e+01 -5.678908e+00 -9.068568e+00 -1.604582e+00 -7.685283e+00 1.862183e+01 -1.082674e-01 6.579729e-02 2.330474e-01 -2.053280e-01 -4.695442e-02 2.054535e-01 -7.331990e-02 -1.009513e-01 1.716342e-01 6.978136e-02 -3.999530e-02 3.037718e-02 -1.979535e-02 -2.999826e-03 1.878740e-01 7.742026e-02 -2.486479e-01 3.302631e-02 8.102036e-02 -1.012081e-01 -1.950140e-03 8.308399e-02 -5.377272e-03 -7.943059e-02 2.508308e-02 -1.439914e-02
<VARIANCE> 39
 7.197787e+00 8.450929e+00 2.463066e+01 3.136701e+01 1.880492e+01 3.042572e+01 3.088319e+01 3.410229e+01 4.310154e+01 4.184210e+01 2.805843e+01 3.031939e+01 1.011765e+00 8.114240e-02 3.212140e-01 4.020850e-01 1.031917e+00 4.633634e-01 6.110341e-01 5.231811e-01 4.996239e-01 6.120447e-01 6.482484e-01 6.582501e-01 5.174835e-01 4.580992e-03 1.054568e-02 2.932213e-02 3.925318e-02 5.256039e-02 6.928720e-02 6.526287e-02 7.263796e-02 7.667518e-02 7.950252e-02 8.554890e-02 7.634146e-02 7.776204e-02 3.925193e-04
<GCONST> 5.266713e+01
<STATE> 4
<MEAN> 39
 -6.225632e+00 -3.179113e+00 -1.626539e+00 -1.204031e+01 -1.904703e+00 -4.481678e+00 -3.312252e+00 -1.019527e+01 -2.788625e+00 -8.224465e+00 -3.088898e+00 -6.512481e+00 1.789979e+01 3.934511e-01 8.512921e-01 1.536434e-01 -3.113425e-01 5.449579e-01 -4.764867e-01 -4.751224e-01 3.289150e-01 -1.991092e-01 5.525767e-02 9.724231e-02 5.316480e-02 -1.226120e-01 4.418508e-02 -1.234358e-01 -3.687918e-02 2.361285e-01 -1.475316e-02 -7.379466e-02 1.047340e-01 -3.531537e-02 -1.094239e-01 2.587365e-02 7.946893e-02 -2.959884e-02 -1.022121e-02
<VARIANCE> 39
 1.143919e+01 2.012013e+01 1.220415e+01 2.403525e+01 3.585020e+01 3.412636e+01 3.369048e+01 2.992613e+01 4.905972e+01 3.961828e+01 3.857618e+01 4.244246e+01 1.076836e+00 4.065100e-01 9.264958e-01 5.745022e-01 1.873972e+00 1.354198e+00 1.383461e+00 1.360382e+00 1.284451e+00 1.676119e+00 1.185587e+00 1.059062e+00 1.024544e+00 9.882598e-03 5.690910e-02 9.918427e-02 8.649869e-02 1.492624e-01 1.942509e-01 2.402810e-01 1.805027e-01 1.979165e-01 2.314984e-01 1.956013e-01 1.707270e-01 1.414879e-01 1.003129e-03
<GCONST> 7.865837e+01
<TRANSP> 5
 0.000000e+00 1.000000e+00 0.000000e+00 0.000000e+00 0.000000e+00
 0.000000e+00 8.955815e-01 1.044185e-01 0.000000e+00 0.000000e+00
 0.000000e+00 0.000000e+00 9.109095e-01 8.909048e-02 0.000000e+00
 0.000000e+00 0.000000e+00 0.000000e+00 8.979322e-01 1.020678e-01
 0.000000e+00 0.000000e+00 0.000000e+00 0.000000e+00 0.000000e+00
<ENDHMM>
~h "five"
<BEGINHMM>
<NUMSTATES> 5
<STATE> 2
<MEAN> 39
 -4.188442e+00 -1.133056e+01 -1.005776e+01 -8.268821e+00 4.834546e-01 -8.124168e+00 3.471112e-01 -4.684013e+00 -5.241494e+00 -7.942420e+00 -1.809982e+00 -4.901437e+00 1.796818e+01 3.637484e-01 -1.174480e+00 -7.180467e-01 7.808120e-01 5.133553e-01 -6.415079e-01 3.313462e-01 4.014292e-01 -7.474629e-01 -2.222210e-01 -3.017350e-01 -5.663794e-03 5.646275e-01 -1.900341e-01 2.400837e-02 1.739482e-01 9.209187e-02 -1.302909e-02 1.037509e-01 3.013710e-02 -2.027356e-01 2.501791e-02 1.379993e-01 1.584157e-01 4.943662e-02 -7.349832e-02
<VARIANCE> 39
 1.088223e+01 1.966637e+01 2.369842e+01 1.673200e+01 1.899092e+01 2.062109e+01 2.524965e+01 5.148950e+01 3.219199e+01 2.801211e+01 2.496965e+01 1.989938e+01 4.383510e+00 7.732092e-01 5.616063e-01 1.170995e+00 9.076974e-01 7.890694e-01 9.865546e-01 9.744196e-01 2.249440e+00 1.724526e+00 1.723326e+00 1.362520e+00 1.026676e+00 1.227174e-01 9.489977e-02 1.337021e-01 1.783363e-01 1.234430e-01 1.361536e-01 1.447625e-01 1.544412e-01 3.010610e-01 2.736817e-01 1.934549e-01 1.762543e-01 1.403716e-01 2.828947e-02
<GCONST> 8.436397e+01
<STATE> 3
<MEAN> 39
 -5.809115e+00 -1.545263e+01 -8.556826e+00 -3.643730e+00 1.426319e+00 -9.175714e+00 2.534323e+00 -7.496350e+00 -7.217914e+00 -5.456520e+00 -4.671269e-01 -4.503573e+00 1.904701e+01 -1.662001e-01 8.361185e-02 4.907170e-01 -2.572678e-01 -2.713107e-01 4.342811e-01 6.886748e-02 -3.989256e-01 2.707698e-02 3.039341e-01 6.125217e-02 -8.453087e-02 -4.851719e-02 4.020153e-02 1.144732e-01 1.147022e-02 -1.967529e-01 -5.499221e-02 9.330622e-02 -2.903562e-02 2.468444e-02 5.657669e-02 -4.896520e-02 -7.769054e-02 -1.876587e-02 -1.500376e-02
<VARIANCE> 39
 9.174759e+00 9.379108e+00 2.484985e+01 2.081266e+01 1.875074e+01 2.311355e+01 1.752235e+01 3.906098e+01 4.700492e+01 4.450691e+01 2.689611e+01 2.552150e+01 1.356962e+00 8.791105e-02 1.531132e-01 2.696778e-01 6.342682e-01 4.961478e-01 5.515156e-01 4.976960e-01 4.934118e-01 6.134831e-01 5.708156e-01 5.686568e-01 4.732687e-01 5.859370e-03 1.174507e-02 2.422212e-02 3.032209e-02 4.811164e-02 5.122566e-02 5.160454e-02 5.704921e-02 6.416097e-02 8.531311e-02 8.425463e-02 6.654092e-02 7.044099e-02 9.092579e-04
<GCONST> 4.964600e+01
<STATE> 4
<MEAN> 39
 -5.755779e+00 -9.418135e+00 -3.945759e+00 -1.391435e+01 -3.273678e+00 -2.805540e+00 1.873727e+00 -8.426850e+00 -4.207859e+00 -5.239201e+00 -2.270757e+00 -5.517765e+00 1.830495e+01 2.176719e-01 1.207840e+00 3.704476e-01 -6.444989e-01 -3.937603e-01 -1.018588e-01 -3.091269e-01 2.580201e-01 5.542485e-01 -2.128279e-01 -7.315660e-02 -8.979723e-02 -2.456909e-01 -1.716574e-02 -2.118831e-02 -5.227563e-02 3.441593e-01 1.398094e-01 -1.812952e-01 -6.319489e-02 -9.805303e-03 -4.268449e-02 1.703077e-02 1.221720e-01 3.967516e-02 -4.839590e-02
<VARIANCE> 39
 7.866980e+00 2.306965e+01 1.219728e+01 3.192573e+01 4.213521e+01 1.952102e+01 2.461942e+01 3.666835e+01 5.316697e+01 2.793418e+01 2.708387e+01 3.009684e+01 1.833239e+00 2.144285e-01 4.974385e-01 5.732704e-01 2.635389e+00 1.469074e+00 1.621559e+00 9.741832e-01 1.329361e+00 1.639112e+00 1.337384e+00 1.268872e+00 9.157095e-01 4.124425e-02 4.296111e-02 9.678521e-02 7.568605e-02 2.405409e-01 2.362704e-01 2.294471e-01 1.662509e-01 2.295136e-01 2.226313e-01 1.789744e-01 2.066885e-01 1.647149e-01 4.440791e-03
<GCONST> 8.033200e+01
<TRANSP> 5
 0.000000e+00 1.000000e+00 0.000000e+00 0.000000e+00 0.000000e+00
 0.000000e+00 8.484247e-01 1.515753e-01 0.000000e+00 0.000000e+00
 0.000000e+00 0.000000e+00 9.124836e-01 8.751643e-02 0.000000e+00
 0.000000e+00 0.000000e+00 0.000000e+00 8.639839e-01 1.360161e-01
 0.000000e+00 0.000000e+00 0.000000e+00 0.000000e+00 0.000000e+00
<ENDHMM>
~h "four"
<BEGINHMM>
<NUMSTATES> 5
<STATE> 2
<MEAN> 39
 -6.762091e+00 -6.555559e+00 -5.529778e+00 -9.753019e+00 -1.574839e+00 -5.549541e+00 -1.210130e+00 -8.394096e+00 -2.003730e+00 -5.574542e+00 9.775007e-01 -4.269960e+00 1.535646e+01 1.566821e+00 5.355849e-01 -9.004224e-01 -8.553054e-01 -3.056659e-01 -5.336530e-01 -6.932565e-01 -1.913412e-01 1.947578e-01 2.014681e-01 -3.426857e-01 -4.861050e-01 6.425827e-01 3.510912e-01 1.260049e-01 -3.368994e-01 -3.174971e-01 -5.872533e-02 -7.646918e-03 -8.109664e-02 -1.820130e-02 2.417569e-03 5.418678e-02 -7.915782e-02 -1.322212e-01 1.434273e-01
<VARIANCE> 39
 7.541479e+00 5.397256e+00 5.419589e+00 7.814469e+00 1.002845e+01 1.243623e+01 1.451250e+01 1.364455e+01 1.606422e+01 1.349839e+01 1.607345e+01 1.221468e+01 1.722021e+00 5.157387e-01 4.330980e-01 6.037955e-01 7.385913e-01 7.119783e-01 9.065394e-01 7.521260e-01 8.217618e-01 1.013938e+00 1.084584e+00 1.522143e+00 1.224905e+00 5.825869e-02 6.744611e-02 5.345099e-02 6.069439e-02 8.253676e-02 1.012989e-01 1.527265e-01 1.211439e-01 1.519488e-01 1.399367e-01 1.609339e-01 1.994020e-01 1.871258e-01 7.111663e-03
<GCONST> 6.398272e+01
<STATE> 3
<MEAN> 39
 1.595968e+00 -3.480115e+00 -1.216509e+01 -1.704845e+01 -4.000319e+00 -6.178178e+00 -3.167103e+00 -8.953446e+00 -1.398836e+00 -3.856611e+00 4.288582e-01 -6.775513e+00 1.891376e+01 3.043419e-01 -1.863969e-01 -3.250564e-01 -3.750244e-02 7.396426e-02 -1.844705e-02 -2.194122e-01 1.748213e-01 3.530303e-01 9.305528e-02 -2.297430e-01 -2.203567e-01 1.430783e-01 -1.735093e-01 -1.541822e-01 1.498435e-01 2.360201e-01 3.830107e-02 -3.645169e-02 3.803619e-02 1.108993e-01 4.727474e-02 -8.560783e-02 -5.576087e-02 5.674172e-02 -6.753775e-02
<VARIANCE> 39
 4.139388e+00 1.026280e+01 9.605928e+00 1.373161e+01 2.438920e+01 1.715133e+01 1.857207e+01 1.714383e+01 2.362057e+01 2.481915e+01 3.809224e+01 3.756496e+01 1.088041e+00 5.231453e-01 7.274401e-01 6.854724e-01 1.214634e+00 9.699622e-01 7.721580e-01 9.087276e-01 9.569215e-01 1.309807e+00 1.175369e+00 1.338452e+00 1.242325e+00 9.300272e-02 4.947881e-02 4.572691e-02 9.588105e-02 8.016668e-02 1.357961e-01 1.434368e-01 1.560509e-01 1.411761e-01 1.814785e-01 1.920329e-01 1.991369e-01 1.869714e-01 7.205955e-03
<GCONST> 7.252531e+01
<STATE> 4
<MEAN> 39
 -2.631689e-01 -1.131536e+01 -7.988508e+00 -8.555804e+00 -5.375132e+00 -8.951711e+00 -2.203420e+00 -4.216781e+00 6.560718e-01 -7.566062e+00 -3.907563e+00 -7.357495e+00 1.855044e+01 -5.526022e-01 -3.426388e-02 1.190020e+00 5.194304e-01 -5.946111e-01 2.873327e-02 6.854510e-01 -1.583048e-01 -6.815392e-01 -3.920950e-01 1.344585e-01 2.569199e-01 -2.036629e-01 -8.734412e-02 3.027155e-01 1.280700e-03 -2.186157e-01 1.356530e-01 2.162283e-01 1.415510e-02 -2.469929e-01 -1.512199e-01 1.217986e-01 1.772927e-01 3.029340e-02 -5.098348e-02
<VARIANCE> 39
 6.991410e+00 1.429587e+01 2.845589e+01 1.838059e+01 4.719186e+01 3.734603e+01 3.528213e+01 3.878123e+01 4.497137e+01 3.448408e+01 3.470892e+01 3.195061e+01 1.578829e+00 2.190506e-01 1.522103e+00 6.614320e-01 1.662277e+00 2.084475e+00 2.164059e+00 1.563767e+00 2.598453e+00 1.820145e+00 1.727161e+00 1.796990e+00 1.076027e+00 4.084610e-02 2.918509e-02 9.448936e-02 1.876864e-01 1.657438e-01 4.428561e-01 3.012172e-01 3.552273e-01 3.377572e-01 3.792736e-01 2.796209e-01 3.074733e-01 2.167079e-01 3.208027e-03
<GCONST> 8.837050e+01
<TRANSP> 5
 0.000000e+00 1.000000e+00 0.000000e+00 0.000000e+00 0.000000e+00
 0.000000e+00 7.031139e-01 2.968862e-01 0.000000e+00 0.000000e+00
 0.000000e+00 0.000000e+00 9.182827e-01 8.171725e-02 0.000000e+00
 0.000000e+00 0.000000e+00 0.000000e+00 8.711794e-01 1.288206e-01
 0.000000e+00 0.000000e+00 0.000000e+00 0.000000e+00 0.000000e+00
<ENDHMM>
~h "zero"
<BEGINHMM>
<NUMSTATES> 5
<STATE> 2
<MEAN> 39
 -6.855991e+00 -1.902591e+00 -4.590206e+00 -7.680347e+00 -2.510975e+00 -4.668431e+00 -2.825878e+00 -8.903972e+00 -3.633861e+00 -4.172439e+00 1.362889e-01 -4.374349e+00 1.565034e+01 2.802179e-01 1.044492e+00 9.695200e-01 -1.153644e+00 -8.265283e-01 -1.402505e+00 -6.260651e-01 -5.997846e-01 3.209582e-01 3.344759e-01 -1.326263e-01 -2.390139e-01 4.899796e-01 3.822771e-02 9.733149e-02 1.846857e-01 -3.601218e-01 -1.736508e-01 -2.335810e-01 2.774938e-03 -2.432165e-02 1.688246e-01 1.563587e-03 3.095329e-02 -8.991544e-02 9.291474e-02
<VARIANCE> 39
 6.902553e+00 1.046406e+01 1.552848e+01 1.460847e+01 2.097926e+01 2.210195e+01 1.924348e+01 1.977358e+01 2.955077e+01 2.443158e+01 2.236465e+01 1.990896e+01 1.481824e+00 3.157873e-01 4.253063e-01 7.574614e-01 9.354897e-01 8.450013e-01 1.289853e+00 9.696002e-01 1.180308e+00 1.340116e+00 9.785089e-01 1.203213e+00 1.526312e+00 4.261402e-02 4.660707e-02 1.027230e-01 1.271568e-01 1.079993e-01 1.311596e-01 2.170155e-01 1.590292e-01 1.928338e-01 1.623723e-01 1.501572e-01 1.803244e-01 1.680707e-01 6.425219e-03
<GCONST> 7.319694e+01
<STATE> 3
<MEAN> 39
 -5.555386e+00 3.002152e-01 9.468761e-01 -1.692755e+01 -7.869431e+00 -9.180660e+00 -4.565927e+00 -8.444921e+00 1.747125e-01 -3.745640e+00 1.715167e-01 -6.826660e+00 1.840711e+01 3.378651e-01 -7.436413e-01 4.400911e-01 -1.681162e-01 -1.079733e+00 2.617044e-01 2.076860e-01 1.942406e-01 3.200209e-01 -7.721259e-02 4.274769e-02 -1.240268e-01 1.660954e-01 5.116302e-02 -2.681123e-01 -1.738490e-01 3.707074e-01 1.756378e-02 1.345601e-01 1.946111e-01 5.583453e-02 -8.679765e-02 -4.421233e-02 -1.261847e-02 7.153144e-02 -6.428541e-02
<VARIANCE> 39
 7.440733e+00 2.071026e+01 1.738255e+01 2.632798e+01 5.937233e+01 4.056797e+01 3.220824e+01 4.418620e+01 3.109526e+01 3.033148e+01 3.451558e+01 5.110100e+01 1.093729e+00 4.425895e-01 1.625714e+00 8.054440e-01 2.620898e+00 1.741232e+00 2.529982e+00 1.687772e+00 1.422189e+00 1.340577e+00 1.177767e+00 1.107356e+00 1.320347e+00 6.302120e-02 5.151685e-02 1.131840e-01 1.259796e-01 1.805545e-01 2.459359e-01 4.094410e-01 2.255642e-01 2.477583e-01 2.119139e-01 1.747592e-01 1.723477e-01 2.173581e-01 4.562660e-03
<GCONST> 8.707286e+01
<STATE> 4
<MEAN> 39
 -1.602611e+00 -1.052558e+01 -4.393574e+00 -9.807157e+00 -9.694166e+00 -8.043236e+00 5.677607e-01 -4.093590e+00 -1.774859e-01 -6.703016e+00 -1.006025e+00 -5.665287e+00 1.854411e+01 8.278010e-02 1.123752e-02 -5.514382e-01 1.616984e-01 6.694432e-01 -1.772292e-01 -1.836283e-02 2.087310e-01 -6.329505e-02 -1.490064e-01 -9.291581e-02 -7.963336e-03 -5.346711e-02 -5.972961e-02 1.435031e-01 6.338558e-02 -8.658697e-02 8.647723e-02 4.147104e-02 -9.808496e-02 -8.249354e-02 -2.016348e-02 3.442543e-02 2.072840e-02 -8.987822e-03 -1.774520e-02
<VARIANCE> 39
 6.467700e+00 1.770076e+01 2.651293e+01 2.677172e+01 6.263459e+01 5.438186e+01 3.558769e+01 3.638052e+01 4.422652e+01 3.493105e+01 2.490130e+01 3.291831e+01 1.494085e+00 2.241586e-01 8.359448e-01 6.287673e-01 1.035465e+00 1.224002e+00 1.670190e+00 1.527524e+00 1.766221e+00 1.574543e+00 1.378341e+00 1.023180e+00 9.267303e-01 1.571255e-02 2.389737e-02 3.490861e-02 7.631801e-02 1.109425e-01 1.909891e-01 2.324047e-01 1.871141e-01 1.959500e-01 2.166528e-01 1.822195e-01 1.466060e-01 1.333857e-01 1.760775e-03
<GCONST> 7.711747e+01
<TRANSP> 5
 0.000000e+00 1.000000e+00 0.000000e+00 0.000000e+00 0.000000e+00
 0.000000e+00 7.344612e-01 2.655388e-01 0.000000e+00 0.000000e+00
 0.000000e+00 0.000000e+00 8.924626e-01 1.075375e-01 0.000000e+00
 0.000000e+00 0.000000e+00 0.000000e+00 9.396234e-01 6.037659e-02
 0.000000e+00 0.000000e+00 0.000000e+00 0.000000e+00 0.000000e+00
<ENDHMM>
