~o
<STREAMINFO> 1 39
<VECSIZE> 39<NULLD><MFCC_E_D_A><DIAGC>
~s "silst"
<MEAN> 39
 -7.433516e+00 -6.036379e+00 -5.312038e+00 -9.279707e+00 -9.668513e-01 -3.945418e+00 -3.783545e-01 -8.501582e+00 -2.568568e+00 -5.781777e+00 8.161056e-01 -4.409960e+00 1.475806e+01 -1.782074e-01 -1.120748e-01 -1.891612e-01 -6.521560e-02 -7.817218e-02 1.702330e-02 1.466925e-03 8.923927e-02 1.889865e-02 1.275255e-02 5.374096e-02 5.685246e-02 -5.317433e-02 3.695209e-02 3.085847e-02 6.728515e-06 -3.946208e-02 -2.399792e-02 -5.723144e-02 -4.609334e-02 -3.135459e-02 -2.060899e-02 -7.477065e-06 -2.138831e-03 5.640974e-03 2.103070e-02
<VARIANCE> 39
 6.611210e+00 6.650049e+00 1.034795e+01 1.027009e+01 1.509186e+01 1.541634e+01 1.620451e+01 1.710568e+01 1.870278e+01 1.743717e+01 1.640660e+01 1.459528e+01 9.710840e-01 1.926814e-01 3.065124e-01 3.948508e-01 4.799313e-01 6.074958e-01 7.410477e-01 7.031245e-01 7.414840e-01 7.902841e-01 7.363897e-01 7.211798e-01 6.684263e-01 1.688650e-02 2.797056e-02 4.985026e-02 6.567435e-02 8.206401e-02 1.102060e-01 1.398319e-01 1.257836e-01 1.409413e-01 1.427663e-01 1.275756e-01 1.266397e-01 1.166195e-01 2.390803e-03
<GCONST> 5.688199e+01
~h "eight"
<BEGINHMM>
<NUMSTATES> 5
<STATE> 2
<MEAN> 39
 -8.273305e+00 -2.853101e+00 -5.868470e+00 -1.842886e+01 1.594054e-01 -4.958139e+00 7.419358e-01 -6.822138e+00 -1.564579e+00 -7.518610e+00 -1.818758e+00 -5.784255e+00 1.747661e+01 -1.749370e-01 1.028234e+00 -9.967706e-02 -1.013409e+00 -2.500085e-02 -6.116812e-01 6.287640e-02 4.730205e-01 3.902997e-01 2.161329e-03 -1.270942e-01 -2.319668e-01 3.151532e-01 3.420530e-02 8.284985e-02 4.174216e-03 1.572508e-01 -5.797494e-02 -1.972187e-01 -7.843383e-02 -2.493893e-02 1.463673e-02 9.605016e-02 1.188108e-01 -6.517258e-04 -2.085316e-02
<VARIANCE> 39
 7.999735e+00 2.108007e+01 1.921267e+01 3.120871e+01 4.227137e+01 2.228549e+01 2.531536e+01 2.399054e+01 3.080744e+01 2.299366e+01 2.509290e+01 2.570181e+01 3.156727e+00 3.342291e-01 7.345820e-01 6.207619e-01 1.270446e+00 1.174094e+00 1.344352e+00 1.447938e+00 9.768132e-01 1.310066e+00 1.116418e+00 1.100763e+00 9.402618e-01 1.028250e-01 4.095971e-02 7.749273e-02 7.610741e-02 1.895343e-01 1.359770e-01 1.667864e-01 1.486932e-01 1.704222e-01 2.246768e-01 1.588564e-01 1.700832e-01 1.462017e-01 1.246364e-02
<GCONST> 7.907590e+01
<STATE> 3
<MEAN> 39
 -8.332662e+00 5.910988e+00 -5.447223e+00 -1.881965e+01 -2.900318e+00 -1.401976e+01 -1.886433e+00 -6.301458e+00 5.643386e-01 -3.957106e+00 9.385667e-01 -5.577912e+00 1.849718e+01 1.240444e-01 3.894959e-01 2.040742e-01 8.662242e-01 1.833919e-02 -8.103138e-01 -5.951062e-01 -8.459087e-01 -4.279850e-01 2.439720e-01 4.078995e-01 2.255699e-01 -9.148973e-02 4.974370e-02 -3.062049e-01 1.944966e-02 1.743073e-01 8.795998e-02 3.055415e-01 3.525441e-02 -1.284719e-01 -1.836278e-01 -1.507338e-01 -8.570553e-02 3.079843e-02 -6.417445e-02
<VARIANCE> 39
 9.947665e+00 1.144946e+01 2.446598e+01 2.803712e+01 2.018166e+01 2.361832e+01 5.629809e+01 2.803448e+01 3.136341e+01 2.232723e+01 3.284002e+01 2.547863e+01 1.512362e+00 1.895047e-01 6.094176e-01 2.726869e-01 6.246090e-01 8.012181e-01 1.106807e+00 7.450317e-01 8.030274e-01 1.724884e+00 1.078316e+00 1.206925e+00 8.679009e-01 2.838689e-02 2.842794e-02 7.698599e-02 5.004954e-02 1.010615e-01 8.157203e-02 1.615970e-01 1.431871e-01 1.447885e-01 1.775909e-01 1.413423e-01 1.840109e-01 1.404100e-01 3.500316e-03
<GCONST> 7.009946e+01
<STATE> 4
<MEAN> 39
 -6.788756e+00 -6.655098e-02 -4.043169e+00 -1.160410e+01 -9.504985e-01 -1.054299e+01 -3.746988e+00 -1.152170e+01 -4.606888e+00 -5.921250e+00 7.113162e-01 -4.553943e+00 1.623264e+01 1.384165e-01 -1.894450e+00 -1.070519e-01 8.082009e-01 1.822513e-01 1.657954e+00 4.521606e-01 1.384773e-01 -1.694603e-01 -3.085061e-01 -8.221447e-02 1.063226e-01 -4.797829e-01 -9.111750e-02 7.653025e-03 -1.029380e-01 -1.701211e-01 -6.802415e-02 3.811336e-02 1.487060e-01 2.439399e-01 2.030551e-01 8.950846e-02 4.031561e-02 -2.467006e-02 1.545148e-02
<VARIANCE> 39
 5.586028e+00 3.269819e+01 1.357981e+01 1.798668e+01 1.566400e+01 3.933992e+01 3.077598e+01 2.429449e+01 3.530275e+01 2.604537e+01 2.401320e+01 2.236546e+01 2.741685e+00 3.771824e-01 6.811696e-01 6.861834e-01 1.050603e+00 6.622164e-01 1.198857e+00 1.798399e+00 1.436106e+00 2.093500e+00 1.251676e+00 1.364827e+00 1.138542e+00 3.351429e-02 3.996155e-02 2.605373e-01 6.978572e-02 1.208214e-01 9.837547e-02 3.462068e-01 2.104729e-01 2.033529e-01 2.853073e-01 1.750783e-01 1.933217e-01 1.920406e-01 1.129170e-02
<GCONST> 7.993689e+01
<TRANSP> 5
 0.000000e+00 1.000000e+00 0.000000e+00 0.000000e+00 0.000000e+00
 0.000000e+00 8.700804e-01 1.299196e-01 0.000000e+00 0.000000e+00
 0.000000e+00 0.000000e+00 8.620350e-01 1.379650e-01 0.000000e+00
 0.000000e+00 0.000000e+00 0.000000e+00 8.264723e-01 1.735277e-01
 0.000000e+00 0.000000e+00 0.000000e+00 0.000000e+00 0.000000e+00
<ENDHMM>
~h "oh"
<BEGINHMM>
<NUMSTATES> 5
<STATE> 2
<MEAN> 39
 -4.261712e+00 -1.044330e+01 -8.447921e+00 -8.508041e+00 -2.611476e+00 -7.788458e+00 3.705386e+00 -7.228916e+00 -5.263566e+00 -7.159303e+00 -2.460953e+00 -5.438094e+00 1.788041e+01 5.362431e-01 -1.754341e-01 -5.997362e-01 1.490650e-01 8.467612e-02 -6.970801e-01 9.819096e-02 7.310454e-01 1.440979e-02 -4.316480e-01 -3.969615e-01 -1.581543e-01 3.388230e-01 7.152292e-03 1.045483e-01 9.049591e-03 -5.468065e-02 3.538735e-02 1.192109e-03 -1.556798e-01 -3.087758e-03 1.378968e-01 3.517419e-02 -1.218993e-02 -2.752118e-02 -2.486011e-02
<VARIANCE> 39
 8.976101e+00 1.203190e+01 1.643020e+01 1.815855e+01 2.323866e+01 2.453602e+01 3.099049e+01 6.510183e+01 3.890405e+01 3.468849e+01 2.661892e+01 3.189699e+01 2.971830e+00 2.927164e-01 5.644683e-01 6.071572e-01 6.165966e-01 6.592752e-01 8.923104e-01 1.342767e+00 1.734765e+00 1.510492e+00 1.234345e+00 1.234823e+00 1.005281e+00 9.605431e-02 3.994773e-02 6.173765e-02 7.256740e-02 7.746398e-02 8.906686e-02 1.238269e-01 1.544042e-01 2.146694e-01 1.797868e-01 1.951712e-01 1.810756e-01 1.377492e-01 1.293609e-02
<GCONST> 7.659340e+01
<STATE> 3
<MEAN> 39
 -4.322795e-01 -7.894412e+00 -1.328297e+01 -1.033096e+01 -6.419461e-01 -1.209852e+01 -1.334035e+00 -1.024871e+00 6.316550e-01 -7.719199e+00 -5.058097e+00 -6.811072e+00 1.903170e+01 2.073732e-01 4.104589e-01 2.861029e-02 -3.580842e-01 -7.163760e-02 4.622272e-02 -6.517585e-01 -3.473052e-01 5.973642e-01 6.530910e-01 5.813133e-02 -3.324376e-01 -1.723962e-02 -4.528230e-02 1.822349e-02 1.051404e-01 -8.682613e-03 -5.659362e-02 8.718406e-02 2.983750e-02 -1.442217e-01 -1.015294e-01 6.676436e-02 1.218904e-01 2.548721e-02 -2.527662e-02
<VARIANCE> 39
 6.123619e+00 9.109098e+00 1.463521e+01 1.577967e+01 1.838513e+01 2.326855e+01 4.202840e+01 3.031359e+01 3.822570e+01 3.762008e+01 3.170705e+01 3.873374e+01 1.245857e+00 8.313429e-02 1.436309e-01 2.864803e-01 2.893482e-01 3.973427e-01 5.095142e-01 7.148649e-01 1.024776e+00 7.768034e-01 8.394700e-01 8.712017e-01 6.978918e-01 1.286521e-02 1.139374e-02 1.457243e-02 3.448606e-02 3.553784e-02 4.753999e-02 7.031181e-02 8.132893e-02 9.734596e-02 1.072246e-01 1.042016e-01 9.260468e-02 8.859121e-02 1.171789e-03
<GCONST> 5.285466e+01
<STATE> 4
<MEAN> 39
 -4.900003e-01 -3.485957e+00 -8.276496e+00 -1.258938e+01 -3.722570e+00 -9.568489e+00 -4.369990e+00 -8.042465e+00 -2.740916e-01 -3.322328e+00 1.134437e-01 -6.612119e+00 1.808296e+01 -5.517309e-01 1.260609e-01 7.972639e-01 2.981416e-01 1.761452e-02 5.783295e-01 3.793754e-01 -4.484028e-01 -5.687617e-01 -2.115481e-01 4.024040e-01 4.759566e-01 -3.055719e-01 -1.244504e-01 -1.303520e-01 -3.427102e-02 8.546294e-02 1.064326e-01 9.062471e-02 1.519631e-01 1.050549e-01 -4.155687e-02 -1.183295e-01 -7.637165e-02 4.812793e-02 -3.885317e-02
<VARIANCE> 39
 7.777191e+00 7.009543e+00 2.187736e+01 1.792350e+01 1.912948e+01 2.651134e+01 3.092739e+01 2.763329e+01 3.225637e+01 4.103046e+01 3.883808e+01 3.621847e+01 2.077220e+00 3.264076e-01 4.454430e-01 4.947198e-01 5.959873e-01 9.023750e-01 1.208417e+00 1.257622e+00 1.293718e+00 1.279460e+00 1.250484e+00 1.310717e+00 1.160901e+00 4.347830e-02 2.904039e-02 4.179865e-02 9.003276e-02 8.733702e-02 1.095321e-01 1.689982e-01 1.805920e-01 2.025246e-01 2.174082e-01 2.102871e-01 1.768495e-01 1.685376e-01 3.735800e-03
<GCONST> 7.392729e+01
<TRANSP> 5
 0.000000e+00 1.000000e+00 0.000000e+00 0.000000e+00 0.000000e+00
 0.000000e+00 8.837941e-01 1.162059e-01 0.000000e+00 0.000000e+00
 0.000000e+00 0.000000e+00 8.980957e-01 1.019042e-01 0.000000e+00
 0.000000e+00 0.000000e+00 0.000000e+00 8.734115e-01 1.265886e-01
 0.000000e+00 0.000000e+00 0.000000e+00 0.000000e+00 0.000000e+00
<ENDHMM>
~h "sp"
<BEGINHMM>
<NUMSTATES> 5
<STATE> 2
~s "silst"
<STATE> 3
<MEAN> 39
 -8.097660e+00 -5.066299e+00 -6.012309e+00 -8.939002e+00 -1.770697e+00 -3.884003e+00 -1.073245e+00 -8.401569e+00 -2.885400e+00 -5.455826e+00 6.163183e-01 -4.081527e+00 1.498040e+01 -3.946612e-01 -1.832622e-01 -3.588557e-01 3.948952e-02 8.549810e-02 3.005913e-01 1.521737e-01 1.039257e-01 3.723345e-02 5.752422e-02 8.745726e-02 1.802767e-01 -1.364955e-01 1.385367e-01 7.552959e-02 8.642978e-02 -8.680137e-02 -8.770590e-02 -1.725973e-01 -7.096632e-02 -2.108929e-02 -5.597484e-03 -1.815807e-02 -6.735720e-02 -6.926323e-02 8.837270e-02
<VARIANCE> 39
 9.908170e+00 1.003010e+01 1.408999e+01 1.368096e+01 1.766204e+01 1.831492e+01 1.769909e+01 1.937407e+01 1.986322e+01 1.902311e+01 1.791987e+01 1.536894e+01 1.299198e+00 4.935229e-01 5.828699e-01 7.402213e-01 6.334673e-01 8.739192e-01 1.061645e+00 9.237455e-01 1.019483e+00 1.090563e+00 9.725391e-01 9.406597e-01 7.698785e-01 6.699855e-02 6.432378e-02 9.879629e-02 1.225732e-01 1.264499e-01 1.571930e-01 1.794133e-01 1.677668e-01 1.897401e-01 1.874875e-01 1.648314e-01 1.536157e-01 1.263261e-01 6.296270e-03
<GCONST> 7.113554e+01
<STATE> 4
<MEAN> 39
 -7.591818e+00 -5.578310e+00 -5.568928e+00 -9.405379e+00 -1.165667e+00 -4.291295e+00 -8.543456e-01 -8.547789e+00 -2.974048e+00 -5.559008e+00 8.454716e-01 -4.150919e+00 1.515818e+01 7.067187e-01 2.890930e-01 2.195724e-01 -5.444604e-01 -4.592047e-01 -7.165580e-01 -1.520875e-01 -1.617073e-02 5.071076e-02 -1.499066e-02 -3.251884e-01 -2.669707e-01 4.181027e-01 2.251238e-01 5.012340e-02 -1.350512e-02 -2.239333e-01 -2.232596e-01 -2.245933e-01 -1.041287e-02 4.304933e-02 3.751990e-02 -7.595239e-03 -1.373941e-01 -1.239730e-01 1.535265e-01
<VARIANCE> 39
 7.668543e+00 8.757933e+00 1.174027e+01 1.206855e+01 1.513482e+01 1.548621e+01 1.748811e+01 1.829611e+01 2.110961e+01 1.896261e+01 1.894572e+01 1.725265e+01 1.470731e+00 5.893683e-01 6.175607e-01 1.020687e+00 9.499245e-01 1.087404e+00 1.141521e+00 1.037754e+00 1.390146e+00 1.177813e+00 1.156860e+00 1.094168e+00 1.006516e+00 6.451900e-02 6.703833e-02 1.051762e-01 1.696621e-01 1.614732e-01 1.879010e-01 1.901468e-01 1.729818e-01 2.173386e-01 2.034656e-01 1.824518e-01 1.943274e-01 1.863298e-01 5.349807e-03
<GCONST> 7.442935e+01
<TRANSP> 5
 0.000000e+00 3.287940e-01 6.712060e-01 0.000000e+00 0.000000e+00
 0.000000e+00 9.318744e-01 6.812561e-02 0.000000e+00 0.000000e+00
 0.000000e+00 0.000000e+00 7.959704e-01 2.040296e-01 0.000000e+00
 0.000000e+00 0.000000e+00 0.000000e+00 5.443450e-01 4.556550e-01
 0.000000e+00 0.000000e+00 0.000000e+00 0.000000e+00 0.000000e+00
<ENDHMM>
~h "seven"
<BEGINHMM>
<NUMSTATES> 5
<STATE> 2
<MEAN> 39
 -5.694415e+00 -4.242758e+00 -4.956043e+00 -1.396156e+01 -7.474845e+00 -6.951072e+00 2.237874e+00 -7.893124e+00 -1.553967e+00 -5.170894e+00 -3.175001e+00 -6.441747e+00 1.743128e+01 3.740112e-01 -2.841061e-01 1.615415e-01 -1.217647e+00 -6.926706e-01 -5.750331e-02 1.034087e+00 1.773136e-02 6.938223e-02 -3.889191e-01 -7.361068e-01 -6.061622e-01 6.558845e-01 -1.887998e-01 -1.732887e-01 -1.840546e-01 1.751823e-01 2.719018e-01 3.111765e-01 -3.202585e-02 1.902907e-02 -1.518182e-01 -1.006334e-01 1.150679e-01 1.031130e-01 -5.106967e-02
<VARIANCE> 39
 1.165252e+01 7.397374e+00 1.096432e+01 3.014276e+01 3.311950e+01 3.108767e+01 2.971315e+01 2.635514e+01 2.946811e+01 6.388338e+01 2.682907e+01 2.725706e+01 4.077907e+00 6.792214e-01 5.811312e-01 7.283913e-01 1.007564e+00 1.852736e+00 1.889708e+00 1.379177e+00 1.180874e+00 1.495685e+00 1.972373e+00 1.229256e+00 1.557823e+00 7.838850e-02 8.795766e-02 6.400929e-02 8.996391e-02 2.314692e-01 2.779734e-01 2.165535e-01 1.943877e-01 1.465661e-01 1.656344e-01 3.115843e-01 1.963267e-01 2.087298e-01 2.985091e-02
<GCONST> 8.567277e+01
<STATE> 3
<MEAN> 39
 -6.147203e+00 -8.616254e+00 -5.710044e+00 -1.564948e+01 -4.678173e+00 -2.942282e+00 5.211303e+00 -8.903587e+00 -3.431863e+00 -7.425842e+00 -3.704143e+00 -5.917305e+00 1.909146e+01 1.810987e-01 -1.544269e-01 1.881002e-01 6.544499e-01 1.682915e-01 -2.673024e-01 -2.261762e-01 3.409686e-01 -3.848163e-01 1.988142e-01 2.984776e-01 1.158667e-01 -1.333170e-01 9.582704e-02 2.245317e-01 1.477660e-01 2.393067e-01 -2.861417e-02 -2.812979e-01 -2.899748e-01 6.954826e-02 7.828342e-02 5.741865e-02 1.526317e-01 -2.897009e-02 -1.142075e-01
<VARIANCE> 39
 9.222890e+00 8.968691e+00 8.498740e+00 1.599280e+01 4.688481e+01 3.273731e+01 3.203810e+01 4.237726e+01 5.047215e+01 4.382459e+01 3.479141e+01 3.271729e+01 1.244838e+00 3.300293e-01 5.753992e-01 3.833975e-01 6.273500e-01 1.217884e+00 1.479657e+00 1.344378e+00 9.767497e-01 1.213684e+00 1.632882e+00 1.649679e+00 9.419790e-01 5.989330e-02 4.428783e-02 4.149419e-02 4.897958e-02 9.553393e-02 2.053421e-01 1.433489e-01 1.871193e-01 1.702097e-01 1.959577e-01 1.772924e-01 2.448391e-01 1.700536e-01 4.687195e-03
<GCONST> 7.605942e+01
<STATE> 4
<MEAN> 39
 -3.211605e+00 -3.772119e+00 -1.830016e+00 -9.508890e+00 -3.524857e+00 -7.904782e+00 -8.867185e-01 -8.535396e+00 -4.188405e+00 -6.833179e+00 -1.786546e+00 -7.001268e+00 1.710027e+01 1.865247e-02 2.449016e-01 1.299273e-01 2.279710e-01 3.570203e-01 9.964665e-02 -3.161401e-01 -2.736379e-01 8.447710e-02 -3.414327e-02 1.292389e-01 4.053136e-02 -1.231358e-01 -5.565693e-02 -7.541410e-02 -7.220894e-02 -8.530751e-02 -1.152950e-02 1.025302e-01 1.051257e-01 -9.732376e-03 2.044065e-02 1.555181e-02 -3.572584e-02 2.757557e-02 1.314772e-02
<VARIANCE> 39
 4.991151e+00 1.057136e+01 9.741611e+00 1.398000e+01 2.753221e+01 3.104184e+01 2.598848e+01 4.041843e+01 3.273179e+01 3.552933e+01 3.336806e+01 2.874516e+01 1.604442e+00 2.405811e-01 5.097648e-01 5.399463e-01 8.734260e-01 1.312913e+00 1.261189e+00 1.632154e+00 1.303752e+00 1.403469e+00 1.387091e+00 1.267071e+00 9.805924e-01 9.431345e-02 3.610841e-02 7.643109e-02 8.700850e-02 1.472177e-01 2.318214e-01 2.045611e-01 2.743700e-01 2.270693e-01 2.303259e-01 2.356211e-01 2.146211e-01 1.464548e-01 1.428732e-02
<GCONST> 7.889697e+01
<TRANSP> 5
 0.000000e+00 1.000000e+00 0.000000e+00 0.000000e+00 0.000000e+00
 0.000000e+00 8.000801e-01 1.999200e-01 0.000000e+00 0.000000e+00
 0.000000e+00 0.000000e+00 8.535360e-01 1.464640e-01 0.000000e+00
 0.000000e+00 0.000000e+00 0.000000e+00 9.377149e-01 6.228507e-02
 0.000000e+00 0.000000e+00 0.000000e+00 0.000000e+00 0.000000e+00
<ENDHMM>
~h "three"
<BEGINHMM>
<NUMSTATES> 5
<STATE> 2
<MEAN> 39
 -2.912467e+00 -7.002538e+00 -1.925631e-01 -8.952133e+00 -1.074969e+01 -1.103713e+01 -1.247427e+00 -8.814963e+00 -1.760271e+00 -5.052317e+00 -2.217795e-01 -5.364308e+00 1.747415e+01 4.616191e-01 -1.352976e-01 9.462935e-01 -2.817304e-01 -1.569184e+00 -5.838383e-02 -2.499576e-01 -2.428845e-01 4.147518e-01 1.052757e-01 -2.731799e-02 -2.404303e-01 3.656328e-01 -1.895333e-01 1.288707e-01 -3.673152e-03 -3.015633e-01 2.419964e-01 3.161605e-01 -1.719189e-01 1.856021e-02 7.742080e-02 -2.419752e-02 4.361785e-02 8.318668e-03 -3.531467e-02
<VARIANCE> 39
 1.100633e+01 1.277768e+01 1.675607e+01 3.033254e+01 5.182815e+01 4.903046e+01 2.357672e+01 2.675367e+01 2.862154e+01 2.619244e+01 3.468152e+01 3.229564e+01 2.627438e+00 7.867464e-01 7.032077e-01 8.012249e-01 2.140492e+00 1.936449e+00 3.515188e+00 1.452443e+00 1.573455e+00 1.258073e+00 1.078170e+00 1.369532e+00 1.264088e+00 6.002958e-02 1.112405e-01 1.465653e-01 1.328253e-01 2.988291e-01 4.719222e-01 4.278467e-01 2.940502e-01 2.419031e-01 1.949133e-01 1.804913e-01 1.999803e-01 1.913428e-01 9.831928e-03
<GCONST> 8.966241e+01
<STATE> 3
<MEAN> 39
 -5.154270e+00 -3.363420e+00 5.513142e+00 -1.918380e+01 -1.203014e+01 -4.313245e+00 -8.866243e+00 -8.559920e+00 1.804786e+00 -5.792917e+00 1.117412e+00 -5.916040e+00 1.865179e+01 -8.341525e-01 1.797717e+00 -3.203301e-01 -1.640104e+00 2.379320e+00 -2.135319e-01 -1.394358e+00 8.983276e-01 -4.546137e-01 -2.159540e-01 1.097376e-01 2.492623e-02 -2.594168e-02 5.302759e-02 1.019784e-01 -4.524305e-01 5.344380e-01 3.506820e-01 -6.568090e-01 4.462049e-01 3.469798e-02 -3.580766e-01 7.839110e-02 -5.850691e-02 3.491664e-02 -5.296502e-02
<VARIANCE> 39
 7.807058e+00 2.441994e+01 1.177371e+01 3.083574e+01 6.124979e+01 2.896153e+01 4.163673e+01 6.534618e+01 2.620936e+01 2.840314e+01 3.767314e+01 2.980571e+01 1.291241e+00 2.521461e-01 6.005361e-01 1.026635e+00 1.856804e+00 1.329771e+00 3.627910e+00 2.116222e+00 1.355256e+00 1.385837e+00 1.100484e+00 7.125157e-01 7.877865e-01 1.964252e-02 5.107808e-02 1.610473e-01 9.513966e-02 2.340316e-01 5.112285e-01 2.428018e-01 3.769605e-01 3.826926e-01 1.704337e-01 1.473203e-01 1.320822e-01 1.108942e-01 2.141925e-03
<GCONST> 8.272104e+01
<STATE> 4
<MEAN> 39
 -6.330790e+00 3.411422e+00 -1.822727e+00 -1.524658e+01 -1.274364e+00 -1.195189e+01 -5.040859e+00 -8.588832e+00 -3.537619e+00 -5.353222e+00 -5.788793e-01 -6.421564e+00 1.763494e+01 9.246157e-02 -3.250082e-01 -5.233669e-01 9.213565e-01 3.671919e-01 1.389334e-01 6.956140e-01 -2.633171e-01 -1.667386e-01 -8.955323e-03 -6.602119e-02 5.380833e-02 -2.194907e-01 1.946534e-02 -2.681635e-01 5.352637e-02 2.804974e-02 -1.938877e-01 2.593142e-01 3.782957e-02 2.481532e-04 1.320955e-01 -1.240834e-02 4.188788e-02 2.631679e-02 -2.563392e-02
<VARIANCE> 39
 7.880737e+00 1.668588e+01 1.523613e+01 3.219898e+01 2.221825e+01 2.694110e+01 4.423894e+01 4.201867e+01 3.121174e+01 4.024792e+01 3.998187e+01 3.703202e+01 1.768450e+00 2.570753e-01 1.406110e+00 6.518959e-01 8.573452e-01 1.141383e+00 2.172144e+00 1.364008e+00 1.529564e+00 1.346627e+00 1.259160e+00 1.084884e+00 9.778976e-01 3.533620e-02 4.496976e-02 9.791294e-02 8.103732e-02 1.556526e-01 1.832042e-01 1.881398e-01 1.956237e-01 2.138160e-01 1.775752e-01 1.748257e-01 1.444672e-01 1.360906e-01 2.848758e-03
<GCONST> 7.936591e+01
<TRANSP> 5
 0.000000e+00 1.000000e+00 0.000000e+00 0.000000e+00 0.000000e+00
 0.000000e+00 8.745310e-01 1.254690e-01 0.000000e+00 0.000000e+00
 0.000000e+00 0.000000e+00 7.910821e-01 2.089179e-01 0.000000e+00
 0.000000e+00 0.000000e+00 0.000000e+00 9.072739e-01 9.272607e-02
 0.000000e+00 0.000000e+00 0.000000e+00 0.000000e+00 0.000000e+00
<ENDHMM>
~h "one"
<BEGINHMM>
<NUMSTATES> 5
<STATE> 2
<MEAN> 39
 -7.160693e-01 -3.073121e+00 -8.010591e+00 -1.368047e+01 -2.779763e+00 -6.032851e+00 -1.156814e+00 -8.713058e+00 -3.181159e+00 -6.724660e+00 -1.099894e+00 -6.742347e+00 1.754345e+01 4.373351e-01 -2.434692e-01 -1.023737e+00 6.538947e-02 4.757377e-01 3.035749e-01 -1.556365e-01 8.374988e-02 1.502021e-01 -1.811593e-01 -3.318720e-01 -3.679268e-01 2.798428e-01 -1.128505e-01 -1.874164e-01 -4.971382e-02 3.109097e-01 1.425425e-01 -5.294953e-02 -1.173082e-01 4.792193e-02 5.279813e-02 -5.520137e-02 -3.409167e-02 2.634909e-02 -1.719905e-02
<VARIANCE> 39
 8.437290e+00 6.985498e+00 2.320199e+01 1.959468e+01 2.375453e+01 2.479401e+01 1.853767e+01 2.009085e+01 2.502269e+01 2.385758e+01 2.843170e+01 2.727618e+01 2.288897e+00 3.839436e-01 7.522163e-01 8.343107e-01 1.674762e+00 1.520203e+00 1.216925e+00 1.238403e+00 9.808896e-01 1.070691e+00 9.596757e-01 1.056776e+00 1.024361e+00 4.505654e-02 5.076361e-02 5.915828e-02 1.477592e-01 2.296944e-01 1.858819e-01 2.494044e-01 1.953235e-01 1.717118e-01 1.786209e-01 1.720677e-01 1.866679e-01 1.685427e-01 5.875289e-03
<GCONST> 7.721797e+01
<STATE> 3
<MEAN> 39
 -1.298782e+00 -9.419934e+00 -1.325819e+01 -3.998145e+00 2.084426e+00 -7.740422e+00 -4.938722e+00 -5.396202e+00 -1.439269e+00 -1.055280e+01 -3.748186e+00 -6.920514e+00 1.859648e+01 -5.822117e-01 -8.054889e-01 7.883692e-01 1.519898e+00 -7.706358e-01 -9.520281e-01 5.635519e-01 6.379322e-01 -6.009191e-01 -7.317331e-01 2.747031e-01 4.246242e-01 -5.354178e-03 -4.966782e-02 2.143238e-01 4.219954e-01 -3.947389e-01 -4.495700e-01 1.415736e-01 4.052440e-01 -2.364573e-01 -2.495582e-01 2.155284e-01 2.185902e-01 -4.717412e-02 -3.108438e-02
<VARIANCE> 39
 5.557698e+00 1.038739e+01 1.615711e+01 3.118667e+01 2.026873e+01 2.721607e+01 2.834715e+01 3.476402e+01 4.306736e+01 3.936550e+01 2.929206e+01 3.313510e+01 1.497540e+00 1.321652e-01 3.945926e-01 8.584019e-01 1.284567e+00 1.434398e+00 9.698527e-01 1.984142e+00 1.333317e+00 1.646580e+00 1.167041e+00 1.459126e+00 9.903750e-01 8.891215e-03 2.316883e-02 4.910088e-02 9.364283e-02 1.904079e-01 1.756323e-01 2.853293e-01 1.965205e-01 3.100457e-01 2.332018e-01 2.637501e-01 1.884358e-01 2.279996e-01 9.784850e-04
<GCONST> 7.516180e+01
<STATE> 4
<MEAN> 39
 -3.832859e+00 -5.626443e+00 -2.272131e+00 -7.652392e+00 -3.653307e+00 -6.855160e+00 -1.710013e+00 -1.129349e+01 -5.660350e+00 -8.958206e+00 -2.252637e+00 -8.139856e+00 1.779667e+01 -6.303565e-02 5.861193e-01 5.356079e-01 -5.616549e-01 1.399113e-01 2.808604e-01 -1.685200e-01 -4.593007e-01 5.910172e-02 3.819285e-01 3.718661e-02 5.115019e-02 -1.628825e-01 9.367425e-03 -3.299858e-02 -1.861127e-01 9.887230e-03 1.590153e-01 3.325675e-02 -8.384643e-02 1.013650e-01 1.164824e-01 -2.760544e-02 -2.447112e-02 5.960647e-02 -1.923625e-02
<VARIANCE> 39
 6.582992e+00 2.612835e+01 1.419417e+01 2.704719e+01 2.035262e+01 4.016148e+01 3.573998e+01 3.952108e+01 3.919269e+01 4.437969e+01 3.347070e+01 3.579409e+01 1.386340e+00 3.436785e-01 8.913556e-01 1.170745e+00 1.156379e+00 1.303956e+00 1.889209e+00 1.574044e+00 1.628072e+00 1.601207e+00 1.519324e+00 1.086254e+00 1.118918e+00 2.381004e-02 5.381262e-02 1.369454e-01 8.284120e-02 1.965617e-01 1.982030e-01 2.922209e-01 2.838215e-01 2.165323e-01 2.507247e-01 2.396220e-01 1.873377e-01 1.644479e-01 2.641952e-03
<GCONST> 8.302522e+01
<TRANSP> 5
 0.000000e+00 1.000000e+00 0.000000e+00 0.000000e+00 0.000000e+00
 0.000000e+00 8.778180e-01 1.221820e-01 0.000000e+00 0.000000e+00
 0.000000e+00 0.000000e+00 8.247952e-01 1.752048e-01 0.000000e+00
 0.000000e+00 0.000000e+00 0.000000e+00 9.203043e-01 7.969571e-02
 0.000000e+00 0.000000e+00 0.000000e+00 0.000000e+00 0.000000e+00
<ENDHMM>
~h "sil"
<BEGINHMM>
<NUMSTATES> 5
<STATE> 2
<MEAN> 39
 -6.738487e+00 -6.906513e+00 -5.101315e+00 -9.192457e+00 -2.127975e-01 -3.692567e+00 -6.019983e-02 -8.823518e+00 -2.796858e+00 -5.684158e+00 7.722717e-01 -4.121067e+00 1.455847e+01 -3.724809e-02 -2.410049e-03 4.026289e-03 5.793628e-02 7.875529e-02 5.663249e-02 6.203211e-02 1.399871e-03 -5.049961e-04 1.468453e-02 2.040710e-02 1.981399e-02 -1.206461e-02 -2.759980e-02 -3.663981e-02 -7.899737e-02 -1.054848e-01 -9.591512e-02 -8.246812e-02 -3.749109e-02 2.670278e-02 1.177939e-03 9.305784e-04 1.208142e-02 9.497995e-03 2.126298e-03
<VARIANCE> 39
 2.846373e+00 3.439683e+00 5.141608e+00 7.083445e+00 1.205521e+01 1.325187e+01 1.430794e+01 1.563852e+01 1.490122e+01 1.361567e+01 1.582479e+01 1.238384e+01 1.102751e+00 6.714349e-02 1.427579e-01 2.522945e-01 3.565157e-01 4.807772e-01 6.341630e-01 6.596985e-01 6.903478e-01 6.758420e-01 5.661815e-01 6.340990e-01 5.467852e-01 4.568077e-03 9.237917e-03 2.091397e-02 3.624072e-02 4.649719e-02 7.577986e-02 1.069074e-01 1.066073e-01 1.248248e-01 1.080806e-01 9.215565e-02 1.083573e-01 9.835885e-02 6.068139e-04
<GCONST> 4.165668e+01
<STATE> 3
~s "silst"
<STATE> 4
<MEAN> 39
 -7.562513e+00 -7.524898e+00 -6.836057e+00 -1.146646e+01 -2.005664e+00 -5.220406e+00 -7.830283e-01 -8.393783e+00 -2.593320e+00 -5.433135e+00 1.338749e+00 -3.889322e+00 1.450086e+01 2.421127e-02 2.966335e-02 7.951465e-03 -3.368400e-02 -6.226348e-02 -2.714392e-02 -6.505217e-02 -2.863027e-02 -1.309338e-02 7.038706e-03 -2.792799e-02 -3.273811e-02 6.323693e-03 3.878804e-02 6.584112e-02 1.168871e-01 1.471353e-01 1.217194e-01 1.064631e-01 4.863537e-02 -1.078749e-02 1.134466e-02 -8.632454e-03 -3.928773e-02 -3.091219e-02 7.875488e-03
<VARIANCE> 39
 3.275376e+00 3.928956e+00 5.812800e+00 7.272493e+00 1.131718e+01 1.318676e+01 1.504168e+01 1.597332e+01 1.788371e+01 1.471400e+01 1.493212e+01 1.387465e+01 1.005754e+00 6.284960e-02 1.543987e-01 2.714491e-01 4.011834e-01 4.881881e-01 6.788021e-01 6.022953e-01 7.454919e-01 7.027823e-01 5.771971e-01 6.985874e-01 6.196504e-01 2.654794e-03 1.279645e-02 2.637112e-02 3.782614e-02 5.373386e-02 7.370525e-02 1.140583e-01 1.052992e-01 1.257743e-01 1.346408e-01 9.789342e-02 1.146976e-01 1.110033e-01 1.074078e-03
<GCONST> 4.412231e+01
<TRANSP> 5
 0.000000e+00 1.000000e+00 0.000000e+00 0.000000e+00 0.000000e+00
 0.000000e+00 7.699483e-01 5.685475e-02 1.731970e-01 0.000000e+00
 0.000000e+00 0.000000e+00 8.118251e-01 1.881749e-01 0.000000e+00
 0.000000e+00 2.045670e-01 0.000000e+00 7.126498e-01 8.278318e-02
 0.000000e+00 0.000000e+00 0.000000e+00 0.000000e+00 0.000000e+00
<ENDHMM>
~h "six"
<BEGINHMM>
<NUMSTATES> 5
<STATE> 2
<MEAN> 39
 -8.304996e+00 -4.038954e+00 -6.477359e+00 -9.061006e+00 -3.561252e+00 -4.795538e+00 -1.911271e+00 -8.340979e+00 -3.460576e+00 -3.735335e+00 -1.098427e-01 -3.170601e+00 1.515295e+01 6.934862e-01 6.962808e-01 1.284311e+00 -1.524948e+00 -1.283642e+00 -1.304381e+00 1.029671e-01 -1.092731e-01 4.787754e-01 3.822605e-01 -5.773260e-01 -5.605134e-01 6.808643e-01 2.519260e-02 1.022579e-01 1.886218e-01 -4.693071e-01 -2.538296e-01 -1.156504e-01 3.197068e-02 9.461958e-02 1.971768e-01 -2.122585e-02 -1.283557e-01 -2.493365e-01 1.329627e-01
<VARIANCE> 39
 7.870869e+00 7.880763e+00 1.275057e+01 1.153121e+01 2.090898e+01 2.219491e+01 1.595772e+01 1.725002e+01 2.070631e+01 3.342834e+01 1.924197e+01 1.704285e+01 2.272748e+00 3.394749e-01 4.790279e-01 8.510364e-01 1.121166e+00 1.178072e+00 1.332446e+00 1.062849e+00 8.192514e-01 1.464132e+00 2.374295e+00 1.166006e+00 1.386487e+00 6.868044e-02 6.364162e-02 5.579135e-02 1.178951e-01 9.711772e-02 1.995448e-01 2.169322e-01 1.541239e-01 1.793259e-01 1.846290e-01 2.480240e-01 1.708179e-01 1.632551e-01 1.058577e-02
<GCONST> 7.515381e+01
<STATE> 3
<MEAN> 39
 -6.463575e+00 -1.052365e+00 -9.448431e-01 -2.015398e+01 -7.733683e+00 -8.672132e+00 -2.362244e+00 -6.322234e+00 2.813545e-01 -3.827174e+00 -2.482412e+00 -7.327868e+00 1.831504e+01 1.387461e-02 -1.061457e-01 1.982166e-01 -2.445828e-01 4.175092e-01 2.369845e-01 -2.777877e-01 1.602184e-01 2.969005e-02 -2.105076e-01 1.970179e-01 2.991833e-02 -6.590459e-02 -5.364019e-02 -2.062272e-01 -2.638268e-01 4.923936e-01 2.865418e-01 2.142875e-01 6.934958e-02 -9.381599e-02 -1.492040e-01 -5.801613e-02 1.493007e-01 1.689085e-01 -1.666301e-01
<VARIANCE> 39
 7.765122e+00 9.946506e+00 1.742675e+01 2.262382e+01 5.895292e+01 3.102840e+01 3.803371e+01 2.460770e+01 3.463696e+01 5.730532e+01 3.549351e+01 3.732407e+01 1.461039e+00 3.482742e-01 6.436070e-01 1.057942e+00 3.188385e+00 2.270716e+00 1.707373e+00 1.728927e+00 1.354280e+00 1.881659e+00 1.975632e+00 1.836454e+00 1.856857e+00 2.815508e-01 6.745632e-02 6.639823e-02 1.626543e-01 2.220508e-01 3.069210e-01 3.207815e-01 3.828412e-01 2.251699e-01 2.872559e-01 3.371549e-01 2.651231e-01 2.534115e-01 1.181936e-02
<GCONST> 9.174282e+01
<STATE> 4
<MEAN> 39
 -6.598067e+00 -6.288723e+00 -4.722326e+00 -1.075259e+01 -9.364659e-01 -3.965901e+00 -1.337368e+00 -8.832631e+00 -2.184716e+00 -5.829037e+00 1.146672e+00 -4.207694e+00 1.474981e+01 -2.212086e-01 -9.197339e-01 -9.634227e-01 1.436361e+00 3.983315e-01 4.215993e-01 8.886237e-01 -4.346342e-01 -2.759801e-01 -5.076901e-02 1.799228e-01 2.826673e-01 -4.585352e-01 -9.927288e-02 1.726711e-01 2.084696e-01 -4.375474e-01 -3.713844e-01 -1.646129e-01 -8.749475e-02 1.785153e-01 1.195071e-01 1.041627e-01 -1.800937e-01 -1.430840e-01 1.504512e-01
<VARIANCE> 39
 3.309361e+00 5.210583e+00 9.426942e+00 1.093753e+01 1.463645e+01 1.623884e+01 1.967507e+01 1.842720e+01 1.693840e+01 1.714751e+01 1.850994e+01 1.501176e+01 1.454861e+00 2.472815e-01 4.823168e-01 9.235439e-01 1.310059e+00 2.075659e+00 1.675413e+00 1.595099e+00 1.254616e+00 1.207683e+00 1.193434e+00 1.182520e+00 1.004437e+00 7.885394e-02 3.873323e-02 6.319407e-02 1.365529e-01 1.450547e-01 2.330692e-01 1.889584e-01 2.615173e-01 1.863780e-01 1.840402e-01 1.724266e-01 2.001985e-01 1.817190e-01 5.568430e-03
<GCONST> 7.216677e+01
<TRANSP> 5
 0.000000e+00 1.000000e+00 0.000000e+00 0.000000e+00 0.000000e+00
 0.000000e+00 6.887466e-01 3.112534e-01 0.000000e+00 0.000000e+00
 0.000000e+00 0.000000e+00 8.889253e-01 1.110747e-01 0.000000e+00
 0.000000e+00 0.000000e+00 0.000000e+00 7.553409e-01 2.446592e-01
 0.000000e+00 0.000000e+00 0.000000e+00 0.000000e+00 0.000000e+00
<ENDHMM>
~h "two"
<BEGINHMM>
<NUMSTATES> 5
<STATE> 2
<MEAN> 39
 -1.099864e+01 -3.030892e+00 -6.569785e+00 -1.078277e+01 -1.045371e+00 -3.907782e+00 -2.132157e+00 -7.476719e+00 -2.179625e+00 -5.517963e+00 1.115500e+00 -3.466692e+00 1.513286e+01 5.386374e-01 6.561556e-01 1.065639e+00 -6.163711e-01 -3.297428e-01 -4.014898e-01 -5.147346e-01 -2.177860e-01 3.325585e-02 -5.661675e-02 -2.491355e-01 -4.028551e-01 3.434947e-01 2.868409e-01 5.358993e-02 2.735525e-01 -1.103381e-01 -2.043455e-01 -2.281336e-01 -1.103850e-01 -1.272358e-01 -4.137705e-02 -2.811115e-03 -7.142673e-02 -1.527508e-01 8.852249e-02
<VARIANCE> 39
 9.926140e+00 7.932243e+00 1.337421e+01 1.200896e+01 1.894843e+01 2.344460e+01 1.959500e+01 2.156335e+01 2.161705e+01 2.469511e+01 2.525354e+01 1.971041e+01 9.742072e-01 1.453849e+00 5.819886e-01 1.348612e+00 8.631299e-01 1.412018e+00 1.347783e+00 9.992302e-01 1.217628e+00 1.235307e+00 1.341516e+00 2.006576e+00 1.068958e+00 7.595139e-02 1.385295e-01 1.138209e-01 1.412851e-01 1.234598e-01 2.336989e-01 2.031492e-01 1.818744e-01 2.289516e-01 2.354635e-01 2.048468e-01 3.701935e-01 1.626882e-01 8.175128e-03
<GCONST> 8.017117e+01
<STATE> 3
<MEAN> 39
 -4.630071e+00 1.361865e+00 1.956662e+00 -1.564038e+01 -7.108016e+00 -1.003495e+01 -6.875064e+00 -1.051657e+01 -2.467763e+00 -5.234413e+00 -1.167915e+00 -7.370895e+00 1.843731e+01 6.542497e-01 5.374316e-01 7.307037e-01 -5.350349e-01 -1.161913e+00 -1.101970e+00 -5.661805e-01 -2.904091e-01 -7.771659e-02 1.151833e-01 -2.233896e-01 -6.402538e-01 4.474180e-01 -2.488544e-01 -2.421297e-01 -4.321443e-01 3.083165e-01 2.833405e-01 2.418302e-01 2.475189e-01 1.494261e-01 -1.856069e-02 -6.884324e-03 1.571097e-01 1.901082e-01 -1.480231e-01
<VARIANCE> 39
 7.474932e+00 7.987969e+00 1.360381e+01 2.205350e+01 3.962421e+01 2.513054e+01 2.814750e+01 2.450306e+01 3.157374e+01 5.446134e+01 4.412545e+01 4.886452e+01 1.028477e+00 5.613902e-01 6.140383e-01 9.534508e-01 1.422763e+00 1.260170e+00 1.183590e+00 1.682069e+00 1.500600e+00 1.843095e+00 1.987481e+00 2.360156e+00 1.853277e+00 8.929428e-02 6.293292e-02 5.111735e-02 8.001807e-02 1.227786e-01 1.987445e-01 1.732900e-01 2.012226e-01 1.889139e-01 2.096567e-01 2.695925e-01 2.913132e-01 2.206010e-01 6.044227e-03
<GCONST> 8.326097e+01
<STATE> 4
<MEAN> 39
 -3.095249e+00 -4.190849e-01 -3.178199e-01 -1.264768e+01 -6.494074e+00 -1.124613e+01 -5.557775e+00 -9.890850e+00 -3.005802e+00 -5.447060e+00 -2.431977e-02 -7.277780e+00 1.797246e+01 7.789205e-03 -3.221871e-01 -3.206590e-01 4.838479e-01 4.451796e-01 3.190453e-01 3.000651e-01 5.784041e-02 -7.299694e-02 -1.567946e-02 1.167459e-01 2.406311e-01 -1.899348e-01 -7.649404e-02 -6.118970e-02 -4.075255e-02 -1.058791e-02 7.706686e-02 1.243432e-01 7.404112e-02 3.253325e-02 2.835207e-02 1.571132e-03 -1.369618e-02 4.008190e-02 -3.817093e-02
<VARIANCE> 39
 5.982661e+00 8.230606e+00 1.215463e+01 2.985734e+01 3.217465e+01 2.331815e+01 3.180697e+01 3.276674e+01 3.920263e+01 4.167112e+01 5.061337e+01 3.994773e+01 1.678221e+00 2.810963e-01 2.349214e-01 4.363544e-01 6.554504e-01 9.463235e-01 1.147829e+00 1.118191e+00 1.167666e+00 1.065376e+00 1.130265e+00 1.179831e+00 1.080429e+00 3.847437e-02 2.954330e-02 3.209349e-02 5.501516e-02 9.204815e-02 1.114567e-01 1.445045e-01 1.430314e-01 1.731219e-01 1.677608e-01 1.693102e-01 1.720627e-01 1.577540e-01 3.076724e-03
<GCONST> 7.109116e+01
<TRANSP> 5
 0.000000e+00 1.000000e+00 0.000000e+00 0.000000e+00 0.000000e+00
 0.000000e+00 7.970024e-01 2.029975e-01 0.000000e+00 0.000000e+00
 0.000000e+00 0.000000e+00 7.615573e-01 2.384427e-01 0.000000e+00
 0.000000e+00 0.000000e+00 0.000000e+00 9.217638e-01 7.823618e-02
 0.000000e+00 0.000000e+00 0.000000e+00 0.000000e+00 0.000000e+00
<ENDHMM>
~h "nine"
<BEGINHMM>
<NUMSTATES> 5
<STATE> 2
<MEAN> 39
 -4.349206e+00 -4.145403e+00 -2.034712e+00 -8.957496e+00 -3.019442e+00 -6.290182e+00 -1.551016e+00 -1.119870e+01 -5.046913e+00 -8.199084e+00 -3.020851e+00 -7.907041e+00 1.755622e+01 -1.375975e-01 -6.432614e-01 -2.201322e-01 4.755653e-01 -4.816696e-01 1.782994e-01 3.801812e-01 -2.153332e-01 -4.853667e-02 -1.534076e-01 -1.828336e-01 -1.455578e-01 2.433885e-01 -4.340767e-02 -1.345597e-01 -7.130239e-02 1.143779e-01 1.029784e-02 -1.546193e-03 4.106130e-02 3.164509e-02 1.448726e-02 6.726040e-03 7.729905e-02 3.902844e-02 -9.614820e-03
<VARIANCE> 39
 8.886410e+00 1.968276e+01 1.493947e+01 1.644966e+01 2.861226e+01 2.892107e+01 3.164704e+01 2.748806e+01 4.656506e+01 3.514444e+01 3.079014e+01 3.267504e+01 2.277090e+00 5.278026e-01 1.579385e+00 1.136766e+00 1.080153e+00 1.140353e+00 1.420312e+00 1.629350e+00 1.274955e+00 1.525265e+00 1.145208e+00 1.229054e+00 1.018252e+00 3.838319e-02 6.412254e-02 1.781591e-01 1.341828e-01 1.376106e-01 2.116864e-01 2.198983e-01 2.451191e-01 1.858222e-01 2.021193e-01 1.630826e-01 1.738114e-01 1.439038e-01 4.941464e-03
<GCONST> 8.269714e+01
<STATE> 3
<MEAN> 39
 -6.343321e+00 -1.157641e+01 -4.825344e+00 -2.768784e+00 -5.704614e+00 -5.228912e+00 1.741827e+00 -1.135331e+01 -5.533365e+00 -8.981164e+00 -1.708166e+00 -7.653326e+00 1.860831e+01 -1.104220e-01 1.057562e-01 2.326386e-01 -2.530428e-01 -2.033678e-02 2.182195e-01 -1.117317e-01 -8.398662e-02 2.003641e-01 5.199976e-02 -5.943963e-02 4.755202e-02 -2.212732e-02 2.562488e-03 1.933319e-01 6.776929e-02 -2.380637e-01 4.568205e-02 5.967407e-02 -1.071664e-01 1.279867e-02 7.447841e-02 -1.191417e-02 -6.662622e-02 2.413983e-02 -1.466025e-02
<VARIANCE> 39
 7.289381e+00 8.590552e+00 2.448016e+01 3.247135e+01 1.896914e+01 3.073523e+01 3.094031e+01 3.396297e+01 4.384410e+01 4.170153e+01 2.849911e+01 3.073748e+01 1.012965e+00 8.398745e-02 3.891821e-01 4.084010e-01 1.137141e+00 5.022066e-01 6.243931e-01 5.648977e-01 5.157685e-01 6.543463e-01 6.699316e-01 6.815197e-01 5.429661e-01 4.860545e-03 1.130553e-02 3.013873e-02 4.145875e-02 5.610744e-02 7.289021e-02 7.334603e-02 7.411245e-02 8.135267e-02 8.301882e-02 8.719685e-02 7.928538e-02 7.949843e-02 3.989960e-04
<GCONST> 5.417931e+01
<STATE> 4
<MEAN> 39
 -5.349638e+00 -2.420768e+00 -1.355156e+00 -1.126699e+01 -1.260827e+00 -5.347163e+00 -3.576812e+00 -1.033358e+01 -3.417094e+00 -8.066588e+00 -2.767684e+00 -6.481830e+00 1.765924e+01 2.307994e-01 4.847166e-01 -6.943366e-03 -7.332971e-02 4.442598e-01 -2.550897e-01 -2.038227e-01 2.677567e-01 -1.367144e-01 7.285454e-02 2.215428e-01 1.072086e-01 -1.744023e-01 -2.679388e-02 -1.591394e-01 -8.434177e-02 1.385577e-01 -4.017322e-02 3.854210e-04 1.204370e-01 9.401106e-03 -5.413546e-02 4.367427e-02 7.223365e-02 -5.176372e-03 -1.931447e-02
<VARIANCE> 39
 1.181619e+01 1.583313e+01 1.132924e+01 2.329486e+01 3.120089e+01 3.250054e+01 3.016124e+01 2.984017e+01 4.659382e+01 3.805741e+01 3.666190e+01 4.029751e+01 1.226881e+00 4.973007e-01 1.177448e+00 6.296009e-01 1.630345e+00 1.283300e+00 1.527511e+00 1.501065e+00 1.269846e+00 1.654707e+00 1.192558e+00 1.124199e+00 1.079570e+00 2.496606e-02 6.991290e-02 8.567927e-02 9.038325e-02 1.784586e-01 1.773636e-01 2.428632e-01 1.810827e-01 2.013599e-01 2.423136e-01 1.946264e-01 1.777593e-01 1.488964e-01 2.379819e-03
<GCONST> 8.075598e+01
<TRANSP> 5
 0.000000e+00 1.000000e+00 0.000000e+00 0.000000e+00 0.000000e+00
 0.000000e+00 8.978818e-01 1.021182e-01 0.000000e+00 0.000000e+00
 0.000000e+00 0.000000e+00 9.158721e-01 8.412790e-02 0.000000e+00
 0.000000e+00 0.000000e+00 0.000000e+00 9.190528e-01 8.094719e-02
 0.000000e+00 0.000000e+00 0.000000e+00 0.000000e+00 0.000000e+00
<ENDHMM>
~h "five"
<BEGINHMM>
<NUMSTATES> 5
<STATE> 2
<MEAN> 39
 -4.023860e+00 -1.157195e+01 -1.028965e+01 -8.156844e+00 5.891111e-01 -8.323151e+00 3.414638e-01 -4.504795e+00 -5.389165e+00 -8.045152e+00 -1.961264e+00 -4.943540e+00 1.810039e+01 3.234956e-01 -1.176826e+00 -6.833497e-01 8.091158e-01 5.275024e-01 -6.148942e-01 3.449706e-01 3.574038e-01 -7.511204e-01 -1.860541e-01 -2.623752e-01 1.238435e-02 5.487809e-01 -2.000653e-01 4.463267e-02 1.979581e-01 8.223014e-02 -2.128286e-02 1.174158e-01 2.885338e-02 -2.177216e-01 4.494356e-02 1.499308e-01 1.724784e-01 5.246931e-02 -8.388697e-02
<VARIANCE> 39
 1.059730e+01 1.936604e+01 2.353308e+01 1.707681e+01 1.924627e+01 2.017540e+01 2.559127e+01 5.241823e+01 3.276323e+01 2.847250e+01 2.496291e+01 2.032288e+01 4.174858e+00 7.697582e-01 5.667882e-01 1.188725e+00 8.938861e-01 7.882562e-01 9.759436e-01 9.618472e-01 2.117422e+00 1.730565e+00 1.714331e+00 1.347029e+00 1.024447e+00 1.244969e-01 9.412122e-02 1.292762e-01 1.686914e-01 1.231903e-01 1.365712e-01 1.407448e-01 1.541367e-01 2.979372e-01 2.705962e-01 1.879836e-01 1.731527e-01 1.406883e-01 2.685375e-02
<GCONST> 8.403767e+01
<STATE> 3
<MEAN> 39
 -5.834800e+00 -1.542086e+01 -8.475505e+00 -3.737456e+00 1.372083e+00 -9.052052e+00 2.550632e+00 -7.577518e+00 -7.224705e+00 -5.375243e+00 -4.663510e-01 -4.514312e+00 1.903869e+01 -1.594739e-01 1.016500e-01 4.894907e-01 -2.885895e-01 -2.781182e-01 4.513350e-01 6.643657e-02 -3.908054e-01 3.791367e-02 2.891284e-01 4.653307e-02 -8.077390e-02 -4.982370e-02 4.133739e-02 1.166243e-01 8.995073e-03 -1.950543e-01 -5.470895e-02 8.732124e-02 -2.850571e-02 2.982992e-02 5.826740e-02 -5.376980e-02 -7.774687e-02 -1.769520e-02 -1.484023e-02
<VARIANCE> 39
 9.157496e+00 9.471383e+00 2.470854e+01 2.111020e+01 1.881636e+01 2.364578e+01 1.745067e+01 3.935091e+01 4.784542e+01 4.433001e+01 2.668910e+01 2.542122e+01 1.368697e+00 8.893070e-02 1.631991e-01 2.714573e-01 6.641507e-01 5.068389e-01 5.678024e-01 5.041562e-01 5.005256e-01 6.134354e-01 5.918300e-01 5.821818e-01 4.783429e-01 5.875385e-03 1.176923e-02 2.433953e-02 3.020642e-02 4.803013e-02 5.087166e-02 5.292907e-02 5.735439e-02 6.563130e-02 8.807562e-02 8.509436e-02 6.668840e-02 7.010130e-02 8.775241e-04
<GCONST> 5.003263e+01
<STATE> 4
<MEAN> 39
 -5.447287e+00 -8.167824e+00 -3.555301e+00 -1.338656e+01 -3.379896e+00 -3.639198e+00 1.231186e+00 -8.254992e+00 -3.965640e+00 -5.459963e+00 -1.935611e+00 -5.733817e+00 1.789338e+01 7.130357e-02 1.027459e+00 2.802656e-01 -2.586678e-01 -1.492407e-01 -9.294298e-02 -3.317320e-01 1.073820e-01 4.621795e-01 -1.420216e-01 6.137954e-02 1.360304e-02 -3.037685e-01 -5.861773e-02 -8.568870e-02 -9.790593e-02 2.638973e-01 1.502254e-01 -8.597141e-02 -1.595475e-02 -9.464245e-03 -4.700194e-02 1.250368e-02 9.253658e-02 5.434954e-02 -3.732291e-02
<VARIANCE> 39
 7.866786e+00 2.469921e+01 1.186929e+01 3.016873e+01 3.848351e+01 2.255526e+01 2.548570e+01 3.262114e+01 4.550473e+01 2.704232e+01 2.719786e+01 2.929443e+01 2.372054e+00 3.355103e-01 6.932916e-01 6.297771e-01 2.910158e+00 1.774248e+00 1.501245e+00 9.759209e-01 1.460610e+00 1.645039e+00 1.330160e+00 1.369850e+00 1.030363e+00 5.497393e-02 5.186913e-02 1.031988e-01 8.858509e-02 2.585550e-01 2.243546e-01 2.623714e-01 1.716424e-01 2.170811e-01 2.070706e-01 1.746755e-01 2.114449e-01 1.705222e-01 5.646450e-03
<GCONST> 8.273669e+01
<TRANSP> 5
 0.000000e+00 1.000000e+00 0.000000e+00 0.000000e+00 0.000000e+00
 0.000000e+00 8.425493e-01 1.574507e-01 0.000000e+00 0.000000e+00
 0.000000e+00 0.000000e+00 9.139322e-01 8.606783e-02 0.000000e+00
 0.000000e+00 0.000000e+00 0.000000e+00 8.875865e-01 1.124135e-01
 0.000000e+00 0.000000e+00 0.000000e+00 0.000000e+00 0.000000e+00
<ENDHMM>
~h "four"
<BEGINHMM>
<NUMSTATES> 5
<STATE> 2
<MEAN> 39
 -8.541642e-01 -4.630065e+00 -1.008560e+01 -1.387877e+01 -2.744304e+00 -7.201509e+00 -3.603023e+00 -8.901594e+00 -1.317064e+00 -4.620473e+00 -7.764866e-01 -6.970268e+00 1.777512e+01 1.355997e+00 4.874105e-01 -1.096703e+00 -1.085754e+00 -3.083671e-01 -1.488344e-01 -3.360650e-01 -8.617855e-02 9.308631e-02 2.856943e-01 -1.711026e-01 -4.632578e-01 5.916365e-01 -2.003662e-01 -7.122193e-02 9.991208e-02 6.811120e-02 2.477732e-02 1.338523e-01 1.419245e-01 4.747800e-02 -4.942223e-02 -3.731121e-02 9.009442e-02 1.151930e-01 -7.634412e-02
<VARIANCE> 39
 1.849647e+01 1.056278e+01 1.898188e+01 1.936950e+01 1.810378e+01 1.652734e+01 1.711293e+01 1.645013e+01 2.143092e+01 2.385495e+01 3.731009e+01 3.454124e+01 3.064810e+00 5.829197e-01 4.598381e-01 5.996889e-01 7.548914e-01 9.064878e-01 9.477528e-01 9.445099e-01 9.354851e-01 1.042682e+00 1.288614e+00 1.728506e+00 1.612167e+00 7.728671e-02 1.629913e-01 7.460793e-02 1.675891e-01 1.571853e-01 1.239151e-01 1.545639e-01 1.592112e-01 1.454932e-01 1.791268e-01 1.976865e-01 2.284762e-01 2.386654e-01 2.357296e-02
<GCONST> 7.933008e+01
<STATE> 3
<MEAN> 39
 1.609154e+00 -3.498651e+00 -1.223061e+01 -1.731503e+01 -4.176661e+00 -5.660320e+00 -2.804615e+00 -8.773754e+00 -1.273229e+00 -3.791155e+00 8.247231e-01 -6.441810e+00 1.900084e+01 -5.742379e-02 -4.724820e-01 2.012560e-03 4.314680e-01 2.265914e-01 -4.537557e-02 -2.396767e-01 3.201200e-01 4.761256e-01 -4.739875e-02 -3.105204e-01 -1.060690e-01 -1.147726e-02 -7.668152e-02 -1.526032e-01 1.088033e-01 2.276498e-01 1.334185e-02 -1.168919e-01 -1.778892e-02 1.213720e-01 6.694382e-02 -9.622851e-02 -1.240668e-01 5.758121e-03 -2.952894e-02
<VARIANCE> 39
 3.848458e+00 1.079649e+01 8.700146e+00 1.389856e+01 2.590604e+01 1.606921e+01 1.925922e+01 1.759054e+01 2.470512e+01 2.493666e+01 3.602428e+01 3.593392e+01 1.103239e+00 6.403650e-02 6.149310e-01 3.969834e-01 7.844350e-01 8.646053e-01 7.718982e-01 9.070572e-01 9.996239e-01 1.365629e+00 1.137945e+00 1.256536e+00 1.046602e+00 1.198075e-02 1.850132e-02 3.654240e-02 8.608874e-02 7.225081e-02 1.476488e-01 1.187812e-01 1.490509e-01 1.352197e-01 1.856501e-01 1.881137e-01 1.743307e-01 1.630936e-01 2.844122e-03
<GCONST> 6.402599e+01
<STATE> 4
<MEAN> 39
 -9.520016e-01 -1.044738e+01 -6.639137e+00 -8.586076e+00 -5.539975e+00 -8.380349e+00 -1.989547e+00 -5.346492e+00 -3.886307e-01 -7.640201e+00 -3.567018e+00 -7.181308e+00 1.820074e+01 -6.365420e-01 1.866228e-01 9.992113e-01 3.927077e-01 -2.667171e-01 1.573378e-01 5.635474e-01 -2.750355e-01 -6.138042e-01 -2.534216e-01 2.322124e-01 2.976826e-01 -2.642704e-01 -7.460935e-02 2.163849e-01 -7.968070e-02 -1.850035e-01 1.423953e-01 1.725860e-01 7.813317e-03 -1.590680e-01 -8.623967e-02 1.099682e-01 1.552746e-01 3.098098e-02 -4.390699e-02
<VARIANCE> 39
 8.786576e+00 1.894703e+01 3.017244e+01 1.968669e+01 4.310483e+01 3.944644e+01 3.425501e+01 4.481133e+01 4.758845e+01 3.443419e+01 3.367764e+01 2.988675e+01 2.046353e+00 2.707574e-01 1.493320e+00 9.905665e-01 1.606655e+00 2.635021e+00 2.200014e+00 1.730921e+00 2.391362e+00 1.819088e+00 1.669029e+00 1.714836e+00 1.136701e+00 5.310520e-02 3.259477e-02 1.421467e-01 1.939354e-01 1.773716e-01 3.993122e-01 3.069515e-01 3.340323e-01 3.668244e-01 3.754232e-01 2.705389e-01 2.999345e-01 2.062551e-01 3.894225e-03
<GCONST> 9.100447e+01
<TRANSP> 5
 0.000000e+00 1.000000e+00 0.000000e+00 0.000000e+00 0.000000e+00
 0.000000e+00 8.001130e-01 1.998869e-01 0.000000e+00 0.000000e+00
 0.000000e+00 0.000000e+00 8.918689e-01 1.081311e-01 0.000000e+00
 0.000000e+00 0.000000e+00 0.000000e+00 8.881020e-01 1.118980e-01
 0.000000e+00 0.000000e+00 0.000000e+00 0.000000e+00 0.000000e+00
<ENDHMM>
~h "zero"
<BEGINHMM>
<NUMSTATES> 5
<STATE> 2
<MEAN> 39
 -6.046092e+00 9.262322e-01 -5.890372e-01 -1.504688e+01 -5.224828e+00 -9.231771e+00 -4.451853e+00 -8.388618e+00 -9.907541e-01 -3.805538e+00 2.262807e-01 -6.142578e+00 1.774856e+01 2.173592e-01 -1.362717e-01 6.950570e-01 -7.378305e-01 -9.065658e-01 -8.183550e-02 -1.951254e-01 7.630433e-02 3.634088e-01 2.547006e-02 1.236215e-02 -1.961250e-01 2.661159e-01 5.366539e-02 -2.730173e-01 -6.584564e-02 2.311362e-01 -9.464061e-02 1.981163e-01 1.570596e-01 1.938244e-02 3.021200e-03 -5.909512e-02 7.358168e-03 1.750716e-02 -4.418595e-02
<VARIANCE> 39
 7.405242e+00 1.430450e+01 1.896477e+01 3.680462e+01 4.248821e+01 3.491205e+01 3.131173e+01 3.810275e+01 3.450348e+01 3.156424e+01 3.329334e+01 4.744474e+01 2.364672e+00 4.120688e-01 1.779810e+00 8.342628e-01 1.742795e+00 1.610959e+00 2.807060e+00 1.371980e+00 1.471062e+00 1.399720e+00 1.245486e+00 1.186454e+00 1.417837e+00 8.248502e-02 5.866209e-02 1.174883e-01 1.388711e-01 2.585910e-01 1.912475e-01 3.329124e-01 2.364931e-01 2.393943e-01 2.272532e-01 1.841991e-01 1.825246e-01 2.279816e-01 9.083552e-03
<GCONST> 8.836565e+01
<STATE> 3
<MEAN> 39
 -2.108880e+00 -9.690423e+00 2.041585e-01 -1.089058e+01 -1.447639e+01 -6.554846e+00 8.428607e-01 -6.822418e+00 1.810889e-01 -4.724403e+00 -1.616462e-01 -5.756829e+00 1.857941e+01 3.126167e-01 -9.388107e-01 -6.751953e-01 7.588813e-01 9.280287e-02 -1.664503e-01 7.369228e-01 4.936893e-01 -1.342385e-01 -3.451146e-01 -1.847871e-01 1.450818e-01 1.293732e-02 -8.601958e-02 1.926903e-01 -1.159359e-01 -1.333737e-01 3.237745e-01 -9.505234e-02 -1.383389e-01 8.737308e-02 -4.496971e-02 -3.684327e-02 -2.549148e-02 6.676950e-03 -4.377114e-03
<VARIANCE> 39
 6.988456e+00 1.959233e+01 1.489976e+01 4.089918e+01 5.265870e+01 6.731277e+01 2.675506e+01 3.137332e+01 2.367402e+01 1.960801e+01 2.374903e+01 3.566095e+01 1.328550e+00 3.350626e-01 5.157797e-01 4.742816e-01 1.455824e+00 1.912892e+00 2.068211e+00 1.248234e+00 1.559922e+00 1.284848e+00 8.998823e-01 8.365679e-01 7.658705e-01 8.604236e-03 2.497971e-02 3.016389e-02 8.208076e-02 1.606007e-01 1.911601e-01 3.069309e-01 1.761604e-01 1.667565e-01 1.598249e-01 1.186533e-01 1.156797e-01 1.183029e-01 1.215783e-03
<GCONST> 7.308910e+01
<STATE> 4
<MEAN> 39
 -1.585749e+00 -8.922622e+00 -7.170347e+00 -9.951869e+00 -5.173463e+00 -8.865362e+00 -1.324013e+00 -3.628584e+00 -4.278247e-01 -7.768108e+00 -1.485578e+00 -6.226048e+00 1.821949e+01 -1.674630e-01 5.872943e-01 -1.101323e-01 2.997917e-03 7.542882e-01 1.234074e-01 -3.127525e-01 -3.367458e-01 -1.205064e-01 9.853142e-02 1.105928e-01 -6.981907e-03 -1.923006e-01 -6.647822e-02 8.106643e-03 1.012397e-01 2.663763e-02 -6.190177e-02 9.423622e-02 6.044971e-02 -1.087763e-01 -3.067562e-02 6.456952e-02 4.216234e-02 2.262927e-02 -3.437008e-02
<VARIANCE> 39
 6.058993e+00 2.313589e+01 1.698047e+01 1.861954e+01 3.622101e+01 3.515006e+01 4.320308e+01 4.138873e+01 5.575658e+01 4.091035e+01 2.667096e+01 3.088560e+01 1.854762e+00 2.676781e-01 4.036036e-01 8.853942e-01 7.168548e-01 1.192291e+00 1.583740e+00 1.526344e+00 1.780316e+00 1.813577e+00 1.656585e+00 1.164870e+00 1.113992e+00 4.232331e-02 2.940846e-02 5.888578e-02 8.836330e-02 8.026748e-02 1.308109e-01 1.935516e-01 2.028344e-01 2.253395e-01 2.661148e-01 2.322890e-01 1.787073e-01 1.562231e-01 2.805604e-03
<GCONST> 7.892496e+01
<TRANSP> 5
 0.000000e+00 1.000000e+00 0.000000e+00 0.000000e+00 0.000000e+00
 0.000000e+00 8.990501e-01 1.009499e-01 0.000000e+00 0.000000e+00
 0.000000e+00 0.000000e+00 8.926941e-01 1.073059e-01 0.000000e+00
 0.000000e+00 0.000000e+00 0.000000e+00 9.167507e-01 8.324928e-02
 0.000000e+00 0.000000e+00 0.000000e+00 0.000000e+00 0.000000e+00
<ENDHMM>
