~o
<STREAMINFO> 1 39
<VECSIZE> 39<NULLD><MFCC_E_D_A><DIAGC>
~h "eight"
<BEGINHMM>
<NUMSTATES> 5
<STATE> 2
<MEAN> 39
 -7.528568e+00 -3.404766e+00 -5.695306e+00 -1.669841e+01 -6.515148e-01 -5.195316e+00 5.482319e-01 -6.735074e+00 -1.548101e+00 -6.760142e+00 -1.030356e+00 -5.334714e+00 1.715297e+01 -1.893315e-01 7.581982e-01 -8.137848e-02 -7.791514e-01 3.859911e-02 -4.166857e-01 5.377292e-02 2.956616e-01 3.013817e-01 4.781908e-02 -9.330728e-02 -9.549075e-02 2.137955e-01 3.519902e-02 8.194061e-02 1.118067e-02 9.060157e-02 -4.080279e-02 -1.678011e-01 -8.094224e-02 -2.365304e-02 2.663185e-02 6.051719e-02 5.892842e-02 -4.201780e-03 3.230964e-03
<VARIANCE> 39
 1.075110e+01 2.312792e+01 1.841111e+01 3.944653e+01 4.044989e+01 2.358624e+01 2.449942e+01 2.432654e+01 3.137874e+01 2.544165e+01 2.575132e+01 2.446582e+01 3.379205e+00 3.360999e-01 9.640107e-01 6.840163e-01 1.411594e+00 1.253573e+00 1.635368e+00 1.347628e+00 1.127491e+00 1.373395e+00 1.217496e+00 1.142281e+00 1.007174e+00 1.228004e-01 4.078739e-02 8.497135e-02 8.461897e-02 2.008505e-01 1.478034e-01 1.777010e-01 1.527959e-01 1.813939e-01 2.320252e-01 1.693291e-01 1.831644e-01 1.572865e-01 1.322928e-02
<GCONST> 8.183517e+01
<STATE> 3
<MEAN> 39
 -7.933158e+00 5.480848e+00 -4.904051e+00 -1.663255e+01 -2.358170e+00 -1.443085e+01 -3.046345e+00 -8.605446e+00 -1.340658e+00 -4.423502e+00 9.989010e-01 -5.282431e+00 1.807189e+01 2.041998e-01 -4.331599e-01 1.809931e-01 9.741381e-01 1.370669e-01 7.322522e-02 -3.413321e-01 -6.705388e-01 -5.168825e-01 -4.351747e-02 2.089963e-01 1.952894e-01 -2.372416e-01 1.006220e-02 -3.333277e-01 -3.076690e-02 6.307145e-02 4.254798e-02 3.542700e-01 1.239865e-01 5.675335e-02 -2.309297e-02 -9.221200e-02 -6.319024e-02 3.512973e-03 -6.255323e-02
<VARIANCE> 39
 9.288191e+00 1.352381e+01 2.246094e+01 3.245946e+01 1.966075e+01 2.417929e+01 5.247918e+01 3.435379e+01 4.419539e+01 2.641002e+01 3.191723e+01 2.704502e+01 1.962198e+00 2.643094e-01 1.895273e+00 4.091508e-01 7.642221e-01 7.863358e-01 2.501387e+00 1.308760e+00 1.118108e+00 1.805065e+00 1.193873e+00 1.398018e+00 1.009404e+00 6.744303e-02 3.645306e-02 9.037767e-02 5.896188e-02 1.264346e-01 9.246387e-02 1.743024e-01 1.630697e-01 2.078631e-01 2.770654e-01 1.692332e-01 1.960371e-01 1.644015e-01 4.023345e-03
<GCONST> 7.874236e+01
<STATE> 4
<MEAN> 39
 -7.117006e+00 -6.541623e+00 -5.515181e+00 -1.004290e+01 -1.215415e+00 -4.681808e+00 -8.406071e-01 -8.921344e+00 -3.019564e+00 -5.935753e+00 9.428255e-01 -4.005026e+00 1.468649e+01 -7.185441e-02 -3.658064e-01 -1.176239e-01 1.203397e-01 -4.110778e-02 3.694346e-01 1.854666e-01 1.809726e-01 1.167130e-01 8.859703e-03 1.650836e-02 9.394677e-03 -9.295737e-02 -5.659830e-03 1.757477e-01 1.040771e-02 -6.682933e-02 -1.211042e-02 -1.464458e-01 -4.600974e-02 -1.506903e-02 -6.356969e-03 2.177633e-02 -5.200709e-03 -1.390406e-02 4.872166e-02
<VARIANCE> 39
 4.560568e+00 6.156125e+00 8.314160e+00 9.574356e+00 1.262555e+01 1.588977e+01 1.697449e+01 1.696573e+01 1.731832e+01 1.627322e+01 1.523378e+01 1.399386e+01 1.034367e+00 2.098782e-01 8.400971e-01 4.287974e-01 5.953856e-01 4.862674e-01 1.170153e+00 9.929718e-01 8.546054e-01 9.811324e-01 7.908768e-01 7.431702e-01 7.056005e-01 4.871415e-02 3.459170e-02 9.647945e-02 7.129638e-02 1.091598e-01 9.177549e-02 1.887730e-01 1.757011e-01 1.504232e-01 1.623564e-01 1.354779e-01 1.324278e-01 1.272709e-01 4.819176e-03
<GCONST> 6.215833e+01
<TRANSP> 5
 0.000000e+00 1.000000e+00 0.000000e+00 0.000000e+00 0.000000e+00
 0.000000e+00 9.123409e-01 8.765911e-02 0.000000e+00 0.000000e+00
 0.000000e+00 0.000000e+00 8.973482e-01 1.026518e-01 0.000000e+00
 0.000000e+00 0.000000e+00 0.000000e+00 9.213848e-01 7.861520e-02
 0.000000e+00 0.000000e+00 0.000000e+00 0.000000e+00 0.000000e+00
<ENDHMM>
~h "oh"
<BEGINHMM>
<NUMSTATES> 5
<STATE> 2
<MEAN> 39
 -5.072625e+00 -9.817860e+00 -7.833897e+00 -8.759787e+00 -2.347953e+00 -7.078872e+00 2.848363e+00 -7.616350e+00 -4.773536e+00 -6.878071e+00 -1.688241e+00 -4.955315e+00 1.721436e+01 4.016662e-01 -2.820477e-01 -5.485609e-01 2.171125e-01 1.401434e-01 -4.947295e-01 2.321071e-01 5.781835e-01 -1.037494e-01 -3.933559e-01 -3.405400e-01 -6.359290e-02 2.904263e-01 6.012555e-02 8.892851e-02 -1.208998e-02 -5.544243e-02 1.547977e-02 -6.011038e-02 -1.276705e-01 1.860187e-02 1.092954e-01 1.502625e-03 -5.271271e-02 -5.050239e-02 1.422955e-02
<VARIANCE> 39
 8.383275e+00 1.228081e+01 1.538597e+01 1.591936e+01 2.185859e+01 2.340373e+01 2.846031e+01 5.757938e+01 3.748535e+01 3.054379e+01 2.664150e+01 2.711350e+01 3.811981e+00 4.044127e-01 5.594638e-01 6.602858e-01 6.405768e-01 7.460734e-01 1.179886e+00 1.235271e+00 1.815372e+00 1.533181e+00 1.309608e+00 1.311716e+00 1.081952e+00 1.253866e-01 4.812976e-02 7.022578e-02 8.521709e-02 8.554582e-02 1.118074e-01 1.482265e-01 1.609899e-01 2.226850e-01 2.095350e-01 1.953570e-01 2.000492e-01 1.548797e-01 1.713518e-02
<GCONST> 7.894346e+01
<STATE> 3
<MEAN> 39
 -4.963221e-01 -8.085081e+00 -1.303850e+01 -1.018425e+01 -8.908116e-01 -1.201060e+01 -8.900236e-01 -1.284537e+00 1.944959e-01 -7.883557e+00 -5.009483e+00 -6.855105e+00 1.903842e+01 2.238700e-01 4.083512e-01 -6.218442e-03 -3.375710e-01 -6.154381e-02 -1.955177e-02 -6.569782e-01 -2.516699e-01 6.163408e-01 5.839301e-01 3.189404e-02 -3.234802e-01 -1.059596e-02 -4.688342e-02 2.212262e-02 1.000759e-01 -1.013083e-02 -5.009986e-02 8.897490e-02 1.633564e-02 -1.447716e-01 -8.522983e-02 7.578810e-02 1.148483e-01 2.394189e-02 -2.662373e-02
<VARIANCE> 39
 6.028835e+00 9.347888e+00 1.555625e+01 1.589754e+01 1.975254e+01 2.333551e+01 4.428376e+01 3.313490e+01 4.055582e+01 3.756145e+01 3.123265e+01 3.914663e+01 1.183785e+00 8.543023e-02 1.427053e-01 2.976897e-01 2.936606e-01 3.913212e-01 5.535637e-01 7.245269e-01 1.116323e+00 7.998450e-01 8.946597e-01 8.657649e-01 6.944175e-01 1.391708e-02 1.175587e-02 1.537051e-02 3.536854e-02 3.571915e-02 4.852786e-02 7.177644e-02 8.156747e-02 1.012431e-01 1.109323e-01 1.075062e-01 9.628398e-02 9.289512e-02 1.245644e-03
<GCONST> 5.396321e+01
<STATE> 4
<MEAN> 39
 -7.431238e-01 -3.730593e+00 -8.382032e+00 -1.248703e+01 -3.621322e+00 -9.298654e+00 -3.999017e+00 -8.067112e+00 -2.987154e-01 -3.366951e+00 3.575946e-01 -6.247766e+00 1.795353e+01 -5.070651e-01 1.201588e-01 7.349799e-01 2.728372e-01 1.231338e-02 5.560637e-01 3.365748e-01 -4.404085e-01 -5.363933e-01 -1.886690e-01 3.967411e-01 4.349611e-01 -2.802801e-01 -1.126124e-01 -1.139917e-01 -2.912343e-02 7.590032e-02 9.946517e-02 8.979844e-02 1.345109e-01 9.031028e-02 -3.945861e-02 -1.065883e-01 -6.859919e-02 5.308818e-02 -3.462311e-02
<VARIANCE> 39
 9.365369e+00 7.812235e+00 2.079552e+01 1.825691e+01 1.941236e+01 2.692232e+01 3.110551e+01 2.683685e+01 3.198777e+01 4.008251e+01 3.905833e+01 3.789706e+01 2.413420e+00 3.827069e-01 4.593928e-01 5.508049e-01 6.217533e-01 8.843211e-01 1.264838e+00 1.252010e+00 1.298822e+00 1.305876e+00 1.263410e+00 1.279141e+00 1.245760e+00 5.453333e-02 3.300420e-02 4.470399e-02 8.897395e-02 8.728755e-02 1.097052e-01 1.661362e-01 1.872302e-01 1.997347e-01 2.127281e-01 2.068848e-01 1.755917e-01 1.748534e-01 4.196818e-03
<GCONST> 7.533047e+01
<TRANSP> 5
 0.000000e+00 1.000000e+00 0.000000e+00 0.000000e+00 0.000000e+00
 0.000000e+00 9.027550e-01 9.724504e-02 0.000000e+00 0.000000e+00
 0.000000e+00 0.000000e+00 9.042462e-01 9.575389e-02 0.000000e+00
 0.000000e+00 0.000000e+00 0.000000e+00 8.838583e-01 1.161417e-01
 0.000000e+00 0.000000e+00 0.000000e+00 0.000000e+00 0.000000e+00
<ENDHMM>
~h "seven"
<BEGINHMM>
<NUMSTATES> 5
<STATE> 2
<MEAN> 39
 -8.807587e+00 -4.769692e+00 -7.050898e+00 -8.596766e+00 -2.108112e+00 -3.131098e+00 -1.276672e+00 -8.136320e+00 -2.909527e+00 -5.214902e+00 6.794890e-01 -3.793510e+00 1.484327e+01 4.742023e-02 -4.080795e-02 -4.361808e-02 -3.257774e-01 -2.671468e-01 -1.354195e-01 2.667090e-01 1.517093e-02 1.376471e-01 -7.498696e-04 -2.047426e-01 -6.339712e-02 1.081327e-01 1.304592e-01 9.218791e-03 8.986450e-02 -1.476438e-01 -1.309329e-01 -1.120759e-01 8.737423e-02 -1.238027e-02 1.999757e-02 -2.641347e-02 -8.712099e-02 -9.269595e-02 9.200888e-02
<VARIANCE> 39
 8.335921e+00 1.013012e+01 1.379872e+01 1.310857e+01 1.612390e+01 1.582004e+01 1.759650e+01 1.745246e+01 1.826468e+01 1.723231e+01 1.706686e+01 1.463334e+01 9.046306e-01 7.143996e-01 4.608316e-01 8.612702e-01 9.991216e-01 9.701837e-01 1.283280e+00 9.959956e-01 8.576492e-01 1.029509e+00 1.155949e+00 9.209783e-01 9.517046e-01 1.512351e-01 5.366112e-02 6.784263e-02 9.749904e-02 1.360608e-01 1.662566e-01 1.770547e-01 1.649000e-01 1.457099e-01 1.700247e-01 1.546243e-01 1.450169e-01 1.504800e-01 8.092943e-03
<GCONST> 7.123301e+01
<STATE> 3
<MEAN> 39
 -5.557963e+00 -7.172763e+00 -5.193480e+00 -1.591149e+01 -6.355696e+00 -4.897183e+00 4.772394e+00 -8.474654e+00 -2.770298e+00 -6.761029e+00 -3.974913e+00 -6.626556e+00 1.896177e+01 1.894740e-01 -2.722170e-01 1.234106e-01 3.884511e-02 -6.136094e-02 -1.088437e-01 2.445833e-01 2.681847e-01 -2.806555e-01 -5.544299e-02 -6.960845e-02 -1.107102e-01 1.236232e-01 -4.178653e-02 7.839613e-02 1.111991e-02 2.926320e-01 1.553711e-01 -2.479756e-02 -2.548896e-01 3.865789e-02 -2.090469e-02 1.591604e-02 1.771585e-01 7.159829e-02 -1.270818e-01
<VARIANCE> 39
 9.614576e+00 1.303308e+01 9.436920e+00 1.827831e+01 4.580144e+01 3.937877e+01 3.187628e+01 3.951175e+01 4.652902e+01 5.849080e+01 3.255393e+01 3.130149e+01 1.240867e+00 4.410227e-01 5.954540e-01 4.993476e-01 1.548420e+00 1.671515e+00 1.672671e+00 1.827824e+00 1.089297e+00 1.392782e+00 1.776839e+00 1.809642e+00 1.326409e+00 2.114371e-01 8.204453e-02 9.001065e-02 9.646520e-02 1.114840e-01 2.523354e-01 2.721424e-01 1.781211e-01 1.666930e-01 2.018922e-01 2.407476e-01 2.262348e-01 1.834955e-01 6.062539e-03
<GCONST> 8.474859e+01
<STATE> 4
<MEAN> 39
 -3.244261e+00 -3.881700e+00 -1.890623e+00 -9.520906e+00 -3.365158e+00 -8.014883e+00 -1.089955e+00 -8.732592e+00 -4.323978e+00 -7.119748e+00 -1.906186e+00 -7.104342e+00 1.713202e+01 1.759040e-02 2.204781e-01 1.048592e-01 2.065614e-01 3.193668e-01 1.040288e-01 -2.923720e-01 -2.636362e-01 8.567661e-02 -1.434334e-02 1.277066e-01 4.225986e-02 -1.184260e-01 -5.595868e-02 -7.367727e-02 -7.389044e-02 -8.782915e-02 -2.237346e-02 9.372348e-02 1.107624e-01 -4.575389e-03 1.864022e-02 1.742036e-02 -3.221121e-02 2.023399e-02 1.415825e-02
<VARIANCE> 39
 4.975260e+00 1.019434e+01 9.924037e+00 1.395663e+01 2.822566e+01 3.043144e+01 2.586808e+01 4.088234e+01 3.293509e+01 3.570135e+01 3.328908e+01 2.974780e+01 1.533661e+00 2.534630e-01 5.250469e-01 5.539784e-01 8.538306e-01 1.340004e+00 1.253363e+00 1.628635e+00 1.363153e+00 1.438561e+00 1.411077e+00 1.273453e+00 9.896272e-01 9.357651e-02 3.738666e-02 7.811777e-02 8.698747e-02 1.507740e-01 2.341828e-01 2.027819e-01 2.725883e-01 2.366265e-01 2.360158e-01 2.409440e-01 2.173975e-01 1.500680e-01 1.436849e-02
<GCONST> 7.927939e+01
<TRANSP> 5
 0.000000e+00 1.000000e+00 0.000000e+00 0.000000e+00 0.000000e+00
 0.000000e+00 9.125593e-01 8.744072e-02 0.000000e+00 0.000000e+00
 0.000000e+00 0.000000e+00 9.003716e-01 9.962843e-02 0.000000e+00
 0.000000e+00 0.000000e+00 0.000000e+00 9.365700e-01 6.342994e-02
 0.000000e+00 0.000000e+00 0.000000e+00 0.000000e+00 0.000000e+00
<ENDHMM>
~h "three"
<BEGINHMM>
<NUMSTATES> 5
<STATE> 2
<MEAN> 39
 -7.753309e+00 -6.035480e+00 -4.949305e+00 -1.012002e+01 -8.180423e-01 -4.846030e+00 -5.889578e-01 -8.498178e+00 -2.601727e+00 -5.425362e+00 9.831983e-01 -3.779044e+00 1.488858e+01 1.182713e-01 -8.358142e-02 2.208222e-01 -4.799179e-02 -4.168087e-01 -2.859224e-01 -6.854085e-02 1.490769e-02 7.423171e-02 3.188811e-02 1.356900e-02 3.512309e-04 9.214260e-02 1.742401e-01 2.255336e-02 1.428442e-01 1.981432e-03 -2.577724e-01 -1.755592e-01 -7.574178e-02 -1.878860e-02 1.536280e-02 -9.233415e-03 -3.925218e-02 -7.056305e-02 8.472144e-02
<VARIANCE> 39
 5.399935e+00 6.329190e+00 9.779506e+00 1.060126e+01 1.435530e+01 1.431257e+01 1.606388e+01 1.761122e+01 1.951174e+01 1.776030e+01 1.686084e+01 1.459131e+01 1.170429e+00 7.020165e-01 5.235085e-01 8.962643e-01 7.510018e-01 1.499305e+00 1.312722e+00 9.015748e-01 1.036205e+00 9.999284e-01 9.322274e-01 9.825683e-01 9.152337e-01 1.192922e-01 5.916430e-02 9.076297e-02 9.847231e-02 1.380134e-01 2.011661e-01 1.855424e-01 1.564523e-01 2.030761e-01 1.781553e-01 1.662413e-01 1.641589e-01 1.611093e-01 4.958263e-03
<GCONST> 7.051945e+01
<STATE> 3
<MEAN> 39
 -2.519101e+00 -6.781934e+00 2.450472e+00 -1.140580e+01 -1.369696e+01 -9.361366e+00 -3.155354e+00 -9.426940e+00 -9.034747e-03 -5.130989e+00 1.273073e-01 -5.735174e+00 1.823549e+01 -6.886782e-02 4.232715e-01 6.946625e-01 -1.049923e+00 -3.984343e-01 3.054356e-01 -8.254635e-01 1.100302e-01 3.071308e-01 -2.808458e-02 6.158030e-02 -1.673274e-01 2.366418e-01 -2.155610e-01 2.145754e-01 -2.006276e-01 -1.424685e-01 5.228561e-01 4.684864e-02 -5.910191e-02 1.142022e-01 -1.141363e-01 -2.015254e-02 2.132012e-02 3.955483e-02 -6.773752e-02
<VARIANCE> 39
 6.509391e+00 1.458154e+01 2.008346e+01 4.940846e+01 4.245801e+01 6.100665e+01 3.524709e+01 3.828106e+01 3.064117e+01 2.820771e+01 3.707669e+01 3.334517e+01 1.446944e+00 9.618329e-01 1.477118e+00 9.234535e-01 2.724469e+00 4.897821e+00 3.382801e+00 2.206703e+00 1.969168e+00 1.297152e+00 1.095975e+00 1.152058e+00 1.164379e+00 6.900586e-02 6.800415e-02 1.290628e-01 1.773699e-01 3.910128e-01 3.806172e-01 6.813148e-01 3.774845e-01 2.755532e-01 2.400748e-01 1.746555e-01 1.705834e-01 1.637474e-01 3.907819e-03
<GCONST> 9.265923e+01
<STATE> 4
<MEAN> 39
 -6.587440e+00 3.295419e+00 -7.846681e-01 -1.672136e+01 -2.105422e+00 -1.135683e+01 -6.394929e+00 -7.965945e+00 -3.162427e+00 -5.505733e+00 -3.390053e-01 -6.526482e+00 1.789320e+01 -2.786319e-02 6.205565e-02 -6.384250e-01 7.259101e-01 7.224145e-01 -1.635318e-01 5.499737e-01 -8.302581e-02 -3.555185e-01 1.184770e-02 -7.065284e-02 5.093375e-02 -1.956605e-01 5.792201e-02 -2.878501e-01 2.618712e-03 1.692018e-01 -2.207820e-01 1.821577e-01 1.644763e-01 -6.708503e-02 9.748407e-02 8.175470e-03 2.050739e-02 2.497405e-02 -3.089180e-02
<VARIANCE> 39
 7.586862e+00 1.700802e+01 1.908824e+01 3.485685e+01 2.702152e+01 2.945222e+01 4.820993e+01 4.776092e+01 3.320571e+01 3.974935e+01 4.238236e+01 3.677151e+01 1.620798e+00 3.149776e-01 1.881178e+00 6.704942e-01 1.042620e+00 1.833081e+00 2.558638e+00 1.466297e+00 1.692747e+00 1.384900e+00 1.287484e+00 1.031920e+00 9.705556e-01 3.582180e-02 4.750298e-02 9.104706e-02 9.632441e-02 2.204167e-01 1.816156e-01 2.349382e-01 2.693602e-01 2.496317e-01 1.836867e-01 1.709659e-01 1.443366e-01 1.353745e-01 2.469223e-03
<GCONST> 8.275299e+01
<TRANSP> 5
 0.000000e+00 1.000000e+00 0.000000e+00 0.000000e+00 0.000000e+00
 0.000000e+00 9.016138e-01 9.838624e-02 0.000000e+00 0.000000e+00
 0.000000e+00 0.000000e+00 8.937032e-01 1.062968e-01 0.000000e+00
 0.000000e+00 0.000000e+00 0.000000e+00 9.154029e-01 8.459705e-02
 0.000000e+00 0.000000e+00 0.000000e+00 0.000000e+00 0.000000e+00
<ENDHMM>
~h "one"
<BEGINHMM>
<NUMSTATES> 5
<STATE> 2
<MEAN> 39
 -4.530458e-01 -3.376005e+00 -8.425342e+00 -1.276141e+01 -1.917596e+00 -5.994471e+00 -2.241553e+00 -8.880097e+00 -2.629108e+00 -6.637890e+00 -1.463879e+00 -7.357318e+00 1.769464e+01 2.152755e-01 -3.569662e-01 -7.836454e-01 3.754875e-01 4.296908e-01 1.034669e-01 -2.026268e-01 2.073521e-01 1.819467e-01 -2.374904e-01 -3.102718e-01 -2.150893e-01 1.811587e-01 -1.121102e-01 -1.483002e-01 2.632370e-02 2.191539e-01 1.680134e-02 -9.396718e-02 -7.507845e-03 1.045300e-01 8.053806e-03 -7.582819e-02 5.413006e-04 7.520420e-02 -1.564958e-02
<VARIANCE> 39
 5.506281e+00 8.239947e+00 3.093797e+01 2.237030e+01 2.841496e+01 2.631409e+01 2.243066e+01 2.059144e+01 2.731017e+01 2.314718e+01 3.019029e+01 3.009933e+01 2.035603e+00 4.319316e-01 7.322770e-01 9.467807e-01 2.125218e+00 1.350883e+00 1.356021e+00 1.272170e+00 1.035412e+00 1.141090e+00 9.655335e-01 1.110990e+00 9.660072e-01 5.960423e-02 3.962701e-02 5.457108e-02 1.842562e-01 2.309523e-01 2.476842e-01 2.480284e-01 2.276587e-01 1.751388e-01 1.950776e-01 1.586691e-01 1.852964e-01 1.752129e-01 4.556827e-03
<GCONST> 7.893324e+01
<STATE> 3
<MEAN> 39
 -2.445098e+00 -1.061571e+01 -1.062509e+01 -1.861660e+00 -7.738856e-01 -9.375643e+00 -2.076572e+00 -4.403932e+00 -3.663243e+00 -1.153821e+01 -2.292784e+00 -6.199232e+00 1.852920e+01 -5.924374e-01 -3.196767e-01 1.350045e+00 5.039785e-01 -1.313219e+00 -2.794399e-01 1.121267e+00 -1.448120e-01 -8.782477e-01 -2.480396e-02 5.426066e-01 9.750248e-02 -5.135498e-02 3.030307e-02 3.166407e-01 2.371163e-01 -5.654956e-01 -1.006991e-01 3.550317e-01 5.821660e-02 -4.159518e-01 1.863709e-02 3.538024e-01 3.144066e-02 -1.570568e-01 -2.975129e-02
<VARIANCE> 39
 6.460296e+00 9.829756e+00 2.004050e+01 2.426908e+01 2.907864e+01 1.798220e+01 3.905556e+01 3.263132e+01 4.674116e+01 3.898293e+01 3.430754e+01 3.420552e+01 1.525031e+00 1.626462e-01 5.955302e-01 6.455133e-01 2.009524e+00 7.859467e-01 1.832420e+00 1.085187e+00 2.316324e+00 1.253454e+00 1.948127e+00 1.073969e+00 1.289553e+00 9.055676e-03 2.611416e-02 5.248113e-02 1.095088e-01 1.233252e-01 3.191235e-01 1.619678e-01 4.086562e-01 1.894213e-01 3.440840e-01 2.158131e-01 2.678215e-01 1.740321e-01 8.686883e-04
<GCONST> 7.701555e+01
<STATE> 4
<MEAN> 39
 -3.830976e+00 -4.366191e+00 -1.369817e+00 -8.915696e+00 -3.182504e+00 -6.282417e+00 -2.468133e+00 -1.219835e+01 -5.200801e+00 -8.496917e+00 -2.661798e+00 -8.166231e+00 1.759118e+01 -3.753454e-03 5.611012e-01 2.594377e-01 -4.516717e-01 4.120355e-01 1.683415e-01 -3.726728e-01 -2.297603e-01 1.562736e-01 1.851598e-01 -2.644638e-02 1.663186e-01 -1.757965e-01 -2.132962e-02 -1.173461e-01 -2.141757e-01 1.089317e-01 8.622141e-02 -2.642856e-02 2.145500e-02 1.841507e-01 4.465199e-02 -7.289507e-02 3.773534e-02 8.026927e-02 -1.671225e-02
<VARIANCE> 39
 6.741970e+00 2.069171e+01 9.944697e+00 1.744104e+01 2.093637e+01 4.186877e+01 3.330839e+01 3.282153e+01 4.005236e+01 4.399817e+01 3.256131e+01 3.561396e+01 1.338504e+00 3.436306e-01 1.010664e+00 9.838417e-01 1.216670e+00 8.780232e-01 1.859956e+00 1.351889e+00 1.407446e+00 1.569646e+00 1.474864e+00 1.083015e+00 1.048244e+00 2.733058e-02 5.679887e-02 1.042626e-01 8.375479e-02 1.282049e-01 1.945972e-01 2.803015e-01 2.496843e-01 1.784243e-01 2.211062e-01 2.211766e-01 1.658488e-01 1.586903e-01 2.924654e-03
<GCONST> 7.981548e+01
<TRANSP> 5
 0.000000e+00 1.000000e+00 0.000000e+00 0.000000e+00 0.000000e+00
 0.000000e+00 9.089245e-01 9.107555e-02 0.000000e+00 0.000000e+00
 0.000000e+00 0.000000e+00 8.333478e-01 1.666522e-01 0.000000e+00
 0.000000e+00 0.000000e+00 0.000000e+00 9.089705e-01 9.102952e-02
 0.000000e+00 0.000000e+00 0.000000e+00 0.000000e+00 0.000000e+00
<ENDHMM>
~h "sil"
<BEGINHMM>
<NUMSTATES> 5
<STATE> 2
<MEAN> 39
 -5.633799e+00 -5.385119e+00 -3.961598e+00 -9.042623e+00 -2.172989e-01 -4.178055e+00 -1.383650e-01 -8.544246e+00 -2.495326e+00 -5.828636e+00 5.901442e-01 -4.484884e+00 1.511864e+01 -2.990570e-01 -2.487205e-01 -1.860725e-01 -5.130729e-02 6.877937e-02 1.344094e-01 8.159975e-02 -1.618483e-03 1.397111e-02 1.872737e-02 1.135996e-01 5.825587e-02 -1.517720e-01 2.384113e-02 -7.315197e-03 -3.836942e-02 -6.356125e-02 -7.396006e-02 -6.440648e-02 -4.244188e-02 -2.114688e-03 -3.932439e-03 -6.853356e-03 -1.704366e-02 -5.211869e-03 2.536642e-02
<VARIANCE> 39
 6.965200e+00 8.589170e+00 9.560539e+00 1.167753e+01 1.486352e+01 1.537210e+01 1.765481e+01 1.875740e+01 2.046036e+01 1.953891e+01 1.856832e+01 1.637500e+01 1.208228e+00 1.686378e-01 3.744414e-01 4.430004e-01 5.862986e-01 7.335518e-01 8.284971e-01 8.453942e-01 9.076619e-01 9.108381e-01 8.357629e-01 9.049577e-01 7.998605e-01 2.155002e-02 2.200155e-02 4.567653e-02 6.338467e-02 7.748976e-02 1.032442e-01 1.189162e-01 1.185987e-01 1.276622e-01 1.369405e-01 1.216715e-01 1.281271e-01 1.153729e-01 2.524944e-03
<GCONST> 5.920880e+01
<STATE> 3
<MEAN> 39
 -7.156953e+00 -7.236706e+00 -5.866438e+00 -1.018528e+01 -1.012432e+00 -4.339241e+00 -3.655086e-01 -8.603642e+00 -2.680068e+00 -5.571399e+00 1.005055e+00 -4.037406e+00 1.452098e+01 -3.575820e-03 4.989170e-03 -6.173627e-03 3.821362e-03 1.890409e-03 4.723718e-03 1.258956e-03 -9.884080e-03 -4.559637e-03 1.094850e-02 -2.650525e-04 2.487628e-03 -1.190591e-03 -2.421106e-04 4.882389e-03 2.875564e-03 5.289163e-03 1.322196e-03 2.878310e-03 5.569379e-04 5.859503e-03 2.723346e-03 -8.270240e-04 -4.063273e-03 -3.432864e-03 1.583201e-03
<VARIANCE> 39
 3.027189e+00 3.564841e+00 6.172688e+00 8.254501e+00 1.253776e+01 1.387381e+01 1.474214e+01 1.582850e+01 1.623769e+01 1.398246e+01 1.548322e+01 1.300191e+01 1.028460e+00 5.842800e-02 1.319098e-01 2.563326e-01 3.600282e-01 4.752000e-01 6.449573e-01 6.223963e-01 6.900882e-01 6.643441e-01 5.534081e-01 6.422744e-01 5.676840e-01 2.417343e-03 1.073305e-02 2.426534e-02 4.638873e-02 6.443681e-02 8.855074e-02 1.218522e-01 1.105586e-01 1.289097e-01 1.215508e-01 9.644143e-02 1.150014e-01 1.070978e-01 5.050392e-04
<GCONST> 4.276558e+01
<STATE> 4
<MEAN> 39
 -8.043849e+00 -6.369584e+00 -6.078594e+00 -1.016878e+01 -1.188088e+00 -4.700504e+00 -5.108832e-01 -8.720683e+00 -2.519598e+00 -5.941740e+00 9.985880e-01 -4.416870e+00 1.453685e+01 3.401055e-03 1.546192e-01 2.796703e-02 1.228881e-02 -7.633571e-02 -6.392587e-02 -6.562459e-02 4.927568e-02 -5.522059e-02 -8.973844e-02 -1.026754e-01 -6.828698e-02 4.893762e-02 4.560440e-02 5.647461e-02 2.688866e-02 -6.823336e-03 -2.068665e-03 -2.722095e-02 -1.657294e-02 -1.571406e-02 -1.397988e-02 -1.818545e-02 -3.890126e-02 -1.458210e-02 3.349290e-02
<VARIANCE> 39
 5.361674e+00 5.851672e+00 7.452696e+00 1.031512e+01 1.202195e+01 1.461753e+01 1.655330e+01 1.791325e+01 1.851120e+01 1.737197e+01 1.645316e+01 1.416344e+01 1.276223e+00 2.534755e-01 3.365840e-01 3.772678e-01 5.664585e-01 6.052680e-01 7.376050e-01 7.088829e-01 9.202683e-01 8.939273e-01 7.991452e-01 7.762485e-01 6.718971e-01 2.073755e-02 3.955354e-02 5.725701e-02 6.069044e-02 9.820809e-02 9.287158e-02 1.226641e-01 1.061160e-01 1.502767e-01 1.416652e-01 1.225266e-01 1.118138e-01 9.929556e-02 4.415233e-03
<GCONST> 5.789030e+01
<TRANSP> 5
 0.000000e+00 1.000000e+00 0.000000e+00 0.000000e+00 0.000000e+00
 0.000000e+00 7.690363e-01 2.309637e-01 0.000000e+00 0.000000e+00
 0.000000e+00 0.000000e+00 9.590822e-01 4.091773e-02 0.000000e+00
 0.000000e+00 0.000000e+00 0.000000e+00 7.109253e-01 2.890746e-01
 0.000000e+00 0.000000e+00 0.000000e+00 0.000000e+00 0.000000e+00
<ENDHMM>
~h "six"
<BEGINHMM>
<NUMSTATES> 5
<STATE> 2
<MEAN> 39
 -9.124598e+00 -4.836968e+00 -7.750276e+00 -8.266617e+00 -2.439132e+00 -2.834699e+00 -1.487262e+00 -7.798706e+00 -3.116320e+00 -4.969060e+00 3.619265e-01 -3.493661e+00 1.461226e+01 2.731356e-02 1.592299e-01 1.186520e-01 -3.531186e-01 -3.868434e-01 -2.528522e-01 -1.310711e-02 8.913966e-03 1.418702e-01 1.896687e-01 -1.205094e-01 9.444111e-03 1.277764e-01 1.224295e-01 8.573887e-02 1.920855e-01 -2.156801e-01 -1.443394e-01 -1.911040e-01 -1.347727e-02 -1.142957e-02 4.335145e-02 1.786814e-02 -7.846364e-02 -1.185803e-01 9.579354e-02
<VARIANCE> 39
 5.880692e+00 7.824540e+00 1.145703e+01 1.170192e+01 1.691508e+01 1.670118e+01 1.585918e+01 1.681372e+01 1.957084e+01 2.023675e+01 1.844872e+01 1.536645e+01 1.012850e+00 5.537401e-01 4.714946e-01 1.205704e+00 1.010560e+00 1.007705e+00 1.470834e+00 8.038601e-01 8.137512e-01 1.030841e+00 1.294150e+00 9.459404e-01 9.357172e-01 1.411555e-01 4.635790e-02 5.967557e-02 9.845199e-02 1.366934e-01 1.730489e-01 1.833227e-01 1.418888e-01 1.549582e-01 1.804590e-01 1.774063e-01 1.522836e-01 1.540233e-01 7.503634e-03
<GCONST> 7.075470e+01
<STATE> 3
<MEAN> 39
 -6.389777e+00 -1.255052e+00 -8.810716e-01 -1.937228e+01 -7.577202e+00 -8.493310e+00 -2.595086e+00 -6.569171e+00 3.324554e-02 -3.820224e+00 -2.226202e+00 -7.108512e+00 1.817333e+01 6.034249e-02 -1.004474e-01 1.973251e-01 -2.318383e-01 3.398884e-01 1.645729e-01 -1.732614e-01 1.224779e-01 4.918217e-02 -1.716305e-01 1.772028e-01 -6.583925e-03 -4.430986e-02 -7.081167e-02 -1.914879e-01 -2.624990e-01 4.212645e-01 2.477801e-01 2.067566e-01 8.841327e-02 -7.030286e-02 -1.214301e-01 -5.252553e-02 1.186449e-01 1.339892e-01 -1.487449e-01
<VARIANCE> 39
 7.367408e+00 9.635642e+00 1.569751e+01 2.776338e+01 5.692434e+01 3.167300e+01 3.629297e+01 2.495967e+01 3.438406e+01 5.661695e+01 3.469413e+01 3.674870e+01 1.645014e+00 3.757052e-01 7.674562e-01 1.271276e+00 3.640138e+00 2.695807e+00 1.950646e+00 1.896164e+00 1.366036e+00 1.928486e+00 2.033420e+00 1.879834e+00 2.011316e+00 3.396134e-01 6.646577e-02 6.525152e-02 1.520778e-01 2.585366e-01 3.130434e-01 3.120029e-01 3.695936e-01 2.303199e-01 2.922213e-01 3.375124e-01 2.687091e-01 2.614643e-01 1.433611e-02
<GCONST> 9.337846e+01
<STATE> 4
<MEAN> 39
 -8.222677e+00 -6.451494e+00 -6.277452e+00 -9.275601e+00 -2.415824e+00 -3.256309e+00 -9.182108e-01 -8.615580e+00 -2.795340e+00 -5.153839e+00 7.409849e-01 -4.248773e+00 1.464357e+01 -7.443926e-02 -1.118107e-01 -2.389986e-01 2.870506e-01 3.502571e-02 6.668653e-02 1.391072e-01 -4.187871e-02 -8.119348e-02 -2.472696e-03 7.381808e-03 3.130306e-02 -6.889332e-02 2.173838e-02 7.155004e-02 7.433790e-02 -1.249172e-01 -5.120063e-02 -6.604324e-02 -5.131066e-02 3.815543e-02 2.469942e-02 6.730172e-03 -2.996483e-02 -2.921802e-02 4.498135e-02
<VARIANCE> 39
 7.836568e+00 8.036678e+00 1.201962e+01 1.253886e+01 1.775459e+01 1.684637e+01 1.688519e+01 1.718189e+01 1.742063e+01 1.762577e+01 1.547854e+01 1.427365e+01 1.310100e+00 3.471681e-01 5.519076e-01 7.463927e-01 9.089431e-01 9.875646e-01 1.059305e+00 1.026784e+00 9.108605e-01 8.760923e-01 8.051801e-01 7.558098e-01 6.350664e-01 5.457666e-02 4.509423e-02 7.355506e-02 1.100427e-01 1.327838e-01 1.826024e-01 1.707035e-01 1.655997e-01 1.667241e-01 1.581922e-01 1.441448e-01 1.370213e-01 1.246767e-01 7.388907e-03
<GCONST> 6.779739e+01
<TRANSP> 5
 0.000000e+00 1.000000e+00 0.000000e+00 0.000000e+00 0.000000e+00
 0.000000e+00 9.049430e-01 9.505702e-02 0.000000e+00 0.000000e+00
 0.000000e+00 0.000000e+00 8.983330e-01 1.016671e-01 0.000000e+00
 0.000000e+00 0.000000e+00 0.000000e+00 9.437273e-01 5.627276e-02
 0.000000e+00 0.000000e+00 0.000000e+00 0.000000e+00 0.000000e+00
<ENDHMM>
~h "two"
<BEGINHMM>
<NUMSTATES> 5
<STATE> 2
<MEAN> 39
 -9.639989e+00 -4.513597e+00 -6.581290e+00 -9.863861e+00 -9.719606e-01 -4.070335e+00 -1.373280e+00 -8.179178e+00 -2.537148e+00 -5.722444e+00 1.014481e+00 -3.721551e+00 1.495415e+01 -3.746884e-02 2.632315e-01 2.264318e-01 -3.008938e-01 -8.035978e-02 -1.071435e-02 -1.952661e-01 2.043481e-02 1.192624e-01 3.787594e-02 -4.460913e-03 -2.845912e-02 9.355000e-02 1.950729e-01 9.729746e-02 2.115838e-01 -1.064652e-01 -1.587389e-01 -1.867241e-01 -1.174543e-01 -6.693693e-02 -2.517082e-02 -1.356488e-03 -7.481306e-02 -1.170570e-01 8.904728e-02
<VARIANCE> 39
 9.729443e+00 8.411590e+00 1.056826e+01 1.130216e+01 1.669687e+01 1.858883e+01 1.761654e+01 1.993424e+01 2.014896e+01 2.109520e+01 2.062913e+01 1.756357e+01 9.681878e-01 1.154692e+00 7.383775e-01 1.484542e+00 7.320507e-01 1.243879e+00 1.212031e+00 9.533410e-01 1.050633e+00 1.054599e+00 1.129635e+00 1.398117e+00 9.927959e-01 1.174032e-01 1.107557e-01 1.110649e-01 1.232200e-01 1.199802e-01 2.136555e-01 1.859778e-01 1.655627e-01 1.895563e-01 1.983937e-01 1.764121e-01 2.621684e-01 1.380796e-01 7.422741e-03
<GCONST> 7.619936e+01
<STATE> 3
<MEAN> 39
 -4.756981e+00 1.149300e+00 1.778338e+00 -1.527084e+01 -6.599228e+00 -9.673037e+00 -6.598423e+00 -1.044194e+01 -2.516016e+00 -5.320358e+00 -1.030162e+00 -7.239865e+00 1.830128e+01 7.192714e-01 5.998421e-01 8.358833e-01 -6.090024e-01 -1.200951e+00 -1.149893e+00 -6.210960e-01 -3.240417e-01 -7.641337e-02 1.074563e-01 -2.782617e-01 -6.924179e-01 4.803727e-01 -2.461329e-01 -2.219610e-01 -4.234348e-01 2.838177e-01 2.398003e-01 2.108255e-01 2.293582e-01 1.474324e-01 -1.437371e-02 5.913493e-03 1.442329e-01 1.762011e-01 -1.356778e-01
<VARIANCE> 39
 7.637188e+00 8.201492e+00 1.359624e+01 2.286941e+01 4.094293e+01 2.664810e+01 2.843104e+01 2.392957e+01 3.044697e+01 5.369617e+01 4.334293e+01 4.700768e+01 1.220893e+00 6.002027e-01 6.134928e-01 9.872169e-01 1.414165e+00 1.245615e+00 1.154224e+00 1.637159e+00 1.535808e+00 1.877757e+00 2.038500e+00 2.554655e+00 1.859287e+00 8.418970e-02 6.196836e-02 5.703036e-02 8.188318e-02 1.318204e-01 2.159587e-01 1.828591e-01 2.050781e-01 1.926460e-01 2.096204e-01 2.724463e-01 2.909102e-01 2.224125e-01 8.052382e-03
<GCONST> 8.427583e+01
<STATE> 4
<MEAN> 39
 -3.074378e+00 -2.506239e-01 -1.586077e-01 -1.280895e+01 -6.630997e+00 -1.135524e+01 -5.741586e+00 -1.003083e+01 -3.078955e+00 -5.507883e+00 -1.503097e-01 -7.402392e+00 1.806391e+01 2.836280e-02 -3.109392e-01 -3.225461e-01 4.777847e-01 4.162051e-01 2.898813e-01 2.824098e-01 6.165747e-02 -7.977539e-02 -2.592875e-03 1.467452e-01 2.524263e-01 -1.814118e-01 -7.880314e-02 -6.533206e-02 -4.711686e-02 -2.826789e-03 8.364851e-02 1.333676e-01 8.168550e-02 3.504453e-02 2.799901e-02 -2.899058e-03 -1.434501e-02 4.588129e-02 -4.145781e-02
<VARIANCE> 39
 6.124268e+00 7.981238e+00 1.202186e+01 3.019313e+01 3.252081e+01 2.282108e+01 3.197525e+01 3.246364e+01 4.006578e+01 4.281815e+01 5.142463e+01 4.044571e+01 1.493740e+00 2.867604e-01 2.399767e-01 4.425671e-01 6.653476e-01 9.312104e-01 1.150782e+00 1.105576e+00 1.194742e+00 1.057052e+00 1.124129e+00 1.145927e+00 1.082538e+00 3.967812e-02 3.092069e-02 3.306038e-02 5.466137e-02 9.505810e-02 1.114183e-01 1.450050e-01 1.388987e-01 1.748802e-01 1.699529e-01 1.672844e-01 1.672924e-01 1.557632e-01 3.009410e-03
<GCONST> 7.111151e+01
<TRANSP> 5
 0.000000e+00 1.000000e+00 0.000000e+00 0.000000e+00 0.000000e+00
 0.000000e+00 9.084640e-01 9.153601e-02 0.000000e+00 0.000000e+00
 0.000000e+00 0.000000e+00 7.698942e-01 2.301059e-01 0.000000e+00
 0.000000e+00 0.000000e+00 0.000000e+00 9.201663e-01 7.983364e-02
 0.000000e+00 0.000000e+00 0.000000e+00 0.000000e+00 0.000000e+00
<ENDHMM>
~h "nine"
<BEGINHMM>
<NUMSTATES> 5
<STATE> 2
<MEAN> 39
 -4.078795e+00 -3.898342e+00 -1.677446e+00 -8.970238e+00 -2.806626e+00 -6.375530e+00 -1.641996e+00 -1.116295e+01 -5.117600e+00 -8.044285e+00 -2.886453e+00 -7.735454e+00 1.762848e+01 -1.813342e-01 -6.862198e-01 -2.836851e-01 4.407154e-01 -4.290009e-01 2.358846e-01 4.031946e-01 -1.733159e-01 -1.874063e-02 -1.240516e-01 -8.625466e-02 -8.398912e-02 2.072089e-01 -5.923997e-02 -1.592353e-01 -1.031755e-01 1.133728e-01 -5.331249e-03 -1.219208e-03 5.213296e-02 4.902821e-02 3.953852e-02 9.412742e-03 7.326914e-02 3.884083e-02 -9.226617e-03
<VARIANCE> 39
 8.091388e+00 1.915606e+01 1.444091e+01 1.669193e+01 2.834589e+01 2.875889e+01 3.146585e+01 2.650783e+01 4.734263e+01 3.538121e+01 3.032266e+01 3.281076e+01 1.830664e+00 4.875601e-01 1.495126e+00 1.081284e+00 1.097670e+00 1.264796e+00 1.394919e+00 1.628405e+00 1.205623e+00 1.554660e+00 1.157849e+00 1.183966e+00 1.007033e+00 4.893602e-02 6.269781e-02 1.682345e-01 1.289120e-01 1.426076e-01 2.182909e-01 2.179844e-01 2.448685e-01 1.814887e-01 2.034148e-01 1.692010e-01 1.712094e-01 1.444373e-01 4.467074e-03
<GCONST> 8.222340e+01
<STATE> 3
<MEAN> 39
 -6.348200e+00 -1.160335e+01 -4.858766e+00 -2.738069e+00 -5.694333e+00 -5.248067e+00 1.735217e+00 -1.136055e+01 -5.537725e+00 -9.014154e+00 -1.701190e+00 -7.646138e+00 1.861504e+01 -1.102616e-01 9.711670e-02 2.306740e-01 -2.423521e-01 -2.274347e-02 2.141452e-01 -1.054849e-01 -8.669391e-02 1.961082e-01 5.454695e-02 -5.541193e-02 4.615182e-02 -2.114799e-02 2.599396e-03 1.936580e-01 6.918816e-02 -2.401346e-01 4.442393e-02 6.212012e-02 -1.061713e-01 1.140095e-02 7.525027e-02 -1.091786e-02 -6.759346e-02 2.439261e-02 -1.480765e-02
<VARIANCE> 39
 7.254662e+00 8.472704e+00 2.449766e+01 3.237748e+01 1.900753e+01 3.083828e+01 3.095503e+01 3.396933e+01 4.393116e+01 4.150246e+01 2.843663e+01 3.076046e+01 1.005992e+00 8.389111e-02 3.850896e-01 4.113327e-01 1.134388e+00 5.006602e-01 6.244449e-01 5.594661e-01 5.156648e-01 6.516481e-01 6.711328e-01 6.809625e-01 5.422956e-01 4.832125e-03 1.134725e-02 3.006963e-02 4.130888e-02 5.552201e-02 7.270629e-02 7.258925e-02 7.394190e-02 8.101862e-02 8.287643e-02 8.719572e-02 7.879049e-02 7.924726e-02 3.986131e-04
<GCONST> 5.407915e+01
<STATE> 4
<MEAN> 39
 -5.403788e+00 -2.486135e+00 -1.319340e+00 -1.140658e+01 -1.437519e+00 -5.344215e+00 -3.677639e+00 -1.047611e+01 -3.509527e+00 -8.113693e+00 -2.927017e+00 -6.524921e+00 1.769229e+01 2.318133e-01 5.092810e-01 -3.798374e-03 -1.001050e-01 4.409954e-01 -2.478266e-01 -2.007660e-01 2.750583e-01 -1.279698e-01 8.096428e-02 2.109590e-01 1.170114e-01 -1.723429e-01 -2.734500e-02 -1.583511e-01 -8.629462e-02 1.471298e-01 -3.871512e-02 -5.682522e-03 1.205071e-01 1.960071e-02 -5.438334e-02 4.235143e-02 7.814091e-02 -9.650513e-03 -2.019478e-02
<VARIANCE> 39
 1.167077e+01 1.629490e+01 1.131767e+01 2.320378e+01 3.168437e+01 3.317727e+01 3.061949e+01 2.994294e+01 4.730350e+01 3.816456e+01 3.626888e+01 3.984098e+01 1.213663e+00 5.063271e-01 1.171738e+00 6.361047e-01 1.641066e+00 1.303045e+00 1.549624e+00 1.527926e+00 1.269221e+00 1.657967e+00 1.183515e+00 1.105279e+00 1.069095e+00 2.539237e-02 7.070001e-02 8.672243e-02 9.032164e-02 1.780283e-01 1.817867e-01 2.448263e-01 1.819692e-01 2.039080e-01 2.435773e-01 1.942899e-01 1.735514e-01 1.452013e-01 2.223199e-03
<GCONST> 8.082488e+01
<TRANSP> 5
 0.000000e+00 1.000000e+00 0.000000e+00 0.000000e+00 0.000000e+00
 0.000000e+00 9.011296e-01 9.887039e-02 0.000000e+00 0.000000e+00
 0.000000e+00 0.000000e+00 9.154169e-01 8.458307e-02 0.000000e+00
 0.000000e+00 0.000000e+00 0.000000e+00 9.176579e-01 8.234207e-02
 0.000000e+00 0.000000e+00 0.000000e+00 0.000000e+00 0.000000e+00
<ENDHMM>
~h "five"
<BEGINHMM>
<NUMSTATES> 5
<STATE> 2
<MEAN> 39
 -6.146411e+00 -8.579614e+00 -7.593060e+00 -9.225502e+00 -4.232539e-01 -6.121171e+00 7.190540e-03 -6.825871e+00 -3.778840e+00 -6.491027e+00 -3.214031e-01 -4.546254e+00 1.643799e+01 1.120299e-01 -6.874399e-01 -4.787008e-01 3.255210e-01 2.195709e-01 -2.715154e-01 2.420288e-01 2.806107e-01 -3.437124e-01 -1.303502e-01 -1.266976e-01 1.651894e-02 2.474733e-01 -1.629448e-03 -5.640207e-03 5.737381e-02 4.693881e-02 -1.719281e-02 -3.238554e-02 -1.990665e-02 -4.940761e-02 -1.731792e-02 2.416921e-02 1.539904e-02 -1.460257e-02 2.063687e-02
<VARIANCE> 39
 1.124827e+01 1.815275e+01 1.971944e+01 1.332503e+01 1.797246e+01 2.025480e+01 1.944363e+01 3.696778e+01 2.612033e+01 2.326989e+01 2.203025e+01 1.616190e+01 4.948914e+00 7.422348e-01 6.840290e-01 8.867821e-01 8.866880e-01 8.227912e-01 1.095898e+00 9.428419e-01 1.700721e+00 1.496678e+00 1.271825e+00 1.231814e+00 8.356505e-01 2.128243e-01 1.004231e-01 1.065360e-01 1.571011e-01 1.148700e-01 1.338433e-01 1.695282e-01 1.473404e-01 2.760353e-01 2.348487e-01 1.802720e-01 1.905768e-01 1.286288e-01 2.516931e-02
<GCONST> 8.140896e+01
<STATE> 3
<MEAN> 39
 -5.829887e+00 -1.543206e+01 -8.489647e+00 -3.791563e+00 1.364160e+00 -9.061766e+00 2.480606e+00 -7.543396e+00 -7.266531e+00 -5.483001e+00 -5.596645e-01 -4.576632e+00 1.903888e+01 -1.610379e-01 9.881090e-02 4.891294e-01 -2.808133e-01 -2.718631e-01 4.465730e-01 6.806064e-02 -3.852461e-01 3.470385e-02 2.820646e-01 5.019698e-02 -7.339284e-02 -4.962904e-02 4.119437e-02 1.199044e-01 1.074694e-02 -1.944104e-01 -5.747192e-02 8.540855e-02 -2.819957e-02 2.903764e-02 6.261571e-02 -5.057076e-02 -7.345507e-02 -1.855535e-02 -1.597389e-02
<VARIANCE> 39
 9.235501e+00 9.516592e+00 2.487389e+01 2.134851e+01 1.890465e+01 2.361066e+01 1.802820e+01 4.020390e+01 4.783421e+01 4.513315e+01 2.691061e+01 2.542681e+01 1.368734e+00 9.078331e-02 1.726090e-01 2.727480e-01 6.954373e-01 5.202996e-01 5.777809e-01 5.082219e-01 5.121846e-01 6.401439e-01 6.122689e-01 5.999756e-01 4.835976e-01 5.997946e-03 1.192146e-02 2.521184e-02 3.123515e-02 4.833024e-02 5.224826e-02 5.349531e-02 5.805229e-02 6.689365e-02 9.045688e-02 8.805521e-02 6.807427e-02 7.103898e-02 9.690533e-04
<GCONST> 5.083779e+01
<STATE> 4
<MEAN> 39
 -5.452302e+00 -7.797870e+00 -3.664276e+00 -1.292866e+01 -3.057665e+00 -3.760830e+00 1.120418e+00 -8.346379e+00 -3.887962e+00 -5.631077e+00 -1.734290e+00 -5.652763e+00 1.761914e+01 6.862315e-02 9.291028e-01 2.307417e-01 -1.985559e-01 -1.312588e-01 -8.902080e-02 -2.932149e-01 7.901099e-02 3.929718e-01 -1.371243e-01 7.694145e-02 1.251772e-02 -2.763331e-01 -4.009857e-02 -7.254492e-02 -8.898982e-02 1.944075e-01 1.092568e-01 -8.825621e-02 -1.654213e-02 -4.486483e-03 -4.075585e-02 1.306200e-02 7.343671e-02 3.239399e-02 -1.781460e-02
<VARIANCE> 39
 7.533071e+00 2.308200e+01 1.185664e+01 2.986247e+01 3.748581e+01 2.150702e+01 2.415346e+01 3.056974e+01 4.223402e+01 2.629560e+01 2.687928e+01 2.787850e+01 2.629845e+00 3.399361e-01 7.376922e-01 6.408951e-01 2.733510e+00 1.682370e+00 1.393150e+00 9.393151e-01 1.417236e+00 1.594479e+00 1.266483e+00 1.316633e+00 1.013041e+00 6.811569e-02 5.715030e-02 1.022168e-01 9.523873e-02 3.011741e-01 2.342707e-01 2.509499e-01 1.675186e-01 2.084504e-01 2.011705e-01 1.717610e-01 2.163227e-01 1.725776e-01 9.084151e-03
<GCONST> 8.298319e+01
<TRANSP> 5
 0.000000e+00 1.000000e+00 0.000000e+00 0.000000e+00 0.000000e+00
 0.000000e+00 9.300193e-01 6.998070e-02 0.000000e+00 0.000000e+00
 0.000000e+00 0.000000e+00 9.152340e-01 8.476594e-02 0.000000e+00
 0.000000e+00 0.000000e+00 0.000000e+00 8.980154e-01 1.019845e-01
 0.000000e+00 0.000000e+00 0.000000e+00 0.000000e+00 0.000000e+00
<ENDHMM>
~h "four"
<BEGINHMM>
<NUMSTATES> 5
<STATE> 2
<MEAN> 39
 -7.668621e+00 -6.678359e+00 -5.471253e+00 -9.688521e+00 -1.112874e+00 -4.543322e+00 -5.188635e-01 -8.560176e+00 -2.271252e+00 -5.732746e+00 1.121666e+00 -4.080911e+00 1.494317e+01 3.136197e-01 1.452036e-02 -3.777700e-01 -2.939341e-01 -1.124840e-01 -9.213706e-02 -1.320466e-01 -8.724219e-03 1.231455e-01 1.053674e-01 -1.632579e-02 -4.069840e-02 1.257620e-01 2.438426e-01 9.819016e-02 -1.169848e-01 -1.288310e-01 -5.305027e-02 -1.113013e-01 -1.098450e-01 -1.810896e-02 -8.151089e-03 7.041139e-03 -7.391994e-02 -1.029592e-01 1.065460e-01
<VARIANCE> 39
 4.652436e+00 4.192268e+00 6.875419e+00 8.703421e+00 1.156841e+01 1.419128e+01 1.488235e+01 1.611213e+01 1.490179e+01 1.409968e+01 1.539675e+01 1.167668e+01 9.115164e-01 1.046796e+00 4.634113e-01 5.766871e-01 6.437755e-01 6.049389e-01 9.842438e-01 9.578158e-01 8.518670e-01 8.545065e-01 7.821917e-01 1.037570e+00 8.674200e-01 1.654131e-01 5.929867e-02 5.710846e-02 1.015147e-01 1.069204e-01 1.041959e-01 1.639126e-01 1.311799e-01 1.613908e-01 1.551173e-01 1.347653e-01 1.544686e-01 1.329798e-01 6.555791e-03
<GCONST> 6.410642e+01
<STATE> 3
<MEAN> 39
 1.545244e+00 -3.506609e+00 -1.204574e+01 -1.693911e+01 -4.003875e+00 -6.246116e+00 -3.254799e+00 -8.959019e+00 -1.451786e+00 -3.992030e+00 3.066624e-01 -6.856133e+00 1.889480e+01 3.433898e-01 -1.622260e-01 -3.559048e-01 -7.219389e-02 6.823406e-02 -2.287841e-02 -2.271214e-01 1.736709e-01 3.472183e-01 1.049142e-01 -2.363589e-01 -2.330114e-01 1.595259e-01 -1.727752e-01 -1.510776e-01 1.446061e-01 2.267704e-01 4.007581e-02 -2.950781e-02 4.304438e-02 1.087611e-01 4.690568e-02 -7.876863e-02 -5.254868e-02 5.700309e-02 -6.697036e-02
<VARIANCE> 39
 4.228977e+00 1.021888e+01 1.029467e+01 1.433062e+01 2.460125e+01 1.721097e+01 1.818522e+01 1.709320e+01 2.334230e+01 2.481180e+01 3.750299e+01 3.594388e+01 1.116440e+00 5.913132e-01 7.441245e-01 7.231894e-01 1.240793e+00 9.896080e-01 7.948844e-01 9.115168e-01 9.643344e-01 1.307544e+00 1.180642e+00 1.372191e+00 1.243503e+00 1.038524e-01 4.872788e-02 4.637965e-02 9.627238e-02 8.305733e-02 1.340184e-01 1.434974e-01 1.544211e-01 1.396299e-01 1.799967e-01 1.932654e-01 2.021865e-01 1.820094e-01 7.091927e-03
<GCONST> 7.298989e+01
<STATE> 4
<MEAN> 39
 -5.438505e-01 -1.072195e+01 -7.321782e+00 -8.565258e+00 -5.390731e+00 -8.703503e+00 -2.324836e+00 -4.897167e+00 1.820580e-01 -7.540246e+00 -3.910093e+00 -7.426516e+00 1.840853e+01 -6.128892e-01 7.478331e-02 1.055837e+00 4.895162e-01 -3.432858e-01 7.613008e-02 5.979677e-01 -1.810232e-01 -6.236537e-01 -3.438600e-01 1.657987e-01 3.013592e-01 -2.432752e-01 -8.997238e-02 2.380737e-01 -4.461276e-02 -1.996431e-01 1.164186e-01 1.960436e-01 3.108685e-02 -1.857937e-01 -1.287477e-01 1.032372e-01 1.745890e-01 4.437393e-02 -4.961117e-02
<VARIANCE> 39
 7.333437e+00 1.779504e+01 3.181808e+01 1.827963e+01 4.521899e+01 3.700517e+01 3.509578e+01 4.320094e+01 4.621693e+01 3.482903e+01 3.460321e+01 3.076732e+01 1.742203e+00 2.973598e-01 1.587504e+00 9.176680e-01 1.626468e+00 2.564402e+00 2.221528e+00 1.718425e+00 2.564748e+00 1.885779e+00 1.705885e+00 1.828966e+00 1.123854e+00 5.836358e-02 2.925590e-02 1.345362e-01 2.065003e-01 1.689852e-01 4.287424e-01 2.940205e-01 3.516157e-01 3.668620e-01 3.851990e-01 2.816494e-01 3.092005e-01 2.124414e-01 3.411305e-03
<GCONST> 9.085457e+01
<TRANSP> 5
 0.000000e+00 1.000000e+00 0.000000e+00 0.000000e+00 0.000000e+00
 0.000000e+00 9.010989e-01 9.890107e-02 0.000000e+00 0.000000e+00
 0.000000e+00 0.000000e+00 9.186842e-01 8.131580e-02 0.000000e+00
 0.000000e+00 0.000000e+00 0.000000e+00 8.810357e-01 1.189643e-01
 0.000000e+00 0.000000e+00 0.000000e+00 0.000000e+00 0.000000e+00
<ENDHMM>
~h "zero"
<BEGINHMM>
<NUMSTATES> 5
<STATE> 2
<MEAN> 39
 -6.763879e+00 -3.059518e+00 -4.890010e+00 -7.468061e+00 -1.268034e+00 -3.807015e+00 -1.416495e+00 -8.521486e+00 -3.460544e+00 -5.108281e+00 5.858079e-01 -4.556543e+00 1.523136e+01 -8.102527e-02 3.327601e-01 1.424311e-01 -3.064889e-01 -2.150816e-01 -2.752907e-01 -1.780221e-01 -1.211517e-01 1.243876e-01 2.198047e-01 -1.244808e-02 -5.246088e-04 1.068026e-01 6.834580e-02 1.071726e-01 1.514957e-01 -2.259612e-01 -1.460289e-01 -2.466294e-01 -6.517249e-02 -7.546475e-02 6.225179e-02 1.094657e-02 -2.241581e-02 -5.431069e-02 8.263103e-02
<VARIANCE> 39
 7.726479e+00 1.030824e+01 1.428662e+01 1.362916e+01 1.785748e+01 1.930050e+01 1.879765e+01 1.950845e+01 2.378997e+01 2.086489e+01 1.977959e+01 1.678941e+01 1.209197e+00 4.218419e-01 7.292964e-01 1.005650e+00 9.504427e-01 8.891085e-01 1.752034e+00 9.599133e-01 1.103819e+00 1.067919e+00 8.958702e-01 1.006518e+00 1.002810e+00 1.193911e-01 5.256242e-02 9.182130e-02 1.144744e-01 1.197420e-01 1.238371e-01 1.944445e-01 1.598112e-01 1.731761e-01 1.607729e-01 1.399216e-01 1.707420e-01 1.584847e-01 7.954349e-03
<GCONST> 7.321774e+01
<STATE> 3
<MEAN> 39
 -5.566403e+00 2.931790e-01 8.269703e-01 -1.661605e+01 -7.785470e+00 -9.165444e+00 -4.619576e+00 -8.621810e+00 -3.797200e-02 -3.781706e+00 1.082254e-01 -6.771334e+00 1.834803e+01 3.385208e-01 -6.352356e-01 4.757752e-01 -2.474071e-01 -1.096390e+00 1.325781e-01 1.687509e-01 1.502982e-01 3.278769e-01 -5.640438e-02 2.262904e-02 -1.492868e-01 1.928740e-01 4.303634e-02 -2.603483e-01 -1.709133e-01 3.394245e-01 1.648094e-02 1.341363e-01 1.889109e-01 7.262938e-02 -7.259609e-02 -4.834899e-02 -7.847440e-03 6.425283e-02 -6.103756e-02
<VARIANCE> 39
 7.307806e+00 1.997029e+01 1.711432e+01 2.752711e+01 5.889896e+01 3.994532e+01 3.185094e+01 4.321721e+01 3.231763e+01 3.005177e+01 3.379240e+01 4.976116e+01 1.151517e+00 4.329947e-01 1.765929e+00 8.627797e-01 2.688735e+00 1.673258e+00 2.659798e+00 1.738171e+00 1.479704e+00 1.337256e+00 1.174470e+00 1.136934e+00 1.379520e+00 7.269607e-02 5.142459e-02 1.127075e-01 1.215397e-01 1.872074e-01 2.413355e-01 3.939858e-01 2.234785e-01 2.430298e-01 2.188062e-01 1.779316e-01 1.715018e-01 2.125573e-01 4.547188e-03
<GCONST> 8.739350e+01
<STATE> 4
<MEAN> 39
 -1.639690e+00 -9.936398e+00 -4.595292e+00 -9.800739e+00 -9.161901e+00 -8.398959e+00 5.010782e-02 -4.354620e+00 -3.146367e-01 -6.693200e+00 -1.065719e+00 -5.903762e+00 1.846045e+01 -4.451265e-03 5.112144e-02 -4.234903e-01 2.052533e-01 6.984723e-01 -3.857019e-02 4.525848e-03 7.782060e-02 -1.446226e-01 -9.848390e-02 -4.059316e-02 5.357651e-02 -1.007717e-01 -8.107892e-02 1.016637e-01 5.380829e-02 -8.340968e-02 8.652359e-02 7.460922e-02 -5.932649e-02 -6.307313e-02 -2.284209e-02 2.596523e-02 2.593976e-02 7.756329e-03 -2.421748e-02
<VARIANCE> 39
 6.038601e+00 2.027954e+01 2.571175e+01 2.547632e+01 6.109388e+01 5.159572e+01 3.787865e+01 3.636084e+01 4.404620e+01 3.583230e+01 2.594860e+01 3.309234e+01 1.516177e+00 2.974482e-01 8.163058e-01 7.856932e-01 9.970320e-01 1.219455e+00 1.830752e+00 1.580250e+00 1.897535e+00 1.652932e+00 1.478709e+00 1.055544e+00 9.562878e-01 3.802470e-02 2.885717e-02 5.194151e-02 8.306356e-02 1.126177e-01 1.887046e-01 2.352958e-01 2.066066e-01 2.033113e-01 2.225405e-01 2.008257e-01 1.526054e-01 1.416207e-01 2.422101e-03
<GCONST> 8.023933e+01
<TRANSP> 5
 0.000000e+00 1.000000e+00 0.000000e+00 0.000000e+00 0.000000e+00
 0.000000e+00 8.902045e-01 1.097955e-01 0.000000e+00 0.000000e+00
 0.000000e+00 0.000000e+00 8.984040e-01 1.015960e-01 0.000000e+00
 0.000000e+00 0.000000e+00 0.000000e+00 9.444697e-01 5.553029e-02
 0.000000e+00 0.000000e+00 0.000000e+00 0.000000e+00 0.000000e+00
<ENDHMM>
