~o
<STREAMINFO> 1 39
<VECSIZE> 39<NULLD><MFCC_E_D_A><DIAGC>
~s "silst"
<MEAN> 39
 -7.457634e+00 -5.989431e+00 -5.284657e+00 -9.296365e+00 -9.699985e-01 -3.981157e+00 -4.318979e-01 -8.585349e+00 -2.685410e+00 -5.750963e+00 8.127322e-01 -4.319434e+00 1.478354e+01 -2.266036e-01 -1.580356e-01 -2.176940e-01 -4.000319e-02 -3.787871e-02 8.831806e-02 4.102053e-02 9.558232e-02 5.131138e-02 3.940436e-02 8.482992e-02 9.099533e-02 -7.665718e-02 5.237483e-02 4.417932e-02 1.032181e-02 -4.590695e-02 -3.359084e-02 -7.450146e-02 -5.564754e-02 -2.675361e-02 -1.331369e-02 -7.510705e-03 -1.720912e-02 -1.321655e-02 3.314760e-02
<VARIANCE> 39
 6.397466e+00 6.552696e+00 1.009281e+01 1.031778e+01 1.472781e+01 1.523184e+01 1.632039e+01 1.709792e+01 1.833010e+01 1.737905e+01 1.652893e+01 1.446156e+01 9.491980e-01 2.313184e-01 3.425619e-01 4.274395e-01 4.911191e-01 6.208023e-01 7.687721e-01 7.491754e-01 7.765945e-01 8.180383e-01 7.616187e-01 7.544978e-01 6.651024e-01 2.594656e-02 3.221812e-02 5.570967e-02 7.022595e-02 8.687773e-02 1.116790e-01 1.435370e-01 1.330891e-01 1.464060e-01 1.479523e-01 1.302829e-01 1.307211e-01 1.153668e-01 3.390965e-03
<GCONST> 5.877607e+01
~h "eight"
<BEGINHMM>
<NUMSTATES> 5
<STATE> 2
<MEAN> 39
 -8.297587e+00 -2.800339e+00 -5.944359e+00 -1.856149e+01 2.095065e-01 -4.925338e+00 8.075397e-01 -6.753832e+00 -1.582711e+00 -7.577768e+00 -1.836813e+00 -5.806879e+00 1.750893e+01 -1.693648e-01 1.040507e+00 -1.082301e-01 -9.978514e-01 -2.878433e-02 -6.034427e-01 7.935263e-02 4.935802e-01 3.885346e-01 7.004899e-03 -1.159936e-01 -2.351677e-01 3.092898e-01 3.638289e-02 8.322315e-02 8.907473e-03 1.663463e-01 -6.413779e-02 -2.045649e-01 -8.317778e-02 -2.640760e-02 1.817060e-02 1.038890e-01 1.203743e-01 -7.533293e-04 -2.353647e-02
<VARIANCE> 39
 8.024183e+00 2.089435e+01 1.895208e+01 3.081215e+01 4.272054e+01 2.254499e+01 2.544171e+01 2.380574e+01 3.057512e+01 2.294121e+01 2.493215e+01 2.572787e+01 3.133560e+00 3.326664e-01 7.296789e-01 6.008516e-01 1.226385e+00 1.147030e+00 1.356261e+00 1.451653e+00 9.558940e-01 1.293782e+00 1.098825e+00 1.080816e+00 9.463809e-01 1.024298e-01 4.054446e-02 7.789177e-02 7.457159e-02 1.879527e-01 1.355216e-01 1.672567e-01 1.477241e-01 1.697809e-01 2.200993e-01 1.590457e-01 1.693959e-01 1.452147e-01 1.231840e-02
<GCONST> 7.879692e+01
<STATE> 3
<MEAN> 39
 -8.342649e+00 5.857261e+00 -5.445688e+00 -1.896095e+01 -2.927010e+00 -1.390986e+01 -1.847267e+00 -6.158643e+00 6.469556e-01 -3.958029e+00 9.116436e-01 -5.595394e+00 1.851302e+01 1.135425e-01 4.349548e-01 2.033956e-01 8.513026e-01 8.355591e-03 -8.574801e-01 -6.015019e-01 -8.351500e-01 -4.079485e-01 2.721865e-01 4.301579e-01 2.250856e-01 -8.338241e-02 4.865874e-02 -2.951226e-01 1.935517e-02 1.796759e-01 8.850000e-02 2.926547e-01 3.177879e-02 -1.416642e-01 -1.880691e-01 -1.477474e-01 -8.238253e-02 3.261169e-02 -6.305020e-02
<VARIANCE> 39
 1.002060e+01 1.150507e+01 2.460138e+01 2.771736e+01 2.039831e+01 2.376649e+01 5.633546e+01 2.753806e+01 3.068801e+01 2.205178e+01 3.271227e+01 2.513032e+01 1.502711e+00 1.853327e-01 5.591406e-01 2.698085e-01 6.247261e-01 8.097991e-01 1.064567e+00 7.421753e-01 8.043443e-01 1.733531e+00 1.060224e+00 1.198163e+00 8.628998e-01 2.680264e-02 2.813803e-02 7.374553e-02 4.995631e-02 1.003245e-01 8.094218e-02 1.575079e-01 1.417017e-01 1.393816e-01 1.730750e-01 1.401345e-01 1.842488e-01 1.385150e-01 3.438902e-03
<GCONST> 6.960683e+01
<STATE> 4
<MEAN> 39
 -6.847626e+00 4.080722e-01 -4.040888e+00 -1.177453e+01 -1.031155e+00 -1.094096e+01 -3.827343e+00 -1.155417e+01 -4.582343e+00 -5.878470e+00 7.407678e-01 -4.552885e+00 1.634457e+01 1.621232e-01 -1.893230e+00 -8.048282e-02 8.401393e-01 1.912114e-01 1.649549e+00 4.211603e-01 7.876118e-02 -2.148495e-01 -3.281914e-01 -8.886034e-02 1.155179e-01 -4.820392e-01 -8.667340e-02 -3.203264e-02 -1.026937e-01 -1.617895e-01 -6.092993e-02 7.829130e-02 1.583640e-01 2.532181e-01 2.016670e-01 8.127308e-02 3.299233e-02 -2.558483e-02 7.585307e-03
<VARIANCE> 39
 5.772728e+00 3.293866e+01 1.408321e+01 1.883104e+01 1.583486e+01 3.958326e+01 3.134559e+01 2.448707e+01 3.661715e+01 2.663581e+01 2.474030e+01 2.323629e+01 2.774841e+00 3.757851e-01 6.939602e-01 6.989993e-01 1.050248e+00 6.668689e-01 1.194225e+00 1.821870e+00 1.471023e+00 2.101357e+00 1.257164e+00 1.386555e+00 1.149059e+00 3.362910e-02 4.152802e-02 2.643633e-01 6.936585e-02 1.223265e-01 9.885406e-02 3.449114e-01 2.011195e-01 2.009422e-01 2.918068e-01 1.765331e-01 1.975999e-01 1.916151e-01 1.121111e-02
<GCONST> 8.039773e+01
<TRANSP> 5
 0.000000e+00 1.000000e+00 0.000000e+00 0.000000e+00 0.000000e+00
 0.000000e+00 8.662325e-01 1.337675e-01 0.000000e+00 0.000000e+00
 0.000000e+00 0.000000e+00 8.589063e-01 1.410937e-01 0.000000e+00
 0.000000e+00 0.000000e+00 0.000000e+00 8.264494e-01 1.735507e-01
 0.000000e+00 0.000000e+00 0.000000e+00 0.000000e+00 0.000000e+00
<ENDHMM>
~h "oh"
<BEGINHMM>
<NUMSTATES> 5
<STATE> 2
<MEAN> 39
 -4.368231e+00 -1.045780e+01 -8.420702e+00 -8.477781e+00 -2.525080e+00 -7.726176e+00 3.612379e+00 -7.272289e+00 -5.309366e+00 -7.122615e+00 -2.496027e+00 -5.347006e+00 1.787362e+01 5.401486e-01 -1.951323e-01 -6.053569e-01 1.634581e-01 1.046028e-01 -6.738728e-01 1.264715e-01 7.198908e-01 -9.941140e-03 -4.307383e-01 -4.139435e-01 -1.557395e-01 3.459181e-01 8.458036e-03 1.093693e-01 1.164716e-02 -6.113170e-02 3.618471e-02 -3.651844e-03 -1.584310e-01 2.373272e-03 1.374768e-01 3.015702e-02 -7.830266e-03 -3.272160e-02 -2.568906e-02
<VARIANCE> 39
 8.485756e+00 1.220993e+01 1.698793e+01 1.815524e+01 2.294742e+01 2.492513e+01 3.031308e+01 6.646079e+01 3.988643e+01 3.418199e+01 2.691008e+01 3.124247e+01 2.921351e+00 2.950194e-01 5.657565e-01 6.205692e-01 6.197724e-01 6.762427e-01 9.330410e-01 1.320001e+00 1.745998e+00 1.519107e+00 1.257475e+00 1.247165e+00 1.018242e+00 9.525837e-02 4.036019e-02 6.260112e-02 7.410779e-02 7.792588e-02 9.070708e-02 1.275122e-01 1.570367e-01 2.160276e-01 1.864398e-01 1.961805e-01 1.856357e-01 1.377955e-01 1.333028e-02
<GCONST> 7.692384e+01
<STATE> 3
<MEAN> 39
 -5.029324e-01 -8.047232e+00 -1.290984e+01 -1.006029e+01 -8.190752e-01 -1.175789e+01 -8.324400e-01 -1.219311e+00 2.321094e-01 -7.926825e+00 -5.026115e+00 -6.780588e+00 1.900949e+01 2.187498e-01 4.085658e-01 -1.310030e-03 -3.414896e-01 -6.345171e-02 1.849607e-04 -6.460658e-01 -2.579248e-01 6.112376e-01 5.887816e-01 2.562887e-02 -3.291436e-01 -1.291875e-02 -4.334987e-02 2.159005e-02 9.916957e-02 -1.213659e-02 -5.469587e-02 8.724230e-02 1.590287e-02 -1.479802e-01 -8.690983e-02 7.819697e-02 1.156569e-01 2.169993e-02 -2.496784e-02
<VARIANCE> 39
 5.990271e+00 8.914011e+00 1.762880e+01 1.483747e+01 1.948316e+01 2.498701e+01 4.385622e+01 3.313300e+01 3.880441e+01 3.622741e+01 3.125082e+01 3.905017e+01 1.236780e+00 8.009880e-02 1.357305e-01 2.778769e-01 2.823716e-01 3.900252e-01 5.247061e-01 7.359317e-01 1.053673e+00 7.637238e-01 8.779767e-01 8.284763e-01 6.952819e-01 1.258796e-02 1.090089e-02 1.422550e-02 3.433698e-02 3.316178e-02 4.728354e-02 6.883312e-02 7.893855e-02 9.863244e-02 1.054612e-01 1.020601e-01 9.176981e-02 8.933379e-02 1.156777e-03
<GCONST> 5.279477e+01
<STATE> 4
<MEAN> 39
 -3.084464e-01 -3.459447e+00 -8.572941e+00 -1.275367e+01 -3.558097e+00 -9.745871e+00 -4.391660e+00 -7.900530e+00 2.281309e-02 -3.212745e+00 -1.462429e-01 -6.782519e+00 1.817629e+01 -5.151549e-01 1.477478e-01 7.894412e-01 2.705294e-01 -5.112049e-03 5.627469e-01 3.364500e-01 -4.921848e-01 -5.510479e-01 -1.579152e-01 4.320945e-01 4.576511e-01 -2.936029e-01 -1.292460e-01 -1.307141e-01 -2.176168e-02 9.318750e-02 1.044653e-01 8.966313e-02 1.588926e-01 1.015115e-01 -5.604084e-02 -1.305138e-01 -7.143930e-02 5.824087e-02 -4.076354e-02
<VARIANCE> 39
 7.179129e+00 7.185522e+00 2.230020e+01 1.796544e+01 1.933553e+01 2.777518e+01 3.086451e+01 2.748144e+01 3.261842e+01 4.072342e+01 3.976706e+01 3.598969e+01 1.924489e+00 3.252830e-01 4.453921e-01 4.908040e-01 6.144808e-01 8.916063e-01 1.183762e+00 1.251596e+00 1.292236e+00 1.275134e+00 1.282003e+00 1.294017e+00 1.146381e+00 4.463824e-02 2.713970e-02 4.052186e-02 8.752754e-02 8.511248e-02 1.071183e-01 1.645257e-01 1.745311e-01 1.990106e-01 2.149343e-01 2.037145e-01 1.765594e-01 1.652795e-01 3.404106e-03
<GCONST> 7.347994e+01
<TRANSP> 5
 0.000000e+00 1.000000e+00 0.000000e+00 0.000000e+00 0.000000e+00
 0.000000e+00 8.789073e-01 1.210927e-01 0.000000e+00 0.000000e+00
 0.000000e+00 0.000000e+00 8.994249e-01 1.005752e-01 0.000000e+00
 0.000000e+00 0.000000e+00 0.000000e+00 8.770953e-01 1.229046e-01
 0.000000e+00 0.000000e+00 0.000000e+00 0.000000e+00 0.000000e+00
<ENDHMM>
~h "sp"
<BEGINHMM>
<NUMSTATES> 5
<STATE> 2
~s "silst"
<STATE> 3
<MEAN> 39
 -8.378630e+00 -4.966585e+00 -6.382741e+00 -8.754632e+00 -2.020348e+00 -3.772682e+00 -1.106274e+00 -8.163731e+00 -2.874795e+00 -5.232005e+00 6.287597e-01 -4.110181e+00 1.496009e+01 -2.248872e-01 -5.065536e-02 -2.437728e-01 -5.650833e-03 5.960604e-02 1.535311e-01 7.922911e-02 4.377204e-02 -1.313684e-02 1.748816e-02 1.595312e-02 1.108031e-01 -4.686109e-02 1.946171e-01 7.916155e-02 9.146438e-02 -1.315970e-01 -1.339267e-01 -2.292727e-01 -7.235269e-02 -2.144168e-02 1.897317e-03 -1.825851e-02 -8.203917e-02 -8.045016e-02 1.167978e-01
<VARIANCE> 39
 1.038394e+01 1.154632e+01 1.518576e+01 1.507433e+01 1.924398e+01 1.963853e+01 1.813387e+01 1.946107e+01 2.091962e+01 1.949488e+01 1.821117e+01 1.593344e+01 1.396912e+00 6.708247e-01 6.033121e-01 8.630968e-01 7.058747e-01 9.691294e-01 1.257336e+00 9.103894e-01 1.056570e+00 1.126839e+00 9.969200e-01 9.431409e-01 7.938858e-01 9.186991e-02 7.718817e-02 1.177521e-01 1.547699e-01 1.526174e-01 1.880615e-01 2.058277e-01 1.814114e-01 2.088898e-01 2.068677e-01 1.824816e-01 1.726310e-01 1.452263e-01 7.923443e-03
<GCONST> 7.514018e+01
<STATE> 4
<MEAN> 39
 -7.008492e+00 -5.193256e+00 -5.104285e+00 -9.690863e+00 -1.410983e+00 -4.864318e+00 -1.258292e+00 -9.043158e+00 -3.133590e+00 -5.810227e+00 5.901619e-01 -4.294474e+00 1.545219e+01 7.910540e-01 3.240852e-01 1.701577e-01 -7.148037e-01 -6.249491e-01 -8.322600e-01 -1.434850e-01 2.285525e-02 7.465015e-02 -2.826301e-02 -4.598624e-01 -3.490728e-01 5.016225e-01 1.402586e-01 5.224910e-03 -6.044278e-02 -2.016610e-01 -1.845620e-01 -1.325571e-01 4.528849e-02 9.471735e-02 4.816907e-02 -7.201278e-04 -1.256540e-01 -1.147456e-01 1.254832e-01
<VARIANCE> 39
 8.407941e+00 9.111263e+00 1.215823e+01 1.226177e+01 1.558290e+01 1.575309e+01 1.749807e+01 1.911203e+01 2.188984e+01 1.949149e+01 2.107107e+01 1.868548e+01 1.685409e+00 7.416729e-01 7.871867e-01 1.299197e+00 1.192041e+00 1.320849e+00 1.370878e+00 1.279576e+00 1.616527e+00 1.407815e+00 1.360222e+00 1.245891e+00 1.204950e+00 7.115680e-02 6.144769e-02 9.427428e-02 1.473553e-01 1.547202e-01 1.877083e-01 1.799635e-01 1.657119e-01 1.887645e-01 1.976127e-01 1.817670e-01 1.883362e-01 1.899225e-01 6.063569e-03
<GCONST> 7.697521e+01
<TRANSP> 5
 0.000000e+00 5.322727e-01 4.677273e-01 0.000000e+00 0.000000e+00
 0.000000e+00 9.207312e-01 7.926880e-02 0.000000e+00 0.000000e+00
 0.000000e+00 0.000000e+00 7.258595e-01 2.741405e-01 0.000000e+00
 0.000000e+00 0.000000e+00 0.000000e+00 3.989849e-01 6.010151e-01
 0.000000e+00 0.000000e+00 0.000000e+00 0.000000e+00 0.000000e+00
<ENDHMM>
~h "seven"
<BEGINHMM>
<NUMSTATES> 5
<STATE> 2
<MEAN> 39
 -5.613595e+00 -4.244869e+00 -4.936487e+00 -1.415262e+01 -7.742536e+00 -7.056544e+00 2.381695e+00 -7.862247e+00 -1.530783e+00 -5.170093e+00 -3.305429e+00 -6.558053e+00 1.749695e+01 3.536181e-01 -2.943877e-01 1.354281e-01 -1.205335e+00 -6.731548e-01 -2.142011e-02 1.023865e+00 2.013890e-02 6.231652e-02 -4.171476e-01 -7.326182e-01 -6.054587e-01 6.560597e-01 -1.947009e-01 -1.746607e-01 -1.874252e-01 1.881533e-01 2.911009e-01 3.186908e-01 -4.482096e-02 1.493337e-02 -1.583339e-01 -1.026620e-01 1.283582e-01 1.136224e-01 -5.649136e-02
<VARIANCE> 39
 1.173196e+01 7.492259e+00 1.113350e+01 2.979623e+01 3.233189e+01 3.168213e+01 2.965033e+01 2.665929e+01 2.985535e+01 6.522227e+01 2.660889e+01 2.732077e+01 4.042171e+00 6.646149e-01 5.830035e-01 7.034993e-01 9.882001e-01 1.844375e+00 1.832960e+00 1.377559e+00 1.177868e+00 1.472425e+00 1.953159e+00 1.228787e+00 1.560775e+00 7.739338e-02 8.916402e-02 6.521583e-02 9.134368e-02 2.310088e-01 2.745030e-01 2.203804e-01 1.911941e-01 1.463342e-01 1.652301e-01 3.158521e-01 1.958295e-01 2.044733e-01 3.006205e-02
<GCONST> 8.559862e+01
<STATE> 3
<MEAN> 39
 -6.162062e+00 -8.610436e+00 -5.706052e+00 -1.567781e+01 -4.670047e+00 -2.914060e+00 5.220988e+00 -8.946537e+00 -3.407792e+00 -7.441938e+00 -3.727772e+00 -5.913533e+00 1.909877e+01 1.765614e-01 -1.629145e-01 1.826796e-01 6.480412e-01 1.707214e-01 -2.553550e-01 -2.142443e-01 3.386582e-01 -3.922437e-01 1.996219e-01 2.928411e-01 1.154707e-01 -1.297862e-01 9.625355e-02 2.237838e-01 1.472542e-01 2.415930e-01 -2.878984e-02 -2.831874e-01 -2.913351e-01 7.230476e-02 7.615089e-02 5.826879e-02 1.549782e-01 -2.877340e-02 -1.147274e-01
<VARIANCE> 39
 9.218074e+00 9.010104e+00 8.469504e+00 1.601050e+01 4.695202e+01 3.249546e+01 3.211257e+01 4.190126e+01 5.057812e+01 4.408367e+01 3.482054e+01 3.275084e+01 1.235457e+00 3.323881e-01 5.719064e-01 3.836824e-01 6.255249e-01 1.214177e+00 1.483896e+00 1.322121e+00 9.782118e-01 1.199607e+00 1.629356e+00 1.644131e+00 9.409053e-01 5.992880e-02 4.437483e-02 4.177656e-02 4.891491e-02 9.596287e-02 2.058851e-01 1.426227e-01 1.875131e-01 1.680019e-01 1.962699e-01 1.783145e-01 2.454189e-01 1.703987e-01 4.720241e-03
<GCONST> 7.603149e+01
<STATE> 4
<MEAN> 39
 -3.185963e+00 -3.773545e+00 -1.810940e+00 -9.560297e+00 -3.513306e+00 -7.988540e+00 -9.779809e-01 -8.458760e+00 -4.170444e+00 -6.812746e+00 -1.715728e+00 -6.949626e+00 1.711229e+01 2.166873e-02 2.541015e-01 1.385824e-01 2.306407e-01 3.570633e-01 9.047793e-02 -3.220086e-01 -2.726242e-01 8.028357e-02 -3.395906e-02 1.357497e-01 5.024131e-02 -1.242078e-01 -5.713551e-02 -7.515136e-02 -7.327721e-02 -8.395074e-02 -1.288486e-02 1.026951e-01 1.107464e-01 -8.529503e-03 2.064707e-02 1.478813e-02 -3.472099e-02 2.591434e-02 1.266701e-02
<VARIANCE> 39
 4.880905e+00 1.056096e+01 9.992326e+00 1.389329e+01 2.791382e+01 3.066719e+01 2.593802e+01 4.071247e+01 3.326525e+01 3.584645e+01 3.308348e+01 2.917975e+01 1.563371e+00 2.381415e-01 5.071037e-01 5.407994e-01 8.772066e-01 1.320860e+00 1.257889e+00 1.636943e+00 1.314519e+00 1.407193e+00 1.397031e+00 1.266793e+00 9.894531e-01 9.390651e-02 3.600692e-02 7.659621e-02 8.732851e-02 1.480754e-01 2.340113e-01 2.040897e-01 2.733573e-01 2.294002e-01 2.319881e-01 2.368013e-01 2.143173e-01 1.483711e-01 1.425765e-02
<GCONST> 7.896873e+01
<TRANSP> 5
 0.000000e+00 1.000000e+00 0.000000e+00 0.000000e+00 0.000000e+00
 0.000000e+00 7.902277e-01 2.097724e-01 0.000000e+00 0.000000e+00
 0.000000e+00 0.000000e+00 8.531957e-01 1.468043e-01 0.000000e+00
 0.000000e+00 0.000000e+00 0.000000e+00 9.372395e-01 6.276052e-02
 0.000000e+00 0.000000e+00 0.000000e+00 0.000000e+00 0.000000e+00
<ENDHMM>
~h "three"
<BEGINHMM>
<NUMSTATES> 5
<STATE> 2
<MEAN> 39
 -2.835277e+00 -7.059310e+00 -2.707866e-01 -8.766330e+00 -1.067556e+01 -1.126087e+01 -1.143087e+00 -8.663264e+00 -1.756100e+00 -4.996032e+00 -1.797806e-01 -5.337716e+00 1.745692e+01 4.816869e-01 -1.630218e-01 9.386918e-01 -2.275758e-01 -1.610230e+00 -9.399991e-02 -2.035527e-01 -2.585560e-01 4.219477e-01 1.215108e-01 -1.569112e-02 -2.283663e-01 3.687408e-01 -1.947993e-01 1.257873e-01 7.629629e-03 -3.157706e-01 2.244207e-01 3.431991e-01 -1.753435e-01 5.016672e-03 8.752237e-02 -2.778332e-02 4.360670e-02 5.067599e-03 -3.480865e-02
<VARIANCE> 39
 1.105426e+01 1.265932e+01 1.651544e+01 2.965585e+01 5.009453e+01 4.955464e+01 2.264271e+01 2.597679e+01 2.763993e+01 2.585964e+01 3.308112e+01 3.230259e+01 2.614649e+00 7.457156e-01 6.657507e-01 8.140880e-01 2.019447e+00 1.889436e+00 3.405181e+00 1.389491e+00 1.557437e+00 1.205868e+00 1.084819e+00 1.319397e+00 1.246221e+00 5.913086e-02 1.133501e-01 1.428508e-01 1.327634e-01 2.978922e-01 4.521914e-01 4.291274e-01 2.895361e-01 2.386112e-01 1.920342e-01 1.807893e-01 1.972175e-01 1.905420e-01 9.955052e-03
<GCONST> 8.896490e+01
<STATE> 3
<MEAN> 39
 -4.861467e+00 -3.981285e+00 5.744391e+00 -1.855081e+01 -1.315854e+01 -4.129198e+00 -8.341189e+00 -9.107200e+00 2.215921e+00 -5.630580e+00 1.333641e+00 -5.860950e+00 1.868447e+01 -8.621179e-01 1.772755e+00 -1.623460e-01 -1.854337e+00 2.288688e+00 5.310505e-02 -1.589452e+00 9.127812e-01 -3.467365e-01 -2.518159e-01 1.241160e-01 -1.349631e-03 -1.267702e-02 2.581547e-02 1.548579e-01 -4.752689e-01 4.797821e-01 4.706169e-01 -6.815190e-01 3.873787e-01 1.013177e-01 -3.928874e-01 6.226817e-02 -6.163118e-02 4.428536e-02 -5.724400e-02
<VARIANCE> 39
 7.759458e+00 2.344365e+01 1.108609e+01 3.422773e+01 5.816294e+01 2.887974e+01 4.440762e+01 6.290282e+01 2.291451e+01 2.756670e+01 3.665484e+01 2.949631e+01 1.289431e+00 2.573963e-01 6.325309e-01 1.045103e+00 1.649762e+00 1.556320e+00 3.657018e+00 1.824664e+00 1.446797e+00 1.468640e+00 1.038843e+00 7.693177e-01 8.087041e-01 2.216084e-02 5.388495e-02 1.550036e-01 9.091424e-02 2.684200e-01 4.871128e-01 2.377347e-01 4.259969e-01 3.653716e-01 1.547688e-01 1.519263e-01 1.335320e-01 1.100538e-01 2.343608e-03
<GCONST> 8.290627e+01
<STATE> 4
<MEAN> 39
 -6.365472e+00 3.327879e+00 -1.635788e+00 -1.552087e+01 -1.369354e+00 -1.179617e+01 -5.330216e+00 -8.449306e+00 -3.573576e+00 -5.420767e+00 -6.213268e-01 -6.473499e+00 1.768262e+01 6.769706e-02 -2.495537e-01 -5.570863e-01 8.973072e-01 4.315832e-01 6.725781e-02 6.884140e-01 -2.388885e-01 -2.005149e-01 3.710382e-03 -5.949410e-02 5.709839e-02 -2.157590e-01 2.486150e-02 -2.684440e-01 4.495207e-02 5.512832e-02 -2.045903e-01 2.417931e-01 6.431579e-02 -1.945237e-02 1.291838e-01 -7.695178e-03 3.968404e-02 2.579678e-02 -2.615779e-02
<VARIANCE> 39
 7.861267e+00 1.684076e+01 1.557818e+01 3.344806e+01 2.246495e+01 2.722365e+01 4.489429e+01 4.366768e+01 3.192723e+01 4.060439e+01 4.161683e+01 3.718521e+01 1.729684e+00 2.668116e-01 1.526972e+00 6.761792e-01 8.506667e-01 1.261238e+00 2.316051e+00 1.371476e+00 1.514491e+00 1.355322e+00 1.267125e+00 1.087240e+00 9.819559e-01 3.642563e-02 4.643428e-02 9.915121e-02 8.205082e-02 1.725754e-01 1.865361e-01 1.919370e-01 2.083284e-01 2.260115e-01 1.775595e-01 1.717985e-01 1.472713e-01 1.380990e-01 2.782018e-03
<GCONST> 8.022775e+01
<TRANSP> 5
 0.000000e+00 1.000000e+00 0.000000e+00 0.000000e+00 0.000000e+00
 0.000000e+00 8.673516e-01 1.326484e-01 0.000000e+00 0.000000e+00
 0.000000e+00 0.000000e+00 7.816502e-01 2.183498e-01 0.000000e+00
 0.000000e+00 0.000000e+00 0.000000e+00 9.105604e-01 8.943959e-02
 0.000000e+00 0.000000e+00 0.000000e+00 0.000000e+00 0.000000e+00
<ENDHMM>
~h "one"
<BEGINHMM>
<NUMSTATES> 5
<STATE> 2
<MEAN> 39
 -6.280376e-01 -3.044514e+00 -8.113887e+00 -1.376198e+01 -2.787052e+00 -5.992087e+00 -1.103604e+00 -8.667157e+00 -3.148237e+00 -6.729115e+00 -1.103731e+00 -6.761205e+00 1.758889e+01 4.236308e-01 -2.670130e-01 -1.049908e+00 8.477600e-02 5.042996e-01 3.279818e-01 -1.541125e-01 8.220849e-02 1.550313e-01 -1.755052e-01 -3.250283e-01 -3.648936e-01 2.766457e-01 -1.184999e-01 -1.923684e-01 -4.490143e-02 3.232826e-01 1.461552e-01 -5.635602e-02 -1.253933e-01 4.893802e-02 5.320196e-02 -5.617318e-02 -3.591486e-02 2.740422e-02 -1.888869e-02
<VARIANCE> 39
 8.176226e+00 6.989221e+00 2.323421e+01 1.953134e+01 2.396982e+01 2.498170e+01 1.851012e+01 2.005200e+01 2.500458e+01 2.399368e+01 2.855812e+01 2.744039e+01 2.246636e+00 3.830768e-01 7.502407e-01 8.178810e-01 1.693734e+00 1.510830e+00 1.196955e+00 1.251638e+00 9.848397e-01 1.072911e+00 9.540331e-01 1.043279e+00 1.012569e+00 4.501612e-02 4.984464e-02 5.832607e-02 1.484342e-01 2.287345e-01 1.883256e-01 2.535140e-01 1.950661e-01 1.731843e-01 1.789929e-01 1.718053e-01 1.859180e-01 1.682326e-01 5.808363e-03
<GCONST> 7.713216e+01
<STATE> 3
<MEAN> 39
 -1.288530e+00 -9.409660e+00 -1.327655e+01 -4.019377e+00 2.117194e+00 -7.726684e+00 -4.974945e+00 -5.400466e+00 -1.404767e+00 -1.053926e+01 -3.771994e+00 -6.927913e+00 1.859521e+01 -5.817221e-01 -8.104792e-01 7.834941e-01 1.528999e+00 -7.662081e-01 -9.612600e-01 5.570955e-01 6.482998e-01 -5.983025e-01 -7.419484e-01 2.717929e-01 4.293253e-01 -4.931773e-03 -5.040859e-02 2.134608e-01 4.233595e-01 -3.929628e-01 -4.533864e-01 1.390799e-01 4.100036e-01 -2.347898e-01 -2.536913e-01 2.139122e-01 2.219092e-01 -4.557191e-02 -3.100626e-02
<VARIANCE> 39
 5.534787e+00 1.037594e+01 1.610354e+01 3.109524e+01 2.010275e+01 2.722445e+01 2.815762e+01 3.472013e+01 4.298250e+01 3.933966e+01 2.922581e+01 3.314513e+01 1.498261e+00 1.319571e-01 3.908529e-01 8.536682e-01 1.271997e+00 1.431779e+00 9.587862e-01 1.983329e+00 1.318147e+00 1.650361e+00 1.153494e+00 1.462338e+00 9.865774e-01 8.869963e-03 2.301289e-02 4.894659e-02 9.340193e-02 1.895023e-01 1.735051e-01 2.840487e-01 1.936003e-01 3.105077e-01 2.309380e-01 2.639194e-01 1.867682e-01 2.282841e-01 9.795986e-04
<GCONST> 7.500225e+01
<STATE> 4
<MEAN> 39
 -3.829194e+00 -5.604212e+00 -2.309184e+00 -7.608940e+00 -3.637388e+00 -6.846515e+00 -1.717765e+00 -1.127917e+01 -5.644276e+00 -9.003337e+00 -2.268229e+00 -8.146162e+00 1.779065e+01 -7.433592e-02 5.848432e-01 5.335869e-01 -5.681476e-01 1.317133e-01 2.803008e-01 -1.720964e-01 -4.648460e-01 6.054425e-02 3.822075e-01 3.827743e-02 4.920062e-02 -1.655157e-01 8.781734e-03 -3.152531e-02 -1.845866e-01 6.925764e-03 1.559801e-01 3.433982e-02 -8.556088e-02 9.927982e-02 1.188097e-01 -2.442732e-02 -2.440261e-02 5.910683e-02 -1.953865e-02
<VARIANCE> 39
 6.599814e+00 2.639233e+01 1.430724e+01 2.711033e+01 2.027446e+01 4.021099e+01 3.574358e+01 3.974880e+01 3.891933e+01 4.443144e+01 3.331878e+01 3.571706e+01 1.385257e+00 3.540175e-01 9.013748e-01 1.192879e+00 1.145802e+00 1.305121e+00 1.893746e+00 1.575964e+00 1.633284e+00 1.623679e+00 1.534723e+00 1.100612e+00 1.125959e+00 2.517014e-02 5.443956e-02 1.370866e-01 8.261742e-02 1.981366e-01 2.010741e-01 2.927184e-01 2.827095e-01 2.182170e-01 2.516772e-01 2.414162e-01 1.889511e-01 1.657396e-01 2.631752e-03
<GCONST> 8.325659e+01
<TRANSP> 5
 0.000000e+00 1.000000e+00 0.000000e+00 0.000000e+00 0.000000e+00
 0.000000e+00 8.744930e-01 1.255070e-01 0.000000e+00 0.000000e+00
 0.000000e+00 0.000000e+00 8.237109e-01 1.762891e-01 0.000000e+00
 0.000000e+00 0.000000e+00 0.000000e+00 9.201797e-01 7.982035e-02
 0.000000e+00 0.000000e+00 0.000000e+00 0.000000e+00 0.000000e+00
<ENDHMM>
~h "sil"
<BEGINHMM>
<NUMSTATES> 5
<STATE> 2
<MEAN> 39
 -6.683261e+00 -6.792305e+00 -5.041007e+00 -9.371103e+00 -5.323138e-01 -3.969362e+00 -2.679126e-01 -9.013577e+00 -2.914829e+00 -5.698314e+00 8.263586e-01 -4.110271e+00 1.459749e+01 -4.710203e-02 -5.037322e-03 1.250128e-02 7.276486e-02 7.761668e-02 6.306922e-02 6.248190e-02 1.293472e-02 4.420504e-04 1.892097e-02 2.172523e-02 2.265263e-02 -1.509093e-02 -3.468496e-02 -4.680577e-02 -8.316971e-02 -8.349876e-02 -6.295429e-02 -5.079128e-02 -1.501980e-02 5.288769e-02 2.010053e-02 -3.341738e-04 4.305842e-03 7.467445e-03 4.402446e-04
<VARIANCE> 39
 2.976572e+00 3.578604e+00 5.143061e+00 7.590113e+00 1.263715e+01 1.361155e+01 1.467134e+01 1.520967e+01 1.508740e+01 1.389968e+01 1.598109e+01 1.241883e+01 1.122502e+00 6.634328e-02 1.459614e-01 2.558850e-01 3.575861e-01 4.936245e-01 6.530429e-01 6.469327e-01 6.976337e-01 6.838573e-01 5.776487e-01 6.408502e-01 5.621879e-01 4.972899e-03 8.917063e-03 2.045305e-02 3.554480e-02 5.144960e-02 8.389844e-02 1.130047e-01 1.087657e-01 1.215758e-01 1.091287e-01 9.481116e-02 1.095954e-01 9.991015e-02 5.801289e-04
<GCONST> 4.236934e+01
<STATE> 3
~s "silst"
<STATE> 4
<MEAN> 39
 -7.674172e+00 -7.617831e+00 -6.942403e+00 -1.122976e+01 -1.641513e+00 -4.879491e+00 -5.368376e-01 -8.093223e+00 -2.364507e+00 -5.442054e+00 1.270962e+00 -3.964906e+00 1.446308e+01 3.586566e-02 3.451639e-02 -1.220297e-02 -6.722737e-02 -8.224540e-02 -5.578199e-02 -7.554631e-02 -3.996196e-02 -2.233439e-02 -6.877949e-03 -3.578454e-02 -4.243965e-02 9.930898e-03 5.059234e-02 8.229330e-02 1.262795e-01 1.231534e-01 8.369162e-02 6.894403e-02 1.982968e-02 -5.063149e-02 -1.855998e-02 -3.948176e-03 -2.901072e-02 -2.358098e-02 1.066320e-02
<VARIANCE> 39
 3.247942e+00 3.852605e+00 5.767882e+00 7.714530e+00 1.177195e+01 1.374629e+01 1.499617e+01 1.635878e+01 1.801305e+01 1.471584e+01 1.483563e+01 1.409001e+01 9.807568e-01 6.661650e-02 1.574586e-01 2.762162e-01 4.028585e-01 4.802937e-01 6.558843e-01 6.168597e-01 7.486146e-01 7.036591e-01 5.751411e-01 7.037956e-01 6.136881e-01 2.800055e-03 1.252676e-02 2.515999e-02 3.741835e-02 6.025354e-02 7.888103e-02 1.187736e-01 1.060815e-01 1.275901e-01 1.350305e-01 9.698809e-02 1.144464e-01 1.119706e-01 1.125513e-03
<GCONST> 4.457624e+01
<TRANSP> 5
 0.000000e+00 1.000000e+00 0.000000e+00 0.000000e+00 0.000000e+00
 0.000000e+00 7.838500e-01 4.883567e-02 1.673144e-01 0.000000e+00
 0.000000e+00 0.000000e+00 8.042912e-01 1.957087e-01 0.000000e+00
 0.000000e+00 2.017135e-01 0.000000e+00 7.155170e-01 8.276949e-02
 0.000000e+00 0.000000e+00 0.000000e+00 0.000000e+00 0.000000e+00
<ENDHMM>
~h "six"
<BEGINHMM>
<NUMSTATES> 5
<STATE> 2
<MEAN> 39
 -8.542421e+00 -4.009911e+00 -6.779913e+00 -8.875758e+00 -3.499622e+00 -4.435310e+00 -2.005353e+00 -8.198094e+00 -3.554701e+00 -3.724220e+00 -1.366666e-01 -3.113950e+00 1.506058e+01 6.856980e-01 6.656081e-01 1.272229e+00 -1.463370e+00 -1.219565e+00 -1.269939e+00 1.045077e-01 -1.108377e-01 4.479500e-01 4.142497e-01 -5.343471e-01 -5.284793e-01 6.558012e-01 4.399913e-02 1.000189e-01 2.143799e-01 -4.647785e-01 -2.615254e-01 -1.413456e-01 4.597997e-02 8.161001e-02 1.902297e-01 -4.830983e-03 -1.165338e-01 -2.364742e-01 1.378327e-01
<VARIANCE> 39
 7.727181e+00 7.728575e+00 1.280493e+01 1.146398e+01 1.947192e+01 2.161097e+01 1.499700e+01 1.770906e+01 2.059960e+01 3.171819e+01 1.869109e+01 1.684020e+01 2.044015e+00 3.479760e-01 4.914437e-01 8.647851e-01 1.171523e+00 1.158081e+00 1.329634e+00 1.015352e+00 8.006495e-01 1.466664e+00 2.318524e+00 1.148287e+00 1.365607e+00 7.895671e-02 6.417222e-02 5.518146e-02 1.230560e-01 9.564827e-02 1.930724e-01 2.099934e-01 1.446662e-01 1.806903e-01 1.845105e-01 2.473506e-01 1.704798e-01 1.675546e-01 9.524141e-03
<GCONST> 7.470374e+01
<STATE> 3
<MEAN> 39
 -6.453991e+00 -1.038090e+00 -9.666736e-01 -2.010040e+01 -7.786920e+00 -8.741418e+00 -2.296420e+00 -6.354467e+00 2.619266e-01 -3.783153e+00 -2.527241e+00 -7.314152e+00 1.832982e+01 1.517062e-02 -9.003963e-02 2.198108e-01 -2.845504e-01 3.823761e-01 2.168785e-01 -2.773325e-01 1.689652e-01 4.525690e-02 -1.970912e-01 1.769986e-01 1.284145e-02 -5.079091e-02 -5.446450e-02 -2.057084e-01 -2.619410e-01 4.884162e-01 2.895095e-01 2.208382e-01 6.189639e-02 -9.002602e-02 -1.481081e-01 -6.000369e-02 1.514426e-01 1.668196e-01 -1.671100e-01
<VARIANCE> 39
 7.790723e+00 9.876301e+00 1.736325e+01 2.320867e+01 5.867805e+01 3.077666e+01 3.795449e+01 2.454613e+01 3.454337e+01 5.785743e+01 3.531388e+01 3.730188e+01 1.423781e+00 3.492441e-01 6.438900e-01 1.055498e+00 3.170120e+00 2.316817e+00 1.731624e+00 1.732556e+00 1.342706e+00 1.885891e+00 1.991505e+00 1.858600e+00 1.872961e+00 2.862542e-01 6.760295e-02 6.631854e-02 1.623508e-01 2.256510e-01 3.047038e-01 3.188575e-01 3.809374e-01 2.253753e-01 2.863141e-01 3.379310e-01 2.632000e-01 2.537117e-01 1.164211e-02
<GCONST> 9.176484e+01
<STATE> 4
<MEAN> 39
 -6.554423e+00 -6.189644e+00 -4.565522e+00 -1.090323e+01 -1.034642e+00 -3.949897e+00 -1.471047e+00 -8.761289e+00 -2.103689e+00 -5.855344e+00 1.153675e+00 -4.250574e+00 1.478671e+01 -2.059650e-01 -9.393907e-01 -1.000692e+00 1.500964e+00 4.603553e-01 4.350842e-01 9.149960e-01 -4.647427e-01 -3.042523e-01 -7.010178e-02 2.038366e-01 3.053377e-01 -4.789701e-01 -1.035987e-01 1.598693e-01 1.900791e-01 -4.306645e-01 -3.727077e-01 -1.720414e-01 -6.751323e-02 1.780317e-01 1.144618e-01 1.075074e-01 -1.841220e-01 -1.424935e-01 1.469715e-01
<VARIANCE> 39
 3.402657e+00 5.477914e+00 1.005797e+01 1.170285e+01 1.542673e+01 1.645793e+01 2.085647e+01 1.879100e+01 1.718211e+01 1.726549e+01 1.869782e+01 1.501062e+01 1.508333e+00 2.535043e-01 4.847263e-01 9.013093e-01 1.275263e+00 2.136077e+00 1.710410e+00 1.603464e+00 1.261258e+00 1.211356e+00 1.226262e+00 1.197102e+00 1.027709e+00 7.551884e-02 3.949931e-02 6.361024e-02 1.425360e-01 1.513443e-01 2.335537e-01 1.878712e-01 2.735751e-01 1.908809e-01 1.884530e-01 1.751522e-01 2.010726e-01 1.832713e-01 5.920525e-03
<GCONST> 7.293898e+01
<TRANSP> 5
 0.000000e+00 1.000000e+00 0.000000e+00 0.000000e+00 0.000000e+00
 0.000000e+00 6.852118e-01 3.147883e-01 0.000000e+00 0.000000e+00
 0.000000e+00 0.000000e+00 8.891021e-01 1.108979e-01 0.000000e+00
 0.000000e+00 0.000000e+00 0.000000e+00 7.501814e-01 2.498186e-01
 0.000000e+00 0.000000e+00 0.000000e+00 0.000000e+00 0.000000e+00
<ENDHMM>
~h "two"
<BEGINHMM>
<NUMSTATES> 5
<STATE> 2
<MEAN> 39
 -1.120768e+01 -2.937802e+00 -6.874228e+00 -1.054164e+01 -1.146936e+00 -3.821885e+00 -2.155864e+00 -7.425155e+00 -2.268367e+00 -5.572905e+00 1.089796e+00 -3.354649e+00 1.513816e+01 4.749597e-01 6.132739e-01 9.921870e-01 -5.815101e-01 -2.682018e-01 -3.434056e-01 -4.706422e-01 -1.774993e-01 2.868605e-02 -4.524191e-02 -2.347164e-01 -3.525845e-01 3.146974e-01 3.052307e-01 3.202309e-02 2.940187e-01 -1.243520e-01 -1.719333e-01 -2.265926e-01 -9.990519e-02 -1.328274e-01 -3.653958e-02 -1.463126e-03 -5.945728e-02 -1.574476e-01 8.499033e-02
<VARIANCE> 39
 9.025553e+00 7.567655e+00 1.336263e+01 1.275935e+01 1.900236e+01 2.329353e+01 1.958023e+01 2.190107e+01 2.104039e+01 2.419609e+01 2.479177e+01 1.958334e+01 9.314818e-01 1.387356e+00 5.779520e-01 1.314674e+00 8.217709e-01 1.375032e+00 1.307067e+00 9.672368e-01 1.189629e+00 1.162765e+00 1.284478e+00 1.891927e+00 1.096728e+00 7.535579e-02 1.287926e-01 1.142254e-01 1.374109e-01 1.215116e-01 2.404720e-01 1.985239e-01 1.808578e-01 2.278218e-01 2.240672e-01 1.983116e-01 3.605644e-01 1.576496e-01 8.006896e-03
<GCONST> 7.931755e+01
<STATE> 3
<MEAN> 39
 -4.644367e+00 1.327151e+00 1.919747e+00 -1.557851e+01 -7.019742e+00 -9.973620e+00 -6.818646e+00 -1.050145e+01 -2.491153e+00 -5.218931e+00 -1.148206e+00 -7.351130e+00 1.842067e+01 6.648223e-01 5.432180e-01 7.478631e-01 -5.419866e-01 -1.163345e+00 -1.105845e+00 -5.714495e-01 -2.921502e-01 -7.597210e-02 1.185255e-01 -2.215604e-01 -6.458355e-01 4.505895e-01 -2.480715e-01 -2.375847e-01 -4.293207e-01 3.053425e-01 2.741351e-01 2.350724e-01 2.438120e-01 1.482717e-01 -1.700457e-02 -5.359760e-03 1.549722e-01 1.888727e-01 -1.457696e-01
<VARIANCE> 39
 7.481567e+00 8.001675e+00 1.363368e+01 2.218947e+01 3.999423e+01 2.536653e+01 2.824774e+01 2.446578e+01 3.150113e+01 5.462330e+01 4.391595e+01 4.852913e+01 1.045698e+00 5.672783e-01 6.150476e-01 9.740388e-01 1.426887e+00 1.265248e+00 1.176214e+00 1.678272e+00 1.505417e+00 1.858120e+00 1.986903e+00 2.382521e+00 1.839351e+00 8.926935e-02 6.264337e-02 5.246770e-02 8.015405e-02 1.233135e-01 2.041850e-01 1.768257e-01 2.018500e-01 1.898246e-01 2.107431e-01 2.715539e-01 2.896013e-01 2.198818e-01 6.354053e-03
<GCONST> 8.347861e+01
<STATE> 4
<MEAN> 39
 -3.111190e+00 -3.919960e-01 -3.003638e-01 -1.264799e+01 -6.489347e+00 -1.124481e+01 -5.589154e+00 -9.909143e+00 -3.025409e+00 -5.454691e+00 -2.129991e-02 -7.276418e+00 1.798202e+01 2.657045e-03 -3.260925e-01 -3.256244e-01 4.850769e-01 4.455846e-01 3.216264e-01 3.008930e-01 6.911035e-02 -6.883010e-02 -1.397360e-02 1.241332e-01 2.462060e-01 -1.925942e-01 -7.752377e-02 -6.097940e-02 -4.040002e-02 -1.092835e-02 7.510745e-02 1.247384e-01 7.591064e-02 3.214476e-02 3.158484e-02 2.906188e-03 -1.712511e-02 3.901723e-02 -3.810130e-02
<VARIANCE> 39
 6.016834e+00 8.122024e+00 1.216252e+01 2.987662e+01 3.226557e+01 2.327744e+01 3.177939e+01 3.282573e+01 3.919655e+01 4.168597e+01 5.040379e+01 3.991343e+01 1.629214e+00 2.944355e-01 2.429714e-01 4.493922e-01 6.559385e-01 9.483079e-01 1.160094e+00 1.130633e+00 1.183307e+00 1.075075e+00 1.131603e+00 1.172603e+00 1.086438e+00 3.994245e-02 3.019129e-02 3.215562e-02 5.496425e-02 9.334879e-02 1.117131e-01 1.429536e-01 1.410050e-01 1.730493e-01 1.670343e-01 1.680912e-01 1.721065e-01 1.569970e-01 3.040039e-03
<GCONST> 7.123231e+01
<TRANSP> 5
 0.000000e+00 1.000000e+00 0.000000e+00 0.000000e+00 0.000000e+00
 0.000000e+00 8.112524e-01 1.887476e-01 0.000000e+00 0.000000e+00
 0.000000e+00 0.000000e+00 7.647635e-01 2.352365e-01 0.000000e+00
 0.000000e+00 0.000000e+00 0.000000e+00 9.217026e-01 7.829737e-02
 0.000000e+00 0.000000e+00 0.000000e+00 0.000000e+00 0.000000e+00
<ENDHMM>
~h "nine"
<BEGINHMM>
<NUMSTATES> 5
<STATE> 2
<MEAN> 39
 -4.241599e+00 -3.842888e+00 -1.894368e+00 -9.143646e+00 -2.934585e+00 -6.367914e+00 -1.697244e+00 -1.111748e+01 -5.077335e+00 -8.247622e+00 -3.101978e+00 -7.988023e+00 1.753601e+01 -1.447621e-01 -6.320028e-01 -2.239880e-01 4.410902e-01 -5.108936e-01 2.087370e-01 3.932444e-01 -2.262435e-01 -3.845504e-02 -1.574267e-01 -1.968525e-01 -1.530238e-01 2.471213e-01 -5.279504e-02 -1.603547e-01 -8.408256e-02 1.292548e-01 6.143173e-03 8.137043e-03 5.530269e-02 2.457664e-02 1.723495e-02 7.324019e-03 8.223012e-02 4.605510e-02 -9.013209e-03
<VARIANCE> 39
 8.760106e+00 1.821257e+01 1.439290e+01 1.591290e+01 2.870596e+01 2.883964e+01 3.129877e+01 2.721522e+01 4.576582e+01 3.510183e+01 3.060904e+01 3.269809e+01 2.244620e+00 5.400043e-01 1.611583e+00 1.140076e+00 1.045840e+00 1.118204e+00 1.433845e+00 1.651459e+00 1.286240e+00 1.549627e+00 1.147597e+00 1.222855e+00 1.015044e+00 3.884526e-02 6.397976e-02 1.718253e-01 1.338291e-01 1.372879e-01 2.170439e-01 2.220767e-01 2.458100e-01 1.866226e-01 2.029356e-01 1.639257e-01 1.744306e-01 1.453634e-01 4.997320e-03
<GCONST> 8.255620e+01
<STATE> 3
<MEAN> 39
 -6.356195e+00 -1.157352e+01 -4.822003e+00 -2.874550e+00 -5.729588e+00 -5.249368e+00 1.764319e+00 -1.145386e+01 -5.512090e+00 -8.949080e+00 -1.755254e+00 -7.620321e+00 1.861893e+01 -1.130922e-01 7.057457e-02 2.126155e-01 -2.093198e-01 -1.030096e-02 2.051540e-01 -1.059694e-01 -7.793628e-02 1.922053e-01 4.760332e-02 -4.637180e-02 5.212789e-02 -1.901377e-02 8.003172e-03 2.017468e-01 7.065802e-02 -2.341593e-01 5.069197e-02 4.867925e-02 -1.142918e-01 1.977402e-02 6.967144e-02 -1.269376e-02 -5.911463e-02 2.258634e-02 -1.569232e-02
<VARIANCE> 39
 7.347302e+00 8.384910e+00 2.429062e+01 3.228123e+01 1.894763e+01 3.032107e+01 3.087043e+01 3.346309e+01 4.483504e+01 4.164680e+01 2.890845e+01 3.079686e+01 9.901175e-01 8.726932e-02 4.529100e-01 4.382882e-01 1.235854e+00 5.272884e-01 6.383334e-01 5.875490e-01 5.337657e-01 6.758678e-01 6.931033e-01 6.952795e-01 5.576615e-01 5.372820e-03 1.239067e-02 3.145290e-02 4.263497e-02 5.722535e-02 7.520224e-02 7.887051e-02 7.796765e-02 8.518434e-02 8.672456e-02 8.958469e-02 8.182698e-02 7.937840e-02 4.494874e-04
<GCONST> 5.543606e+01
<STATE> 4
<MEAN> 39
 -5.315337e+00 -2.367249e+00 -1.338288e+00 -1.126890e+01 -1.203885e+00 -5.323639e+00 -3.614050e+00 -1.028210e+01 -3.418627e+00 -8.036186e+00 -2.746522e+00 -6.476655e+00 1.765094e+01 2.297647e-01 4.733144e-01 -1.438398e-02 -5.637686e-02 4.393375e-01 -2.495122e-01 -1.948256e-01 2.658472e-01 -1.459733e-01 7.180599e-02 2.249803e-01 1.055425e-01 -1.761939e-01 -2.911807e-02 -1.616151e-01 -8.488069e-02 1.402219e-01 -4.147311e-02 1.065733e-03 1.237821e-01 8.733992e-03 -5.154854e-02 4.286370e-02 6.889912e-02 -7.107832e-03 -1.933409e-02
<VARIANCE> 39
 1.177610e+01 1.537019e+01 1.125823e+01 2.329078e+01 3.099556e+01 3.292699e+01 2.980530e+01 3.001612e+01 4.654361e+01 3.805635e+01 3.672760e+01 4.034585e+01 1.202088e+00 5.066666e-01 1.184003e+00 6.326017e-01 1.597448e+00 1.282208e+00 1.532889e+00 1.509118e+00 1.273331e+00 1.641698e+00 1.189265e+00 1.128151e+00 1.082931e+00 2.619089e-02 6.998991e-02 8.441536e-02 9.025916e-02 1.777296e-01 1.763043e-01 2.411701e-01 1.799902e-01 2.003048e-01 2.415997e-01 1.942186e-01 1.782110e-01 1.494594e-01 2.348982e-03
<GCONST> 8.070625e+01
<TRANSP> 5
 0.000000e+00 1.000000e+00 0.000000e+00 0.000000e+00 0.000000e+00
 0.000000e+00 8.926486e-01 1.073514e-01 0.000000e+00 0.000000e+00
 0.000000e+00 0.000000e+00 9.188908e-01 8.110923e-02 0.000000e+00
 0.000000e+00 0.000000e+00 0.000000e+00 9.189239e-01 8.107609e-02
 0.000000e+00 0.000000e+00 0.000000e+00 0.000000e+00 0.000000e+00
<ENDHMM>
~h "five"
<BEGINHMM>
<NUMSTATES> 5
<STATE> 2
<MEAN> 39
 -3.917860e+00 -1.168028e+01 -1.042607e+01 -8.147779e+00 6.237129e-01 -8.390919e+00 3.568700e-01 -4.357240e+00 -5.488720e+00 -8.106064e+00 -2.048022e+00 -4.937543e+00 1.814945e+01 3.057552e-01 -1.186409e+00 -6.837312e-01 8.228871e-01 5.435941e-01 -6.088619e-01 3.564133e-01 3.360459e-01 -7.719292e-01 -1.779918e-01 -2.544056e-01 2.402974e-02 5.461438e-01 -2.082643e-01 5.210983e-02 2.107385e-01 8.261201e-02 -2.350615e-02 1.231609e-01 2.815927e-02 -2.308992e-01 5.390337e-02 1.573887e-01 1.801016e-01 5.360118e-02 -8.898164e-02
<VARIANCE> 39
 1.046766e+01 1.884695e+01 2.347705e+01 1.689267e+01 1.922024e+01 2.023933e+01 2.585350e+01 5.303125e+01 3.285360e+01 2.855989e+01 2.483915e+01 2.040072e+01 4.131998e+00 7.521074e-01 5.677495e-01 1.170734e+00 8.955995e-01 7.865217e-01 9.742711e-01 9.509069e-01 2.072016e+00 1.718081e+00 1.707977e+00 1.350121e+00 1.018637e+00 1.217823e-01 9.511454e-02 1.286459e-01 1.682678e-01 1.217253e-01 1.367666e-01 1.415867e-01 1.528196e-01 3.022383e-01 2.709480e-01 1.879997e-01 1.741017e-01 1.410309e-01 2.685467e-02
<GCONST> 8.390827e+01
<STATE> 3
<MEAN> 39
 -5.810114e+00 -1.545677e+01 -8.594050e+00 -3.637465e+00 1.428373e+00 -9.196478e+00 2.556167e+00 -7.463875e+00 -7.251473e+00 -5.469936e+00 -4.503120e-01 -4.510042e+00 1.905076e+01 -1.661499e-01 7.710853e-02 4.922204e-01 -2.411335e-01 -2.738021e-01 4.225352e-01 7.512742e-02 -3.948842e-01 2.619727e-02 3.065484e-01 6.255571e-02 -8.851139e-02 -4.803874e-02 4.007697e-02 1.141835e-01 1.300854e-02 -1.954463e-01 -5.650745e-02 9.336092e-02 -3.022093e-02 2.308290e-02 5.680176e-02 -4.671963e-02 -7.830775e-02 -1.928113e-02 -1.544822e-02
<VARIANCE> 39
 9.159226e+00 9.358747e+00 2.460527e+01 2.085353e+01 1.881271e+01 2.313058e+01 1.752034e+01 3.893126e+01 4.672354e+01 4.445060e+01 2.679682e+01 2.559346e+01 1.351723e+00 8.880385e-02 1.490430e-01 2.681662e-01 6.178364e-01 4.877798e-01 5.431153e-01 4.887021e-01 4.963447e-01 6.153008e-01 5.693083e-01 5.651393e-01 4.685043e-01 5.860379e-03 1.172275e-02 2.429480e-02 2.995402e-02 4.750445e-02 5.119513e-02 5.186331e-02 5.732962e-02 6.364463e-02 8.417207e-02 8.338538e-02 6.545166e-02 7.071802e-02 9.631158e-04
<GCONST> 4.951210e+01
<STATE> 4
<MEAN> 39
 -5.455446e+00 -8.543452e+00 -3.601000e+00 -1.335439e+01 -3.396472e+00 -3.603074e+00 1.389816e+00 -8.350931e+00 -4.088328e+00 -5.288265e+00 -2.006658e+00 -5.700651e+00 1.803780e+01 1.078410e-01 1.071990e+00 3.114981e-01 -3.496173e-01 -1.836260e-01 -4.623603e-02 -3.344243e-01 1.161932e-01 4.885513e-01 -1.563191e-01 2.414830e-02 5.416283e-03 -2.914287e-01 -5.634084e-02 -6.873110e-02 -9.692990e-02 2.693729e-01 1.536789e-01 -9.224919e-02 -2.020322e-02 -4.142620e-03 -4.614376e-02 -4.323781e-04 9.548422e-02 5.176539e-02 -4.110209e-02
<VARIANCE> 39
 7.927076e+00 2.576120e+01 1.223604e+01 3.099713e+01 3.893142e+01 2.261412e+01 2.510618e+01 3.439523e+01 4.820457e+01 2.767733e+01 2.722027e+01 2.955311e+01 2.090072e+00 2.888183e-01 6.171428e-01 6.003677e-01 2.940052e+00 1.746726e+00 1.576568e+00 9.763886e-01 1.452476e+00 1.621385e+00 1.321983e+00 1.335622e+00 1.023519e+00 5.525926e-02 5.037432e-02 1.050538e-01 8.675914e-02 2.534160e-01 2.217751e-01 2.596411e-01 1.677094e-01 2.176757e-01 2.125055e-01 1.759347e-01 2.089942e-01 1.659574e-01 5.019335e-03
<GCONST> 8.231871e+01
<TRANSP> 5
 0.000000e+00 1.000000e+00 0.000000e+00 0.000000e+00 0.000000e+00
 0.000000e+00 8.355620e-01 1.644381e-01 0.000000e+00 0.000000e+00
 0.000000e+00 0.000000e+00 9.121060e-01 8.789397e-02 0.000000e+00
 0.000000e+00 0.000000e+00 0.000000e+00 8.867368e-01 1.132632e-01
 0.000000e+00 0.000000e+00 0.000000e+00 0.000000e+00 0.000000e+00
<ENDHMM>
~h "four"
<BEGINHMM>
<NUMSTATES> 5
<STATE> 2
<MEAN> 39
 -8.078514e-01 -4.679671e+00 -1.011308e+01 -1.385116e+01 -2.720640e+00 -7.213191e+00 -3.717350e+00 -8.861198e+00 -1.353694e+00 -4.622555e+00 -7.565299e-01 -6.957992e+00 1.776570e+01 1.393637e+00 4.959127e-01 -1.132338e+00 -1.108131e+00 -3.210717e-01 -1.489206e-01 -3.616185e-01 -8.441792e-02 9.538512e-02 2.955386e-01 -1.934924e-01 -4.876223e-01 6.091494e-01 -2.048591e-01 -6.747772e-02 1.005631e-01 6.313182e-02 2.299204e-02 1.401933e-01 1.525255e-01 4.519219e-02 -5.332715e-02 -3.289570e-02 9.718002e-02 1.214185e-01 -7.762609e-02
<VARIANCE> 39
 1.865394e+01 1.064335e+01 1.875217e+01 1.918134e+01 1.797424e+01 1.678917e+01 1.701441e+01 1.663522e+01 2.135416e+01 2.374225e+01 3.737967e+01 3.410616e+01 3.085238e+00 5.436449e-01 4.512742e-01 5.705565e-01 7.470828e-01 9.047755e-01 9.574842e-01 8.894452e-01 9.308954e-01 1.047627e+00 1.302806e+00 1.725332e+00 1.629211e+00 6.911247e-02 1.666967e-01 7.632128e-02 1.674611e-01 1.567377e-01 1.207851e-01 1.565328e-01 1.586287e-01 1.457485e-01 1.796185e-01 1.949175e-01 2.308886e-01 2.380135e-01 2.408789e-02
<GCONST> 7.907761e+01
<STATE> 3
<MEAN> 39
 1.602876e+00 -3.412834e+00 -1.221395e+01 -1.737598e+01 -4.228082e+00 -5.667454e+00 -2.704788e+00 -8.834534e+00 -1.355492e+00 -3.810104e+00 8.340561e-01 -6.450266e+00 1.900263e+01 -4.655750e-02 -4.433348e-01 -1.078232e-02 3.902157e-01 2.237006e-01 -2.665315e-02 -2.272693e-01 2.939157e-01 4.587029e-01 -2.776839e-02 -2.762434e-01 -1.052180e-01 -8.468493e-03 -8.110802e-02 -1.568356e-01 1.075110e-01 2.332006e-01 2.326134e-02 -1.130979e-01 -2.832890e-02 1.222115e-01 7.572574e-02 -9.302309e-02 -1.262317e-01 3.468128e-03 -3.145900e-02
<VARIANCE> 39
 3.896686e+00 1.045079e+01 8.774164e+00 1.365658e+01 2.561508e+01 1.601559e+01 1.874469e+01 1.735870e+01 2.411459e+01 2.504740e+01 3.616512e+01 3.632732e+01 1.085504e+00 6.729471e-02 6.136130e-01 3.954671e-01 7.709062e-01 8.620651e-01 7.460217e-01 9.245779e-01 9.735801e-01 1.348894e+00 1.122393e+00 1.251381e+00 1.042108e+00 1.210641e-02 2.074006e-02 3.628159e-02 8.666774e-02 7.294908e-02 1.444199e-01 1.184953e-01 1.432546e-01 1.344260e-01 1.789957e-01 1.884193e-01 1.735357e-01 1.648684e-01 3.160914e-03
<GCONST> 6.400883e+01
<STATE> 4
<MEAN> 39
 -8.351557e-01 -1.047882e+01 -6.823960e+00 -8.675595e+00 -5.478029e+00 -8.418736e+00 -2.121884e+00 -5.247379e+00 -1.936450e-01 -7.571371e+00 -3.594977e+00 -7.243929e+00 1.826085e+01 -6.317832e-01 1.550134e-01 1.009332e+00 4.337336e-01 -2.830582e-01 1.235990e-01 5.654292e-01 -2.552428e-01 -6.099495e-01 -2.867612e-01 1.914116e-01 2.949882e-01 -2.593843e-01 -7.723939e-02 2.201274e-01 -6.648836e-02 -1.850346e-01 1.314031e-01 1.720152e-01 1.829249e-02 -1.642041e-01 -1.014442e-01 1.048423e-01 1.601581e-01 3.630075e-02 -4.519602e-02
<VARIANCE> 39
 8.321774e+00 1.876498e+01 3.065154e+01 1.997352e+01 4.365952e+01 3.916391e+01 3.456069e+01 4.380055e+01 4.731627e+01 3.462347e+01 3.374285e+01 3.015181e+01 1.917181e+00 2.733453e-01 1.521847e+00 9.705534e-01 1.621563e+00 2.605773e+00 2.207679e+00 1.736962e+00 2.404244e+00 1.823680e+00 1.657044e+00 1.745344e+00 1.147238e+00 5.460334e-02 3.146874e-02 1.401115e-01 1.957583e-01 1.769049e-01 4.060098e-01 3.043079e-01 3.379267e-01 3.622755e-01 3.750224e-01 2.747584e-01 3.003313e-01 2.074264e-01 3.752405e-03
<GCONST> 9.092467e+01
<TRANSP> 5
 0.000000e+00 1.000000e+00 0.000000e+00 0.000000e+00 0.000000e+00
 0.000000e+00 7.867147e-01 2.132853e-01 0.000000e+00 0.000000e+00
 0.000000e+00 0.000000e+00 8.923727e-01 1.076273e-01 0.000000e+00
 0.000000e+00 0.000000e+00 0.000000e+00 8.883187e-01 1.116814e-01
 0.000000e+00 0.000000e+00 0.000000e+00 0.000000e+00 0.000000e+00
<ENDHMM>
~h "zero"
<BEGINHMM>
<NUMSTATES> 5
<STATE> 2
<MEAN> 39
 -6.137601e+00 1.302595e+00 -7.253273e-01 -1.525799e+01 -4.939014e+00 -9.616716e+00 -4.434506e+00 -8.394864e+00 -1.011806e+00 -3.782919e+00 6.279876e-02 -6.209577e+00 1.776404e+01 1.824461e-01 -7.729439e-02 7.240372e-01 -8.388727e-01 -8.510156e-01 -7.818145e-02 -2.561050e-01 1.135367e-01 3.616863e-01 2.424867e-02 4.167287e-03 -1.990500e-01 2.742817e-01 6.019065e-02 -3.030799e-01 -5.421267e-02 2.418595e-01 -1.104041e-01 2.418257e-01 1.490465e-01 1.570239e-02 7.663143e-03 -6.705523e-02 1.883068e-02 1.224002e-02 -4.947534e-02
<VARIANCE> 39
 7.436175e+00 1.328482e+01 1.823936e+01 3.586129e+01 3.970687e+01 3.362043e+01 3.161080e+01 3.781079e+01 3.511454e+01 3.200257e+01 3.319467e+01 4.909083e+01 2.329054e+00 3.979908e-01 1.711196e+00 8.455813e-01 1.533741e+00 1.575310e+00 2.751472e+00 1.323615e+00 1.498183e+00 1.417080e+00 1.265198e+00 1.175054e+00 1.443400e+00 8.160376e-02 5.928360e-02 1.140223e-01 1.359299e-01 2.534403e-01 1.869676e-01 3.113626e-01 2.374986e-01 2.414029e-01 2.331181e-01 1.865308e-01 1.772724e-01 2.341317e-01 9.030134e-03
<GCONST> 8.784342e+01
<STATE> 3
<MEAN> 39
 -2.466231e+00 -8.625451e+00 1.265155e+00 -1.192825e+01 -1.482564e+01 -5.953292e+00 -8.886757e-02 -7.688369e+00 3.677821e-01 -4.560678e+00 2.373338e-01 -6.030923e+00 1.858466e+01 4.408744e-01 -1.158295e+00 -6.073747e-01 1.021804e+00 -2.509962e-01 -2.502300e-01 9.807543e-01 4.424450e-01 -1.701710e-01 -2.502194e-01 -9.681459e-02 1.343791e-01 1.465698e-02 -8.541621e-02 1.821288e-01 -1.715152e-01 -9.678622e-02 3.695497e-01 -1.569907e-01 -9.586084e-02 1.399242e-01 -7.715150e-02 -2.228683e-02 -5.077102e-02 2.136740e-02 -4.098136e-03
<VARIANCE> 39
 6.562997e+00 2.074859e+01 1.279445e+01 4.052156e+01 5.336779e+01 6.189862e+01 3.001871e+01 3.281368e+01 2.301648e+01 1.937554e+01 2.466896e+01 3.709227e+01 1.360837e+00 3.259204e-01 4.731921e-01 5.209528e-01 1.377849e+00 2.109844e+00 2.070683e+00 1.056690e+00 1.684325e+00 1.199966e+00 7.813153e-01 7.997126e-01 7.928793e-01 1.036063e-02 2.642812e-02 3.458431e-02 8.260787e-02 2.023981e-01 1.935841e-01 3.116086e-01 2.063949e-01 1.625539e-01 1.619310e-01 1.118471e-01 1.175539e-01 1.208465e-01 1.547004e-03
<GCONST> 7.379655e+01
<STATE> 4
<MEAN> 39
 -1.529875e+00 -9.409249e+00 -6.618790e+00 -9.705697e+00 -6.164435e+00 -8.837898e+00 -7.063082e-01 -3.549372e+00 -3.876354e-01 -7.433419e+00 -1.430582e+00 -5.978360e+00 1.828638e+01 -1.520702e-01 4.749665e-01 -1.950295e-01 -2.673118e-02 7.819958e-01 1.520049e-01 -3.016601e-01 -2.136276e-01 -8.122452e-02 -1.172565e-02 1.922233e-02 3.299671e-03 -1.616431e-01 -6.607192e-02 3.463601e-02 9.713052e-02 3.554739e-03 -4.122800e-02 9.534977e-02 2.765848e-02 -1.198455e-01 -2.366566e-02 4.761901e-02 4.261905e-02 1.770592e-02 -3.144244e-02
<VARIANCE> 39
 6.410016e+00 2.291699e+01 1.783620e+01 2.180752e+01 4.387787e+01 4.110461e+01 4.199389e+01 3.786480e+01 5.151856e+01 3.943106e+01 2.595190e+01 3.088496e+01 1.712730e+00 2.557671e-01 4.599300e-01 8.683615e-01 7.201771e-01 1.162638e+00 1.662474e+00 1.413576e+00 1.760452e+00 1.782039e+00 1.681122e+00 1.172285e+00 1.064552e+00 4.246827e-02 2.880843e-02 5.712294e-02 8.415545e-02 8.536662e-02 1.346796e-01 2.070497e-01 1.988652e-01 2.110840e-01 2.468567e-01 2.238919e-01 1.716552e-01 1.520590e-01 2.578215e-03
<GCONST> 7.886371e+01
<TRANSP> 5
 0.000000e+00 1.000000e+00 0.000000e+00 0.000000e+00 0.000000e+00
 0.000000e+00 8.885881e-01 1.114119e-01 0.000000e+00 0.000000e+00
 0.000000e+00 0.000000e+00 8.744336e-01 1.255664e-01 0.000000e+00
 0.000000e+00 0.000000e+00 0.000000e+00 9.277766e-01 7.222344e-02
 0.000000e+00 0.000000e+00 0.000000e+00 0.000000e+00 0.000000e+00
<ENDHMM>
