~o
<STREAMINFO> 1 39
<VECSIZE> 39<NULLD><MFCC_E_D_A><DIAGC>
~h "eight"
<BEGINHMM>
<NUMSTATES> 5
<STATE> 2
<MEAN> 39
 -7.524685e+00 -3.423628e+00 -5.693520e+00 -1.668281e+01 -6.474800e-01 -5.183447e+00 5.465795e-01 -6.745646e+00 -1.554108e+00 -6.763400e+00 -1.027724e+00 -5.331764e+00 1.714944e+01 -1.899504e-01 7.575952e-01 -8.183976e-02 -7.812834e-01 3.918530e-02 -4.147907e-01 5.488646e-02 2.967196e-01 3.011844e-01 4.572544e-02 -9.440595e-02 -9.566261e-02 2.139830e-01 3.510209e-02 8.249720e-02 1.094650e-02 8.971365e-02 -4.102743e-02 -1.680565e-01 -8.083051e-02 -2.291172e-02 2.701605e-02 6.061116e-02 5.860889e-02 -4.550933e-03 3.446287e-03
<VARIANCE> 39
 1.075543e+01 2.306389e+01 1.836245e+01 3.944768e+01 4.045704e+01 2.354110e+01 2.442152e+01 2.433648e+01 3.137254e+01 2.546819e+01 2.575827e+01 2.447168e+01 3.380826e+00 3.360933e-01 9.650323e-01 6.846741e-01 1.411234e+00 1.253996e+00 1.634387e+00 1.348091e+00 1.128091e+00 1.374290e+00 1.216775e+00 1.140222e+00 1.007710e+00 1.229583e-01 4.082606e-02 8.492452e-02 8.461794e-02 2.011146e-01 1.478519e-01 1.778197e-01 1.529546e-01 1.814204e-01 2.320908e-01 1.694921e-01 1.833415e-01 1.573055e-01 1.323916e-02
<GCONST> 8.183688e+01
<STATE> 3
<MEAN> 39
 -7.935082e+00 5.476387e+00 -4.908224e+00 -1.664604e+01 -2.357346e+00 -1.442032e+01 -3.036134e+00 -8.592022e+00 -1.333899e+00 -4.426608e+00 9.902212e-01 -5.286825e+00 1.807275e+01 2.038719e-01 -4.293626e-01 1.808270e-01 9.722252e-01 1.362114e-01 6.966148e-02 -3.419256e-01 -6.695453e-01 -5.150040e-01 -4.133062e-02 2.099504e-01 1.946515e-01 -2.364048e-01 1.019942e-02 -3.329288e-01 -3.046104e-02 6.388576e-02 4.254445e-02 3.533354e-01 1.234644e-01 5.593290e-02 -2.344094e-02 -9.196303e-02 -6.262470e-02 3.883872e-03 -6.257426e-02
<VARIANCE> 39
 9.284770e+00 1.350855e+01 2.250467e+01 3.248296e+01 1.967514e+01 2.420304e+01 5.254003e+01 3.437881e+01 4.416045e+01 2.637607e+01 3.191360e+01 2.703418e+01 1.960010e+00 2.642276e-01 1.895651e+00 4.088552e-01 7.646781e-01 7.867751e-01 2.502088e+00 1.307446e+00 1.116884e+00 1.804319e+00 1.195006e+00 1.398698e+00 1.008752e+00 6.758032e-02 3.641698e-02 9.030506e-02 5.904733e-02 1.265642e-01 9.250493e-02 1.744865e-01 1.630123e-01 2.078760e-01 2.768165e-01 1.690599e-01 1.958996e-01 1.643155e-01 4.024145e-03
<GCONST> 7.874325e+01
<STATE> 4
<MEAN> 39
 -7.116780e+00 -6.541108e+00 -5.514904e+00 -1.004293e+01 -1.215379e+00 -4.682425e+00 -8.409112e-01 -8.921469e+00 -3.019649e+00 -5.935835e+00 9.428595e-01 -4.004987e+00 1.468661e+01 -7.180157e-02 -3.660245e-01 -1.176289e-01 1.204162e-01 -4.112385e-02 3.695952e-01 1.855336e-01 1.810004e-01 1.167366e-01 8.802922e-03 1.649304e-02 9.387074e-03 -9.300064e-02 -5.683135e-03 1.757351e-01 1.040101e-02 -6.683907e-02 -1.211783e-02 -1.464318e-01 -4.599183e-02 -1.504233e-02 -6.334238e-03 2.179179e-02 -5.187751e-03 -1.391426e-02 4.871794e-02
<VARIANCE> 39
 4.560879e+00 6.158909e+00 8.314713e+00 9.574146e+00 1.262564e+01 1.589395e+01 1.697632e+01 1.696681e+01 1.732053e+01 1.627315e+01 1.523355e+01 1.399441e+01 1.034495e+00 2.099273e-01 8.404924e-01 4.288109e-01 5.955111e-01 4.862438e-01 1.170422e+00 9.931077e-01 8.546637e-01 9.812832e-01 7.909684e-01 7.432428e-01 7.056972e-01 4.874001e-02 3.459953e-02 9.647759e-02 7.128603e-02 1.091527e-01 9.177101e-02 1.887655e-01 1.756941e-01 1.504275e-01 1.623764e-01 1.354736e-01 1.324258e-01 1.272725e-01 4.818459e-03
<GCONST> 6.216182e+01
<TRANSP> 5
 0.000000e+00 1.000000e+00 0.000000e+00 0.000000e+00 0.000000e+00
 0.000000e+00 9.122027e-01 8.779731e-02 0.000000e+00 0.000000e+00
 0.000000e+00 0.000000e+00 8.976041e-01 1.023959e-01 0.000000e+00
 0.000000e+00 0.000000e+00 0.000000e+00 9.213888e-01 7.861117e-02
 0.000000e+00 0.000000e+00 0.000000e+00 0.000000e+00 0.000000e+00
<ENDHMM>
~h "oh"
<BEGINHMM>
<NUMSTATES> 5
<STATE> 2
<MEAN> 39
 -5.072895e+00 -9.817561e+00 -7.833403e+00 -8.759845e+00 -2.347720e+00 -7.078453e+00 2.847773e+00 -7.616859e+00 -4.773029e+00 -6.878165e+00 -1.687999e+00 -4.955324e+00 1.721409e+01 4.015658e-01 -2.821446e-01 -5.485514e-01 2.171526e-01 1.401613e-01 -4.945804e-01 2.322817e-01 5.781088e-01 -1.037447e-01 -3.932646e-01 -3.404480e-01 -6.350145e-02 2.903851e-01 6.013370e-02 8.892453e-02 -1.210167e-02 -5.544944e-02 1.547184e-02 -6.012293e-02 -1.276608e-01 1.861724e-02 1.092571e-01 1.495950e-03 -5.272172e-02 -5.050199e-02 1.424291e-02
<VARIANCE> 39
 8.382350e+00 1.228212e+01 1.538580e+01 1.591973e+01 2.185695e+01 2.340170e+01 2.846186e+01 5.757690e+01 3.748621e+01 3.054225e+01 2.663998e+01 2.711330e+01 3.812012e+00 4.044976e-01 5.595015e-01 6.603129e-01 6.405964e-01 7.460956e-01 1.180158e+00 1.235326e+00 1.815305e+00 1.533160e+00 1.309642e+00 1.311767e+00 1.081998e+00 1.254141e-01 4.813052e-02 7.023233e-02 8.521699e-02 8.555418e-02 1.118067e-01 1.482320e-01 1.609967e-01 2.226752e-01 2.095429e-01 1.953582e-01 2.000358e-01 1.548814e-01 1.713551e-02
<GCONST> 7.894441e+01
<STATE> 3
<MEAN> 39
 -4.965827e-01 -8.085527e+00 -1.303812e+01 -1.018382e+01 -8.909577e-01 -1.201037e+01 -8.892933e-01 -1.284829e+00 1.939676e-01 -7.884206e+00 -5.009687e+00 -6.855116e+00 1.903839e+01 2.239047e-01 4.083368e-01 -6.294346e-03 -3.375486e-01 -6.151287e-02 -1.964015e-02 -6.569690e-01 -2.515129e-01 6.164172e-01 5.838760e-01 3.179568e-02 -3.234827e-01 -1.058276e-02 -4.688056e-02 2.213193e-02 1.000650e-01 -1.013930e-02 -5.009503e-02 8.897643e-02 1.630512e-02 -1.447860e-01 -8.520578e-02 7.581621e-02 1.148444e-01 2.392087e-02 -2.662399e-02
<VARIANCE> 39
 6.028926e+00 9.347449e+00 1.555828e+01 1.589693e+01 1.975408e+01 2.333691e+01 4.428246e+01 3.314372e+01 4.055769e+01 3.755738e+01 3.123157e+01 3.914725e+01 1.183738e+00 8.543293e-02 1.427008e-01 2.976743e-01 2.936642e-01 3.913108e-01 5.535877e-01 7.245902e-01 1.116328e+00 7.998105e-01 8.947278e-01 8.656602e-01 6.944244e-01 1.391786e-02 1.175629e-02 1.537122e-02 3.537060e-02 3.572033e-02 4.852984e-02 7.178194e-02 8.156205e-02 1.012438e-01 1.109304e-01 1.075006e-01 9.628422e-02 9.289293e-02 1.245793e-03
<GCONST> 5.396385e+01
<STATE> 4
<MEAN> 39
 -7.419322e-01 -3.730225e+00 -8.383207e+00 -1.248788e+01 -3.622026e+00 -9.300031e+00 -4.000036e+00 -8.066729e+00 -2.980345e-01 -3.366328e+00 3.570153e-01 -6.248594e+00 1.795411e+01 -5.069168e-01 1.202872e-01 7.349973e-01 2.727251e-01 1.215307e-02 5.559402e-01 3.365110e-01 -4.405150e-01 -5.363621e-01 -1.885826e-01 3.968793e-01 4.349182e-01 -2.802357e-01 -1.126476e-01 -1.140003e-01 -2.908554e-02 7.594819e-02 9.950740e-02 8.985392e-02 1.345823e-01 9.031350e-02 -3.952947e-02 -1.066655e-01 -6.855915e-02 5.314664e-02 -3.464058e-02
<VARIANCE> 39
 9.361781e+00 7.810351e+00 2.079548e+01 1.825488e+01 1.941325e+01 2.692005e+01 3.110330e+01 2.683570e+01 3.199002e+01 4.008399e+01 3.906082e+01 3.790195e+01 2.412562e+00 3.826967e-01 4.593691e-01 5.507411e-01 6.217656e-01 8.842448e-01 1.264748e+00 1.251881e+00 1.298667e+00 1.305797e+00 1.263456e+00 1.279157e+00 1.245756e+00 5.453489e-02 3.299677e-02 4.469903e-02 8.896763e-02 8.728266e-02 1.097002e-01 1.661356e-01 1.871857e-01 1.997295e-01 2.127151e-01 2.068774e-01 1.755919e-01 1.748506e-01 4.195119e-03
<GCONST> 7.532768e+01
<TRANSP> 5
 0.000000e+00 1.000000e+00 0.000000e+00 0.000000e+00 0.000000e+00
 0.000000e+00 9.027603e-01 9.723965e-02 0.000000e+00 0.000000e+00
 0.000000e+00 0.000000e+00 9.042476e-01 9.575242e-02 0.000000e+00
 0.000000e+00 0.000000e+00 0.000000e+00 8.838448e-01 1.161552e-01
 0.000000e+00 0.000000e+00 0.000000e+00 0.000000e+00 0.000000e+00
<ENDHMM>
~h "seven"
<BEGINHMM>
<NUMSTATES> 5
<STATE> 2
<MEAN> 39
 -8.806677e+00 -4.769298e+00 -7.050056e+00 -8.596657e+00 -2.107416e+00 -3.131415e+00 -1.276502e+00 -8.136150e+00 -2.909432e+00 -5.214494e+00 6.799090e-01 -3.793392e+00 1.484346e+01 4.741498e-02 -4.084718e-02 -4.357017e-02 -3.257022e-01 -2.671303e-01 -1.353403e-01 2.667624e-01 1.513718e-02 1.375798e-01 -7.710786e-04 -2.047774e-01 -6.332802e-02 1.080909e-01 1.304006e-01 9.205676e-03 8.983220e-02 -1.476365e-01 -1.309365e-01 -1.120226e-01 8.733089e-02 -1.238480e-02 2.002440e-02 -2.644430e-02 -8.712190e-02 -9.269847e-02 9.199347e-02
<VARIANCE> 39
 8.339806e+00 1.013034e+01 1.380070e+01 1.310771e+01 1.612596e+01 1.581995e+01 1.759682e+01 1.745255e+01 1.826357e+01 1.723360e+01 1.706739e+01 1.463345e+01 9.047252e-01 7.144092e-01 4.608452e-01 8.613380e-01 9.991079e-01 9.701353e-01 1.283293e+00 9.959650e-01 8.575973e-01 1.029544e+00 1.155905e+00 9.210085e-01 9.517381e-01 1.512421e-01 5.368320e-02 6.783885e-02 9.750164e-02 1.360512e-01 1.662420e-01 1.770658e-01 1.648986e-01 1.456991e-01 1.700100e-01 1.546178e-01 1.450094e-01 1.504832e-01 8.093906e-03
<GCONST> 7.123415e+01
<STATE> 3
<MEAN> 39
 -5.558066e+00 -7.172780e+00 -5.193473e+00 -1.591172e+01 -6.355665e+00 -4.897026e+00 4.772481e+00 -8.474973e+00 -2.770177e+00 -6.761113e+00 -3.975037e+00 -6.626523e+00 1.896182e+01 1.894548e-01 -2.722590e-01 1.233834e-01 3.883089e-02 -6.137164e-02 -1.088036e-01 2.446512e-01 2.681850e-01 -2.807196e-01 -5.543178e-02 -6.964093e-02 -1.107252e-01 1.236350e-01 -4.178048e-02 7.839759e-02 1.111936e-02 2.926448e-01 1.553702e-01 -2.480772e-02 -2.548963e-01 3.867672e-02 -2.091101e-02 1.591995e-02 1.771693e-01 7.159739e-02 -1.270848e-01
<VARIANCE> 39
 9.614642e+00 1.303327e+01 9.436726e+00 1.827784e+01 4.580242e+01 3.937852e+01 3.187666e+01 3.950868e+01 4.652957e+01 5.849219e+01 3.255418e+01 3.130153e+01 1.240817e+00 4.410256e-01 5.954234e-01 4.993337e-01 1.548395e+00 1.671524e+00 1.672651e+00 1.827669e+00 1.089302e+00 1.392677e+00 1.776833e+00 1.809616e+00 1.326400e+00 2.114278e-01 8.204672e-02 9.001185e-02 9.646598e-02 1.114839e-01 2.523416e-01 2.721468e-01 1.781216e-01 1.666785e-01 2.018926e-01 2.407529e-01 2.262371e-01 1.834977e-01 6.062340e-03
<GCONST> 8.474820e+01
<STATE> 4
<MEAN> 39
 -3.244352e+00 -3.881829e+00 -1.891185e+00 -9.521909e+00 -3.365922e+00 -8.015629e+00 -1.088951e+00 -8.732984e+00 -4.324221e+00 -7.120031e+00 -1.906822e+00 -7.105207e+00 1.713245e+01 1.767529e-02 2.205603e-01 1.049562e-01 2.065503e-01 3.193763e-01 1.039609e-01 -2.925196e-01 -2.637299e-01 8.569205e-02 -1.438880e-02 1.277849e-01 4.227473e-02 -1.184147e-01 -5.595644e-02 -7.367381e-02 -7.384676e-02 -8.778175e-02 -2.233601e-02 9.371959e-02 1.107007e-01 -4.594081e-03 1.866035e-02 1.745016e-02 -3.220675e-02 2.023099e-02 1.415757e-02
<VARIANCE> 39
 4.974852e+00 1.019475e+01 9.926597e+00 1.395351e+01 2.822459e+01 3.043307e+01 2.586519e+01 4.089459e+01 3.293276e+01 3.570369e+01 3.328818e+01 2.974865e+01 1.533698e+00 2.533987e-01 5.250493e-01 5.539119e-01 8.538591e-01 1.339951e+00 1.253483e+00 1.628728e+00 1.363170e+00 1.438483e+00 1.411164e+00 1.273552e+00 9.896260e-01 9.358676e-02 3.738615e-02 7.812159e-02 8.698364e-02 1.507711e-01 2.341863e-01 2.027747e-01 2.726175e-01 2.366413e-01 2.360242e-01 2.409589e-01 2.174065e-01 1.500705e-01 1.437067e-02
<GCONST> 7.928004e+01
<TRANSP> 5
 0.000000e+00 1.000000e+00 0.000000e+00 0.000000e+00 0.000000e+00
 0.000000e+00 9.125731e-01 8.742689e-02 0.000000e+00 0.000000e+00
 0.000000e+00 0.000000e+00 9.003663e-01 9.963372e-02 0.000000e+00
 0.000000e+00 0.000000e+00 0.000000e+00 9.365591e-01 6.344091e-02
 0.000000e+00 0.000000e+00 0.000000e+00 0.000000e+00 0.000000e+00
<ENDHMM>
~h "three"
<BEGINHMM>
<NUMSTATES> 5
<STATE> 2
<MEAN> 39
 -7.753141e+00 -6.035300e+00 -4.949156e+00 -1.011980e+01 -8.177174e-01 -4.845859e+00 -5.888318e-01 -8.498261e+00 -2.602011e+00 -5.425552e+00 9.830403e-01 -3.779337e+00 1.488862e+01 1.181917e-01 -8.363196e-02 2.207250e-01 -4.798286e-02 -4.167454e-01 -2.858716e-01 -6.849481e-02 1.494245e-02 7.425329e-02 3.189640e-02 1.360688e-02 4.191765e-04 9.209390e-02 1.742236e-01 2.254469e-02 1.428312e-01 1.956123e-03 -2.577666e-01 -1.755572e-01 -7.574107e-02 -1.877798e-02 1.537742e-02 -9.217313e-03 -3.924654e-02 -7.054906e-02 8.471718e-02
<VARIANCE> 39
 5.400547e+00 6.329513e+00 9.779377e+00 1.060187e+01 1.435534e+01 1.431227e+01 1.606473e+01 1.761140e+01 1.951297e+01 1.776069e+01 1.686068e+01 1.459222e+01 1.170434e+00 7.019855e-01 5.235431e-01 8.963068e-01 7.510049e-01 1.499179e+00 1.312564e+00 9.016316e-01 1.036178e+00 9.999483e-01 9.322977e-01 9.825650e-01 9.153079e-01 1.193051e-01 5.916724e-02 9.076333e-02 9.846720e-02 1.380218e-01 2.011597e-01 1.855368e-01 1.564498e-01 2.030751e-01 1.781602e-01 1.662447e-01 1.641540e-01 1.611106e-01 4.958360e-03
<GCONST> 7.052007e+01
<STATE> 3
<MEAN> 39
 -2.518204e+00 -6.783429e+00 2.449370e+00 -1.140213e+01 -1.369851e+01 -9.363195e+00 -3.152725e+00 -9.428258e+00 -9.428408e-03 -5.130537e+00 1.270281e-01 -5.735054e+00 1.823542e+01 -6.863763e-02 4.227455e-01 6.951493e-01 -1.049857e+00 -3.995781e-01 3.059836e-01 -8.254101e-01 1.096695e-01 3.075847e-01 -2.807308e-02 6.153436e-02 -1.674155e-01 2.367436e-01 -2.156655e-01 2.146409e-01 -2.005268e-01 -1.427965e-01 5.230145e-01 4.710791e-02 -5.939875e-02 1.143375e-01 -1.140757e-01 -2.022615e-02 2.134943e-02 3.956028e-02 -6.774315e-02
<VARIANCE> 39
 6.507292e+00 1.457606e+01 2.008419e+01 4.937846e+01 4.245409e+01 6.100855e+01 3.522998e+01 3.826634e+01 3.064137e+01 2.820665e+01 3.707780e+01 3.334351e+01 1.447078e+00 9.619733e-01 1.476659e+00 9.229030e-01 2.725260e+00 4.895269e+00 3.382461e+00 2.206977e+00 1.969151e+00 1.296655e+00 1.095897e+00 1.152264e+00 1.164585e+00 6.899582e-02 6.798344e-02 1.290737e-01 1.773847e-01 3.907691e-01 3.806300e-01 6.812726e-01 3.772697e-01 2.755119e-01 2.400957e-01 1.746554e-01 1.705913e-01 1.637529e-01 3.908544e-03
<GCONST> 9.265472e+01
<STATE> 4
<MEAN> 39
 -6.590378e+00 3.298027e+00 -7.805905e-01 -1.672898e+01 -2.106635e+00 -1.135589e+01 -6.398938e+00 -7.962388e+00 -3.159612e+00 -5.505682e+00 -3.372007e-01 -6.525832e+00 1.789470e+01 -2.818359e-02 6.322198e-02 -6.391057e-01 7.253428e-01 7.234161e-01 -1.647890e-01 5.493017e-01 -8.270660e-02 -3.564000e-01 1.201644e-02 -7.059545e-02 5.074625e-02 -1.956462e-01 5.813570e-02 -2.880976e-01 2.515761e-03 1.697032e-01 -2.211306e-01 1.819834e-01 1.647626e-01 -6.733240e-02 9.742701e-02 8.237604e-03 2.042150e-02 2.496886e-02 -3.091907e-02
<VARIANCE> 39
 7.580815e+00 1.700869e+01 1.909919e+01 3.484774e+01 2.704587e+01 2.948573e+01 4.823196e+01 4.778331e+01 3.321761e+01 3.976801e+01 4.240042e+01 3.677512e+01 1.619944e+00 3.151214e-01 1.882820e+00 6.700338e-01 1.043655e+00 1.834775e+00 2.559794e+00 1.467074e+00 1.693707e+00 1.384688e+00 1.287900e+00 1.031997e+00 9.705106e-01 3.582555e-02 4.748447e-02 9.099047e-02 9.639870e-02 2.205325e-01 1.814809e-01 2.352657e-01 2.696201e-01 2.497758e-01 1.837011e-01 1.709940e-01 1.443280e-01 1.353087e-01 2.469551e-03
<GCONST> 8.276303e+01
<TRANSP> 5
 0.000000e+00 1.000000e+00 0.000000e+00 0.000000e+00 0.000000e+00
 0.000000e+00 9.016213e-01 9.837870e-02 0.000000e+00 0.000000e+00
 0.000000e+00 0.000000e+00 8.936703e-01 1.063297e-01 0.000000e+00
 0.000000e+00 0.000000e+00 0.000000e+00 9.153375e-01 8.466248e-02
 0.000000e+00 0.000000e+00 0.000000e+00 0.000000e+00 0.000000e+00
<ENDHMM>
~h "one"
<BEGINHMM>
<NUMSTATES> 5
<STATE> 2
<MEAN> 39
 -4.518610e-01 -3.402004e+00 -8.443220e+00 -1.270383e+01 -1.876540e+00 -5.987710e+00 -2.274923e+00 -8.868150e+00 -2.602257e+00 -6.645827e+00 -1.475105e+00 -7.365765e+00 1.769851e+01 2.105213e-01 -3.606163e-01 -7.773473e-01 3.863971e-01 4.275163e-01 9.456639e-02 -2.047454e-01 2.133377e-01 1.820047e-01 -2.418215e-01 -3.084705e-01 -2.086318e-01 1.797327e-01 -1.118950e-01 -1.461137e-01 2.920891e-02 2.154194e-01 1.236758e-02 -9.389070e-02 -3.022570e-03 1.044320e-01 5.207225e-03 -7.579467e-02 2.463198e-03 7.601268e-02 -1.570755e-02
<VARIANCE> 39
 5.495288e+00 8.371401e+00 3.132450e+01 2.275854e+01 2.855908e+01 2.623047e+01 2.260475e+01 2.060473e+01 2.743647e+01 2.315674e+01 3.019530e+01 3.007981e+01 2.038394e+00 4.330759e-01 7.311459e-01 9.485303e-01 2.139037e+00 1.344139e+00 1.365862e+00 1.271951e+00 1.039682e+00 1.139372e+00 9.680961e-01 1.110981e+00 9.685260e-01 5.947367e-02 3.949934e-02 5.501116e-02 1.856008e-01 2.318458e-01 2.499252e-01 2.471099e-01 2.299658e-01 1.749983e-01 1.963139e-01 1.583966e-01 1.854034e-01 1.750254e-01 4.528458e-03
<GCONST> 7.903835e+01
<STATE> 3
<MEAN> 39
 -2.464981e+00 -1.063710e+01 -1.057908e+01 -1.818010e+00 -8.194426e-01 -9.425559e+00 -2.031247e+00 -4.360996e+00 -3.707428e+00 -1.158717e+01 -2.280575e+00 -6.160914e+00 1.852696e+01 -5.923209e-01 -3.132554e-01 1.360552e+00 4.869285e-01 -1.327333e+00 -2.686358e-01 1.139719e+00 -1.562902e-01 -8.912122e-01 -1.494535e-02 5.520245e-01 9.298003e-02 -5.211627e-02 3.153939e-02 3.182230e-01 2.337168e-01 -5.690941e-01 -9.473360e-02 3.614654e-01 5.232758e-02 -4.227001e-01 2.284648e-02 3.596340e-01 2.887510e-02 -1.619775e-01 -2.971662e-02
<VARIANCE> 39
 6.426720e+00 9.766085e+00 1.981499e+01 2.419698e+01 2.886457e+01 1.776737e+01 3.884628e+01 3.255346e+01 4.659419e+01 3.887302e+01 3.430862e+01 3.411295e+01 1.525018e+00 1.633230e-01 5.916110e-01 6.369655e-01 1.980837e+00 7.719536e-01 1.823434e+00 1.054127e+00 2.308043e+00 1.240920e+00 1.946874e+00 1.065040e+00 1.293116e+00 8.979724e-03 2.596800e-02 5.244853e-02 1.077999e-01 1.227914e-01 3.162823e-01 1.591225e-01 4.063240e-01 1.859897e-01 3.426166e-01 2.134000e-01 2.683131e-01 1.720957e-01 8.706703e-04
<GCONST> 7.674380e+01
<STATE> 4
<MEAN> 39
 -3.840961e+00 -4.379759e+00 -1.380643e+00 -8.920213e+00 -3.196358e+00 -6.281957e+00 -2.462305e+00 -1.221208e+01 -5.214251e+00 -8.497349e+00 -2.664825e+00 -8.175100e+00 1.759455e+01 -3.712403e-03 5.639552e-01 2.621764e-01 -4.547917e-01 4.116769e-01 1.698307e-01 -3.735359e-01 -2.332196e-01 1.574678e-01 1.860937e-01 -2.803048e-02 1.650009e-01 -1.759968e-01 -2.109078e-02 -1.171379e-01 -2.144990e-01 1.096464e-01 8.701594e-02 -2.720635e-02 2.048725e-02 1.849777e-01 4.515674e-02 -7.362074e-02 3.750161e-02 8.075169e-02 -1.677315e-02
<VARIANCE> 39
 6.725653e+00 2.077383e+01 9.945749e+00 1.740372e+01 2.093824e+01 4.195343e+01 3.340755e+01 3.282859e+01 4.008329e+01 4.409716e+01 3.259623e+01 3.568569e+01 1.338064e+00 3.443174e-01 1.010746e+00 9.862867e-01 1.216677e+00 8.804555e-01 1.864900e+00 1.353813e+00 1.411704e+00 1.573457e+00 1.478358e+00 1.085013e+00 1.050092e+00 2.735173e-02 5.693974e-02 1.045640e-01 8.381912e-02 1.278454e-01 1.951326e-01 2.806663e-01 2.505058e-01 1.784400e-01 2.218177e-01 2.216813e-01 1.661827e-01 1.590783e-01 2.928879e-03
<GCONST> 7.987175e+01
<TRANSP> 5
 0.000000e+00 1.000000e+00 0.000000e+00 0.000000e+00 0.000000e+00
 0.000000e+00 9.095893e-01 9.041070e-02 0.000000e+00 0.000000e+00
 0.000000e+00 0.000000e+00 8.314580e-01 1.685419e-01 0.000000e+00
 0.000000e+00 0.000000e+00 0.000000e+00 9.086969e-01 9.130308e-02
 0.000000e+00 0.000000e+00 0.000000e+00 0.000000e+00 0.000000e+00
<ENDHMM>
~h "sil"
<BEGINHMM>
<NUMSTATES> 5
<STATE> 2
<MEAN> 39
 -5.629927e+00 -5.381947e+00 -3.959682e+00 -9.043927e+00 -2.190665e-01 -4.181716e+00 -1.411547e-01 -8.546615e+00 -2.497911e+00 -5.830783e+00 5.868175e-01 -4.487232e+00 1.512043e+01 -2.989980e-01 -2.486171e-01 -1.858233e-01 -5.066740e-02 6.947269e-02 1.348333e-01 8.168745e-02 -1.621716e-03 1.417642e-02 1.866131e-02 1.135527e-01 5.825100e-02 -1.518468e-01 2.367835e-02 -7.463259e-03 -3.844056e-02 -6.360111e-02 -7.384446e-02 -6.421366e-02 -4.219127e-02 -1.961652e-03 -3.821494e-03 -6.775569e-03 -1.694646e-02 -5.217472e-03 2.531724e-02
<VARIANCE> 39
 6.970835e+00 8.606012e+00 9.564505e+00 1.168439e+01 1.486889e+01 1.538704e+01 1.765889e+01 1.877493e+01 2.046450e+01 1.954471e+01 1.858299e+01 1.638676e+01 1.209458e+00 1.686638e-01 3.745764e-01 4.430542e-01 5.866018e-01 7.339404e-01 8.284882e-01 8.454864e-01 9.075763e-01 9.109063e-01 8.356412e-01 9.046768e-01 7.998084e-01 2.155214e-02 2.201102e-02 4.568498e-02 6.338184e-02 7.750032e-02 1.032718e-01 1.189162e-01 1.186151e-01 1.276581e-01 1.369538e-01 1.216500e-01 1.281455e-01 1.153788e-01 2.526332e-03
<GCONST> 5.922118e+01
<STATE> 3
<MEAN> 39
 -7.156938e+00 -7.236737e+00 -5.866398e+00 -1.018523e+01 -1.012352e+00 -4.339161e+00 -3.654427e-01 -8.603600e+00 -2.680016e+00 -5.571370e+00 1.005065e+00 -4.037416e+00 1.452098e+01 -3.583328e-03 4.974716e-03 -6.190520e-03 3.803114e-03 1.880420e-03 4.716561e-03 1.255450e-03 -9.876745e-03 -4.555786e-03 1.094686e-02 -2.634754e-04 2.492236e-03 -1.192944e-03 -2.371426e-04 4.887573e-03 2.877362e-03 5.286575e-03 1.316198e-03 2.870844e-03 5.491060e-04 5.853742e-03 2.718193e-03 -8.290206e-04 -4.062779e-03 -3.430662e-03 1.584855e-03
<VARIANCE> 39
 3.027159e+00 3.564773e+00 6.172692e+00 8.254434e+00 1.253747e+01 1.387373e+01 1.474216e+01 1.582844e+01 1.623778e+01 1.398250e+01 1.548318e+01 1.300187e+01 1.028431e+00 5.842872e-02 1.319092e-01 2.563346e-01 3.600291e-01 4.751969e-01 6.449591e-01 6.224130e-01 6.900972e-01 6.643431e-01 5.534214e-01 6.422841e-01 5.676930e-01 2.417407e-03 1.073361e-02 2.426556e-02 4.638886e-02 6.443677e-02 8.854953e-02 1.218526e-01 1.105600e-01 1.289112e-01 1.215518e-01 9.644362e-02 1.150022e-01 1.070997e-01 5.051059e-04
<GCONST> 4.276587e+01
<STATE> 4
<MEAN> 39
 -8.044074e+00 -6.369770e+00 -6.079061e+00 -1.016934e+01 -1.188516e+00 -4.700813e+00 -5.106924e-01 -8.720679e+00 -2.519550e+00 -5.941738e+00 9.985359e-01 -4.417060e+00 1.453679e+01 3.419332e-03 1.545896e-01 2.793873e-02 1.228059e-02 -7.638364e-02 -6.394070e-02 -6.565383e-02 4.921171e-02 -5.532067e-02 -8.986037e-02 -1.027037e-01 -6.832992e-02 4.892030e-02 4.561475e-02 5.645792e-02 2.690395e-02 -6.757254e-03 -2.040156e-03 -2.716799e-02 -1.659415e-02 -1.573656e-02 -1.398994e-02 -1.821086e-02 -3.889834e-02 -1.456836e-02 3.347805e-02
<VARIANCE> 39
 5.361491e+00 5.850800e+00 7.452278e+00 1.031443e+01 1.202344e+01 1.461862e+01 1.655220e+01 1.791405e+01 1.851075e+01 1.737200e+01 1.645255e+01 1.416315e+01 1.276577e+00 2.534433e-01 3.365511e-01 3.772659e-01 5.664150e-01 6.053276e-01 7.375339e-01 7.088147e-01 9.202748e-01 8.939183e-01 7.990572e-01 7.762691e-01 6.718911e-01 2.073170e-02 3.954358e-02 5.724581e-02 6.069198e-02 9.818468e-02 9.287817e-02 1.226497e-01 1.060897e-01 1.502719e-01 1.416599e-01 1.225177e-01 1.118093e-01 9.929910e-02 4.412999e-03
<GCONST> 5.788799e+01
<TRANSP> 5
 0.000000e+00 1.000000e+00 0.000000e+00 0.000000e+00 0.000000e+00
 0.000000e+00 7.692261e-01 2.307739e-01 0.000000e+00 0.000000e+00
 0.000000e+00 0.000000e+00 9.590833e-01 4.091670e-02 0.000000e+00
 0.000000e+00 0.000000e+00 0.000000e+00 7.109311e-01 2.890690e-01
 0.000000e+00 0.000000e+00 0.000000e+00 0.000000e+00 0.000000e+00
<ENDHMM>
~h "six"
<BEGINHMM>
<NUMSTATES> 5
<STATE> 2
<MEAN> 39
 -9.124298e+00 -4.836955e+00 -7.749955e+00 -8.266643e+00 -2.438866e+00 -2.834784e+00 -1.487294e+00 -7.798918e+00 -3.116507e+00 -4.969300e+00 3.618798e-01 -3.493918e+00 1.461232e+01 2.726837e-02 1.591626e-01 1.186013e-01 -3.531396e-01 -3.868260e-01 -2.528166e-01 -1.307260e-02 8.919829e-03 1.418958e-01 1.896524e-01 -1.204968e-01 9.508622e-03 1.277534e-01 1.224183e-01 8.574605e-02 1.920705e-01 -2.156920e-01 -1.443491e-01 -1.911080e-01 -1.348221e-02 -1.142808e-02 4.335936e-02 1.788161e-02 -7.846226e-02 -1.185649e-01 9.579277e-02
<VARIANCE> 39
 5.881861e+00 7.824502e+00 1.145771e+01 1.170149e+01 1.691558e+01 1.670054e+01 1.585940e+01 1.681434e+01 1.957144e+01 2.023763e+01 1.844875e+01 1.536609e+01 1.012899e+00 5.537663e-01 4.715925e-01 1.205765e+00 1.010503e+00 1.007771e+00 1.470725e+00 8.038308e-01 8.137776e-01 1.030871e+00 1.294177e+00 9.459662e-01 9.358521e-01 1.411681e-01 4.636088e-02 5.967515e-02 9.845420e-02 1.366898e-01 1.730451e-01 1.833201e-01 1.418885e-01 1.549592e-01 1.804591e-01 1.774093e-01 1.522813e-01 1.540167e-01 7.503495e-03
<GCONST> 7.075555e+01
<STATE> 3
<MEAN> 39
 -6.389794e+00 -1.255082e+00 -8.810626e-01 -1.937228e+01 -7.577194e+00 -8.493303e+00 -2.595068e+00 -6.569140e+00 3.325118e-02 -3.820271e+00 -2.226171e+00 -7.108534e+00 1.817332e+01 6.033797e-02 -1.004577e-01 1.973098e-01 -2.318166e-01 3.399067e-01 1.645810e-01 -1.732648e-01 1.224704e-01 4.917458e-02 -1.716380e-01 1.772013e-01 -6.580469e-03 -4.431769e-02 -7.081272e-02 -1.914884e-01 -2.624974e-01 4.212635e-01 2.477780e-01 2.067547e-01 8.841405e-02 -7.030384e-02 -1.214316e-01 -5.252299e-02 1.186422e-01 1.339912e-01 -1.487445e-01
<VARIANCE> 39
 7.367370e+00 9.635605e+00 1.569743e+01 2.776346e+01 5.692443e+01 3.167277e+01 3.629293e+01 2.495917e+01 3.438405e+01 5.661711e+01 3.469411e+01 3.674877e+01 1.645045e+00 3.757045e-01 7.674608e-01 1.271300e+00 3.640177e+00 2.695807e+00 1.950655e+00 1.896175e+00 1.366034e+00 1.928482e+00 2.033425e+00 1.879827e+00 2.011312e+00 3.396143e-01 6.646574e-02 6.525155e-02 1.520792e-01 2.585390e-01 3.130457e-01 3.120061e-01 3.695940e-01 2.303204e-01 2.922211e-01 3.375136e-01 2.687100e-01 2.614650e-01 1.433632e-02
<GCONST> 9.337852e+01
<STATE> 4
<MEAN> 39
 -8.222576e+00 -6.451439e+00 -6.277397e+00 -9.275590e+00 -2.415944e+00 -3.256264e+00 -9.182657e-01 -8.615619e+00 -2.795305e+00 -5.153828e+00 7.408667e-01 -4.248642e+00 1.464349e+01 -7.442100e-02 -1.118050e-01 -2.389865e-01 2.870725e-01 3.500494e-02 6.666844e-02 1.390723e-01 -4.188148e-02 -8.121193e-02 -2.481924e-03 7.367312e-03 3.130533e-02 -6.889568e-02 2.173767e-02 7.154419e-02 7.432638e-02 -1.248953e-01 -5.118670e-02 -6.603966e-02 -5.131277e-02 3.815496e-02 2.469870e-02 6.733682e-03 -2.995456e-02 -2.922659e-02 4.497626e-02
<VARIANCE> 39
 7.836416e+00 8.036984e+00 1.201998e+01 1.253897e+01 1.775484e+01 1.684576e+01 1.688485e+01 1.718211e+01 1.742175e+01 1.762550e+01 1.547861e+01 1.427368e+01 1.310074e+00 3.471867e-01 5.518985e-01 7.463498e-01 9.087948e-01 9.875050e-01 1.059264e+00 1.026785e+00 9.108854e-01 8.760938e-01 8.051549e-01 7.558440e-01 6.350768e-01 5.457021e-02 4.509166e-02 7.355055e-02 1.100383e-01 1.327711e-01 1.825924e-01 1.706939e-01 1.655958e-01 1.667240e-01 1.581871e-01 1.441435e-01 1.370196e-01 1.246725e-01 7.388077e-03
<GCONST> 6.779654e+01
<TRANSP> 5
 0.000000e+00 1.000000e+00 0.000000e+00 0.000000e+00 0.000000e+00
 0.000000e+00 9.049470e-01 9.505297e-02 0.000000e+00 0.000000e+00
 0.000000e+00 0.000000e+00 8.983328e-01 1.016672e-01 0.000000e+00
 0.000000e+00 0.000000e+00 0.000000e+00 9.437305e-01 5.626952e-02
 0.000000e+00 0.000000e+00 0.000000e+00 0.000000e+00 0.000000e+00
<ENDHMM>
~h "two"
<BEGINHMM>
<NUMSTATES> 5
<STATE> 2
<MEAN> 39
 -9.639500e+00 -4.513473e+00 -6.580851e+00 -9.863589e+00 -9.720021e-01 -4.070606e+00 -1.373319e+00 -8.179401e+00 -2.537188e+00 -5.722513e+00 1.014247e+00 -3.721725e+00 1.495427e+01 -3.756723e-02 2.631279e-01 2.263467e-01 -3.008521e-01 -8.030700e-02 -1.061595e-02 -1.952148e-01 2.047891e-02 1.192921e-01 3.787638e-02 -4.401342e-03 -2.840183e-02 9.348568e-02 1.950395e-01 9.727188e-02 2.115403e-01 -1.064864e-01 -1.587326e-01 -1.867073e-01 -1.174461e-01 -6.691337e-02 -2.516066e-02 -1.346854e-03 -7.481581e-02 -1.170515e-01 8.904278e-02
<VARIANCE> 39
 9.731633e+00 8.411755e+00 1.057068e+01 1.130265e+01 1.669803e+01 1.858891e+01 1.761616e+01 1.993474e+01 2.014977e+01 2.109544e+01 2.062995e+01 1.756310e+01 9.683230e-01 1.154730e+00 7.385675e-01 1.484543e+00 7.320567e-01 1.243837e+00 1.212101e+00 9.533218e-01 1.050650e+00 1.054662e+00 1.129700e+00 1.398331e+00 9.929470e-01 1.174417e-01 1.107605e-01 1.110862e-01 1.232411e-01 1.199820e-01 2.136420e-01 1.859784e-01 1.655713e-01 1.895575e-01 1.983993e-01 1.764052e-01 2.621575e-01 1.380720e-01 7.422613e-03
<GCONST> 7.620152e+01
<STATE> 3
<MEAN> 39
 -4.756939e+00 1.149308e+00 1.778223e+00 -1.527068e+01 -6.598804e+00 -9.672933e+00 -6.598317e+00 -1.044179e+01 -2.516042e+00 -5.320367e+00 -1.030025e+00 -7.239760e+00 1.830119e+01 7.193304e-01 5.999689e-01 8.360417e-01 -6.091774e-01 -1.201086e+00 -1.149995e+00 -6.212612e-01 -3.241027e-01 -7.638686e-02 1.074622e-01 -2.783262e-01 -6.924748e-01 4.804398e-01 -2.461637e-01 -2.219671e-01 -4.234525e-01 2.838053e-01 2.397678e-01 2.108254e-01 2.293666e-01 1.474362e-01 -1.436332e-02 5.921769e-03 1.442219e-01 1.761996e-01 -1.356777e-01
<VARIANCE> 39
 7.637069e+00 8.201204e+00 1.359601e+01 2.286917e+01 4.094172e+01 2.664878e+01 2.842996e+01 2.392867e+01 3.044526e+01 5.369540e+01 4.334030e+01 4.700739e+01 1.220944e+00 6.002337e-01 6.134198e-01 9.871315e-01 1.413985e+00 1.245546e+00 1.154158e+00 1.636984e+00 1.535891e+00 1.877866e+00 2.038622e+00 2.554870e+00 1.859352e+00 8.416799e-02 6.196186e-02 5.703242e-02 8.188540e-02 1.318225e-01 2.159626e-01 1.828543e-01 2.050735e-01 1.926451e-01 2.096132e-01 2.724443e-01 2.909147e-01 2.224137e-01 8.053201e-03
<GCONST> 8.427512e+01
<STATE> 4
<MEAN> 39
 -3.074164e+00 -2.498983e-01 -1.582470e-01 -1.281020e+01 -6.631886e+00 -1.135584e+01 -5.742176e+00 -1.003087e+01 -3.079256e+00 -5.508272e+00 -1.509674e-01 -7.402897e+00 1.806436e+01 2.855087e-02 -3.108954e-01 -3.225643e-01 4.777226e-01 4.160460e-01 2.897367e-01 2.823462e-01 6.164689e-02 -7.978590e-02 -2.572020e-03 1.468281e-01 2.523662e-01 -1.813491e-01 -7.879189e-02 -6.534863e-02 -4.714970e-02 -2.751375e-03 8.374113e-02 1.333969e-01 8.168598e-02 3.501791e-02 2.799329e-02 -2.890407e-03 -1.432232e-02 4.588996e-02 -4.147395e-02
<VARIANCE> 39
 6.126858e+00 7.980912e+00 1.202316e+01 3.019335e+01 3.252037e+01 2.281916e+01 3.197471e+01 3.246518e+01 4.006943e+01 4.282195e+01 5.143071e+01 4.045062e+01 1.492875e+00 2.866699e-01 2.399555e-01 4.425752e-01 6.655201e-01 9.312059e-01 1.150736e+00 1.105540e+00 1.194720e+00 1.057025e+00 1.124075e+00 1.145986e+00 1.082553e+00 3.967691e-02 3.091895e-02 3.306112e-02 5.466418e-02 9.506683e-02 1.114162e-01 1.450112e-01 1.389043e-01 1.749008e-01 1.699718e-01 1.672943e-01 1.672977e-01 1.557802e-01 3.008841e-03
<GCONST> 7.111195e+01
<TRANSP> 5
 0.000000e+00 1.000000e+00 0.000000e+00 0.000000e+00 0.000000e+00
 0.000000e+00 9.084728e-01 9.152721e-02 0.000000e+00 0.000000e+00
 0.000000e+00 0.000000e+00 7.698629e-01 2.301371e-01 0.000000e+00
 0.000000e+00 0.000000e+00 0.000000e+00 9.201584e-01 7.984162e-02
 0.000000e+00 0.000000e+00 0.000000e+00 0.000000e+00 0.000000e+00
<ENDHMM>
~h "nine"
<BEGINHMM>
<NUMSTATES> 5
<STATE> 2
<MEAN> 39
 -4.077403e+00 -3.898135e+00 -1.677313e+00 -8.971090e+00 -2.804588e+00 -6.378092e+00 -1.642666e+00 -1.116143e+01 -5.117427e+00 -8.042069e+00 -2.887738e+00 -7.734924e+00 1.762904e+01 -1.811400e-01 -6.858256e-01 -2.834749e-01 4.408341e-01 -4.285583e-01 2.355766e-01 4.030312e-01 -1.731167e-01 -1.880143e-02 -1.236316e-01 -8.593284e-02 -8.367781e-02 2.069401e-01 -5.922350e-02 -1.590394e-01 -1.030384e-01 1.132308e-01 -5.447401e-03 -1.173039e-03 5.204985e-02 4.893890e-02 3.952408e-02 9.371363e-03 7.326300e-02 3.877901e-02 -9.216273e-03
<VARIANCE> 39
 8.090973e+00 1.916356e+01 1.444467e+01 1.669310e+01 2.834819e+01 2.875769e+01 3.145696e+01 2.650780e+01 4.734485e+01 3.538851e+01 3.033098e+01 3.281567e+01 1.829802e+00 4.871531e-01 1.494086e+00 1.080516e+00 1.097194e+00 1.264109e+00 1.393868e+00 1.627416e+00 1.205154e+00 1.553569e+00 1.157382e+00 1.183360e+00 1.006640e+00 4.894891e-02 6.265756e-02 1.682073e-01 1.288523e-01 1.425387e-01 2.181646e-01 2.178749e-01 2.447297e-01 1.814154e-01 2.032992e-01 1.691337e-01 1.711305e-01 1.443621e-01 4.463087e-03
<GCONST> 8.221066e+01
<STATE> 3
<MEAN> 39
 -6.347534e+00 -1.160441e+01 -4.860490e+00 -2.734724e+00 -5.693749e+00 -5.250006e+00 1.736054e+00 -1.135923e+01 -5.539660e+00 -9.015318e+00 -1.699784e+00 -7.646737e+00 1.861514e+01 -1.102207e-01 9.686560e-02 2.307483e-01 -2.420541e-01 -2.304880e-02 2.140806e-01 -1.050713e-01 -8.696034e-02 1.959029e-01 5.474079e-02 -5.526996e-02 4.596938e-02 -2.113719e-02 2.517700e-03 1.935476e-01 6.929375e-02 -2.402572e-01 4.426436e-02 6.240043e-02 -1.060984e-01 1.121384e-02 7.537554e-02 -1.084964e-02 -6.778045e-02 2.441978e-02 -1.480033e-02
<VARIANCE> 39
 7.253258e+00 8.472362e+00 2.450033e+01 3.236950e+01 1.900659e+01 3.083621e+01 3.095142e+01 3.397367e+01 4.391700e+01 4.150166e+01 2.842905e+01 3.075460e+01 1.006124e+00 8.384651e-02 3.840367e-01 4.111285e-01 1.132726e+00 5.000426e-01 6.241747e-01 5.587773e-01 5.153679e-01 6.511083e-01 6.707104e-01 6.806719e-01 5.420521e-01 4.827278e-03 1.133351e-02 3.005370e-02 4.127591e-02 5.547981e-02 7.265034e-02 7.247092e-02 7.391055e-02 8.095133e-02 8.281134e-02 8.716529e-02 7.873338e-02 7.922982e-02 3.983423e-04
<GCONST> 5.405626e+01
<STATE> 4
<MEAN> 39
 -5.408836e+00 -2.488670e+00 -1.320178e+00 -1.140998e+01 -1.442976e+00 -5.341809e+00 -3.676797e+00 -1.048130e+01 -3.509074e+00 -8.117026e+00 -2.930848e+00 -6.527700e+00 1.769441e+01 2.317095e-01 5.105590e-01 -3.107452e-03 -1.016637e-01 4.411150e-01 -2.479118e-01 -2.011358e-01 2.756009e-01 -1.277909e-01 8.107119e-02 2.108411e-01 1.169452e-01 -1.723592e-01 -2.715631e-02 -1.583056e-01 -8.625506e-02 1.474464e-01 -3.839789e-02 -6.082620e-03 1.204313e-01 1.985427e-02 -5.447406e-02 4.231417e-02 7.831931e-02 -9.555944e-03 -2.022933e-02
<VARIANCE> 39
 1.166838e+01 1.632479e+01 1.132160e+01 2.321605e+01 3.171760e+01 3.320225e+01 3.064744e+01 2.993121e+01 4.733451e+01 3.817802e+01 3.626925e+01 3.985324e+01 1.211725e+00 5.065132e-01 1.171869e+00 6.359982e-01 1.643035e+00 1.303719e+00 1.550605e+00 1.528416e+00 1.269739e+00 1.658802e+00 1.184159e+00 1.105867e+00 1.068943e+00 2.538184e-02 7.071310e-02 8.681787e-02 9.031510e-02 1.779851e-01 1.819062e-01 2.449398e-01 1.820594e-01 2.039817e-01 2.436500e-01 1.943293e-01 1.735390e-01 1.451956e-01 2.221713e-03
<GCONST> 8.083654e+01
<TRANSP> 5
 0.000000e+00 1.000000e+00 0.000000e+00 0.000000e+00 0.000000e+00
 0.000000e+00 9.012474e-01 9.875262e-02 0.000000e+00 0.000000e+00
 0.000000e+00 0.000000e+00 9.153507e-01 8.464925e-02 0.000000e+00
 0.000000e+00 0.000000e+00 0.000000e+00 9.176051e-01 8.239491e-02
 0.000000e+00 0.000000e+00 0.000000e+00 0.000000e+00 0.000000e+00
<ENDHMM>
~h "five"
<BEGINHMM>
<NUMSTATES> 5
<STATE> 2
<MEAN> 39
 -6.145568e+00 -8.579090e+00 -7.592478e+00 -9.225103e+00 -4.231086e-01 -6.121327e+00 7.005856e-03 -6.825665e+00 -3.778390e+00 -6.490746e+00 -3.217774e-01 -4.546297e+00 1.643804e+01 1.118350e-01 -6.872810e-01 -4.786301e-01 3.255037e-01 2.195654e-01 -2.712651e-01 2.421145e-01 2.803568e-01 -3.435921e-01 -1.302877e-01 -1.266282e-01 1.664017e-02 2.473144e-01 -1.673085e-03 -5.656219e-03 5.736928e-02 4.689214e-02 -1.724160e-02 -3.237652e-02 -1.989960e-02 -4.940195e-02 -1.732289e-02 2.412925e-02 1.544466e-02 -1.459506e-02 2.062381e-02
<VARIANCE> 39
 1.125102e+01 1.815409e+01 1.972050e+01 1.332456e+01 1.797034e+01 2.025483e+01 1.944268e+01 3.697108e+01 2.612138e+01 2.326841e+01 2.203165e+01 1.616219e+01 4.948257e+00 7.423100e-01 6.843082e-01 8.868154e-01 8.866232e-01 8.226970e-01 1.096060e+00 9.428486e-01 1.700984e+00 1.496813e+00 1.271816e+00 1.231861e+00 8.357410e-01 2.128952e-01 1.004211e-01 1.065281e-01 1.570935e-01 1.148724e-01 1.338435e-01 1.695206e-01 1.473375e-01 2.760119e-01 2.348396e-01 1.802725e-01 1.905994e-01 1.286223e-01 2.516648e-02
<GCONST> 8.141001e+01
<STATE> 3
<MEAN> 39
 -5.829907e+00 -1.543207e+01 -8.489594e+00 -3.791520e+00 1.364190e+00 -9.061776e+00 2.480582e+00 -7.543459e+00 -7.266449e+00 -5.482930e+00 -5.596545e-01 -4.576602e+00 1.903887e+01 -1.610337e-01 9.881458e-02 4.891219e-01 -2.808353e-01 -2.718500e-01 4.465809e-01 6.804626e-02 -3.852468e-01 3.469822e-02 2.820527e-01 5.019231e-02 -7.338789e-02 -4.962937e-02 4.119490e-02 1.198999e-01 1.074284e-02 -1.944126e-01 -5.746740e-02 8.541024e-02 -2.819520e-02 2.903911e-02 6.260829e-02 -5.057379e-02 -7.345606e-02 -1.855392e-02 -1.597190e-02
<VARIANCE> 39
 9.235528e+00 9.516545e+00 2.487407e+01 2.134840e+01 1.890439e+01 2.361062e+01 1.802787e+01 4.020398e+01 4.783451e+01 4.513332e+01 2.691067e+01 2.542696e+01 1.368738e+00 9.077829e-02 1.726048e-01 2.727441e-01 6.954225e-01 5.202869e-01 5.777734e-01 5.082287e-01 5.121721e-01 6.401148e-01 6.122581e-01 5.999681e-01 4.835883e-01 5.997641e-03 1.192119e-02 2.521048e-02 3.123411e-02 4.833076e-02 5.224716e-02 5.349423e-02 5.804997e-02 6.689416e-02 9.045452e-02 8.805509e-02 6.807360e-02 7.103828e-02 9.688470e-04
<GCONST> 5.083704e+01
<STATE> 4
<MEAN> 39
 -5.452379e+00 -7.798069e+00 -3.664674e+00 -1.292924e+01 -3.057818e+00 -3.760903e+00 1.120380e+00 -8.346111e+00 -3.888006e+00 -5.631059e+00 -1.733983e+00 -5.652977e+00 1.761932e+01 6.894057e-02 9.293521e-01 2.307816e-01 -1.987739e-01 -1.315648e-01 -8.908679e-02 -2.932249e-01 7.891341e-02 3.928492e-01 -1.370599e-01 7.673878e-02 1.234861e-02 -2.762209e-01 -4.003084e-02 -7.254367e-02 -8.900607e-02 1.945731e-01 1.092586e-01 -8.829617e-02 -1.664745e-02 -4.510385e-03 -4.075241e-02 1.309361e-02 7.344502e-02 3.240290e-02 -1.782239e-02
<VARIANCE> 39
 7.533030e+00 2.308238e+01 1.185584e+01 2.986145e+01 3.748586e+01 2.150816e+01 2.415410e+01 3.057067e+01 4.223528e+01 2.629431e+01 2.688226e+01 2.787943e+01 2.629565e+00 3.400355e-01 7.374272e-01 6.409202e-01 2.733153e+00 1.682102e+00 1.393084e+00 9.393039e-01 1.417218e+00 1.594562e+00 1.266540e+00 1.316841e+00 1.013080e+00 6.819195e-02 5.715499e-02 1.022102e-01 9.524697e-02 3.009520e-01 2.342652e-01 2.509230e-01 1.675265e-01 2.084453e-01 2.011761e-01 1.717465e-01 2.163437e-01 1.726186e-01 9.082449e-03
<GCONST> 8.298363e+01
<TRANSP> 5
 0.000000e+00 1.000000e+00 0.000000e+00 0.000000e+00 0.000000e+00
 0.000000e+00 9.300358e-01 6.996416e-02 0.000000e+00 0.000000e+00
 0.000000e+00 0.000000e+00 9.152324e-01 8.476763e-02 0.000000e+00
 0.000000e+00 0.000000e+00 0.000000e+00 8.980080e-01 1.019921e-01
 0.000000e+00 0.000000e+00 0.000000e+00 0.000000e+00 0.000000e+00
<ENDHMM>
~h "four"
<BEGINHMM>
<NUMSTATES> 5
<STATE> 2
<MEAN> 39
 -7.667670e+00 -6.677827e+00 -5.470685e+00 -9.688775e+00 -1.112569e+00 -4.543457e+00 -5.189558e-01 -8.559965e+00 -2.271100e+00 -5.732466e+00 1.121456e+00 -4.080822e+00 1.494337e+01 3.138217e-01 1.473322e-02 -3.778466e-01 -2.939777e-01 -1.125271e-01 -9.206855e-02 -1.320359e-01 -8.578775e-03 1.231804e-01 1.054962e-01 -1.626062e-02 -4.077176e-02 1.258344e-01 2.438184e-01 9.813746e-02 -1.170291e-01 -1.288161e-01 -5.304088e-02 -1.112618e-01 -1.098033e-01 -1.808400e-02 -8.183796e-03 7.010660e-03 -7.390872e-02 -1.029508e-01 1.065354e-01
<VARIANCE> 39
 4.657419e+00 4.193460e+00 6.876425e+00 8.703981e+00 1.156786e+01 1.418999e+01 1.488087e+01 1.611060e+01 1.490003e+01 1.410072e+01 1.539700e+01 1.167674e+01 9.116744e-01 1.047058e+00 4.638930e-01 5.766331e-01 6.437244e-01 6.049668e-01 9.842574e-01 9.577634e-01 8.519890e-01 8.544602e-01 7.821221e-01 1.037507e+00 8.674346e-01 1.654541e-01 5.929485e-02 5.711764e-02 1.015153e-01 1.069118e-01 1.041829e-01 1.638919e-01 1.311686e-01 1.613802e-01 1.551094e-01 1.347690e-01 1.544519e-01 1.329652e-01 6.555412e-03
<GCONST> 6.410844e+01
<STATE> 3
<MEAN> 39
 1.545526e+00 -3.506123e+00 -1.204607e+01 -1.693923e+01 -4.004809e+00 -6.246469e+00 -3.255047e+00 -8.958965e+00 -1.451342e+00 -3.992060e+00 3.067987e-01 -6.856423e+00 1.889499e+01 3.433117e-01 -1.623330e-01 -3.558449e-01 -7.216430e-02 6.820405e-02 -2.290435e-02 -2.270740e-01 1.736781e-01 3.472273e-01 1.047994e-01 -2.364454e-01 -2.329495e-01 1.594968e-01 -1.728039e-01 -1.511338e-01 1.446066e-01 2.267950e-01 4.012823e-02 -2.949271e-02 4.305499e-02 1.087233e-01 4.690470e-02 -7.877308e-02 -5.253130e-02 5.703580e-02 -6.698009e-02
<VARIANCE> 39
 4.228021e+00 1.022233e+01 1.029063e+01 1.432928e+01 2.460279e+01 1.721144e+01 1.818641e+01 1.709353e+01 2.334682e+01 2.481170e+01 3.750473e+01 3.594293e+01 1.115837e+00 5.912108e-01 7.438775e-01 7.231926e-01 1.240834e+00 9.895784e-01 7.948669e-01 9.115146e-01 9.643075e-01 1.307605e+00 1.180662e+00 1.372143e+00 1.243439e+00 1.038326e-01 4.871656e-02 4.642653e-02 9.628273e-02 8.305295e-02 1.340589e-01 1.435016e-01 1.544321e-01 1.396359e-01 1.799943e-01 1.932647e-01 2.021903e-01 1.820078e-01 7.090586e-03
<GCONST> 7.298965e+01
<STATE> 4
<MEAN> 39
 -5.430458e-01 -1.072213e+01 -7.322939e+00 -8.565763e+00 -5.391710e+00 -8.704691e+00 -2.323933e+00 -4.895728e+00 1.830278e-01 -7.540163e+00 -3.910785e+00 -7.426183e+00 1.840882e+01 -6.129181e-01 7.468169e-02 1.055948e+00 4.896239e-01 -3.433322e-01 7.617801e-02 5.981506e-01 -1.811759e-01 -6.240040e-01 -3.440780e-01 1.658321e-01 3.014638e-01 -2.432804e-01 -9.001215e-02 2.380712e-01 -4.454315e-02 -1.996042e-01 1.165259e-01 1.960425e-01 3.099975e-02 -1.858810e-01 -1.287809e-01 1.032563e-01 1.745533e-01 4.439299e-02 -4.962529e-02
<VARIANCE> 39
 7.333503e+00 1.779972e+01 3.181582e+01 1.828320e+01 4.522149e+01 3.700915e+01 3.509651e+01 4.319543e+01 4.621257e+01 3.482854e+01 3.460019e+01 3.076909e+01 1.741683e+00 2.971822e-01 1.587482e+00 9.179323e-01 1.626276e+00 2.564559e+00 2.221724e+00 1.718485e+00 2.564737e+00 1.885282e+00 1.705936e+00 1.829029e+00 1.123809e+00 5.833100e-02 2.926734e-02 1.346405e-01 2.064867e-01 1.690560e-01 4.288251e-01 2.940577e-01 3.516506e-01 3.668516e-01 3.851891e-01 2.816668e-01 3.092483e-01 2.124609e-01 3.411697e-03
<GCONST> 9.085585e+01
<TRANSP> 5
 0.000000e+00 1.000000e+00 0.000000e+00 0.000000e+00 0.000000e+00
 0.000000e+00 9.011166e-01 9.888337e-02 0.000000e+00 0.000000e+00
 0.000000e+00 0.000000e+00 9.186857e-01 8.131428e-02 0.000000e+00
 0.000000e+00 0.000000e+00 0.000000e+00 8.810146e-01 1.189854e-01
 0.000000e+00 0.000000e+00 0.000000e+00 0.000000e+00 0.000000e+00
<ENDHMM>
~h "zero"
<BEGINHMM>
<NUMSTATES> 5
<STATE> 2
<MEAN> 39
 -6.758795e+00 -3.060357e+00 -4.886926e+00 -7.467130e+00 -1.266060e+00 -3.807358e+00 -1.414503e+00 -8.520308e+00 -3.457732e+00 -5.106325e+00 5.897086e-01 -4.556018e+00 1.523183e+01 -8.160892e-02 3.319025e-01 1.415446e-01 -3.044373e-01 -2.135763e-01 -2.740524e-01 -1.777727e-01 -1.206038e-01 1.234251e-01 2.200835e-01 -1.249210e-02 -2.425337e-04 1.061537e-01 6.809158e-02 1.069066e-01 1.513075e-01 -2.257204e-01 -1.459611e-01 -2.462851e-01 -6.498624e-02 -7.538898e-02 6.206869e-02 1.079975e-02 -2.259819e-02 -5.406768e-02 8.253144e-02
<VARIANCE> 39
 7.743755e+00 1.029071e+01 1.429299e+01 1.361214e+01 1.783623e+01 1.930117e+01 1.878184e+01 1.949929e+01 2.377311e+01 2.085798e+01 1.977738e+01 1.678404e+01 1.208824e+00 4.212253e-01 7.291558e-01 1.003988e+00 9.501795e-01 8.894137e-01 1.750981e+00 9.590865e-01 1.102346e+00 1.068065e+00 8.963054e-01 1.006147e+00 1.001828e+00 1.192749e-01 5.257982e-02 9.179468e-02 1.144159e-01 1.198284e-01 1.237983e-01 1.946237e-01 1.597965e-01 1.730723e-01 1.607315e-01 1.399920e-01 1.706546e-01 1.584679e-01 7.958444e-03
<GCONST> 7.320578e+01
<STATE> 3
<MEAN> 39
 -5.586421e+00 3.764417e-01 8.124300e-01 -1.662016e+01 -7.726246e+00 -9.212407e+00 -4.652719e+00 -8.629412e+00 -4.596005e-02 -3.801461e+00 1.259131e-01 -6.760436e+00 1.834503e+01 3.386482e-01 -6.270545e-01 4.860691e-01 -2.610093e-01 -1.101842e+00 1.285035e-01 1.582951e-01 1.533024e-01 3.336333e-01 -5.419653e-02 2.610881e-02 -1.543690e-01 1.944501e-01 4.483641e-02 -2.649259e-01 -1.695761e-01 3.424563e-01 1.083111e-02 1.389478e-01 1.904575e-01 7.272127e-02 -7.170753e-02 -4.759914e-02 -7.297440e-03 6.299930e-02 -6.152035e-02
<VARIANCE> 39
 7.288273e+00 1.929690e+01 1.717809e+01 2.746334e+01 5.860840e+01 3.948492e+01 3.188343e+01 4.334433e+01 3.243975e+01 3.000319e+01 3.377684e+01 4.991306e+01 1.155856e+00 4.296932e-01 1.774228e+00 8.572059e-01 2.671272e+00 1.663765e+00 2.653666e+00 1.731051e+00 1.476392e+00 1.339742e+00 1.174699e+00 1.140556e+00 1.379226e+00 7.306965e-02 5.100958e-02 1.111073e-01 1.222495e-01 1.859237e-01 2.382400e-01 3.923328e-01 2.242415e-01 2.433124e-01 2.198173e-01 1.773385e-01 1.722684e-01 2.129572e-01 4.551051e-03
<GCONST> 8.730618e+01
<STATE> 4
<MEAN> 39
 -1.647932e+00 -9.932187e+00 -4.559644e+00 -9.831037e+00 -9.193279e+00 -8.379128e+00 4.582933e-02 -4.367890e+00 -3.095219e-01 -6.667051e+00 -1.068256e+00 -5.912337e+00 1.846248e+01 -2.610508e-03 4.310861e-02 -4.245698e-01 2.103294e-01 6.924818e-01 -3.639385e-02 1.104397e-02 7.672153e-02 -1.452425e-01 -9.945802e-02 -4.236726e-02 5.537694e-02 -9.997213e-02 -8.143079e-02 1.025264e-01 5.201871e-02 -8.311228e-02 8.927452e-02 7.227089e-02 -5.907561e-02 -6.258208e-02 -2.343090e-02 2.524854e-02 2.545430e-02 8.609256e-03 -2.413061e-02
<VARIANCE> 39
 6.049120e+00 2.023595e+01 2.587005e+01 2.572124e+01 6.113183e+01 5.176131e+01 3.778088e+01 3.634288e+01 4.393966e+01 3.593985e+01 2.597931e+01 3.311543e+01 1.510513e+00 3.005413e-01 8.252383e-01 7.838669e-01 1.010156e+00 1.233098e+00 1.840439e+00 1.587232e+00 1.897686e+00 1.648368e+00 1.477125e+00 1.053726e+00 9.580959e-01 3.799920e-02 2.902401e-02 5.184659e-02 8.348551e-02 1.131014e-01 1.902442e-01 2.367636e-01 2.061778e-01 2.034191e-01 2.220372e-01 2.012139e-01 1.523045e-01 1.418912e-01 2.416836e-03
<GCONST> 8.032610e+01
<TRANSP> 5
 0.000000e+00 1.000000e+00 0.000000e+00 0.000000e+00 0.000000e+00
 0.000000e+00 8.903189e-01 1.096811e-01 0.000000e+00 0.000000e+00
 0.000000e+00 0.000000e+00 8.974966e-01 1.025034e-01 0.000000e+00
 0.000000e+00 0.000000e+00 0.000000e+00 9.447019e-01 5.529818e-02
 0.000000e+00 0.000000e+00 0.000000e+00 0.000000e+00 0.000000e+00
<ENDHMM>
