~o
<STREAMINFO> 1 39
<VECSIZE> 39<NULLD><MFCC_E_D_A><DIAGC>
~s "silst"
<MEAN> 39
 -5.086110e+00 -3.738019e+00 -3.206076e+00 -8.837967e+00 -1.241845e+00 -5.746436e+00 -1.826295e+00 -9.464602e+00 -3.497724e+00 -6.419949e+00 -3.621850e-01 -5.631867e+00 1.585650e+01 -6.627765e-01 -4.419571e-01 -4.518971e-01 1.682540e-01 3.068721e-01 7.057583e-01 3.760567e-01 1.105245e-01 1.448791e-01 1.514549e-01 3.332700e-01 3.707310e-01 -3.626590e-01 -2.679868e-02 -6.983957e-02 -1.095080e-01 -1.275395e-01 -9.686278e-02 -7.273069e-02 5.319880e-04 7.267180e-02 3.783176e-02 9.403139e-03 -1.482560e-02 4.097508e-03 2.657555e-02
<VARIANCE> 39
 1.127133e+01 1.071901e+01 1.346208e+01 1.340256e+01 2.076645e+01 2.466768e+01 2.383276e+01 2.472715e+01 2.790502e+01 2.727312e+01 2.580157e+01 2.358930e+01 2.019821e+00 3.749139e-01 7.426834e-01 8.194879e-01 8.108912e-01 1.144055e+00 1.287901e+00 1.254656e+00 1.299834e+00 1.408985e+00 1.271367e+00 1.246172e+00 1.113729e+00 5.124070e-02 6.984637e-02 1.001723e-01 1.067308e-01 1.139541e-01 1.560782e-01 2.203678e-01 1.943451e-01 1.871767e-01 2.098230e-01 1.843122e-01 1.820621e-01 1.530781e-01 9.215011e-03
<GCONST> 7.758736e+01
~h "eight"
<BEGINHMM>
<NUMSTATES> 5
<STATE> 2
<MEAN> 39
 -8.246099e+00 -2.961063e+00 -5.890873e+00 -1.828389e+01 2.122873e-01 -4.915756e+00 8.341483e-01 -6.801291e+00 -1.597732e+00 -7.452629e+00 -1.734750e+00 -5.731294e+00 1.742234e+01 -1.716048e-01 1.037345e+00 -1.016136e-01 -1.062446e+00 -4.308600e-02 -5.845362e-01 8.743954e-02 4.711058e-01 3.878267e-01 -1.031258e-02 -1.765681e-01 -2.418362e-01 3.317332e-01 2.967547e-02 8.809005e-02 5.922035e-03 1.453712e-01 -6.160967e-02 -1.932292e-01 -8.381236e-02 -1.854490e-02 2.338162e-02 9.360901e-02 1.161522e-01 -1.392955e-04 -1.825663e-02
<VARIANCE> 39
 7.974232e+00 2.042817e+01 1.887385e+01 3.151736e+01 4.201093e+01 2.226376e+01 2.489334e+01 2.276169e+01 3.073854e+01 2.351390e+01 2.470696e+01 2.559257e+01 3.259788e+00 3.432657e-01 7.504602e-01 6.397960e-01 1.274230e+00 1.189466e+00 1.357774e+00 1.450583e+00 9.933149e-01 1.347933e+00 1.118203e+00 1.075260e+00 9.613929e-01 1.022435e-01 4.197327e-02 8.001295e-02 7.528586e-02 1.933935e-01 1.372323e-01 1.690629e-01 1.487841e-01 1.686046e-01 2.268711e-01 1.636716e-01 1.698585e-01 1.471632e-01 1.295328e-02
<GCONST> 7.929701e+01
<STATE> 3
<MEAN> 39
 -8.392917e+00 5.780851e+00 -5.518987e+00 -1.923254e+01 -2.892032e+00 -1.375953e+01 -1.645794e+00 -5.954702e+00 7.399800e-01 -4.022947e+00 7.658316e-01 -5.690664e+00 1.854661e+01 1.008929e-01 5.017439e-01 2.030729e-01 8.281536e-01 -1.132464e-02 -9.358733e-01 -6.090109e-01 -8.130457e-01 -3.606353e-01 3.265543e-01 4.637374e-01 2.254836e-01 -7.216265e-02 4.930468e-02 -2.811588e-01 2.283571e-02 1.888753e-01 8.654372e-02 2.724482e-01 2.105027e-02 -1.582537e-01 -1.936542e-01 -1.401056e-01 -7.180603e-02 3.678624e-02 -6.156084e-02
<VARIANCE> 39
 1.001389e+01 1.131399e+01 2.485963e+01 2.641442e+01 2.097478e+01 2.363372e+01 5.647647e+01 2.709424e+01 2.950892e+01 2.182495e+01 3.271455e+01 2.504065e+01 1.477996e+00 1.825290e-01 5.045868e-01 2.621671e-01 6.245433e-01 8.219957e-01 1.014009e+00 7.494297e-01 8.233076e-01 1.769534e+00 1.022956e+00 1.189390e+00 8.483596e-01 2.529340e-02 2.770289e-02 7.069279e-02 4.941353e-02 9.895352e-02 8.104841e-02 1.525866e-01 1.404501e-01 1.338291e-01 1.672896e-01 1.385798e-01 1.857317e-01 1.362077e-01 3.379695e-03
<GCONST> 6.901167e+01
<STATE> 4
<MEAN> 39
 -6.983315e+00 1.117595e+00 -4.081327e+00 -1.221289e+01 -1.204048e+00 -1.172395e+01 -4.081006e+00 -1.160493e+01 -4.450202e+00 -5.781494e+00 8.155319e-01 -4.550768e+00 1.652227e+01 2.182378e-01 -1.854945e+00 -1.443908e-05 8.877579e-01 2.209575e-01 1.603314e+00 3.197460e-01 -3.009582e-02 -3.281933e-01 -3.987959e-01 -1.449695e-01 9.632629e-02 -4.692640e-01 -7.012271e-02 -1.004883e-01 -9.851962e-02 -1.304885e-01 -4.589982e-02 1.603141e-01 1.926651e-01 2.726277e-01 2.060966e-01 6.440505e-02 2.208065e-02 -3.132744e-02 -6.545765e-03
<VARIANCE> 39
 6.052186e+00 3.356473e+01 1.485766e+01 1.933506e+01 1.614548e+01 3.817145e+01 3.282252e+01 2.462400e+01 3.946291e+01 2.740121e+01 2.593876e+01 2.417668e+01 2.807182e+00 3.507525e-01 7.451125e-01 6.177785e-01 1.035129e+00 6.514919e-01 1.245714e+00 1.758082e+00 1.480912e+00 2.021361e+00 1.219260e+00 1.376284e+00 1.140344e+00 3.566517e-02 4.192056e-02 2.587765e-01 6.976626e-02 1.186126e-01 9.772106e-02 3.265803e-01 1.809695e-01 1.962520e-01 2.997810e-01 1.796626e-01 1.978962e-01 1.934195e-01 1.054876e-02
<GCONST> 8.037081e+01
<TRANSP> 5
 0.000000e+00 1.000000e+00 0.000000e+00 0.000000e+00 0.000000e+00
 0.000000e+00 8.666710e-01 1.333290e-01 0.000000e+00 0.000000e+00
 0.000000e+00 0.000000e+00 8.552707e-01 1.447293e-01 0.000000e+00
 0.000000e+00 0.000000e+00 0.000000e+00 8.207448e-01 1.792552e-01
 0.000000e+00 0.000000e+00 0.000000e+00 0.000000e+00 0.000000e+00
<ENDHMM>
~h "oh"
<BEGINHMM>
<NUMSTATES> 5
<STATE> 2
<MEAN> 39
 -4.347552e+00 -1.038547e+01 -8.319094e+00 -8.572058e+00 -2.646473e+00 -7.667640e+00 3.610893e+00 -7.394569e+00 -5.270960e+00 -7.112885e+00 -2.458250e+00 -5.434500e+00 1.783359e+01 5.452982e-01 -2.033574e-01 -6.062515e-01 1.687254e-01 9.470166e-02 -6.938716e-01 1.411743e-01 7.358484e-01 -1.452172e-02 -4.295845e-01 -4.092895e-01 -1.486016e-01 3.494316e-01 9.258890e-03 1.043636e-01 3.442293e-03 -5.291444e-02 3.915260e-02 -9.489190e-03 -1.536240e-01 7.535427e-03 1.331650e-01 2.627753e-02 -8.808923e-03 -2.717081e-02 -2.231972e-02
<VARIANCE> 39
 8.683638e+00 1.230052e+01 1.668976e+01 1.815409e+01 2.300859e+01 2.457684e+01 3.069633e+01 6.490618e+01 3.839859e+01 3.411599e+01 2.704028e+01 3.153439e+01 2.978023e+00 2.957149e-01 5.772498e-01 6.285361e-01 6.366981e-01 6.819689e-01 9.323677e-01 1.328739e+00 1.779398e+00 1.552595e+00 1.255531e+00 1.250319e+00 1.046449e+00 9.599531e-02 3.975754e-02 6.260011e-02 7.478799e-02 7.925555e-02 9.146568e-02 1.296419e-01 1.553583e-01 2.151352e-01 1.864468e-01 1.963766e-01 1.843201e-01 1.400798e-01 1.323669e-02
<GCONST> 7.708495e+01
<STATE> 3
<MEAN> 39
 -5.696760e-01 -8.240722e+00 -1.318253e+01 -9.931380e+00 -6.950960e-01 -1.204578e+01 -8.136380e-01 -7.757245e-01 1.392376e-01 -8.229436e+00 -5.129513e+00 -6.598236e+00 1.903640e+01 2.229221e-01 4.046771e-01 -2.772948e-02 -3.477040e-01 -3.615608e-02 -2.944749e-03 -6.740852e-01 -2.466981e-01 6.655374e-01 6.048139e-01 -3.227685e-02 -3.517880e-01 -9.700037e-03 -4.121894e-02 2.430687e-02 1.012031e-01 -2.061139e-02 -5.738450e-02 9.285022e-02 1.179904e-02 -1.581845e-01 -8.139351e-02 9.158467e-02 1.213396e-01 1.124709e-02 -2.518290e-02
<VARIANCE> 39
 6.096011e+00 8.375997e+00 1.530735e+01 1.468573e+01 1.917063e+01 2.241522e+01 4.161498e+01 3.066713e+01 3.920291e+01 3.569450e+01 3.180800e+01 4.013142e+01 1.218289e+00 8.017703e-02 1.367407e-01 2.628684e-01 2.765548e-01 3.855157e-01 5.141647e-01 7.292854e-01 1.008741e+00 7.301511e-01 8.536437e-01 7.857538e-01 6.994883e-01 1.317238e-02 1.110350e-02 1.420933e-02 3.352670e-02 3.312496e-02 4.696671e-02 6.865435e-02 7.736505e-02 9.565932e-02 1.049865e-01 1.012777e-01 9.142730e-02 8.852331e-02 1.197491e-03
<GCONST> 5.208391e+01
<STATE> 4
<MEAN> 39
 1.791989e-01 -3.748122e+00 -9.930675e+00 -1.348570e+01 -3.321172e+00 -1.008135e+01 -4.949053e+00 -7.352111e+00 1.043930e+00 -2.363425e+00 -1.835653e-01 -7.006411e+00 1.844943e+01 -3.488233e-01 2.883445e-01 8.525329e-01 1.505672e-01 -2.193045e-01 3.721660e-01 2.098788e-01 -5.762862e-01 -5.868301e-01 -1.040196e-01 5.090222e-01 4.132014e-01 -2.309354e-01 -1.311578e-01 -1.055707e-01 5.189416e-02 1.419976e-01 1.060841e-01 8.463069e-02 1.854934e-01 8.486271e-02 -1.053023e-01 -1.823583e-01 -7.812051e-02 8.006120e-02 -4.432118e-02
<VARIANCE> 39
 6.293725e+00 7.041243e+00 1.859555e+01 1.556720e+01 1.893330e+01 2.847873e+01 3.127390e+01 2.747074e+01 3.058754e+01 3.711795e+01 3.965977e+01 3.648195e+01 1.764589e+00 2.388662e-01 3.548211e-01 4.248314e-01 5.882227e-01 6.865050e-01 8.703571e-01 1.177234e+00 1.224692e+00 1.195980e+00 1.307789e+00 1.200862e+00 1.026297e+00 3.052604e-02 2.296550e-02 3.297552e-02 6.560747e-02 6.527814e-02 9.793619e-02 1.570746e-01 1.654029e-01 1.873624e-01 2.027335e-01 1.906709e-01 1.711878e-01 1.630767e-01 2.734510e-03
<GCONST> 6.920478e+01
<TRANSP> 5
 0.000000e+00 1.000000e+00 0.000000e+00 0.000000e+00 0.000000e+00
 0.000000e+00 8.829324e-01 1.170676e-01 0.000000e+00 0.000000e+00
 0.000000e+00 0.000000e+00 8.920132e-01 1.079868e-01 0.000000e+00
 0.000000e+00 0.000000e+00 0.000000e+00 8.562569e-01 1.437431e-01
 0.000000e+00 0.000000e+00 0.000000e+00 0.000000e+00 0.000000e+00
<ENDHMM>
~h "sp"
<BEGINHMM>
<NUMSTATES> 5
<STATE> 2
~s "silst"
<STATE> 3
<MEAN> 39
 -7.754512e+00 -6.423717e+00 -6.103024e+00 -9.682182e+00 -1.379744e+00 -4.052670e+00 -6.678537e-01 -8.575881e+00 -2.837063e+00 -5.598845e+00 9.454235e-01 -4.059619e+00 1.480032e+01 -9.666280e-02 -1.447991e-02 -1.069138e-01 -7.314195e-04 -2.662193e-02 2.807904e-02 -7.925205e-03 3.362115e-02 1.678218e-03 1.739249e-02 3.183521e-02 3.931531e-02 -1.244550e-02 6.295643e-02 7.974268e-02 6.189958e-02 -1.321354e-02 -9.252124e-03 -5.821222e-02 -3.887020e-02 -1.879590e-02 -8.865640e-03 -1.602653e-02 -3.395221e-02 -3.326800e-02 4.408838e-02
<VARIANCE> 39
 5.397094e+00 5.997539e+00 8.660528e+00 1.021978e+01 1.438740e+01 1.550191e+01 1.555868e+01 1.665657e+01 1.760036e+01 1.643821e+01 1.600249e+01 1.380624e+01 1.091019e+00 1.617074e-01 2.420132e-01 3.667801e-01 4.372564e-01 5.710168e-01 6.828843e-01 6.527184e-01 7.237133e-01 7.456204e-01 6.608746e-01 6.564599e-01 5.708218e-01 7.582335e-03 3.371818e-02 5.434292e-02 7.269779e-02 9.169955e-02 1.145425e-01 1.433606e-01 1.319783e-01 1.440434e-01 1.472189e-01 1.255673e-01 1.257611e-01 1.148344e-01 4.138234e-03
<GCONST> 5.532019e+01
<STATE> 4
<MEAN> 39
 -8.442341e+00 -5.018961e+00 -6.261026e+00 -9.021078e+00 -1.928514e+00 -3.816529e+00 -9.739856e-01 -8.366283e+00 -2.934223e+00 -5.500649e+00 6.541935e-01 -4.108582e+00 1.506532e+01 3.695127e-01 1.763028e-01 1.456080e-01 -2.245007e-01 -2.788064e-01 -3.999884e-01 -3.497870e-02 7.498674e-02 -1.624607e-02 -4.236652e-02 -2.373401e-01 -1.188617e-01 2.660905e-01 2.210655e-01 6.130558e-03 5.386199e-02 -1.645445e-01 -1.638063e-01 -2.228581e-01 4.444832e-03 2.497715e-02 1.237888e-02 -1.154244e-03 -1.173660e-01 -9.190885e-02 1.232783e-01
<VARIANCE> 39
 1.157550e+01 1.133691e+01 1.693483e+01 1.542717e+01 1.891464e+01 1.839924e+01 1.801650e+01 1.999069e+01 2.148301e+01 1.982062e+01 1.878324e+01 1.701955e+01 1.498936e+00 6.092130e-01 5.385957e-01 8.024755e-01 8.642326e-01 1.039904e+00 1.076784e+00 9.235895e-01 1.250784e+00 1.077979e+00 1.015723e+00 9.675937e-01 8.077714e-01 6.098357e-02 7.008703e-02 1.105750e-01 1.688013e-01 1.523698e-01 2.060536e-01 1.947755e-01 1.780543e-01 2.301501e-01 2.097282e-01 1.851608e-01 1.798453e-01 1.617457e-01 8.934400e-03
<GCONST> 7.547420e+01
<TRANSP> 5
 0.000000e+00 8.225178e-01 1.774823e-01 0.000000e+00 0.000000e+00
 0.000000e+00 7.939309e-01 2.060691e-01 0.000000e+00 0.000000e+00
 0.000000e+00 0.000000e+00 8.546095e-01 1.453905e-01 0.000000e+00
 0.000000e+00 0.000000e+00 0.000000e+00 5.683644e-01 4.316356e-01
 0.000000e+00 0.000000e+00 0.000000e+00 0.000000e+00 0.000000e+00
<ENDHMM>
~h "seven"
<BEGINHMM>
<NUMSTATES> 5
<STATE> 2
<MEAN> 39
 -5.722368e+00 -4.278357e+00 -4.873846e+00 -1.368116e+01 -6.926394e+00 -6.898771e+00 1.909928e+00 -8.033806e+00 -1.487031e+00 -5.010141e+00 -2.835341e+00 -6.099155e+00 1.724126e+01 4.936199e-01 -2.531999e-01 2.578443e-01 -1.339947e+00 -8.129506e-01 -1.997785e-01 1.089473e+00 9.989895e-03 1.254980e-01 -3.572073e-01 -8.117366e-01 -6.600546e-01 6.941851e-01 -1.875398e-01 -1.807985e-01 -1.934233e-01 1.354526e-01 2.353347e-01 3.165039e-01 1.048634e-03 2.454892e-02 -1.493053e-01 -1.187215e-01 7.639330e-02 7.489852e-02 -3.205641e-02
<VARIANCE> 39
 1.064725e+01 6.312405e+00 1.014494e+01 2.912935e+01 3.416724e+01 3.004865e+01 2.862934e+01 2.550890e+01 2.839328e+01 5.995087e+01 2.716487e+01 2.705637e+01 4.038610e+00 6.436105e-01 5.453775e-01 7.595999e-01 9.002489e-01 1.800140e+00 1.933100e+00 1.370635e+00 1.227877e+00 1.508957e+00 2.125705e+00 1.224284e+00 1.542737e+00 6.319610e-02 8.510558e-02 5.821296e-02 8.749475e-02 2.324663e-01 2.913606e-01 2.088279e-01 1.884955e-01 1.479461e-01 1.625696e-01 2.877743e-01 1.925051e-01 2.148366e-01 3.025741e-02
<GCONST> 8.458973e+01
<STATE> 3
<MEAN> 39
 -6.222602e+00 -8.530211e+00 -5.706961e+00 -1.579264e+01 -4.666461e+00 -2.805920e+00 5.270425e+00 -9.141651e+00 -3.308884e+00 -7.492209e+00 -3.832797e+00 -5.898571e+00 1.910693e+01 1.475262e-01 -2.111516e-01 1.466742e-01 6.057292e-01 1.679573e-01 -1.918988e-01 -1.347636e-01 3.312989e-01 -4.435592e-01 1.968633e-01 2.494579e-01 1.024993e-01 -1.086623e-01 9.563016e-02 2.142158e-01 1.413943e-01 2.536621e-01 -2.255655e-02 -2.824793e-01 -2.967449e-01 8.855162e-02 6.636010e-02 6.440287e-02 1.709819e-01 -2.659735e-02 -1.178569e-01
<VARIANCE> 39
 9.177536e+00 9.166884e+00 8.230040e+00 1.590891e+01 4.728743e+01 3.142108e+01 3.266372e+01 3.960959e+01 5.046654e+01 4.585004e+01 3.501162e+01 3.279102e+01 1.257124e+00 3.462100e-01 5.585707e-01 3.885725e-01 6.192412e-01 1.218622e+00 1.515942e+00 1.224779e+00 9.790699e-01 1.092047e+00 1.597755e+00 1.620710e+00 9.380733e-01 6.204225e-02 4.495813e-02 4.336041e-02 4.722998e-02 9.900939e-02 2.098251e-01 1.441615e-01 1.916656e-01 1.568703e-01 1.973229e-01 1.878122e-01 2.499375e-01 1.723864e-01 4.882751e-03
<GCONST> 7.602809e+01
<STATE> 4
<MEAN> 39
 -3.266022e+00 -4.171142e+00 -2.048293e+00 -9.796144e+00 -4.058714e+00 -7.978367e+00 -4.542468e-01 -7.808624e+00 -3.911507e+00 -6.626525e+00 -1.651676e+00 -7.021697e+00 1.715359e+01 1.034618e-01 3.755029e-01 2.361941e-01 2.429201e-01 3.904146e-01 -3.557475e-02 -4.411598e-01 -3.539811e-01 4.344615e-02 -7.728554e-02 8.674143e-02 -1.275834e-02 -9.204362e-02 -4.172325e-02 -5.696643e-02 -5.357856e-02 -7.387298e-02 7.507805e-03 1.147787e-01 8.911223e-02 -5.035813e-02 -1.218968e-03 -1.455800e-03 -4.404780e-02 3.680062e-02 1.904890e-02
<VARIANCE> 39
 4.978776e+00 1.063792e+01 1.020510e+01 1.382539e+01 2.847643e+01 3.240939e+01 2.630845e+01 4.141856e+01 3.188659e+01 3.585891e+01 3.239236e+01 2.851508e+01 1.734088e+00 1.944206e-01 4.219167e-01 4.836056e-01 9.323463e-01 1.402696e+00 1.182780e+00 1.676792e+00 1.272822e+00 1.413969e+00 1.401439e+00 1.279307e+00 9.401181e-01 9.243055e-02 3.556488e-02 8.043928e-02 8.829916e-02 1.533142e-01 2.521126e-01 2.065598e-01 2.867168e-01 2.297789e-01 2.303169e-01 2.411655e-01 2.152568e-01 1.498453e-01 1.517984e-02
<GCONST> 7.894598e+01
<TRANSP> 5
 0.000000e+00 1.000000e+00 0.000000e+00 0.000000e+00 0.000000e+00
 0.000000e+00 7.997189e-01 2.002811e-01 0.000000e+00 0.000000e+00
 0.000000e+00 0.000000e+00 8.542678e-01 1.457321e-01 0.000000e+00
 0.000000e+00 0.000000e+00 0.000000e+00 9.305601e-01 6.943993e-02
 0.000000e+00 0.000000e+00 0.000000e+00 0.000000e+00 0.000000e+00
<ENDHMM>
~h "three"
<BEGINHMM>
<NUMSTATES> 5
<STATE> 2
<MEAN> 39
 -3.026479e+00 -6.966094e+00 -2.784062e-01 -8.974103e+00 -1.054886e+01 -1.092708e+01 -1.259283e+00 -8.802574e+00 -1.770517e+00 -5.080087e+00 -2.154862e-01 -5.336743e+00 1.742335e+01 4.665742e-01 -1.351622e-01 9.492831e-01 -2.846655e-01 -1.569528e+00 -7.862967e-02 -2.562630e-01 -2.374865e-01 4.087782e-01 1.045560e-01 -2.755797e-02 -2.385906e-01 3.672097e-01 -1.818112e-01 1.228125e-01 1.996657e-03 -2.974809e-01 2.285287e-01 3.093828e-01 -1.666798e-01 1.727345e-02 7.877023e-02 -1.855240e-02 4.528271e-02 8.459402e-03 -3.323387e-02
<VARIANCE> 39
 1.152386e+01 1.272720e+01 1.698960e+01 3.009520e+01 5.281925e+01 4.898251e+01 2.348880e+01 2.657592e+01 2.838099e+01 2.602542e+01 3.431796e+01 3.199879e+01 2.721648e+00 7.913306e-01 7.008305e-01 8.022301e-01 2.138998e+00 1.945721e+00 3.499101e+00 1.448970e+00 1.562792e+00 1.255662e+00 1.073604e+00 1.374128e+00 1.274721e+00 6.038927e-02 1.126850e-01 1.474631e-01 1.344948e-01 2.992246e-01 4.751647e-01 4.270371e-01 2.927056e-01 2.413958e-01 1.947658e-01 1.815391e-01 1.985940e-01 1.932272e-01 9.908119e-03
<GCONST> 8.977074e+01
<STATE> 3
<MEAN> 39
 -5.101818e+00 -3.523085e+00 5.566711e+00 -1.913185e+01 -1.221596e+01 -4.186025e+00 -8.792638e+00 -8.620225e+00 1.864303e+00 -5.818908e+00 1.054759e+00 -5.965480e+00 1.864643e+01 -8.412715e-01 1.795387e+00 -2.935171e-01 -1.684968e+00 2.383050e+00 -1.767273e-01 -1.433392e+00 9.165140e-01 -4.407142e-01 -2.267667e-01 1.154305e-01 2.412674e-02 -2.479325e-02 4.859994e-02 1.143270e-01 -4.604923e-01 5.274548e-01 3.742356e-01 -6.713613e-01 4.407135e-01 4.695698e-02 -3.670325e-01 7.829134e-02 -5.676930e-02 3.726195e-02 -5.332606e-02
<VARIANCE> 39
 7.768338e+00 2.370426e+01 1.170547e+01 3.086532e+01 6.008831e+01 2.839458e+01 4.157748e+01 6.438258e+01 2.625638e+01 2.810250e+01 3.811699e+01 2.974115e+01 1.296477e+00 2.524870e-01 6.053389e-01 1.005717e+00 1.791337e+00 1.339851e+00 3.589618e+00 2.057497e+00 1.349167e+00 1.392228e+00 1.089039e+00 7.167162e-01 7.915645e-01 1.976188e-02 5.057111e-02 1.563201e-01 9.315243e-02 2.346948e-01 4.942973e-01 2.356383e-01 3.807597e-01 3.775720e-01 1.675483e-01 1.489855e-01 1.327951e-01 1.105142e-01 2.157654e-03
<GCONST> 8.243734e+01
<STATE> 4
<MEAN> 39
 -6.744971e+00 4.101684e+00 -1.734481e+00 -1.633128e+01 -1.324736e+00 -1.258372e+01 -5.444897e+00 -8.172405e+00 -3.432713e+00 -4.965696e+00 -2.639151e-01 -6.249416e+00 1.786741e+01 1.492239e-01 -9.649932e-02 -5.597591e-01 9.728994e-01 4.106002e-01 -1.191966e-01 7.107318e-01 -3.738952e-01 -3.051854e-01 -2.302717e-02 -1.985316e-01 2.166739e-03 -1.798995e-01 6.401716e-02 -3.144403e-01 9.513382e-02 8.016199e-02 -2.291712e-01 3.121637e-01 3.503943e-02 -3.141785e-02 1.382886e-01 -3.394896e-02 2.257697e-02 1.235017e-02 -2.586883e-02
<VARIANCE> 39
 7.455734e+00 1.520531e+01 1.621861e+01 3.033509e+01 2.258594e+01 2.538939e+01 4.753378e+01 4.493225e+01 3.218832e+01 4.071910e+01 4.083128e+01 3.689128e+01 1.619439e+00 2.170642e-01 1.341968e+00 6.411552e-01 8.475713e-01 1.198051e+00 2.034617e+00 1.290107e+00 1.483447e+00 1.224248e+00 1.176885e+00 8.521859e-01 8.694338e-01 2.473756e-02 3.732299e-02 9.146149e-02 7.174350e-02 1.605611e-01 1.829961e-01 1.712172e-01 2.105226e-01 2.209746e-01 1.732891e-01 1.653353e-01 1.335199e-01 1.305187e-01 2.686642e-03
<GCONST> 7.746857e+01
<TRANSP> 5
 0.000000e+00 1.000000e+00 0.000000e+00 0.000000e+00 0.000000e+00
 0.000000e+00 8.772464e-01 1.227536e-01 0.000000e+00 0.000000e+00
 0.000000e+00 0.000000e+00 7.865537e-01 2.134463e-01 0.000000e+00
 0.000000e+00 0.000000e+00 0.000000e+00 8.903112e-01 1.096888e-01
 0.000000e+00 0.000000e+00 0.000000e+00 0.000000e+00 0.000000e+00
<ENDHMM>
~h "one"
<BEGINHMM>
<NUMSTATES> 5
<STATE> 2
<MEAN> 39
 -5.584317e-01 -3.775738e+00 -9.287639e+00 -1.282454e+01 -1.659632e+00 -5.563071e+00 -2.020331e+00 -8.864182e+00 -2.704849e+00 -6.731610e+00 -1.550515e+00 -7.297471e+00 1.775072e+01 2.765893e-01 -4.073115e-01 -8.740368e-01 4.598356e-01 4.895054e-01 4.117287e-02 -2.919758e-01 2.273562e-01 2.048162e-01 -3.067009e-01 -3.896614e-01 -2.718349e-01 2.372016e-01 -1.196022e-01 -1.467374e-01 5.463917e-02 2.657843e-01 8.078145e-03 -1.162405e-01 -1.528338e-02 9.397276e-02 -1.101967e-02 -9.046154e-02 1.129437e-02 8.345105e-02 -2.122203e-02
<VARIANCE> 39
 7.532988e+00 9.255384e+00 2.885059e+01 2.285519e+01 2.892649e+01 2.535228e+01 2.283106e+01 2.066743e+01 2.828903e+01 2.397348e+01 2.968777e+01 2.874803e+01 2.262743e+00 4.569850e-01 7.989908e-01 8.711012e-01 2.245066e+00 1.371647e+00 1.441589e+00 1.268632e+00 1.066454e+00 1.133166e+00 1.021057e+00 1.095166e+00 1.045247e+00 4.806373e-02 4.467314e-02 6.120560e-02 1.908719e-01 2.173831e-01 2.631249e-01 2.527652e-01 2.368942e-01 1.811405e-01 2.007118e-01 1.693505e-01 1.889337e-01 1.837534e-01 4.988521e-03
<GCONST> 8.015966e+01
<STATE> 3
<MEAN> 39
 -2.365920e+00 -1.071520e+01 -1.090180e+01 -1.688709e+00 -4.439209e-01 -9.494928e+00 -2.446681e+00 -4.206690e+00 -3.535909e+00 -1.172836e+01 -2.377911e+00 -6.055293e+00 1.853589e+01 -6.083157e-01 -3.737920e-01 1.339353e+00 5.725163e-01 -1.353553e+00 -3.280965e-01 1.195879e+00 -8.908869e-02 -9.246773e-01 -9.228550e-02 5.863017e-01 1.197675e-01 -4.917855e-02 2.359950e-02 3.139483e-01 2.517535e-01 -5.823580e-01 -1.342533e-01 3.766380e-01 9.197528e-02 -4.377061e-01 -1.776597e-04 3.805642e-01 4.404156e-02 -1.768471e-01 -2.978488e-02
<VARIANCE> 39
 6.138383e+00 9.607800e+00 1.865573e+01 2.375340e+01 2.700867e+01 1.740325e+01 3.766833e+01 3.138674e+01 4.646096e+01 3.755227e+01 3.383817e+01 3.321532e+01 1.544376e+00 1.544859e-01 5.159046e-01 6.042684e-01 1.831706e+00 7.392109e-01 1.711799e+00 1.007190e+00 2.247401e+00 1.165659e+00 1.864522e+00 1.028529e+00 1.293609e+00 8.477639e-03 2.364358e-02 5.254914e-02 1.008160e-01 1.224663e-01 2.852771e-01 1.528344e-01 3.759781e-01 1.781836e-01 3.358845e-01 2.003313e-01 2.674364e-01 1.680850e-01 8.554141e-04
<GCONST> 7.512994e+01
<STATE> 4
<MEAN> 39
 -4.105676e+00 -5.419231e+00 -1.639288e+00 -8.749072e+00 -4.067082e+00 -5.850688e+00 -1.672887e+00 -1.194908e+01 -4.640907e+00 -8.688828e+00 -2.582137e+00 -8.293622e+00 1.778398e+01 1.508987e-01 9.712222e-01 6.259685e-01 -7.290896e-01 4.275253e-01 -6.621232e-02 -6.316548e-01 -4.445015e-01 8.195274e-02 2.300439e-01 -1.761567e-01 5.054009e-02 -1.279315e-01 4.440911e-02 -6.849062e-02 -2.143227e-01 1.672597e-01 1.613332e-01 -6.895450e-02 -6.819522e-02 1.651898e-01 1.348208e-02 -1.166284e-01 1.023769e-02 7.499051e-02 -5.518733e-03
<VARIANCE> 39
 6.950591e+00 2.330102e+01 1.104046e+01 2.144178e+01 1.961284e+01 4.667524e+01 3.616920e+01 3.533356e+01 4.121084e+01 4.575420e+01 3.326080e+01 3.779748e+01 1.325767e+00 2.766880e-01 6.132075e-01 8.058628e-01 1.205885e+00 9.142483e-01 1.968277e+00 1.134922e+00 1.444948e+00 1.608966e+00 1.541992e+00 9.444223e-01 9.596874e-01 1.268099e-02 4.884580e-02 1.200312e-01 8.176797e-02 1.340184e-01 2.007250e-01 3.083369e-01 2.740997e-01 1.858972e-01 2.303764e-01 2.258900e-01 1.685954e-01 1.676091e-01 1.602129e-03
<GCONST> 7.851627e+01
<TRANSP> 5
 0.000000e+00 1.000000e+00 0.000000e+00 0.000000e+00 0.000000e+00
 0.000000e+00 8.980576e-01 1.019424e-01 0.000000e+00 0.000000e+00
 0.000000e+00 0.000000e+00 8.248694e-01 1.751306e-01 0.000000e+00
 0.000000e+00 0.000000e+00 0.000000e+00 8.841870e-01 1.158130e-01
 0.000000e+00 0.000000e+00 0.000000e+00 0.000000e+00 0.000000e+00
<ENDHMM>
~h "sil"
<BEGINHMM>
<NUMSTATES> 5
<STATE> 2
<MEAN> 39
 -6.779458e+00 -6.749565e+00 -5.112161e+00 -9.121718e+00 -2.888462e-02 -3.398386e+00 1.699206e-01 -8.542521e+00 -2.620798e+00 -5.769843e+00 5.600455e-01 -4.299342e+00 1.461587e+01 -3.755568e-02 -2.052625e-03 -2.105256e-03 3.414575e-02 4.174023e-02 2.684610e-02 4.775034e-02 3.364331e-03 -1.780614e-02 5.937149e-03 1.639040e-02 1.308202e-02 -1.224934e-02 -2.603533e-02 -3.368587e-02 -7.328913e-02 -1.077396e-01 -1.177016e-01 -1.150428e-01 -6.086451e-02 -7.657316e-03 -2.123176e-02 1.069683e-02 3.699293e-02 2.938727e-02 1.875763e-03
<VARIANCE> 39
 3.594216e+00 4.331260e+00 5.968021e+00 7.600771e+00 1.197424e+01 1.365840e+01 1.465213e+01 1.630434e+01 1.572836e+01 1.373472e+01 1.578057e+01 1.309725e+01 1.166496e+00 7.771220e-02 1.582460e-01 2.700667e-01 3.722219e-01 4.930412e-01 6.554693e-01 6.790354e-01 7.113334e-01 6.929360e-01 5.742930e-01 6.348500e-01 5.625719e-01 4.971856e-03 1.084824e-02 2.393415e-02 4.024180e-02 5.012210e-02 7.073940e-02 1.017385e-01 1.068472e-01 1.300767e-01 1.116755e-01 9.221135e-02 1.051863e-01 9.909450e-02 6.303976e-04
<GCONST> 4.368169e+01
<STATE> 3
~s "silst"
<STATE> 4
<MEAN> 39
 -7.611808e+00 -7.341351e+00 -6.622992e+00 -1.117297e+01 -2.173417e+00 -5.391219e+00 -1.003076e+00 -8.635480e+00 -2.693693e+00 -5.392603e+00 1.458627e+00 -3.845554e+00 1.448308e+01 -3.210117e-03 7.086558e-03 -2.840422e-02 -3.024330e-02 -5.476718e-02 -2.111915e-02 -6.063224e-02 -7.285835e-03 -3.328323e-03 -6.404932e-03 -2.143470e-02 -2.007730e-02 6.874418e-05 3.939039e-02 5.907402e-02 9.663541e-02 1.264420e-01 1.318866e-01 1.253764e-01 6.194926e-02 1.461170e-02 2.540305e-02 -1.776021e-02 -5.665034e-02 -4.022172e-02 8.964861e-03
<VARIANCE> 39
 3.536842e+00 4.173955e+00 6.421717e+00 7.867054e+00 1.127086e+01 1.261481e+01 1.499503e+01 1.598854e+01 1.773650e+01 1.534263e+01 1.513275e+01 1.342655e+01 9.964227e-01 7.791514e-02 1.691822e-01 2.889509e-01 4.171987e-01 5.058544e-01 6.768066e-01 5.964821e-01 7.445909e-01 7.111375e-01 6.084949e-01 7.014671e-01 6.134152e-01 3.295272e-03 1.450096e-02 2.903523e-02 4.220636e-02 5.741009e-02 7.358169e-02 1.091247e-01 1.041346e-01 1.286453e-01 1.335132e-01 1.061616e-01 1.176028e-01 1.100434e-01 1.132876e-03
<GCONST> 4.560124e+01
<TRANSP> 5
 0.000000e+00 1.000000e+00 0.000000e+00 0.000000e+00 0.000000e+00
 0.000000e+00 7.711303e-01 2.416313e-02 2.047065e-01 0.000000e+00
 0.000000e+00 0.000000e+00 8.267495e-01 1.732504e-01 0.000000e+00
 0.000000e+00 1.881367e-01 0.000000e+00 7.416884e-01 7.017491e-02
 0.000000e+00 0.000000e+00 0.000000e+00 0.000000e+00 0.000000e+00
<ENDHMM>
~h "six"
<BEGINHMM>
<NUMSTATES> 5
<STATE> 2
<MEAN> 39
 -8.652335e+00 -4.240199e+00 -6.944807e+00 -8.759655e+00 -3.132081e+00 -4.289910e+00 -1.962432e+00 -8.226757e+00 -3.547077e+00 -3.978561e+00 1.191559e-01 -3.144427e+00 1.496735e+01 6.815565e-01 6.854976e-01 1.210431e+00 -1.397512e+00 -1.171550e+00 -1.222307e+00 4.387106e-02 -1.307266e-01 4.293965e-01 3.500271e-01 -5.239981e-01 -4.844860e-01 6.361141e-01 6.268565e-02 1.131934e-01 2.225434e-01 -4.786564e-01 -2.746669e-01 -1.636278e-01 4.435870e-02 7.724924e-02 2.056019e-01 -3.413229e-03 -1.365301e-01 -2.398947e-01 1.436377e-01
<VARIANCE> 39
 7.537462e+00 7.818609e+00 1.273461e+01 1.149760e+01 1.918993e+01 2.019910e+01 1.523420e+01 1.794612e+01 2.010149e+01 3.001606e+01 1.913673e+01 1.707914e+01 1.894872e+00 3.593126e-01 4.715800e-01 8.850623e-01 1.149577e+00 1.079707e+00 1.327900e+00 1.011819e+00 8.124139e-01 1.424676e+00 2.249202e+00 1.081095e+00 1.332591e+00 7.591917e-02 6.203579e-02 5.618995e-02 1.153084e-01 9.843876e-02 2.026538e-01 2.097043e-01 1.472336e-01 1.775125e-01 1.847535e-01 2.378578e-01 1.709865e-01 1.683976e-01 9.036993e-03
<GCONST> 7.418090e+01
<STATE> 3
<MEAN> 39
 -6.472930e+00 -1.099692e+00 -8.558692e-01 -2.013125e+01 -7.857803e+00 -8.731325e+00 -2.438198e+00 -6.377117e+00 2.509350e-01 -3.797750e+00 -2.525910e+00 -7.323663e+00 1.833017e+01 2.350295e-02 -8.791055e-02 2.194474e-01 -2.790461e-01 3.782009e-01 2.155357e-01 -2.754922e-01 1.719592e-01 3.644092e-02 -1.969170e-01 1.711939e-01 8.810651e-03 -4.892066e-02 -5.655456e-02 -2.054008e-01 -2.670332e-01 4.884399e-01 2.883393e-01 2.207896e-01 6.812476e-02 -9.132612e-02 -1.470586e-01 -5.869997e-02 1.517812e-01 1.663619e-01 -1.671807e-01
<VARIANCE> 39
 7.693397e+00 9.754391e+00 1.664295e+01 2.298346e+01 5.855207e+01 3.111590e+01 3.720919e+01 2.460988e+01 3.463572e+01 5.831777e+01 3.544693e+01 3.745465e+01 1.431922e+00 3.493755e-01 6.519049e-01 1.074710e+00 3.227422e+00 2.391634e+00 1.756474e+00 1.734567e+00 1.341696e+00 1.887386e+00 2.011157e+00 1.867016e+00 1.895110e+00 2.931023e-01 6.822187e-02 6.608663e-02 1.610597e-01 2.254908e-01 3.064198e-01 3.194301e-01 3.839132e-01 2.240974e-01 2.869168e-01 3.401643e-01 2.638032e-01 2.553618e-01 1.166129e-02
<GCONST> 9.187465e+01
<STATE> 4
<MEAN> 39
 -6.563529e+00 -6.252989e+00 -4.683018e+00 -1.081031e+01 -1.003331e+00 -3.975235e+00 -1.432334e+00 -8.751003e+00 -2.165236e+00 -5.868141e+00 1.161550e+00 -4.221559e+00 1.475156e+01 -2.347930e-01 -9.093748e-01 -1.003972e+00 1.459590e+00 4.116659e-01 4.083259e-01 9.061630e-01 -4.558957e-01 -2.811961e-01 -4.079149e-02 1.992453e-01 2.977499e-01 -4.636929e-01 -1.054908e-01 1.695053e-01 2.077323e-01 -4.380377e-01 -3.783980e-01 -1.603436e-01 -8.605246e-02 1.717534e-01 1.164422e-01 1.032837e-01 -1.789159e-01 -1.429027e-01 1.500369e-01
<VARIANCE> 39
 3.287815e+00 5.447924e+00 9.435575e+00 1.105344e+01 1.461531e+01 1.564522e+01 1.948934e+01 1.856056e+01 1.686791e+01 1.704062e+01 1.860856e+01 1.491156e+01 1.490498e+00 2.679292e-01 4.878239e-01 8.974501e-01 1.311946e+00 2.110096e+00 1.650102e+00 1.602898e+00 1.249652e+00 1.215480e+00 1.204198e+00 1.178658e+00 1.022971e+00 7.967333e-02 3.886503e-02 6.525010e-02 1.378381e-01 1.467745e-01 2.331967e-01 1.806160e-01 2.656177e-01 1.925276e-01 1.855799e-01 1.735530e-01 1.978419e-01 1.824548e-01 5.792051e-03
<GCONST> 7.240131e+01
<TRANSP> 5
 0.000000e+00 1.000000e+00 0.000000e+00 0.000000e+00 0.000000e+00
 0.000000e+00 7.144305e-01 2.855696e-01 0.000000e+00 0.000000e+00
 0.000000e+00 0.000000e+00 8.890216e-01 1.109785e-01 0.000000e+00
 0.000000e+00 0.000000e+00 0.000000e+00 7.507823e-01 2.492177e-01
 0.000000e+00 0.000000e+00 0.000000e+00 0.000000e+00 0.000000e+00
<ENDHMM>
~h "two"
<BEGINHMM>
<NUMSTATES> 5
<STATE> 2
<MEAN> 39
 -1.102199e+01 -3.229084e+00 -6.854064e+00 -1.054936e+01 -1.059166e+00 -3.867104e+00 -1.997284e+00 -7.551014e+00 -2.348795e+00 -5.695176e+00 1.132071e+00 -3.342334e+00 1.506601e+01 4.563660e-01 6.201045e-01 9.639021e-01 -5.660055e-01 -2.505212e-01 -3.337714e-01 -4.637709e-01 -2.012533e-01 6.381920e-02 -5.491034e-02 -2.392882e-01 -3.357868e-01 3.143810e-01 2.996556e-01 5.176745e-02 2.947850e-01 -1.326936e-01 -1.909396e-01 -2.306304e-01 -1.104673e-01 -1.214888e-01 -2.480407e-02 4.122843e-03 -7.533129e-02 -1.656978e-01 8.920723e-02
<VARIANCE> 39
 8.712515e+00 8.121000e+00 1.280312e+01 1.247866e+01 1.843423e+01 2.276743e+01 1.909962e+01 2.137801e+01 2.103451e+01 2.366516e+01 2.452505e+01 1.975383e+01 9.017635e-01 1.392547e+00 5.623665e-01 1.312927e+00 8.301327e-01 1.347340e+00 1.289212e+00 9.740084e-01 1.190344e+00 1.156276e+00 1.278278e+00 1.840598e+00 1.099409e+00 7.221829e-02 1.242774e-01 1.110266e-01 1.331315e-01 1.287287e-01 2.313859e-01 2.000198e-01 1.746791e-01 2.239385e-01 2.232363e-01 2.002384e-01 3.556165e-01 1.588845e-01 8.023446e-03
<GCONST> 7.889018e+01
<STATE> 3
<MEAN> 39
 -4.605624e+00 1.262314e+00 1.855114e+00 -1.550819e+01 -6.929546e+00 -9.929193e+00 -6.690856e+00 -1.043703e+01 -2.412525e+00 -5.177122e+00 -1.121596e+00 -7.303684e+00 1.840231e+01 6.666617e-01 5.453274e-01 7.469957e-01 -5.431061e-01 -1.163625e+00 -1.107289e+00 -5.683004e-01 -2.816376e-01 -6.566807e-02 1.263582e-01 -2.159689e-01 -6.255965e-01 4.523468e-01 -2.500578e-01 -2.340191e-01 -4.259246e-01 2.984546e-01 2.707410e-01 2.310033e-01 2.351590e-01 1.457681e-01 -1.880179e-02 -9.070615e-03 1.529960e-01 1.828151e-01 -1.446155e-01
<VARIANCE> 39
 7.470091e+00 8.106259e+00 1.363741e+01 2.234917e+01 3.976108e+01 2.566899e+01 2.822908e+01 2.452802e+01 3.157736e+01 5.526947e+01 4.390567e+01 4.842154e+01 1.042415e+00 5.694845e-01 6.280589e-01 9.903596e-01 1.463499e+00 1.292950e+00 1.204057e+00 1.680147e+00 1.517571e+00 1.848502e+00 1.989964e+00 2.398457e+00 1.872731e+00 8.943900e-02 6.145807e-02 5.387663e-02 8.128577e-02 1.251980e-01 2.058121e-01 1.813713e-01 2.043290e-01 1.912593e-01 2.126308e-01 2.739916e-01 2.888626e-01 2.220726e-01 6.594959e-03
<GCONST> 8.380992e+01
<STATE> 4
<MEAN> 39
 -3.233798e+00 -5.531902e-02 -4.129792e-02 -1.366802e+01 -7.124912e+00 -1.157526e+01 -5.644617e+00 -9.634320e+00 -2.708581e+00 -5.306403e+00 -1.590315e-01 -7.599844e+00 1.824086e+01 1.671382e-01 -2.230136e-01 -2.383262e-01 5.384318e-01 3.362306e-01 8.536191e-02 9.809011e-02 -5.489698e-02 -1.935277e-01 -8.658037e-02 7.787661e-02 1.595941e-01 -1.199140e-01 -4.351250e-02 -3.800070e-02 -2.661534e-02 2.457386e-02 9.581874e-02 1.093753e-01 5.167767e-02 4.668323e-03 1.988202e-02 1.174633e-03 -5.820538e-03 4.463180e-02 -3.524495e-02
<VARIANCE> 39
 5.894635e+00 7.953948e+00 1.254133e+01 2.979490e+01 3.401327e+01 2.155921e+01 3.316033e+01 3.371559e+01 3.985458e+01 4.293759e+01 5.473582e+01 4.156938e+01 1.358547e+00 1.335085e-01 1.530399e-01 3.772146e-01 6.213120e-01 9.116737e-01 8.552517e-01 8.812264e-01 1.028610e+00 9.023615e-01 9.880238e-01 1.046180e+00 9.317795e-01 1.449654e-02 2.163266e-02 2.516463e-02 5.076522e-02 8.858924e-02 1.056376e-01 1.240772e-01 1.291978e-01 1.599662e-01 1.488276e-01 1.526769e-01 1.593353e-01 1.459276e-01 2.344850e-03
<GCONST> 6.574844e+01
<TRANSP> 5
 0.000000e+00 1.000000e+00 0.000000e+00 0.000000e+00 0.000000e+00
 0.000000e+00 8.255652e-01 1.744348e-01 0.000000e+00 0.000000e+00
 0.000000e+00 0.000000e+00 7.676085e-01 2.323915e-01 0.000000e+00
 0.000000e+00 0.000000e+00 0.000000e+00 9.013618e-01 9.863814e-02
 0.000000e+00 0.000000e+00 0.000000e+00 0.000000e+00 0.000000e+00
<ENDHMM>
~h "nine"
<BEGINHMM>
<NUMSTATES> 5
<STATE> 2
<MEAN> 39
 -4.466805e+00 -4.320471e+00 -2.080722e+00 -8.922734e+00 -3.043354e+00 -6.192638e+00 -1.511198e+00 -1.117618e+01 -5.008806e+00 -8.087490e+00 -2.959785e+00 -7.814737e+00 1.757301e+01 -1.383161e-01 -6.748415e-01 -2.236795e-01 4.965896e-01 -4.940154e-01 1.752048e-01 3.888470e-01 -1.975036e-01 -3.776680e-02 -1.529769e-01 -1.771604e-01 -1.448486e-01 2.491292e-01 -3.842105e-02 -1.265613e-01 -7.493095e-02 1.150727e-01 1.911110e-02 -6.532304e-03 3.806730e-02 3.161461e-02 1.020527e-02 6.525284e-03 8.109105e-02 3.531612e-02 -1.078332e-02
<VARIANCE> 39
 8.935953e+00 2.040645e+01 1.531273e+01 1.686135e+01 2.864493e+01 2.894007e+01 3.201494e+01 2.752491e+01 4.731268e+01 3.538082e+01 3.015343e+01 3.278743e+01 2.294270e+00 5.319208e-01 1.580390e+00 1.145477e+00 1.118181e+00 1.137056e+00 1.424430e+00 1.645915e+00 1.278136e+00 1.529157e+00 1.155057e+00 1.246464e+00 1.038623e+00 3.756080e-02 6.483815e-02 1.815741e-01 1.344801e-01 1.402317e-01 2.017650e-01 2.221670e-01 2.428708e-01 1.863163e-01 1.998470e-01 1.610815e-01 1.733084e-01 1.448467e-01 4.918817e-03
<GCONST> 8.288441e+01
<STATE> 3
<MEAN> 39
 -6.290531e+00 -1.167305e+01 -4.987479e+00 -2.492819e+00 -5.655643e+00 -5.432207e+00 1.785421e+00 -1.126472e+01 -5.679963e+00 -9.068621e+00 -1.604777e+00 -7.685274e+00 1.862178e+01 -1.082474e-01 6.590103e-02 2.330272e-01 -2.054815e-01 -4.684510e-02 2.055302e-01 -7.343210e-02 -1.009287e-01 1.717504e-01 6.960919e-02 -3.996814e-02 3.053962e-02 -1.980821e-02 -3.008230e-03 1.878597e-01 7.743327e-02 -2.486271e-01 3.302981e-02 8.101971e-02 -1.012143e-01 -1.957834e-03 8.310863e-02 -5.380111e-03 -7.945893e-02 2.509242e-02 -1.439542e-02
<VARIANCE> 39
 7.198336e+00 8.452054e+00 2.463145e+01 3.136972e+01 1.880480e+01 3.042291e+01 3.088301e+01 3.410275e+01 4.310147e+01 4.184393e+01 2.805935e+01 3.031895e+01 1.011905e+00 8.115272e-02 3.211755e-01 4.020837e-01 1.031797e+00 4.633017e-01 6.109079e-01 5.231373e-01 4.995842e-01 6.120760e-01 6.481280e-01 6.582798e-01 5.177008e-01 4.580320e-03 1.054355e-02 2.931749e-02 3.925831e-02 5.256578e-02 6.928653e-02 6.525797e-02 7.263055e-02 7.667401e-02 7.949644e-02 8.554992e-02 7.633384e-02 7.775741e-02 3.924590e-04
<GCONST> 5.266644e+01
<STATE> 4
<MEAN> 39
 -6.220601e+00 -3.175219e+00 -1.625529e+00 -1.203791e+01 -1.903113e+00 -4.488986e+00 -3.315091e+00 -1.019665e+01 -2.792233e+00 -8.220330e+00 -3.089338e+00 -6.512071e+00 1.789978e+01 3.932583e-01 8.497568e-01 1.536144e-01 -3.103308e-01 5.438098e-01 -4.756438e-01 -4.739302e-01 3.277277e-01 -1.989950e-01 5.479036e-02 9.731406e-02 5.327810e-02 -1.226462e-01 4.367815e-02 -1.235181e-01 -3.707578e-02 2.356416e-01 -1.487146e-02 -7.329193e-02 1.047769e-01 -3.505312e-02 -1.090387e-01 2.572134e-02 7.969388e-02 -2.941301e-02 -1.025862e-02
<VARIANCE> 39
 1.144988e+01 2.011174e+01 1.219829e+01 2.402556e+01 3.582907e+01 3.415440e+01 3.367278e+01 2.992356e+01 4.906937e+01 3.962905e+01 3.857315e+01 4.243509e+01 1.075891e+00 4.063354e-01 9.276413e-01 5.741578e-01 1.873219e+00 1.354291e+00 1.383416e+00 1.361069e+00 1.284803e+00 1.675517e+00 1.184625e+00 1.059469e+00 1.024090e+00 9.885128e-03 5.704373e-02 9.917587e-02 8.651295e-02 1.494085e-01 1.942413e-01 2.405176e-01 1.805725e-01 1.979424e-01 2.316306e-01 1.955273e-01 1.707170e-01 1.415377e-01 1.007949e-03
<GCONST> 7.866680e+01
<TRANSP> 5
 0.000000e+00 1.000000e+00 0.000000e+00 0.000000e+00 0.000000e+00
 0.000000e+00 8.953155e-01 1.046845e-01 0.000000e+00 0.000000e+00
 0.000000e+00 0.000000e+00 9.109074e-01 8.909255e-02 0.000000e+00
 0.000000e+00 0.000000e+00 0.000000e+00 8.980576e-01 1.019424e-01
 0.000000e+00 0.000000e+00 0.000000e+00 0.000000e+00 0.000000e+00
<ENDHMM>
~h "five"
<BEGINHMM>
<NUMSTATES> 5
<STATE> 2
<MEAN> 39
 -4.112588e+00 -1.142671e+01 -1.014317e+01 -8.224680e+00 5.205552e-01 -8.204209e+00 3.446217e-01 -4.596941e+00 -5.294406e+00 -7.978368e+00 -1.866877e+00 -4.920282e+00 1.802766e+01 3.484707e-01 -1.177712e+00 -7.076294e-01 7.924355e-01 5.195069e-01 -6.332640e-01 3.386013e-01 3.866699e-01 -7.518733e-01 -2.108593e-01 -2.881635e-01 1.903419e-03 5.599548e-01 -1.958105e-01 3.238899e-02 1.833013e-01 8.857757e-02 -1.631978e-02 1.089194e-01 2.957641e-02 -2.103831e-01 3.160134e-02 1.421273e-01 1.647553e-01 5.140212e-02 -7.800747e-02
<VARIANCE> 39
 1.071770e+01 1.955930e+01 2.370813e+01 1.683599e+01 1.908904e+01 2.045289e+01 2.539171e+01 5.175974e+01 3.239663e+01 2.818138e+01 2.503067e+01 2.004317e+01 4.271697e+00 7.717800e-01 5.622784e-01 1.178378e+00 9.035211e-01 7.897145e-01 9.835619e-01 9.686630e-01 2.206393e+00 1.727002e+00 1.727433e+00 1.362796e+00 1.026535e+00 1.234377e-01 9.360405e-02 1.318449e-01 1.750429e-01 1.233619e-01 1.364885e-01 1.439300e-01 1.541743e-01 2.987139e-01 2.737615e-01 1.914270e-01 1.746092e-01 1.404864e-01 2.762863e-02
<GCONST> 8.423477e+01
<STATE> 3
<MEAN> 39
 -5.811207e+00 -1.545227e+01 -8.551485e+00 -3.642770e+00 1.423882e+00 -9.173448e+00 2.537672e+00 -7.499703e+00 -7.216074e+00 -5.448988e+00 -4.622606e-01 -4.501635e+00 1.904627e+01 -1.657374e-01 8.426518e-02 4.905384e-01 -2.587436e-01 -2.714503e-01 4.347932e-01 6.854646e-02 -3.989910e-01 2.741420e-02 3.039813e-01 6.045823e-02 -8.473501e-02 -4.859153e-02 4.025171e-02 1.142531e-01 1.121689e-02 -1.965947e-01 -5.471845e-02 9.320837e-02 -2.886327e-02 2.475888e-02 5.629952e-02 -4.918404e-02 -7.802436e-02 -1.864028e-02 -1.490269e-02
<VARIANCE> 39
 9.171376e+00 9.381431e+00 2.482583e+01 2.081600e+01 1.874653e+01 2.313552e+01 1.749478e+01 3.902985e+01 4.702397e+01 4.447657e+01 2.687006e+01 2.551391e+01 1.356745e+00 8.773240e-02 1.528221e-01 2.695919e-01 6.327538e-01 4.952298e-01 5.511156e-01 4.975901e-01 4.926148e-01 6.120195e-01 5.698362e-01 5.677180e-01 4.731799e-01 5.847231e-03 1.173284e-02 2.416193e-02 3.025340e-02 4.802151e-02 5.112587e-02 5.158955e-02 5.696078e-02 6.412959e-02 8.515510e-02 8.415353e-02 6.636465e-02 7.032400e-02 9.000648e-04
<GCONST> 4.959317e+01
<STATE> 4
<MEAN> 39
 -5.752773e+00 -9.410738e+00 -3.940785e+00 -1.391066e+01 -3.282417e+00 -2.813642e+00 1.870302e+00 -8.421591e+00 -4.204960e+00 -5.237679e+00 -2.264506e+00 -5.521040e+00 1.830201e+01 2.169514e-01 1.206486e+00 3.702193e-01 -6.417366e-01 -3.922313e-01 -1.029772e-01 -3.103072e-01 2.564216e-01 5.543990e-01 -2.121210e-01 -7.183065e-02 -8.885388e-02 -2.459384e-01 -1.745251e-02 -2.152885e-02 -5.278922e-02 3.436095e-01 1.403005e-01 -1.802232e-01 -6.281077e-02 -1.009962e-02 -4.297664e-02 1.661989e-02 1.214503e-01 3.992881e-02 -4.833936e-02
<VARIANCE> 39
 7.867712e+00 2.308996e+01 1.221644e+01 3.191461e+01 4.211720e+01 1.957961e+01 2.462877e+01 3.666302e+01 5.312693e+01 2.795782e+01 2.708681e+01 3.008990e+01 1.837705e+00 2.146119e-01 4.990447e-01 5.739325e-01 2.636926e+00 1.471074e+00 1.621426e+00 9.745232e-01 1.331556e+00 1.638232e+00 1.337654e+00 1.268715e+00 9.161676e-01 4.136845e-02 4.305418e-02 9.682016e-02 7.588489e-02 2.402778e-01 2.361759e-01 2.301006e-01 1.663030e-01 2.294301e-01 2.226038e-01 1.790817e-01 2.066249e-01 1.646311e-01 4.442479e-03
<GCONST> 8.035804e+01
<TRANSP> 5
 0.000000e+00 1.000000e+00 0.000000e+00 0.000000e+00 0.000000e+00
 0.000000e+00 8.459261e-01 1.540739e-01 0.000000e+00 0.000000e+00
 0.000000e+00 0.000000e+00 9.123636e-01 8.763637e-02 0.000000e+00
 0.000000e+00 0.000000e+00 0.000000e+00 8.642523e-01 1.357477e-01
 0.000000e+00 0.000000e+00 0.000000e+00 0.000000e+00 0.000000e+00
<ENDHMM>
~h "four"
<BEGINHMM>
<NUMSTATES> 5
<STATE> 2
<MEAN> 39
 -6.704094e+00 -6.520284e+00 -5.539876e+00 -9.775917e+00 -1.591083e+00 -5.584504e+00 -1.238941e+00 -8.415093e+00 -1.993254e+00 -5.578325e+00 9.519743e-01 -4.282739e+00 1.537681e+01 1.582665e+00 5.412915e-01 -9.175886e-01 -8.716561e-01 -3.085363e-01 -5.382857e-01 -7.004459e-01 -1.961356e-01 1.915767e-01 2.033356e-01 -3.481664e-01 -4.927297e-01 6.491446e-01 3.459521e-01 1.232048e-01 -3.364484e-01 -3.154737e-01 -5.658018e-02 -3.120056e-03 -7.754571e-02 -1.612831e-02 1.486540e-03 5.378521e-02 -7.808549e-02 -1.310139e-01 1.415871e-01
<VARIANCE> 39
 7.811727e+00 5.470165e+00 5.401087e+00 7.861550e+00 1.004942e+01 1.249607e+01 1.446935e+01 1.360586e+01 1.601767e+01 1.349961e+01 1.619681e+01 1.226816e+01 1.748046e+00 5.082017e-01 4.371086e-01 5.948313e-01 7.399867e-01 7.188773e-01 9.108796e-01 7.470859e-01 8.231692e-01 1.027369e+00 1.097642e+00 1.536244e+00 1.239952e+00 5.666164e-02 6.900392e-02 5.329253e-02 6.047138e-02 8.246256e-02 1.011540e-01 1.515487e-01 1.211684e-01 1.499540e-01 1.395287e-01 1.605968e-01 1.994870e-01 1.876499e-01 7.311149e-03
<GCONST> 6.408776e+01
<STATE> 3
<MEAN> 39
 1.598083e+00 -3.481425e+00 -1.217288e+01 -1.705317e+01 -4.001140e+00 -6.174067e+00 -3.166892e+00 -8.952373e+00 -1.398077e+00 -3.854047e+00 4.312152e-01 -6.777689e+00 1.891600e+01 3.017240e-01 -1.880169e-01 -3.234688e-01 -3.496497e-02 7.466508e-02 -1.716710e-02 -2.185465e-01 1.756431e-01 3.540819e-01 9.300084e-02 -2.294312e-01 -2.194180e-01 1.420760e-01 -1.734970e-01 -1.542701e-01 1.502184e-01 2.364896e-01 3.840264e-02 -3.682015e-02 3.786898e-02 1.110162e-01 4.737762e-02 -8.564571e-02 -5.595000e-02 5.678492e-02 -6.756949e-02
<VARIANCE> 39
 4.138747e+00 1.027350e+01 9.574495e+00 1.372823e+01 2.441436e+01 1.714750e+01 1.858108e+01 1.715292e+01 2.363665e+01 2.482849e+01 3.811318e+01 3.758516e+01 1.085475e+00 5.188945e-01 7.260646e-01 6.840374e-01 1.211066e+00 9.692522e-01 7.706984e-01 9.084118e-01 9.563826e-01 1.307547e+00 1.174414e+00 1.337265e+00 1.240441e+00 9.242365e-02 4.953465e-02 4.575467e-02 9.588376e-02 8.007697e-02 1.358606e-01 1.434732e-01 1.561400e-01 1.412855e-01 1.815570e-01 1.921215e-01 1.991795e-01 1.871073e-01 7.214647e-03
<GCONST> 7.250022e+01
<STATE> 4
<MEAN> 39
 -2.646036e-01 -1.131162e+01 -7.978425e+00 -8.561794e+00 -5.377358e+00 -8.944779e+00 -2.202272e+00 -4.233250e+00 6.473533e-01 -7.567514e+00 -3.911340e+00 -7.362684e+00 1.854940e+01 -5.527250e-01 -3.266709e-02 1.188467e+00 5.179870e-01 -5.924360e-01 2.891867e-02 6.831481e-01 -1.585222e-01 -6.807906e-01 -3.923961e-01 1.338789e-01 2.578489e-01 -2.039058e-01 -8.728298e-02 3.020669e-01 7.235816e-04 -2.178757e-01 1.357218e-01 2.153068e-01 1.412842e-02 -2.457544e-01 -1.512909e-01 1.212795e-01 1.775675e-01 3.063973e-02 -5.097856e-02
<VARIANCE> 39
 6.980217e+00 1.431155e+01 2.849620e+01 1.842992e+01 4.719224e+01 3.739647e+01 3.524874e+01 3.895109e+01 4.505223e+01 3.449685e+01 3.467485e+01 3.193082e+01 1.577200e+00 2.194215e-01 1.523543e+00 6.633074e-01 1.663116e+00 2.090873e+00 2.162618e+00 1.566538e+00 2.597121e+00 1.819752e+00 1.725718e+00 1.796441e+00 1.076804e+00 4.096520e-02 2.919691e-02 9.479825e-02 1.879043e-01 1.663694e-01 4.426348e-01 3.016093e-01 3.550122e-01 3.384916e-01 3.788680e-01 2.794935e-01 3.071773e-01 2.166473e-01 3.209574e-03
<GCONST> 8.839899e+01
<TRANSP> 5
 0.000000e+00 1.000000e+00 0.000000e+00 0.000000e+00 0.000000e+00
 0.000000e+00 6.997832e-01 3.002168e-01 0.000000e+00 0.000000e+00
 0.000000e+00 0.000000e+00 9.181665e-01 8.183350e-02 0.000000e+00
 0.000000e+00 0.000000e+00 0.000000e+00 8.713517e-01 1.286483e-01
 0.000000e+00 0.000000e+00 0.000000e+00 0.000000e+00 0.000000e+00
<ENDHMM>
~h "zero"
<BEGINHMM>
<NUMSTATES> 5
<STATE> 2
<MEAN> 39
 -6.834729e+00 -1.835885e+00 -4.558121e+00 -7.693299e+00 -2.555636e+00 -4.731793e+00 -2.869489e+00 -8.940163e+00 -3.646111e+00 -4.139271e+00 1.087112e-01 -4.383600e+00 1.567290e+01 2.797163e-01 1.047428e+00 9.763699e-01 -1.164060e+00 -8.325201e-01 -1.412675e+00 -6.264175e-01 -6.045344e-01 3.253258e-01 3.370179e-01 -1.307569e-01 -2.370059e-01 4.927479e-01 3.485255e-02 9.155623e-02 1.810239e-01 -3.575959e-01 -1.706534e-01 -2.265734e-01 5.921961e-03 -1.943054e-02 1.704938e-01 -6.943434e-04 3.236990e-02 -8.947627e-02 9.096100e-02
<VARIANCE> 39
 6.901395e+00 1.041342e+01 1.561641e+01 1.477672e+01 2.115002e+01 2.230942e+01 1.918004e+01 1.978626e+01 2.976874e+01 2.462974e+01 2.236861e+01 2.008717e+01 1.482954e+00 3.166859e-01 4.283628e-01 7.619476e-01 9.412445e-01 8.510129e-01 1.289094e+00 9.731678e-01 1.181396e+00 1.346499e+00 9.780479e-01 1.205220e+00 1.536984e+00 4.256232e-02 4.663648e-02 1.026767e-01 1.277974e-01 1.085318e-01 1.315247e-01 2.182472e-01 1.588108e-01 1.927022e-01 1.622642e-01 1.510326e-01 1.799347e-01 1.673261e-01 6.459045e-03
<GCONST> 7.331423e+01
<STATE> 3
<MEAN> 39
 -5.561215e+00 3.101009e-01 9.505020e-01 -1.694732e+01 -7.866559e+00 -9.183427e+00 -4.571596e+00 -8.437945e+00 1.794597e-01 -3.753740e+00 1.731353e-01 -6.834663e+00 1.840986e+01 3.376790e-01 -7.466089e-01 4.398720e-01 -1.664000e-01 -1.079881e+00 2.668298e-01 2.069852e-01 1.958973e-01 3.193266e-01 -7.873405e-02 4.351494e-02 -1.244657e-01 1.652689e-01 5.188488e-02 -2.689895e-01 -1.737713e-01 3.723889e-01 1.665985e-02 1.348285e-01 1.952190e-01 5.504182e-02 -8.714301e-02 -4.386317e-02 -1.279547e-02 7.185294e-02 -6.444903e-02
<VARIANCE> 39
 7.435930e+00 2.067730e+01 1.739174e+01 2.624807e+01 5.935762e+01 4.057818e+01 3.225380e+01 4.423792e+01 3.109201e+01 3.029826e+01 3.454918e+01 5.111286e+01 1.091658e+00 4.424906e-01 1.621627e+00 8.023486e-01 2.614449e+00 1.742923e+00 2.523640e+00 1.686202e+00 1.421899e+00 1.340890e+00 1.177048e+00 1.106743e+00 1.318993e+00 6.262179e-02 5.143747e-02 1.130814e-01 1.261051e-01 1.801679e-01 2.456885e-01 4.097519e-01 2.257873e-01 2.479250e-01 2.119651e-01 1.743878e-01 1.723782e-01 2.174194e-01 4.561745e-03
<GCONST> 8.704491e+01
<STATE> 4
<MEAN> 39
 -1.604213e+00 -1.051422e+01 -4.391008e+00 -9.814736e+00 -9.684496e+00 -8.038655e+00 5.596465e-01 -4.105932e+00 -1.758845e-01 -6.700961e+00 -1.004236e+00 -5.665959e+00 1.854223e+01 8.286979e-02 1.139491e-02 -5.495771e-01 1.631324e-01 6.666699e-01 -1.771955e-01 -1.670940e-02 2.076301e-01 -6.446274e-02 -1.488646e-01 -9.255601e-02 -7.552410e-03 -5.364881e-02 -5.976755e-02 1.431506e-01 6.313379e-02 -8.622634e-02 8.689508e-02 4.122979e-02 -9.762678e-02 -8.211782e-02 -2.050976e-02 3.422793e-02 2.041425e-02 -8.840499e-03 -1.775942e-02
<VARIANCE> 39
 6.463295e+00 1.774168e+01 2.652137e+01 2.678917e+01 6.272004e+01 5.436805e+01 3.558506e+01 3.645161e+01 4.419102e+01 3.498102e+01 2.490730e+01 3.291564e+01 1.495024e+00 2.245962e-01 8.376312e-01 6.306493e-01 1.037325e+00 1.226747e+00 1.669747e+00 1.528811e+00 1.766225e+00 1.573684e+00 1.377102e+00 1.023308e+00 9.264507e-01 1.576712e-02 2.391086e-02 3.502252e-02 7.638964e-02 1.110569e-01 1.911062e-01 2.325946e-01 1.870173e-01 1.959270e-01 2.164875e-01 1.823363e-01 1.466978e-01 1.334061e-01 1.767000e-03
<GCONST> 7.714869e+01
<TRANSP> 5
 0.000000e+00 1.000000e+00 0.000000e+00 0.000000e+00 0.000000e+00
 0.000000e+00 7.323566e-01 2.676434e-01 0.000000e+00 0.000000e+00
 0.000000e+00 0.000000e+00 8.920483e-01 1.079517e-01 0.000000e+00
 0.000000e+00 0.000000e+00 0.000000e+00 9.397703e-01 6.022964e-02
 0.000000e+00 0.000000e+00 0.000000e+00 0.000000e+00 0.000000e+00
<ENDHMM>
