~o
<STREAMINFO> 1 39
<VECSIZE> 39<NULLD><MFCC_E_D_A><DIAGC>
~s "silst"
<MEAN> 39
 -5.111518e+00 -3.746808e+00 -3.213042e+00 -8.852249e+00 -1.256783e+00 -5.726331e+00 -1.830085e+00 -9.460806e+00 -3.475600e+00 -6.412263e+00 -3.593259e-01 -5.628767e+00 1.585168e+01 -6.599681e-01 -4.347360e-01 -4.503386e-01 1.705312e-01 3.035970e-01 7.022451e-01 3.726753e-01 1.093371e-01 1.422462e-01 1.503903e-01 3.293645e-01 3.683308e-01 -3.602780e-01 -2.581872e-02 -7.000116e-02 -1.095759e-01 -1.260401e-01 -9.574165e-02 -7.226169e-02 1.013087e-03 7.233317e-02 3.634510e-02 8.466899e-03 -1.465537e-02 4.428697e-03 2.619845e-02
<VARIANCE> 39
 1.145196e+01 1.076499e+01 1.359287e+01 1.357232e+01 2.082130e+01 2.469519e+01 2.383915e+01 2.470990e+01 2.800403e+01 2.726096e+01 2.577689e+01 2.358845e+01 2.024653e+00 3.765805e-01 7.472893e-01 8.222098e-01 8.134799e-01 1.143887e+00 1.286010e+00 1.255219e+00 1.298024e+00 1.408515e+00 1.268718e+00 1.243862e+00 1.111599e+00 5.190091e-02 6.998385e-02 1.000010e-01 1.071846e-01 1.143300e-01 1.560385e-01 2.199147e-01 1.942198e-01 1.873108e-01 2.100433e-01 1.842224e-01 1.816953e-01 1.528052e-01 9.195018e-03
<GCONST> 7.765894e+01
~h "eight"
<BEGINHMM>
<NUMSTATES> 5
<STATE> 2
<MEAN> 39
 -8.248999e+00 -2.945072e+00 -5.889977e+00 -1.830319e+01 2.066499e-01 -4.921790e+00 8.309548e-01 -6.795828e+00 -1.586701e+00 -7.453272e+00 -1.739061e+00 -5.736311e+00 1.742860e+01 -1.720816e-01 1.037566e+00 -1.021920e-01 -1.058837e+00 -4.124480e-02 -5.862516e-01 8.499484e-02 4.705428e-01 3.882180e-01 -9.488759e-03 -1.740815e-01 -2.416902e-01 3.308631e-01 2.994542e-02 8.721534e-02 6.178278e-03 1.470543e-01 -6.112722e-02 -1.931815e-01 -8.382773e-02 -1.915100e-02 2.236714e-02 9.388174e-02 1.168728e-01 2.340259e-04 -1.862767e-02
<VARIANCE> 39
 7.985063e+00 2.047581e+01 1.891079e+01 3.150042e+01 4.208086e+01 2.227979e+01 2.497632e+01 2.281809e+01 3.077569e+01 2.350969e+01 2.472411e+01 2.559939e+01 3.252097e+00 3.425634e-01 7.505775e-01 6.372473e-01 1.273000e+00 1.185214e+00 1.358426e+00 1.453801e+00 9.923420e-01 1.347192e+00 1.118359e+00 1.077970e+00 9.601120e-01 1.022140e-01 4.192621e-02 7.989303e-02 7.521867e-02 1.929403e-01 1.371051e-01 1.689320e-01 1.489777e-01 1.686157e-01 2.271067e-01 1.636978e-01 1.696813e-01 1.470543e-01 1.291762e-02
<GCONST> 7.929216e+01
<STATE> 3
<MEAN> 39
 -8.391171e+00 5.788454e+00 -5.518236e+00 -1.922054e+01 -2.890277e+00 -1.377495e+01 -1.652491e+00 -5.964116e+00 7.333030e-01 -4.018578e+00 7.710784e-01 -5.688926e+00 1.854604e+01 1.016043e-01 4.991749e-01 2.031985e-01 8.303176e-01 -1.073410e-02 -9.333891e-01 -6.083289e-01 -8.152635e-01 -3.629248e-01 3.252909e-01 4.624819e-01 2.259390e-01 -7.269960e-02 4.924111e-02 -2.818021e-01 2.269770e-02 1.882115e-01 8.653931e-02 2.736793e-01 2.148559e-02 -1.575224e-01 -1.932644e-01 -1.407436e-01 -7.236546e-02 3.665777e-02 -6.158484e-02
<VARIANCE> 39
 1.001211e+01 1.130623e+01 2.484729e+01 2.642257e+01 2.094665e+01 2.357387e+01 5.650083e+01 2.711214e+01 2.954695e+01 2.184196e+01 3.272517e+01 2.505646e+01 1.478680e+00 1.824138e-01 5.056269e-01 2.621260e-01 6.235072e-01 8.215764e-01 1.014536e+00 7.479168e-01 8.215793e-01 1.769861e+00 1.023768e+00 1.188802e+00 8.486695e-01 2.525710e-02 2.770496e-02 7.076894e-02 4.936935e-02 9.889689e-02 8.106761e-02 1.525535e-01 1.405240e-01 1.339844e-01 1.672443e-01 1.385658e-01 1.856813e-01 1.362854e-01 3.379926e-03
<GCONST> 6.900761e+01
<STATE> 4
<MEAN> 39
 -6.979396e+00 1.095268e+00 -4.080365e+00 -1.220325e+01 -1.199950e+00 -1.170251e+01 -4.073397e+00 -1.160376e+01 -4.453362e+00 -5.783611e+00 8.171323e-01 -4.549137e+00 1.651699e+01 2.171617e-01 -1.856510e+00 -1.508152e-03 8.867856e-01 2.202103e-01 1.605478e+00 3.217456e-01 -2.667036e-02 -3.253509e-01 -3.976157e-01 -1.438906e-01 9.606574e-02 -4.695745e-01 -7.053633e-02 -9.849963e-02 -9.866094e-02 -1.310726e-01 -4.617007e-02 1.580346e-01 1.919159e-01 2.722244e-01 2.061883e-01 6.499384e-02 2.225234e-02 -3.124855e-02 -6.143396e-03
<VARIANCE> 39
 6.042543e+00 3.358572e+01 1.484340e+01 1.931973e+01 1.612913e+01 3.821383e+01 3.278511e+01 2.460556e+01 3.939521e+01 2.736712e+01 2.588104e+01 2.413343e+01 2.807820e+00 3.511507e-01 7.435690e-01 6.185116e-01 1.034858e+00 6.516435e-01 1.243797e+00 1.758736e+00 1.481007e+00 2.023290e+00 1.219343e+00 1.376527e+00 1.140481e+00 3.563010e-02 4.191767e-02 2.592450e-01 6.980728e-02 1.186652e-01 9.768104e-02 3.273934e-01 1.812562e-01 1.963257e-01 2.994797e-01 1.794897e-01 1.977847e-01 1.933795e-01 1.057644e-02
<GCONST> 8.036568e+01
<TRANSP> 5
 0.000000e+00 1.000000e+00 0.000000e+00 0.000000e+00 0.000000e+00
 0.000000e+00 8.666686e-01 1.333313e-01 0.000000e+00 0.000000e+00
 0.000000e+00 0.000000e+00 8.551450e-01 1.448550e-01 0.000000e+00
 0.000000e+00 0.000000e+00 0.000000e+00 8.208702e-01 1.791298e-01
 0.000000e+00 0.000000e+00 0.000000e+00 0.000000e+00 0.000000e+00
<ENDHMM>
~h "oh"
<BEGINHMM>
<NUMSTATES> 5
<STATE> 2
<MEAN> 39
 -4.340562e+00 -1.039124e+01 -8.321955e+00 -8.564533e+00 -2.648421e+00 -7.673308e+00 3.623282e+00 -7.396057e+00 -5.280796e+00 -7.115114e+00 -2.465358e+00 -5.437320e+00 1.783853e+01 5.449570e-01 -2.016726e-01 -6.054506e-01 1.690949e-01 9.516510e-02 -6.935264e-01 1.396366e-01 7.357374e-01 -1.327134e-02 -4.296113e-01 -4.086111e-01 -1.478632e-01 3.486042e-01 8.960767e-03 1.045504e-01 3.871467e-03 -5.320977e-02 3.920235e-02 -8.881871e-03 -1.540943e-01 7.118812e-03 1.331983e-01 2.662859e-02 -8.630377e-03 -2.714660e-02 -2.261198e-02
<VARIANCE> 39
 8.696626e+00 1.227642e+01 1.668587e+01 1.812501e+01 2.301830e+01 2.459624e+01 3.070554e+01 6.494847e+01 3.841525e+01 3.416236e+01 2.703807e+01 3.157298e+01 2.970969e+00 2.951638e-01 5.764148e-01 6.276358e-01 6.352530e-01 6.810191e-01 9.319792e-01 1.328852e+00 1.774738e+00 1.550771e+00 1.254076e+00 1.250018e+00 1.043101e+00 9.605227e-02 3.973043e-02 6.250549e-02 7.469950e-02 7.902469e-02 9.131058e-02 1.293965e-01 1.552250e-01 2.150779e-01 1.860970e-01 1.963379e-01 1.842896e-01 1.399900e-01 1.320089e-02
<GCONST> 7.705222e+01
<STATE> 3
<MEAN> 39
 -5.687943e-01 -8.237290e+00 -1.318666e+01 -9.934073e+00 -6.909513e-01 -1.204643e+01 -8.226522e-01 -7.716865e-01 1.474335e-01 -8.226968e+00 -5.131146e+00 -6.598032e+00 1.903597e+01 2.227032e-01 4.047618e-01 -2.719870e-02 -3.481567e-01 -3.628157e-02 -1.926876e-03 -6.740327e-01 -2.483755e-01 6.652867e-01 6.060610e-01 -3.180816e-02 -3.521411e-01 -9.772821e-03 -4.120115e-02 2.423442e-02 1.012593e-01 -2.060431e-02 -5.750984e-02 9.280706e-02 1.206176e-02 -1.581634e-01 -8.164864e-02 9.143574e-02 1.215490e-01 1.126715e-02 -2.515812e-02
<VARIANCE> 39
 6.096534e+00 8.372512e+00 1.529048e+01 1.468394e+01 1.914588e+01 2.241782e+01 4.157947e+01 3.062048e+01 3.917080e+01 3.568728e+01 3.181284e+01 4.011563e+01 1.219451e+00 8.019125e-02 1.367360e-01 2.629175e-01 2.764212e-01 3.856841e-01 5.136673e-01 7.290985e-01 1.007554e+00 7.301528e-01 8.527328e-01 7.859805e-01 6.995217e-01 1.317414e-02 1.109992e-02 1.420358e-02 3.353760e-02 3.312889e-02 4.694743e-02 6.865148e-02 7.735693e-02 9.558465e-02 1.049815e-01 1.012363e-01 9.136927e-02 8.845913e-02 1.196785e-03
<GCONST> 5.207178e+01
<STATE> 4
<MEAN> 39
 1.797990e-01 -3.746997e+00 -9.929185e+00 -1.348623e+01 -3.321178e+00 -1.008155e+01 -4.948309e+00 -7.351707e+00 1.042442e+00 -2.362225e+00 -1.812804e-01 -7.006100e+00 1.844967e+01 -3.488558e-01 2.883713e-01 8.527308e-01 1.506173e-01 -2.193433e-01 3.718902e-01 2.101781e-01 -5.765587e-01 -5.870589e-01 -1.044715e-01 5.086456e-01 4.135463e-01 -2.309363e-01 -1.311728e-01 -1.056465e-01 5.186776e-02 1.420788e-01 1.060492e-01 8.458932e-02 1.853876e-01 8.486903e-02 -1.051807e-01 -1.824386e-01 -7.829937e-02 8.002889e-02 -4.433239e-02
<VARIANCE> 39
 6.290045e+00 7.036510e+00 1.859765e+01 1.555526e+01 1.893975e+01 2.848181e+01 3.128749e+01 2.747307e+01 3.059101e+01 3.711944e+01 3.964654e+01 3.649582e+01 1.765177e+00 2.387960e-01 3.546454e-01 4.247108e-01 5.877198e-01 6.866541e-01 8.703526e-01 1.177347e+00 1.224037e+00 1.196293e+00 1.307586e+00 1.200806e+00 1.026173e+00 3.050378e-02 2.296675e-02 3.297819e-02 6.562491e-02 6.523799e-02 9.788003e-02 1.571125e-01 1.654220e-01 1.874314e-01 2.028352e-01 1.907227e-01 1.711831e-01 1.631609e-01 2.734324e-03
<GCONST> 6.920258e+01
<TRANSP> 5
 0.000000e+00 1.000000e+00 0.000000e+00 0.000000e+00 0.000000e+00
 0.000000e+00 8.829044e-01 1.170956e-01 0.000000e+00 0.000000e+00
 0.000000e+00 0.000000e+00 8.919422e-01 1.080578e-01 0.000000e+00
 0.000000e+00 0.000000e+00 0.000000e+00 8.561565e-01 1.438435e-01
 0.000000e+00 0.000000e+00 0.000000e+00 0.000000e+00 0.000000e+00
<ENDHMM>
~h "sp"
<BEGINHMM>
<NUMSTATES> 5
<STATE> 2
~s "silst"
<STATE> 3
<MEAN> 39
 -7.773694e+00 -6.398607e+00 -6.121191e+00 -9.658503e+00 -1.395701e+00 -4.038244e+00 -6.812901e-01 -8.569756e+00 -2.835590e+00 -5.597294e+00 9.380408e-01 -4.055217e+00 1.480079e+01 -9.416629e-02 -1.430600e-02 -1.062485e-01 7.468209e-04 -2.394574e-02 2.740216e-02 -7.527092e-03 3.345523e-02 8.281674e-04 1.709337e-02 3.128719e-02 3.859077e-02 -1.222619e-02 6.344280e-02 7.847834e-02 6.197542e-02 -1.448638e-02 -9.264032e-03 -5.925532e-02 -3.807243e-02 -1.945727e-02 -8.754783e-03 -1.528610e-02 -3.370807e-02 -3.314406e-02 4.390818e-02
<VARIANCE> 39
 5.460655e+00 6.092484e+00 8.807757e+00 1.035081e+01 1.446813e+01 1.558032e+01 1.561450e+01 1.667272e+01 1.760185e+01 1.646536e+01 1.602044e+01 1.380833e+01 1.091854e+00 1.614477e-01 2.428019e-01 3.665297e-01 4.381045e-01 5.697572e-01 6.830699e-01 6.548363e-01 7.256486e-01 7.447437e-01 6.596470e-01 6.564457e-01 5.706791e-01 7.581480e-03 3.389496e-02 5.455791e-02 7.299866e-02 9.163564e-02 1.145042e-01 1.430911e-01 1.325742e-01 1.442095e-01 1.472138e-01 1.255267e-01 1.260378e-01 1.146661e-01 4.130641e-03
<GCONST> 5.541418e+01
<STATE> 4
<MEAN> 39
 -8.328418e+00 -5.113470e+00 -6.168209e+00 -9.090456e+00 -1.808864e+00 -3.857400e+00 -8.905994e-01 -8.375358e+00 -2.961354e+00 -5.519474e+00 6.781936e-01 -4.124794e+00 1.507993e+01 4.028615e-01 1.695497e-01 1.660045e-01 -2.577382e-01 -3.013011e-01 -4.350474e-01 -2.992692e-02 7.664794e-02 -1.127385e-02 -4.874619e-02 -2.460751e-01 -1.298375e-01 2.822043e-01 2.235000e-01 1.073973e-02 4.984915e-02 -1.660906e-01 -1.771432e-01 -2.293335e-01 3.485096e-03 2.825603e-02 1.616850e-02 -2.882338e-03 -1.230719e-01 -9.624302e-02 1.291254e-01
<VARIANCE> 39
 1.143301e+01 1.094901e+01 1.647614e+01 1.480157e+01 1.858543e+01 1.809108e+01 1.789652e+01 1.990413e+01 2.136120e+01 1.981805e+01 1.884950e+01 1.706158e+01 1.505792e+00 6.052816e-01 5.392577e-01 8.078505e-01 8.686602e-01 1.069912e+00 1.079720e+00 9.276282e-01 1.276118e+00 1.089588e+00 1.033467e+00 9.829153e-01 8.265508e-01 6.187418e-02 6.936977e-02 1.111360e-01 1.680862e-01 1.555036e-01 2.072307e-01 1.960061e-01 1.779785e-01 2.312978e-01 2.118174e-01 1.878838e-01 1.809895e-01 1.647511e-01 8.395924e-03
<GCONST> 7.547530e+01
<TRANSP> 5
 0.000000e+00 8.251586e-01 1.748414e-01 0.000000e+00 0.000000e+00
 0.000000e+00 7.949278e-01 2.050722e-01 0.000000e+00 0.000000e+00
 0.000000e+00 0.000000e+00 8.556740e-01 1.443261e-01 0.000000e+00
 0.000000e+00 0.000000e+00 0.000000e+00 5.533315e-01 4.466684e-01
 0.000000e+00 0.000000e+00 0.000000e+00 0.000000e+00 0.000000e+00
<ENDHMM>
~h "seven"
<BEGINHMM>
<NUMSTATES> 5
<STATE> 2
<MEAN> 39
 -5.687633e+00 -4.300458e+00 -4.876504e+00 -1.376384e+01 -7.069664e+00 -6.954299e+00 2.058960e+00 -7.980328e+00 -1.552028e+00 -5.001217e+00 -2.937336e+00 -6.184687e+00 1.731248e+01 4.684657e-01 -2.711961e-01 2.354285e-01 -1.315547e+00 -7.834490e-01 -1.631742e-01 1.084835e+00 1.427619e-02 1.048234e-01 -3.704395e-01 -7.999233e-01 -6.510679e-01 6.857893e-01 -1.890355e-01 -1.787177e-01 -1.920147e-01 1.472698e-01 2.473700e-01 3.192008e-01 -1.241495e-02 2.406726e-02 -1.484015e-01 -1.179611e-01 8.986683e-02 8.211295e-02 -3.787876e-02
<VARIANCE> 39
 1.060443e+01 6.391127e+00 1.009234e+01 2.899546e+01 3.430506e+01 3.013978e+01 2.943989e+01 2.582043e+01 2.880146e+01 6.086044e+01 2.719141e+01 2.718738e+01 4.025769e+00 6.525343e-01 5.467276e-01 7.620196e-01 9.102001e-01 1.819533e+00 1.941302e+00 1.365704e+00 1.214862e+00 1.513157e+00 2.096059e+00 1.227133e+00 1.539170e+00 6.602459e-02 8.450701e-02 5.861007e-02 8.706996e-02 2.305327e-01 2.891995e-01 2.082063e-01 1.947940e-01 1.476302e-01 1.632524e-01 2.913137e-01 1.958301e-01 2.148095e-01 3.020840e-02
<GCONST> 8.476962e+01
<STATE> 3
<MEAN> 39
 -6.255020e+00 -8.559501e+00 -5.684467e+00 -1.584582e+01 -4.511638e+00 -2.665500e+00 5.218275e+00 -9.283879e+00 -3.236316e+00 -7.552508e+00 -3.805701e+00 -5.830492e+00 1.910203e+01 1.538695e-01 -2.109406e-01 1.527878e-01 6.107083e-01 1.580972e-01 -2.029698e-01 -1.286274e-01 3.345046e-01 -4.548882e-01 2.226233e-01 2.475704e-01 1.067830e-01 -1.105525e-01 1.012181e-01 2.166104e-01 1.424647e-01 2.522825e-01 -3.618896e-02 -2.970083e-01 -2.919497e-01 9.753978e-02 6.463706e-02 6.743685e-02 1.670737e-01 -3.431915e-02 -1.163577e-01
<VARIANCE> 39
 9.138513e+00 9.172618e+00 8.131327e+00 1.567629e+01 4.676078e+01 3.064734e+01 3.269752e+01 3.884784e+01 5.062630e+01 4.534450e+01 3.519839e+01 3.272785e+01 1.259740e+00 3.433988e-01 5.507976e-01 3.785301e-01 6.103734e-01 1.219074e+00 1.496853e+00 1.181505e+00 9.846141e-01 1.058997e+00 1.580833e+00 1.621245e+00 9.399096e-01 5.944835e-02 4.362473e-02 4.224290e-02 4.615318e-02 9.893192e-02 2.041907e-01 1.358887e-01 1.916359e-01 1.514618e-01 1.974417e-01 1.845499e-01 2.490901e-01 1.694140e-01 4.738208e-03
<GCONST> 7.548406e+01
<STATE> 4
<MEAN> 39
 -3.270345e+00 -4.200809e+00 -2.077081e+00 -9.810623e+00 -4.104134e+00 -7.989804e+00 -4.182920e-01 -7.769580e+00 -3.935673e+00 -6.628073e+00 -1.667670e+00 -7.038117e+00 1.716524e+01 1.052582e-01 3.780344e-01 2.386026e-01 2.478661e-01 3.926073e-01 -4.164376e-02 -4.501207e-01 -3.501684e-01 4.896519e-02 -8.101303e-02 9.270986e-02 -1.212067e-02 -9.379277e-02 -4.225625e-02 -5.505020e-02 -5.193202e-02 -7.292165e-02 1.024050e-02 1.155354e-01 8.653739e-02 -5.370219e-02 5.774122e-04 -1.604997e-03 -4.359216e-02 3.820889e-02 1.838961e-02
<VARIANCE> 39
 4.983796e+00 1.071400e+01 1.036546e+01 1.384352e+01 2.865000e+01 3.240940e+01 2.649763e+01 4.167755e+01 3.198056e+01 3.591418e+01 3.236637e+01 2.850780e+01 1.754146e+00 1.950894e-01 4.219756e-01 4.849503e-01 9.373382e-01 1.403594e+00 1.188984e+00 1.689184e+00 1.276021e+00 1.425946e+00 1.409381e+00 1.287199e+00 9.409025e-01 9.302326e-02 3.570731e-02 8.108336e-02 8.892865e-02 1.531141e-01 2.527995e-01 2.064939e-01 2.871408e-01 2.312666e-01 2.307312e-01 2.415126e-01 2.153103e-01 1.505554e-01 1.529407e-02
<GCONST> 7.910412e+01
<TRANSP> 5
 0.000000e+00 1.000000e+00 0.000000e+00 0.000000e+00 0.000000e+00
 0.000000e+00 8.009551e-01 1.990450e-01 0.000000e+00 0.000000e+00
 0.000000e+00 0.000000e+00 8.506562e-01 1.493438e-01 0.000000e+00
 0.000000e+00 0.000000e+00 0.000000e+00 9.307413e-01 6.925867e-02
 0.000000e+00 0.000000e+00 0.000000e+00 0.000000e+00 0.000000e+00
<ENDHMM>
~h "three"
<BEGINHMM>
<NUMSTATES> 5
<STATE> 2
<MEAN> 39
 -2.991918e+00 -7.001544e+00 -1.411830e-01 -9.015569e+00 -1.079656e+01 -1.087266e+01 -1.300200e+00 -8.900955e+00 -1.700962e+00 -5.052381e+00 -1.691269e-01 -5.333030e+00 1.746104e+01 4.364027e-01 -1.055828e-01 9.543780e-01 -3.408287e-01 -1.524558e+00 -3.071065e-02 -2.960323e-01 -2.312115e-01 4.201671e-01 1.002806e-01 -2.099032e-02 -2.375508e-01 3.626356e-01 -1.859807e-01 1.338880e-01 -9.317943e-03 -2.992645e-01 2.558868e-01 2.983820e-01 -1.710038e-01 2.872711e-02 7.004645e-02 -2.114408e-02 4.258082e-02 8.813192e-03 -3.525417e-02
<VARIANCE> 39
 1.129796e+01 1.279193e+01 1.755549e+01 3.027772e+01 5.390069e+01 4.896910e+01 2.369900e+01 2.722053e+01 2.850694e+01 2.612958e+01 3.453113e+01 3.183236e+01 2.699971e+00 8.181366e-01 7.435429e-01 8.001853e-01 2.263409e+00 1.999455e+00 3.565442e+00 1.519493e+00 1.582484e+00 1.254478e+00 1.076781e+00 1.374773e+00 1.265662e+00 6.039864e-02 1.110574e-01 1.504668e-01 1.400605e-01 2.958061e-01 4.942630e-01 4.294958e-01 2.953603e-01 2.464751e-01 1.961545e-01 1.810367e-01 1.973652e-01 1.912626e-01 9.816760e-03
<GCONST> 9.018548e+01
<STATE> 3
<MEAN> 39
 -5.232245e+00 -3.230614e+00 5.492605e+00 -1.947278e+01 -1.172787e+01 -4.193866e+00 -9.031193e+00 -8.340430e+00 1.791169e+00 -5.891257e+00 1.012915e+00 -5.996247e+00 1.864110e+01 -8.332080e-01 1.809751e+00 -3.741869e-01 -1.596184e+00 2.444887e+00 -2.950913e-01 -1.360351e+00 9.267049e-01 -5.027601e-01 -2.162095e-01 1.057024e-01 3.040951e-02 -3.363862e-02 6.398097e-02 8.756047e-02 -4.513855e-01 5.602520e-01 3.182857e-01 -6.678327e-01 4.716604e-01 1.602479e-02 -3.575316e-01 8.646184e-02 -5.712678e-02 3.533383e-02 -5.114061e-02
<VARIANCE> 39
 7.697941e+00 2.363074e+01 1.190712e+01 2.859605e+01 5.977494e+01 2.841945e+01 4.070885e+01 6.529775e+01 2.662966e+01 2.830744e+01 3.812295e+01 3.018850e+01 1.302045e+00 2.437422e-01 5.925058e-01 9.396333e-01 1.801322e+00 1.227336e+00 3.478700e+00 2.128537e+00 1.291048e+00 1.327929e+00 1.107129e+00 6.891755e-01 7.780208e-01 1.743424e-02 4.677086e-02 1.518995e-01 9.196834e-02 2.119299e-01 4.759005e-01 2.423107e-01 3.540280e-01 3.761279e-01 1.736045e-01 1.464340e-01 1.330654e-01 1.110138e-01 2.018603e-03
<GCONST> 8.158434e+01
<STATE> 4
<MEAN> 39
 -6.738689e+00 4.125245e+00 -1.784946e+00 -1.625132e+01 -1.305095e+00 -1.263073e+01 -5.382499e+00 -8.229079e+00 -3.446580e+00 -4.952860e+00 -2.807945e-01 -6.257110e+00 1.785923e+01 1.567252e-01 -1.190417e-01 -5.488309e-01 9.803283e-01 3.895125e-01 -9.464158e-02 7.125998e-01 -3.787855e-01 -2.954556e-01 -2.732883e-02 -1.985397e-01 2.922162e-03 -1.812345e-01 6.203303e-02 -3.141095e-01 9.753631e-02 7.205192e-02 -2.252074e-01 3.157516e-01 2.807366e-02 -2.536172e-02 1.381170e-01 -3.549573e-02 2.382988e-02 1.251533e-02 -2.582498e-02
<VARIANCE> 39
 7.486534e+00 1.511075e+01 1.608850e+01 3.013701e+01 2.247287e+01 2.515677e+01 4.736834e+01 4.437093e+01 3.230824e+01 4.068041e+01 4.086477e+01 3.693044e+01 1.619729e+00 2.129333e-01 1.313818e+00 6.368641e-01 8.465244e-01 1.169783e+00 1.996912e+00 1.293167e+00 1.489868e+00 1.225055e+00 1.169869e+00 8.560972e-01 8.744466e-01 2.486859e-02 3.736725e-02 9.184762e-02 7.141234e-02 1.564686e-01 1.820622e-01 1.705037e-01 2.074049e-01 2.188010e-01 1.742910e-01 1.659481e-01 1.335181e-01 1.308325e-01 2.713640e-03
<GCONST> 7.731516e+01
<TRANSP> 5
 0.000000e+00 1.000000e+00 0.000000e+00 0.000000e+00 0.000000e+00
 0.000000e+00 8.789638e-01 1.210362e-01 0.000000e+00 0.000000e+00
 0.000000e+00 0.000000e+00 7.837586e-01 2.162414e-01 0.000000e+00
 0.000000e+00 0.000000e+00 0.000000e+00 8.892797e-01 1.107203e-01
 0.000000e+00 0.000000e+00 0.000000e+00 0.000000e+00 0.000000e+00
<ENDHMM>
~h "one"
<BEGINHMM>
<NUMSTATES> 5
<STATE> 2
<MEAN> 39
 -5.553596e-01 -3.776026e+00 -9.292704e+00 -1.282710e+01 -1.660640e+00 -5.562923e+00 -2.021360e+00 -8.864392e+00 -2.704689e+00 -6.731605e+00 -1.552153e+00 -7.301152e+00 1.775228e+01 2.762210e-01 -4.080046e-01 -8.744722e-01 4.610387e-01 4.902833e-01 4.154243e-02 -2.920452e-01 2.275579e-01 2.053839e-01 -3.066036e-01 -3.895804e-01 -2.717075e-01 2.371681e-01 -1.198380e-01 -1.469079e-01 5.487809e-02 2.661203e-01 8.128059e-03 -1.161643e-01 -1.527532e-02 9.404599e-02 -1.106516e-02 -9.055725e-02 1.140160e-02 8.366703e-02 -2.131255e-02
<VARIANCE> 39
 7.518783e+00 9.258489e+00 2.884771e+01 2.286371e+01 2.894786e+01 2.536037e+01 2.284501e+01 2.067336e+01 2.828893e+01 2.398706e+01 2.968932e+01 2.872668e+01 2.260550e+00 4.570913e-01 7.990379e-01 8.712031e-01 2.245440e+00 1.371518e+00 1.441818e+00 1.269370e+00 1.066895e+00 1.132921e+00 1.021095e+00 1.095443e+00 1.045409e+00 4.806052e-02 4.462508e-02 6.116460e-02 1.909385e-01 2.173902e-01 2.633387e-01 2.529393e-01 2.370332e-01 1.811970e-01 2.007850e-01 1.693477e-01 1.889312e-01 1.836627e-01 4.981971e-03
<GCONST> 8.016058e+01
<STATE> 3
<MEAN> 39
 -2.365091e+00 -1.071528e+01 -1.090347e+01 -1.688265e+00 -4.414590e-01 -9.496305e+00 -2.448746e+00 -4.203825e+00 -3.534107e+00 -1.173060e+01 -2.378349e+00 -6.053239e+00 1.853576e+01 -6.083344e-01 -3.741354e-01 1.339299e+00 5.732210e-01 -1.353869e+00 -3.287743e-01 1.196523e+00 -8.842529e-02 -9.253333e-01 -9.277461e-02 5.867867e-01 1.200752e-01 -4.915857e-02 2.354035e-02 3.139294e-01 2.518771e-01 -5.824311e-01 -1.345440e-01 3.768093e-01 9.229577e-02 -4.379655e-01 -3.917642e-04 3.808904e-01 4.418548e-02 -1.770812e-01 -2.978424e-02
<VARIANCE> 39
 6.135362e+00 9.604254e+00 1.864828e+01 2.375371e+01 2.699242e+01 1.739859e+01 3.765358e+01 3.136900e+01 4.645805e+01 3.754643e+01 3.383686e+01 3.320411e+01 1.544412e+00 1.544851e-01 5.155814e-01 6.040632e-01 1.830079e+00 7.391458e-01 1.710608e+00 1.006666e+00 2.246573e+00 1.164929e+00 1.864106e+00 1.028177e+00 1.293697e+00 8.475048e-03 2.362517e-02 5.254673e-02 1.007636e-01 1.224616e-01 2.850575e-01 1.527840e-01 3.757133e-01 1.780724e-01 3.357886e-01 2.001753e-01 2.674397e-01 1.679919e-01 8.552021e-04
<GCONST> 7.511566e+01
<STATE> 4
<MEAN> 39
 -4.107062e+00 -5.426507e+00 -1.643455e+00 -8.744092e+00 -4.072333e+00 -5.846871e+00 -1.670268e+00 -1.195261e+01 -4.642486e+00 -8.694537e+00 -2.585693e+00 -8.295930e+00 1.778487e+01 1.507433e-01 9.725645e-01 6.276276e-01 -7.307572e-01 4.274704e-01 -6.600565e-02 -6.325085e-01 -4.453546e-01 8.225576e-02 2.307780e-01 -1.759429e-01 5.079161e-02 -1.279868e-01 4.464348e-02 -6.816021e-02 -2.143285e-01 1.670751e-01 1.618860e-01 -6.939201e-02 -6.883137e-02 1.652869e-01 1.379249e-02 -1.165781e-01 1.015406e-02 7.510129e-02 -5.526483e-03
<VARIANCE> 39
 6.952190e+00 2.331212e+01 1.104280e+01 2.146942e+01 1.960633e+01 4.669267e+01 3.619455e+01 3.534721e+01 4.122393e+01 4.575579e+01 3.326887e+01 3.781133e+01 1.326212e+00 2.770498e-01 6.120948e-01 8.054644e-01 1.205586e+00 9.151092e-01 1.970265e+00 1.134445e+00 1.445985e+00 1.609740e+00 1.543487e+00 9.449472e-01 9.601084e-01 1.268660e-02 4.885759e-02 1.201444e-01 8.170436e-02 1.342548e-01 2.007626e-01 3.084151e-01 2.742650e-01 1.859716e-01 2.306225e-01 2.260596e-01 1.687052e-01 1.676876e-01 1.600668e-03
<GCONST> 7.853041e+01
<TRANSP> 5
 0.000000e+00 1.000000e+00 0.000000e+00 0.000000e+00 0.000000e+00
 0.000000e+00 8.979688e-01 1.020313e-01 0.000000e+00 0.000000e+00
 0.000000e+00 0.000000e+00 8.247631e-01 1.752370e-01 0.000000e+00
 0.000000e+00 0.000000e+00 0.000000e+00 8.840585e-01 1.159415e-01
 0.000000e+00 0.000000e+00 0.000000e+00 0.000000e+00 0.000000e+00
<ENDHMM>
~h "sil"
<BEGINHMM>
<NUMSTATES> 5
<STATE> 2
<MEAN> 39
 -6.776389e+00 -6.751161e+00 -5.110957e+00 -9.127804e+00 -4.163113e-02 -3.414857e+00 1.628099e-01 -8.548769e+00 -2.628140e+00 -5.772123e+00 5.623834e-01 -4.293029e+00 1.461540e+01 -3.741337e-02 -1.865127e-03 -1.158849e-03 3.502958e-02 4.270473e-02 2.755212e-02 4.717679e-02 2.528637e-03 -1.785338e-02 6.003981e-03 1.727341e-02 1.384469e-02 -1.222512e-02 -2.617900e-02 -3.388568e-02 -7.338264e-02 -1.071814e-01 -1.162748e-01 -1.132716e-01 -6.003213e-02 -6.630917e-03 -2.034656e-02 1.074641e-02 3.645330e-02 2.857590e-02 1.849429e-03
<VARIANCE> 39
 3.576730e+00 4.318058e+00 5.933868e+00 7.597157e+00 1.200445e+01 1.367083e+01 1.465039e+01 1.628559e+01 1.569897e+01 1.373432e+01 1.577537e+01 1.307953e+01 1.166742e+00 7.722964e-02 1.578266e-01 2.694370e-01 3.718566e-01 4.926353e-01 6.548756e-01 6.777833e-01 7.099891e-01 6.922397e-01 5.737705e-01 6.344915e-01 5.617939e-01 4.942659e-03 1.078464e-02 2.383838e-02 4.009916e-02 5.010487e-02 7.099167e-02 1.020183e-01 1.069275e-01 1.298294e-01 1.115682e-01 9.226426e-02 1.052972e-01 9.911235e-02 6.272863e-04
<GCONST> 4.362615e+01
<STATE> 3
~s "silst"
<STATE> 4
<MEAN> 39
 -7.618856e+00 -7.343873e+00 -6.633510e+00 -1.117673e+01 -2.169194e+00 -5.383127e+00 -1.000918e+00 -8.628011e+00 -2.685019e+00 -5.388703e+00 1.460273e+00 -3.849571e+00 1.448268e+01 -3.003747e-03 6.957747e-03 -2.941039e-02 -3.177550e-02 -5.617157e-02 -2.222512e-02 -6.059696e-02 -6.746940e-03 -3.278500e-03 -6.601335e-03 -2.253674e-02 -2.094677e-02 1.462554e-04 3.995319e-02 5.982896e-02 9.764977e-02 1.270187e-01 1.314622e-01 1.244740e-01 6.160444e-02 1.352649e-02 2.453501e-02 -1.785636e-02 -5.647006e-02 -3.970682e-02 9.078073e-03
<VARIANCE> 39
 3.540537e+00 4.179986e+00 6.420321e+00 7.871375e+00 1.127352e+01 1.264515e+01 1.500506e+01 1.601163e+01 1.777303e+01 1.534621e+01 1.513311e+01 1.344925e+01 9.950538e-01 7.830258e-02 1.695820e-01 2.895388e-01 4.172787e-01 5.060765e-01 6.774613e-01 5.972569e-01 7.459549e-01 7.117440e-01 6.091204e-01 7.022005e-01 6.142801e-01 3.313618e-03 1.455736e-02 2.906629e-02 4.213404e-02 5.747205e-02 7.381433e-02 1.095540e-01 1.041724e-01 1.289801e-01 1.337983e-01 1.061644e-01 1.176150e-01 1.101532e-01 1.142640e-03
<GCONST> 4.566160e+01
<TRANSP> 5
 0.000000e+00 1.000000e+00 0.000000e+00 0.000000e+00 0.000000e+00
 0.000000e+00 7.724002e-01 2.423744e-02 2.033624e-01 0.000000e+00
 0.000000e+00 0.000000e+00 8.265604e-01 1.734396e-01 0.000000e+00
 0.000000e+00 1.886240e-01 0.000000e+00 7.408555e-01 7.052060e-02
 0.000000e+00 0.000000e+00 0.000000e+00 0.000000e+00 0.000000e+00
<ENDHMM>
~h "six"
<BEGINHMM>
<NUMSTATES> 5
<STATE> 2
<MEAN> 39
 -8.644795e+00 -4.227877e+00 -6.934700e+00 -8.765574e+00 -3.152027e+00 -4.308874e+00 -1.966385e+00 -8.225942e+00 -3.545240e+00 -3.967568e+00 1.147193e-01 -3.143957e+00 1.497247e+01 6.819201e-01 6.864268e-01 1.213917e+00 -1.402367e+00 -1.175526e+00 -1.226441e+00 4.600156e-02 -1.293527e-01 4.316042e-01 3.511229e-01 -5.252082e-01 -4.880891e-01 6.378421e-01 6.150450e-02 1.122717e-01 2.216207e-01 -4.783254e-01 -2.731213e-01 -1.618733e-01 4.479342e-02 7.756837e-02 2.055376e-01 -4.328694e-03 -1.361358e-01 -2.402819e-01 1.431571e-01
<VARIANCE> 39
 7.565167e+00 7.825408e+00 1.279066e+01 1.151919e+01 1.926614e+01 2.029820e+01 1.525293e+01 1.790808e+01 2.011635e+01 3.016462e+01 1.911537e+01 1.706102e+01 1.905830e+00 3.594042e-01 4.727369e-01 8.852115e-01 1.150233e+00 1.082589e+00 1.328210e+00 1.014012e+00 8.121160e-01 1.426419e+00 2.252933e+00 1.083942e+00 1.335029e+00 7.574052e-02 6.211939e-02 5.616547e-02 1.156991e-01 9.860735e-02 2.022860e-01 2.103563e-01 1.473076e-01 1.777695e-01 1.846821e-01 2.381167e-01 1.709190e-01 1.683104e-01 9.108401e-03
<GCONST> 7.423897e+01
<STATE> 3
<MEAN> 39
 -6.473218e+00 -1.101246e+00 -8.544373e-01 -2.013412e+01 -7.853790e+00 -8.726176e+00 -2.442238e+00 -6.375120e+00 2.527137e-01 -3.799609e+00 -2.524064e+00 -7.323290e+00 1.832944e+01 2.335513e-02 -8.892429e-02 2.178967e-01 -2.761395e-01 3.800914e-01 2.169212e-01 -2.751393e-01 1.712067e-01 3.539263e-02 -1.976605e-01 1.721252e-01 1.007197e-02 -4.986909e-02 -5.654099e-02 -2.054012e-01 -2.671309e-01 4.885211e-01 2.881005e-01 2.203129e-01 6.856146e-02 -9.149127e-02 -1.471620e-01 -5.859567e-02 1.516257e-01 1.664173e-01 -1.671121e-01
<VARIANCE> 39
 7.691504e+00 9.758857e+00 1.664452e+01 2.294608e+01 5.857188e+01 3.113290e+01 3.721873e+01 2.461730e+01 3.463843e+01 5.828113e+01 3.545058e+01 3.745898e+01 1.433873e+00 3.492560e-01 6.518426e-01 1.075433e+00 3.229693e+00 2.390404e+00 1.754480e+00 1.734683e+00 1.342948e+00 1.886967e+00 2.011023e+00 1.866465e+00 1.893951e+00 2.929034e-01 6.821556e-02 6.608725e-02 1.610601e-01 2.253300e-01 3.065415e-01 3.194915e-01 3.842052e-01 2.240734e-01 2.869745e-01 3.400939e-01 2.639359e-01 2.553642e-01 1.167900e-02
<GCONST> 9.187666e+01
<STATE> 4
<MEAN> 39
 -6.577470e+00 -6.282917e+00 -4.713406e+00 -1.080322e+01 -9.994232e-01 -3.977292e+00 -1.418183e+00 -8.746036e+00 -2.180049e+00 -5.856393e+00 1.167992e+00 -4.217965e+00 1.473581e+01 -2.401478e-01 -9.008074e-01 -9.842352e-01 1.438656e+00 3.952656e-01 4.109856e-01 8.955495e-01 -4.417687e-01 -2.633787e-01 -4.012663e-02 1.845402e-01 2.916902e-01 -4.557198e-01 -1.052009e-01 1.720678e-01 2.118904e-01 -4.355186e-01 -3.755065e-01 -1.565759e-01 -9.112255e-02 1.695679e-01 1.169125e-01 1.013058e-01 -1.768239e-01 -1.428554e-01 1.505506e-01
<VARIANCE> 39
 3.284731e+00 5.460884e+00 9.390443e+00 1.090337e+01 1.446897e+01 1.553119e+01 1.927233e+01 1.843561e+01 1.674147e+01 1.691586e+01 1.851376e+01 1.485601e+01 1.490768e+00 2.676297e-01 4.894479e-01 9.210752e-01 1.330230e+00 2.102449e+00 1.636349e+00 1.600479e+00 1.257675e+00 1.236978e+00 1.209149e+00 1.191440e+00 1.016245e+00 8.335469e-02 3.861598e-02 6.564552e-02 1.378107e-01 1.476729e-01 2.320831e-01 1.817313e-01 2.639343e-01 1.935683e-01 1.842048e-01 1.725456e-01 1.975622e-01 1.817446e-01 5.783753e-03
<GCONST> 7.241725e+01
<TRANSP> 5
 0.000000e+00 1.000000e+00 0.000000e+00 0.000000e+00 0.000000e+00
 0.000000e+00 7.133801e-01 2.866199e-01 0.000000e+00 0.000000e+00
 0.000000e+00 0.000000e+00 8.890338e-01 1.109662e-01 0.000000e+00
 0.000000e+00 0.000000e+00 0.000000e+00 7.537381e-01 2.462619e-01
 0.000000e+00 0.000000e+00 0.000000e+00 0.000000e+00 0.000000e+00
<ENDHMM>
~h "two"
<BEGINHMM>
<NUMSTATES> 5
<STATE> 2
<MEAN> 39
 -1.106033e+01 -3.203600e+00 -6.952754e+00 -1.047764e+01 -1.156138e+00 -3.872053e+00 -2.000092e+00 -7.573295e+00 -2.358907e+00 -5.692148e+00 1.137495e+00 -3.318341e+00 1.506764e+01 4.154531e-01 6.220065e-01 9.158076e-01 -5.413876e-01 -2.434216e-01 -3.145948e-01 -4.615712e-01 -1.889770e-01 5.794374e-02 -4.438105e-02 -2.354689e-01 -3.156684e-01 3.061166e-01 3.007646e-01 4.155073e-02 2.988080e-01 -1.361011e-01 -1.732481e-01 -2.204494e-01 -1.050467e-01 -1.189999e-01 -2.557594e-02 4.060772e-03 -7.460018e-02 -1.608479e-01 8.604154e-02
<VARIANCE> 39
 8.567795e+00 8.207696e+00 1.281546e+01 1.263847e+01 1.852917e+01 2.275634e+01 1.896308e+01 2.151885e+01 2.068634e+01 2.334499e+01 2.427991e+01 1.961650e+01 9.062061e-01 1.409609e+00 5.637870e-01 1.356105e+00 8.382425e-01 1.336697e+00 1.286294e+00 9.646541e-01 1.184516e+00 1.143016e+00 1.275570e+00 1.809754e+00 1.088000e+00 7.132037e-02 1.226879e-01 1.134256e-01 1.315111e-01 1.280976e-01 2.361732e-01 2.030233e-01 1.735190e-01 2.227888e-01 2.198752e-01 1.974111e-01 3.513385e-01 1.586026e-01 8.095928e-03
<GCONST> 7.881856e+01
<STATE> 3
<MEAN> 39
 -4.611455e+00 1.250680e+00 1.846576e+00 -1.548827e+01 -6.898595e+00 -9.912099e+00 -6.676151e+00 -1.043764e+01 -2.418735e+00 -5.182034e+00 -1.119710e+00 -7.299391e+00 1.839506e+01 6.707438e-01 5.481614e-01 7.527136e-01 -5.465057e-01 -1.164700e+00 -1.109535e+00 -5.703576e-01 -2.819874e-01 -6.616317e-02 1.257688e-01 -2.183067e-01 -6.288461e-01 4.538455e-01 -2.499032e-01 -2.325891e-01 -4.254916e-01 2.972121e-01 2.679258e-01 2.291875e-01 2.342021e-01 1.458289e-01 -1.837439e-02 -7.906444e-03 1.525944e-01 1.824489e-01 -1.439070e-01
<VARIANCE> 39
 7.477032e+00 8.113343e+00 1.365053e+01 2.239464e+01 3.991343e+01 2.574199e+01 2.824494e+01 2.450374e+01 3.155973e+01 5.522421e+01 4.385878e+01 4.827042e+01 1.053133e+00 5.717533e-01 6.280535e-01 9.948344e-01 1.463225e+00 1.292541e+00 1.200757e+00 1.678172e+00 1.519236e+00 1.853391e+00 1.991348e+00 2.410484e+00 1.870580e+00 8.925862e-02 6.136881e-02 5.436966e-02 8.133027e-02 1.257826e-01 2.072996e-01 1.822269e-01 2.046084e-01 1.915246e-01 2.132869e-01 2.745070e-01 2.884077e-01 2.220341e-01 6.707057e-03
<GCONST> 8.388350e+01
<STATE> 4
<MEAN> 39
 -3.234521e+00 -5.366705e-02 -3.980621e-02 -1.367205e+01 -7.126412e+00 -1.157547e+01 -5.644077e+00 -9.634016e+00 -2.707013e+00 -5.305812e+00 -1.594079e-01 -7.601274e+00 1.824166e+01 1.671651e-01 -2.229616e-01 -2.382287e-01 5.381927e-01 3.355651e-01 8.510737e-02 9.798115e-02 -5.466845e-02 -1.937698e-01 -8.653603e-02 7.809724e-02 1.596818e-01 -1.197916e-01 -4.349614e-02 -3.810823e-02 -2.673983e-02 2.480993e-02 9.603538e-02 1.094774e-01 5.161576e-02 4.496097e-03 1.975969e-02 1.145448e-03 -5.851606e-03 4.475398e-02 -3.530791e-02
<VARIANCE> 39
 5.893522e+00 7.953813e+00 1.254039e+01 2.978426e+01 3.402084e+01 2.155728e+01 3.315601e+01 3.372181e+01 3.985413e+01 4.294155e+01 5.474357e+01 4.158545e+01 1.357798e+00 1.334379e-01 1.530371e-01 3.771600e-01 6.212617e-01 9.109384e-01 8.547218e-01 8.811424e-01 1.028230e+00 9.013902e-01 9.880942e-01 1.046301e+00 9.321474e-01 1.449139e-02 2.163924e-02 2.517697e-02 5.077356e-02 8.864496e-02 1.056288e-01 1.240728e-01 1.291320e-01 1.598478e-01 1.488092e-01 1.526771e-01 1.593719e-01 1.459851e-01 2.350153e-03
<GCONST> 6.574751e+01
<TRANSP> 5
 0.000000e+00 1.000000e+00 0.000000e+00 0.000000e+00 0.000000e+00
 0.000000e+00 8.295614e-01 1.704386e-01 0.000000e+00 0.000000e+00
 0.000000e+00 0.000000e+00 7.682467e-01 2.317533e-01 0.000000e+00
 0.000000e+00 0.000000e+00 0.000000e+00 9.013675e-01 9.863256e-02
 0.000000e+00 0.000000e+00 0.000000e+00 0.000000e+00 0.000000e+00
<ENDHMM>
~h "nine"
<BEGINHMM>
<NUMSTATES> 5
<STATE> 2
<MEAN> 39
 -4.465851e+00 -4.320239e+00 -2.080640e+00 -8.922277e+00 -3.046616e+00 -6.194067e+00 -1.510421e+00 -1.117732e+01 -5.008576e+00 -8.089142e+00 -2.962984e+00 -7.815959e+00 1.757500e+01 -1.387188e-01 -6.755092e-01 -2.244627e-01 4.968477e-01 -4.943786e-01 1.758416e-01 3.890021e-01 -1.974079e-01 -3.710046e-02 -1.531548e-01 -1.767208e-01 -1.448365e-01 2.490890e-01 -3.842119e-02 -1.266410e-01 -7.498322e-02 1.151920e-01 1.933048e-02 -6.465521e-03 3.799507e-02 3.175719e-02 1.037485e-02 6.557018e-03 8.140661e-02 3.546732e-02 -1.085908e-02
<VARIANCE> 39
 8.935079e+00 2.042257e+01 1.531224e+01 1.687121e+01 2.864944e+01 2.897059e+01 3.202313e+01 2.752904e+01 4.735606e+01 3.539111e+01 3.014852e+01 3.279198e+01 2.290625e+00 5.318840e-01 1.580682e+00 1.145363e+00 1.118410e+00 1.136989e+00 1.424377e+00 1.646043e+00 1.278378e+00 1.529265e+00 1.155189e+00 1.246695e+00 1.038744e+00 3.756119e-02 6.480255e-02 1.816242e-01 1.344572e-01 1.402609e-01 2.017338e-01 2.222353e-01 2.429035e-01 1.863232e-01 1.999158e-01 1.610389e-01 1.731889e-01 1.448085e-01 4.912182e-03
<GCONST> 8.288561e+01
<STATE> 3
<MEAN> 39
 -6.290376e+00 -1.167318e+01 -4.987767e+00 -2.492211e+00 -5.655499e+00 -5.432709e+00 1.785498e+00 -1.126427e+01 -5.680387e+00 -9.068749e+00 -1.604446e+00 -7.685349e+00 1.862177e+01 -1.082345e-01 6.586602e-02 2.330490e-01 -2.054449e-01 -4.690326e-02 2.055167e-01 -7.337664e-02 -1.009645e-01 1.716950e-01 6.964308e-02 -3.993395e-02 3.048712e-02 -1.980951e-02 -3.028861e-03 1.878318e-01 7.745322e-02 -2.486427e-01 3.299140e-02 8.107445e-02 -1.011901e-01 -2.001368e-03 8.312782e-02 -5.354468e-03 -7.950038e-02 2.509480e-02 -1.439284e-02
<VARIANCE> 39
 7.198316e+00 8.452240e+00 2.463239e+01 3.136814e+01 1.880414e+01 3.042204e+01 3.088314e+01 3.410219e+01 4.309879e+01 4.184495e+01 2.805882e+01 3.031838e+01 1.011923e+00 8.114389e-02 3.209559e-01 4.020160e-01 1.031371e+00 4.632042e-01 6.108092e-01 5.230421e-01 4.995285e-01 6.119457e-01 6.480234e-01 6.581877e-01 5.176020e-01 4.579357e-03 1.054069e-02 2.931279e-02 3.925275e-02 5.255936e-02 6.927409e-02 6.523749e-02 7.262401e-02 7.665674e-02 7.948443e-02 8.554197e-02 7.632389e-02 7.775392e-02 3.923945e-04
<GCONST> 5.266124e+01
<STATE> 4
<MEAN> 39
 -6.224345e+00 -3.177589e+00 -1.627911e+00 -1.203914e+01 -1.903618e+00 -4.485904e+00 -3.314724e+00 -1.019743e+01 -2.792161e+00 -8.223223e+00 -3.091941e+00 -6.513049e+00 1.790038e+01 3.932862e-01 8.505620e-01 1.536618e-01 -3.115295e-01 5.440652e-01 -4.759379e-01 -4.746571e-01 3.282912e-01 -1.985982e-01 5.450823e-02 9.698940e-02 5.327359e-02 -1.226136e-01 4.392196e-02 -1.234428e-01 -3.685454e-02 2.358892e-01 -1.494193e-02 -7.369782e-02 1.047271e-01 -3.512847e-02 -1.091761e-01 2.589908e-02 7.981311e-02 -2.948939e-02 -1.024460e-02
<VARIANCE> 39
 1.144076e+01 2.012500e+01 1.219001e+01 2.403789e+01 3.584309e+01 3.415894e+01 3.369092e+01 2.992828e+01 4.908491e+01 3.963525e+01 3.857505e+01 4.242644e+01 1.075685e+00 4.065469e-01 9.274305e-01 5.742192e-01 1.873033e+00 1.354382e+00 1.383844e+00 1.361011e+00 1.284752e+00 1.676114e+00 1.184627e+00 1.059613e+00 1.024310e+00 9.878160e-03 5.698130e-02 9.924204e-02 8.644965e-02 1.493499e-01 1.943345e-01 2.404685e-01 1.805989e-01 1.979771e-01 2.317109e-01 1.955032e-01 1.707342e-01 1.415463e-01 1.005929e-03
<GCONST> 7.866585e+01
<TRANSP> 5
 0.000000e+00 1.000000e+00 0.000000e+00 0.000000e+00 0.000000e+00
 0.000000e+00 8.952593e-01 1.047407e-01 0.000000e+00 0.000000e+00
 0.000000e+00 0.000000e+00 9.108920e-01 8.910798e-02 0.000000e+00
 0.000000e+00 0.000000e+00 0.000000e+00 8.979713e-01 1.020287e-01
 0.000000e+00 0.000000e+00 0.000000e+00 0.000000e+00 0.000000e+00
<ENDHMM>
~h "five"
<BEGINHMM>
<NUMSTATES> 5
<STATE> 2
<MEAN> 39
 -4.089030e+00 -1.146194e+01 -1.017376e+01 -8.206532e+00 5.349420e-01 -8.232623e+00 3.427475e-01 -4.569259e+00 -5.313367e+00 -7.991065e+00 -1.887520e+00 -4.926113e+00 1.804773e+01 3.432538e-01 -1.177854e+00 -7.030093e-01 7.959906e-01 5.211089e-01 -6.297290e-01 3.404420e-01 3.814643e-01 -7.514321e-01 -2.060733e-01 -2.826281e-01 4.375822e-03 5.578004e-01 -1.971969e-01 3.537973e-02 1.863950e-01 8.668862e-02 -1.751530e-02 1.108578e-01 2.945535e-02 -2.124119e-01 3.426428e-02 1.433676e-01 1.667553e-01 5.187379e-02 -7.947256e-02
<VARIANCE> 39
 1.067003e+01 1.952079e+01 2.369706e+01 1.688211e+01 1.912345e+01 2.038092e+01 2.544688e+01 5.184750e+01 3.249281e+01 2.825395e+01 2.503858e+01 2.011026e+01 4.234626e+00 7.723359e-01 5.627574e-01 1.181493e+00 9.018548e-01 7.906094e-01 9.823660e-01 9.670274e-01 2.188427e+00 1.728712e+00 1.727836e+00 1.361437e+00 1.026476e+00 1.237758e-01 9.342213e-02 1.311630e-01 1.738392e-01 1.231683e-01 1.365588e-01 1.433722e-01 1.540763e-01 2.979582e-01 2.735028e-01 1.909355e-01 1.740464e-01 1.405862e-01 2.740459e-02
<GCONST> 8.419225e+01
<STATE> 3
<MEAN> 39
 -5.812036e+00 -1.545201e+01 -8.549087e+00 -3.641749e+00 1.423059e+00 -9.172930e+00 2.539425e+00 -7.500648e+00 -7.214750e+00 -5.445075e+00 -4.594505e-01 -4.500052e+00 1.904585e+01 -1.654827e-01 8.453472e-02 4.903921e-01 -2.593898e-01 -2.714565e-01 4.349568e-01 6.837776e-02 -3.990533e-01 2.746457e-02 3.040496e-01 6.011415e-02 -8.483814e-02 -4.862841e-02 4.026501e-02 1.140809e-01 1.109268e-02 -1.964741e-01 -5.455776e-02 9.318849e-02 -2.874534e-02 2.474785e-02 5.611394e-02 -4.925589e-02 -7.819290e-02 -1.858257e-02 -1.483793e-02
<VARIANCE> 39
 9.169226e+00 9.381873e+00 2.481611e+01 2.081594e+01 1.874517e+01 2.314507e+01 1.747876e+01 3.901075e+01 4.702464e+01 4.445985e+01 2.685557e+01 2.550785e+01 1.356702e+00 8.760608e-02 1.525838e-01 2.694924e-01 6.314998e-01 4.945472e-01 5.506892e-01 4.975226e-01 4.919668e-01 6.111047e-01 5.690541e-01 5.670827e-01 4.730578e-01 5.839420e-03 1.172314e-02 2.411917e-02 3.021410e-02 4.795013e-02 5.107414e-02 5.157674e-02 5.690283e-02 6.410027e-02 8.501690e-02 8.407526e-02 6.625857e-02 7.024833e-02 8.941487e-04
<GCONST> 4.955585e+01
<STATE> 4
<MEAN> 39
 -5.755762e+00 -9.421075e+00 -3.946283e+00 -1.390744e+01 -3.277125e+00 -2.810877e+00 1.874097e+00 -8.424129e+00 -4.212743e+00 -5.239339e+00 -2.267109e+00 -5.520343e+00 1.830536e+01 2.173421e-01 1.207634e+00 3.706146e-01 -6.445571e-01 -3.931532e-01 -1.016475e-01 -3.093965e-01 2.568808e-01 5.549864e-01 -2.124756e-01 -7.314308e-02 -8.885407e-02 -2.457588e-01 -1.721933e-02 -2.104242e-02 -5.243367e-02 3.435264e-01 1.399539e-01 -1.807713e-01 -6.313605e-02 -9.758480e-03 -4.269272e-02 1.673657e-02 1.217208e-01 3.980849e-02 -4.835165e-02
<VARIANCE> 39
 7.870906e+00 2.308179e+01 1.220422e+01 3.194904e+01 4.212436e+01 1.955414e+01 2.462501e+01 3.669866e+01 5.317750e+01 2.795337e+01 2.710179e+01 3.010770e+01 1.832984e+00 2.145891e-01 4.974952e-01 5.735767e-01 2.634479e+00 1.470927e+00 1.622382e+00 9.744473e-01 1.331608e+00 1.638119e+00 1.337826e+00 1.268380e+00 9.161302e-01 4.130001e-02 4.301228e-02 9.677735e-02 7.576383e-02 2.406069e-01 2.362698e-01 2.297504e-01 1.662181e-01 2.295707e-01 2.227297e-01 1.789433e-01 2.066793e-01 1.646236e-01 4.442440e-03
<GCONST> 8.034834e+01
<TRANSP> 5
 0.000000e+00 1.000000e+00 0.000000e+00 0.000000e+00 0.000000e+00
 0.000000e+00 8.451958e-01 1.548042e-01 0.000000e+00 0.000000e+00
 0.000000e+00 0.000000e+00 9.122761e-01 8.772382e-02 0.000000e+00
 0.000000e+00 0.000000e+00 0.000000e+00 8.640615e-01 1.359385e-01
 0.000000e+00 0.000000e+00 0.000000e+00 0.000000e+00 0.000000e+00
<ENDHMM>
~h "four"
<BEGINHMM>
<NUMSTATES> 5
<STATE> 2
<MEAN> 39
 -6.664134e+00 -6.497560e+00 -5.549233e+00 -9.794002e+00 -1.603300e+00 -5.605885e+00 -1.257997e+00 -8.425085e+00 -1.987899e+00 -5.577168e+00 9.359508e-01 -4.292225e+00 1.539021e+01 1.589741e+00 5.442085e-01 -9.255222e-01 -8.800862e-01 -3.098696e-01 -5.408178e-01 -7.036606e-01 -1.977620e-01 1.894962e-01 2.036488e-01 -3.508916e-01 -4.969493e-01 6.521617e-01 3.426136e-01 1.214471e-01 -3.356523e-01 -3.140616e-01 -5.554948e-02 -8.875154e-04 -7.544753e-02 -1.495079e-02 1.140636e-03 5.335376e-02 -7.731542e-02 -1.299895e-01 1.403978e-01
<VARIANCE> 39
 8.016701e+00 5.527110e+00 5.393386e+00 7.909449e+00 1.005795e+01 1.254441e+01 1.446840e+01 1.357809e+01 1.598421e+01 1.350522e+01 1.629180e+01 1.233593e+01 1.766951e+00 5.055786e-01 4.390513e-01 5.924832e-01 7.420762e-01 7.228360e-01 9.130808e-01 7.455658e-01 8.240628e-01 1.035265e+00 1.105804e+00 1.544444e+00 1.248706e+00 5.605736e-02 7.009018e-02 5.324482e-02 6.045514e-02 8.238431e-02 1.009762e-01 1.509047e-01 1.212815e-01 1.491103e-01 1.393792e-01 1.603699e-01 1.993146e-01 1.877351e-01 7.449642e-03
<GCONST> 6.419215e+01
<STATE> 3
<MEAN> 39
 1.599791e+00 -3.483061e+00 -1.217959e+01 -1.705651e+01 -4.000760e+00 -6.170583e+00 -3.166685e+00 -8.951502e+00 -1.396541e+00 -3.851819e+00 4.325683e-01 -6.779712e+00 1.891776e+01 2.995398e-01 -1.894270e-01 -3.220533e-01 -3.267668e-02 7.525662e-02 -1.617428e-02 -2.177834e-01 1.765020e-01 3.549686e-01 9.288481e-02 -2.291663e-01 -2.184313e-01 1.412290e-01 -1.734884e-01 -1.543136e-01 1.505759e-01 2.368693e-01 3.838217e-02 -3.712388e-02 3.776155e-02 1.111173e-01 4.739951e-02 -8.577796e-02 -5.609735e-02 5.685493e-02 -6.759509e-02
<VARIANCE> 39
 4.138664e+00 1.028440e+01 9.547786e+00 1.372670e+01 2.443625e+01 1.714451e+01 1.859197e+01 1.716304e+01 2.365145e+01 2.483789e+01 3.813341e+01 3.760090e+01 1.083711e+00 5.154960e-01 7.251881e-01 6.827688e-01 1.208504e+00 9.686044e-01 7.696136e-01 9.081415e-01 9.562773e-01 1.306123e+00 1.173537e+00 1.336169e+00 1.238626e+00 9.194044e-02 4.957414e-02 4.578230e-02 9.588087e-02 7.999495e-02 1.359683e-01 1.435153e-01 1.562471e-01 1.413864e-01 1.816589e-01 1.922348e-01 1.992346e-01 1.872456e-01 7.221249e-03
<GCONST> 7.248288e+01
<STATE> 4
<MEAN> 39
 -2.610793e-01 -1.131780e+01 -7.986634e+00 -8.555399e+00 -5.376900e+00 -8.952522e+00 -2.203665e+00 -4.222485e+00 6.540145e-01 -7.568781e+00 -3.913290e+00 -7.361318e+00 1.855099e+01 -5.526441e-01 -3.467605e-02 1.190082e+00 5.192717e-01 -5.954942e-01 2.786954e-02 6.852152e-01 -1.577948e-01 -6.824574e-01 -3.930908e-01 1.343216e-01 2.577587e-01 -2.036510e-01 -8.736125e-02 3.027896e-01 1.306653e-03 -2.187471e-01 1.355280e-01 2.160923e-01 1.418001e-02 -2.468313e-01 -1.515898e-01 1.218366e-01 1.777957e-01 3.034632e-02 -5.099075e-02
<VARIANCE> 39
 6.967740e+00 1.429448e+01 2.845403e+01 1.839102e+01 4.722075e+01 3.737519e+01 3.526503e+01 3.889182e+01 4.502826e+01 3.447511e+01 3.468048e+01 3.192656e+01 1.575607e+00 2.192174e-01 1.521422e+00 6.613641e-01 1.662929e+00 2.085710e+00 2.162691e+00 1.565355e+00 2.598382e+00 1.819021e+00 1.726592e+00 1.797212e+00 1.076430e+00 4.087844e-02 2.917437e-02 9.452144e-02 1.876981e-01 1.658466e-01 4.429645e-01 3.014313e-01 3.552599e-01 3.381379e-01 3.789719e-01 2.792519e-01 3.073035e-01 2.167005e-01 3.208291e-03
<GCONST> 8.837077e+01
<TRANSP> 5
 0.000000e+00 1.000000e+00 0.000000e+00 0.000000e+00 0.000000e+00
 0.000000e+00 6.990114e-01 3.009886e-01 0.000000e+00 0.000000e+00
 0.000000e+00 0.000000e+00 9.180822e-01 8.191783e-02 0.000000e+00
 0.000000e+00 0.000000e+00 0.000000e+00 8.711060e-01 1.288941e-01
 0.000000e+00 0.000000e+00 0.000000e+00 0.000000e+00 0.000000e+00
<ENDHMM>
~h "zero"
<BEGINHMM>
<NUMSTATES> 5
<STATE> 2
<MEAN> 39
 -6.832878e+00 -1.741090e+00 -4.569362e+00 -7.632231e+00 -2.674648e+00 -4.848245e+00 -2.880058e+00 -8.926503e+00 -3.708577e+00 -4.088091e+00 8.513901e-02 -4.384147e+00 1.567693e+01 2.787066e-01 1.040418e+00 9.650342e-01 -1.145879e+00 -8.314628e-01 -1.402632e+00 -6.181003e-01 -6.053779e-01 3.187731e-01 3.383051e-01 -1.273841e-01 -2.406593e-01 4.890356e-01 2.982423e-02 8.451028e-02 1.753862e-01 -3.527158e-01 -1.671529e-01 -2.162991e-01 6.654724e-03 -1.631813e-02 1.684409e-01 4.563230e-05 3.100394e-02 -8.802734e-02 8.816382e-02
<VARIANCE> 39
 6.868314e+00 1.048401e+01 1.564397e+01 1.513437e+01 2.156912e+01 2.279428e+01 1.895513e+01 1.982992e+01 2.993395e+01 2.460014e+01 2.219212e+01 2.003374e+01 1.479113e+00 3.201780e-01 4.351299e-01 7.824174e-01 9.775631e-01 8.457921e-01 1.301346e+00 9.686795e-01 1.171362e+00 1.341401e+00 9.693101e-01 1.193441e+00 1.523585e+00 4.414409e-02 4.777655e-02 1.023778e-01 1.310500e-01 1.084528e-01 1.304499e-01 2.209109e-01 1.566734e-01 1.926839e-01 1.611721e-01 1.502691e-01 1.777464e-01 1.647625e-01 6.628082e-03
<GCONST> 7.347312e+01
<STATE> 3
<MEAN> 39
 -5.559304e+00 2.986175e-01 9.582309e-01 -1.695962e+01 -7.879109e+00 -9.170970e+00 -4.568758e+00 -8.431634e+00 1.869562e-01 -3.759472e+00 1.755242e-01 -6.837625e+00 1.841284e+01 3.379495e-01 -7.514056e-01 4.368727e-01 -1.599159e-01 -1.079661e+00 2.713177e-01 2.095517e-01 1.969977e-01 3.171897e-01 -8.049952e-02 4.351014e-02 -1.236662e-01 1.639441e-01 5.220401e-02 -2.685535e-01 -1.739560e-01 3.729562e-01 1.714817e-02 1.334473e-01 1.954236e-01 5.465185e-02 -8.779937e-02 -4.331471e-02 -1.314601e-02 7.222074e-02 -6.442472e-02
<VARIANCE> 39
 7.443693e+00 2.077485e+01 1.738775e+01 2.620180e+01 5.946661e+01 4.068208e+01 3.228475e+01 4.426247e+01 3.105828e+01 3.026711e+01 3.455752e+01 5.111467e+01 1.089571e+00 4.424929e-01 1.615506e+00 8.004917e-01 2.613602e+00 1.743571e+00 2.516458e+00 1.688295e+00 1.422693e+00 1.340229e+00 1.175072e+00 1.105642e+00 1.317482e+00 6.215914e-02 5.134277e-02 1.133795e-01 1.261163e-01 1.800779e-01 2.461444e-01 4.104996e-01 2.257938e-01 2.479391e-01 2.118021e-01 1.741320e-01 1.722434e-01 2.173911e-01 4.568909e-03
<GCONST> 8.703460e+01
<STATE> 4
<MEAN> 39
 -1.602559e+00 -1.052293e+01 -4.391794e+00 -9.805527e+00 -9.692728e+00 -8.044980e+00 5.661306e-01 -4.096976e+00 -1.793188e-01 -6.702106e+00 -1.005776e+00 -5.664076e+00 1.854382e+01 8.285622e-02 1.121139e-02 -5.510490e-01 1.618526e-01 6.689467e-01 -1.772801e-01 -1.812347e-02 2.087352e-01 -6.347884e-02 -1.491871e-01 -9.287901e-02 -7.886892e-03 -5.346804e-02 -5.974196e-02 1.434446e-01 6.329573e-02 -8.669654e-02 8.665413e-02 4.161994e-02 -9.802806e-02 -8.244193e-02 -2.020733e-02 3.441849e-02 2.070880e-02 -8.986076e-03 -1.774655e-02
<VARIANCE> 39
 6.462274e+00 1.771355e+01 2.651488e+01 2.675321e+01 6.264576e+01 5.437109e+01 3.558582e+01 3.640528e+01 4.421288e+01 3.495765e+01 2.491181e+01 3.293137e+01 1.493867e+00 2.242782e-01 8.363295e-01 6.294292e-01 1.036086e+00 1.224568e+00 1.670725e+00 1.527896e+00 1.765928e+00 1.574408e+00 1.377817e+00 1.023248e+00 9.268454e-01 1.573171e-02 2.390440e-02 3.493491e-02 7.635377e-02 1.109446e-01 1.910831e-01 2.324858e-01 1.870810e-01 1.959508e-01 2.165183e-01 1.823181e-01 1.466377e-01 1.334264e-01 1.764839e-03
<GCONST> 7.712788e+01
<TRANSP> 5
 0.000000e+00 1.000000e+00 0.000000e+00 0.000000e+00 0.000000e+00
 0.000000e+00 7.360231e-01 2.639769e-01 0.000000e+00 0.000000e+00
 0.000000e+00 0.000000e+00 8.919152e-01 1.080848e-01 0.000000e+00
 0.000000e+00 0.000000e+00 0.000000e+00 9.396486e-01 6.035138e-02
 0.000000e+00 0.000000e+00 0.000000e+00 0.000000e+00 0.000000e+00
<ENDHMM>
