~o
<STREAMINFO> 1 39
<VECSIZE> 39<NULLD><MFCC_E_D_A><DIAGC>
~s "silst"
<MEAN> 39
 -7.437426e+00 -6.010113e+00 -5.278057e+00 -9.290252e+00 -9.596174e-01 -3.976299e+00 -4.028262e-01 -8.578258e+00 -2.678535e+00 -5.752787e+00 8.153292e-01 -4.331275e+00 1.478068e+01 -2.214875e-01 -1.531758e-01 -2.165215e-01 -4.434252e-02 -4.332705e-02 7.891203e-02 3.099578e-02 9.482561e-02 4.506772e-02 3.641837e-02 8.300628e-02 9.018342e-02 -7.374618e-02 5.020885e-02 4.218263e-02 8.558789e-03 -4.455724e-02 -3.243243e-02 -7.143532e-02 -5.541199e-02 -2.640483e-02 -1.438493e-02 -6.011651e-03 -1.530965e-02 -1.110130e-02 3.141310e-02
<VARIANCE> 39
 6.352155e+00 6.539590e+00 1.012110e+01 1.028611e+01 1.482466e+01 1.523253e+01 1.624798e+01 1.702262e+01 1.842986e+01 1.736872e+01 1.649434e+01 1.447219e+01 9.477687e-01 2.225496e-01 3.359893e-01 4.240340e-01 4.892335e-01 6.177869e-01 7.645754e-01 7.409873e-01 7.609768e-01 8.112814e-01 7.571241e-01 7.452734e-01 6.638432e-01 2.456260e-02 3.110129e-02 5.452926e-02 6.992950e-02 8.606725e-02 1.117747e-01 1.432578e-01 1.319080e-01 1.433996e-01 1.472679e-01 1.292851e-01 1.299197e-01 1.153609e-01 3.237752e-03
<GCONST> 5.840583e+01
~h "eight"
<BEGINHMM>
<NUMSTATES> 5
<STATE> 2
<MEAN> 39
 -8.288872e+00 -2.813483e+00 -5.912852e+00 -1.853202e+01 1.670479e-01 -4.947688e+00 7.882546e-01 -6.764839e+00 -1.581209e+00 -7.553452e+00 -1.836542e+00 -5.814095e+00 1.750536e+01 -1.703008e-01 1.037087e+00 -1.038655e-01 -1.005618e+00 -3.067289e-02 -6.046852e-01 7.655048e-02 4.880469e-01 3.887752e-01 7.516759e-03 -1.205307e-01 -2.355525e-01 3.115151e-01 3.555625e-02 8.292949e-02 7.038465e-03 1.645159e-01 -6.152995e-02 -2.017800e-01 -8.221847e-02 -2.625913e-02 1.810249e-02 1.013206e-01 1.194565e-01 -1.697457e-04 -2.319279e-02
<VARIANCE> 39
 8.028556e+00 2.095102e+01 1.912860e+01 3.090758e+01 4.295037e+01 2.257039e+01 2.541936e+01 2.386494e+01 3.071093e+01 2.301479e+01 2.497853e+01 2.571250e+01 3.135020e+00 3.346101e-01 7.318834e-01 6.123328e-01 1.244490e+00 1.159911e+00 1.359813e+00 1.452878e+00 9.659400e-01 1.298645e+00 1.101427e+00 1.089328e+00 9.417632e-01 1.028837e-01 4.075639e-02 7.785825e-02 7.498123e-02 1.883156e-01 1.359470e-01 1.677608e-01 1.479203e-01 1.698841e-01 2.219860e-01 1.589512e-01 1.691119e-01 1.448398e-01 1.234487e-02
<GCONST> 7.893712e+01
<STATE> 3
<MEAN> 39
 -8.338225e+00 5.866761e+00 -5.448680e+00 -1.893313e+01 -2.915280e+00 -1.392953e+01 -1.851505e+00 -6.183473e+00 6.281679e-01 -3.957580e+00 9.175029e-01 -5.591687e+00 1.850954e+01 1.154897e-01 4.264606e-01 2.034955e-01 8.547459e-01 9.493039e-03 -8.492236e-01 -5.989665e-01 -8.373823e-01 -4.113322e-01 2.678064e-01 4.254140e-01 2.253338e-01 -8.505718e-02 4.876434e-02 -2.969139e-01 1.956349e-02 1.784408e-01 8.800259e-02 2.949942e-01 3.234075e-02 -1.395750e-01 -1.868687e-01 -1.483850e-01 -8.310975e-02 3.241891e-02 -6.317103e-02
<VARIANCE> 39
 1.000377e+01 1.149823e+01 2.456506e+01 2.775279e+01 2.034949e+01 2.375951e+01 5.633046e+01 2.757698e+01 3.079365e+01 2.210194e+01 3.274288e+01 2.518528e+01 1.505118e+00 1.854913e-01 5.669140e-01 2.704124e-01 6.232259e-01 8.082750e-01 1.070634e+00 7.411634e-01 8.031332e-01 1.732177e+00 1.064486e+00 1.197811e+00 8.638132e-01 2.696379e-02 2.815133e-02 7.430837e-02 4.990903e-02 1.003159e-01 8.101714e-02 1.583625e-01 1.419376e-01 1.401072e-01 1.734734e-01 1.403565e-01 1.841015e-01 1.388076e-01 3.448259e-03
<GCONST> 6.966698e+01
<STATE> 4
<MEAN> 39
 -6.839984e+00 3.523782e-01 -4.034052e+00 -1.174605e+01 -1.023908e+00 -1.089260e+01 -3.824990e+00 -1.156414e+01 -4.596162e+00 -5.888875e+00 7.309734e-01 -4.551095e+00 1.633190e+01 1.604298e-01 -1.897761e+00 -8.372390e-02 8.359715e-01 1.898724e-01 1.653565e+00 4.285515e-01 8.636883e-02 -2.068047e-01 -3.252549e-01 -8.925346e-02 1.139086e-01 -4.825980e-01 -8.747933e-02 -2.711729e-02 -1.031715e-01 -1.637497e-01 -6.190400e-02 7.292797e-02 1.573795e-01 2.527733e-01 2.022786e-01 8.280299e-02 3.464304e-02 -2.505808e-02 8.521723e-03
<VARIANCE> 39
 5.756315e+00 3.283532e+01 1.401511e+01 1.871960e+01 1.581733e+01 3.951308e+01 3.122491e+01 2.442432e+01 3.643913e+01 2.658651e+01 2.463185e+01 2.316108e+01 2.763924e+00 3.747891e-01 6.896684e-01 6.988231e-01 1.051367e+00 6.672523e-01 1.193327e+00 1.819744e+00 1.466685e+00 2.107122e+00 1.257475e+00 1.382044e+00 1.148669e+00 3.351810e-02 4.128041e-02 2.634526e-01 6.937679e-02 1.218524e-01 9.893475e-02 3.445044e-01 2.022005e-01 2.012554e-01 2.911192e-01 1.761883e-01 1.968725e-01 1.912109e-01 1.119624e-02
<GCONST> 8.031903e+01
<TRANSP> 5
 0.000000e+00 1.000000e+00 0.000000e+00 0.000000e+00 0.000000e+00
 0.000000e+00 8.672819e-01 1.327181e-01 0.000000e+00 0.000000e+00
 0.000000e+00 0.000000e+00 8.594025e-01 1.405975e-01 0.000000e+00
 0.000000e+00 0.000000e+00 0.000000e+00 8.258379e-01 1.741620e-01
 0.000000e+00 0.000000e+00 0.000000e+00 0.000000e+00 0.000000e+00
<ENDHMM>
~h "oh"
<BEGINHMM>
<NUMSTATES> 5
<STATE> 2
<MEAN> 39
 -4.320945e+00 -1.045790e+01 -8.419528e+00 -8.477625e+00 -2.555024e+00 -7.748076e+00 3.654559e+00 -7.275191e+00 -5.296337e+00 -7.142881e+00 -2.508555e+00 -5.391290e+00 1.788227e+01 5.391811e-01 -1.865867e-01 -6.000018e-01 1.593651e-01 1.019300e-01 -6.778418e-01 1.151969e-01 7.224950e-01 5.388591e-03 -4.303214e-01 -4.114133e-01 -1.550858e-01 3.425100e-01 7.268112e-03 1.084048e-01 1.034626e-02 -5.919532e-02 3.570354e-02 -1.983565e-03 -1.573123e-01 7.585608e-04 1.369811e-01 3.172350e-02 -8.180978e-03 -2.988155e-02 -2.577135e-02
<VARIANCE> 39
 8.636094e+00 1.213559e+01 1.686890e+01 1.809529e+01 2.303551e+01 2.491401e+01 3.061280e+01 6.604572e+01 3.967918e+01 3.434986e+01 2.686395e+01 3.147768e+01 2.926096e+00 2.922138e-01 5.638253e-01 6.165720e-01 6.137846e-01 6.689667e-01 9.253100e-01 1.323317e+00 1.738743e+00 1.521086e+00 1.248431e+00 1.242554e+00 1.012397e+00 9.530666e-02 4.012301e-02 6.214202e-02 7.381147e-02 7.755508e-02 9.001916e-02 1.264734e-01 1.560054e-01 2.159283e-01 1.849930e-01 1.954623e-01 1.842631e-01 1.380485e-01 1.316395e-02
<GCONST> 7.679972e+01
<STATE> 3
<MEAN> 39
 -4.895826e-01 -8.006188e+00 -1.299491e+01 -1.010904e+01 -7.669528e-01 -1.181057e+01 -9.811729e-01 -1.159795e+00 3.350274e-01 -7.884871e+00 -5.038228e+00 -6.778044e+00 1.901287e+01 2.153415e-01 4.098264e-01 7.134737e-03 -3.472924e-01 -6.685591e-02 1.445289e-02 -6.460947e-01 -2.817007e-01 6.053005e-01 6.076934e-01 3.401748e-02 -3.309364e-01 -1.404201e-02 -4.341122e-02 2.080179e-02 1.015770e-01 -1.188597e-02 -5.575071e-02 8.749931e-02 1.974602e-02 -1.477241e-01 -9.091456e-02 7.608677e-02 1.176536e-01 2.166808e-02 -2.495326e-02
<VARIANCE> 39
 6.009695e+00 8.873439e+00 1.713383e+01 1.491060e+01 1.914083e+01 2.468736e+01 4.327236e+01 3.256833e+01 3.853059e+01 3.644981e+01 3.139173e+01 3.900562e+01 1.242395e+00 8.022930e-02 1.363640e-01 2.801605e-01 2.831648e-01 3.926367e-01 5.187539e-01 7.326140e-01 1.044131e+00 7.648488e-01 8.649123e-01 8.384625e-01 6.970398e-01 1.263314e-02 1.093528e-02 1.419428e-02 3.408437e-02 3.334364e-02 4.709521e-02 6.888726e-02 7.954797e-02 9.748423e-02 1.056650e-01 1.021227e-01 9.175148e-02 8.888140e-02 1.153577e-03
<GCONST> 5.270624e+01
<STATE> 4
<MEAN> 39
 -3.356942e-01 -3.456331e+00 -8.516525e+00 -1.272821e+01 -3.574012e+00 -9.721367e+00 -4.369038e+00 -7.931723e+00 -2.096367e-02 -3.226841e+00 -1.059427e-01 -6.746604e+00 1.815952e+01 -5.228919e-01 1.418716e-01 7.888616e-01 2.766097e-01 6.794673e-04 5.649987e-01 3.433797e-01 -4.829563e-01 -5.520329e-01 -1.691900e-01 4.259304e-01 4.619336e-01 -2.959139e-01 -1.287080e-01 -1.308362e-01 -2.453597e-02 9.180808e-02 1.048187e-01 8.941865e-02 1.571608e-01 1.023569e-01 -5.325608e-02 -1.286042e-01 -7.255559e-02 5.566374e-02 -4.042328e-02
<VARIANCE> 39
 7.263962e+00 7.173755e+00 2.222074e+01 1.806023e+01 1.937533e+01 2.773724e+01 3.086136e+01 2.747123e+01 3.254787e+01 4.068885e+01 3.960393e+01 3.605085e+01 1.941482e+00 3.269175e-01 4.478528e-01 4.942081e-01 6.119168e-01 8.939605e-01 1.188180e+00 1.252276e+00 1.292259e+00 1.275812e+00 1.274956e+00 1.296170e+00 1.149042e+00 4.459797e-02 2.740563e-02 4.075834e-02 8.784391e-02 8.602098e-02 1.077176e-01 1.654440e-01 1.754417e-01 1.999954e-01 2.150507e-01 2.046776e-01 1.763667e-01 1.660013e-01 3.455773e-03
<GCONST> 7.358827e+01
<TRANSP> 5
 0.000000e+00 1.000000e+00 0.000000e+00 0.000000e+00 0.000000e+00
 0.000000e+00 8.806660e-01 1.193340e-01 0.000000e+00 0.000000e+00
 0.000000e+00 0.000000e+00 8.986803e-01 1.013197e-01 0.000000e+00
 0.000000e+00 0.000000e+00 0.000000e+00 8.765171e-01 1.234829e-01
 0.000000e+00 0.000000e+00 0.000000e+00 0.000000e+00 0.000000e+00
<ENDHMM>
~h "sp"
<BEGINHMM>
<NUMSTATES> 5
<STATE> 2
~s "silst"
<STATE> 3
<MEAN> 39
 -8.385917e+00 -4.909698e+00 -6.364226e+00 -8.781117e+00 -2.047235e+00 -3.772630e+00 -1.166786e+00 -8.183086e+00 -2.866348e+00 -5.263112e+00 5.867956e-01 -4.098845e+00 1.496209e+01 -2.865482e-01 -8.932769e-02 -2.715960e-01 1.533174e-02 7.971207e-02 2.136809e-01 1.131590e-01 6.330854e-02 1.818204e-03 3.358342e-02 3.257648e-02 1.231172e-01 -7.791187e-02 1.803589e-01 7.803218e-02 9.670912e-02 -1.210957e-01 -1.197168e-01 -2.189513e-01 -6.944899e-02 -2.727919e-02 8.085729e-04 -1.956523e-02 -7.421683e-02 -7.577859e-02 1.087825e-01
<VARIANCE> 39
 1.050289e+01 1.139827e+01 1.517208e+01 1.498752e+01 1.895957e+01 1.960985e+01 1.823245e+01 1.980102e+01 2.066951e+01 1.960653e+01 1.830547e+01 1.585052e+01 1.398070e+00 6.156557e-01 5.987958e-01 8.275155e-01 6.857078e-01 9.434630e-01 1.198520e+00 9.084511e-01 1.075167e+00 1.132550e+00 9.938748e-01 9.483432e-01 7.927392e-01 8.213726e-02 7.582022e-02 1.146062e-01 1.462356e-01 1.464754e-01 1.806537e-01 1.992377e-01 1.799249e-01 2.104754e-01 2.033584e-01 1.805190e-01 1.684400e-01 1.394105e-01 7.633202e-03
<GCONST> 7.445618e+01
<STATE> 4
<MEAN> 39
 -7.171460e+00 -5.342992e+00 -5.221048e+00 -9.582554e+00 -1.298143e+00 -4.705067e+00 -1.121215e+00 -8.915963e+00 -3.084386e+00 -5.747717e+00 7.178687e-01 -4.223516e+00 1.535010e+01 7.956793e-01 3.179725e-01 1.758595e-01 -6.696416e-01 -5.877051e-01 -8.225577e-01 -1.503312e-01 6.092092e-03 7.006288e-02 -2.834905e-02 -4.158007e-01 -3.264780e-01 4.888794e-01 1.675562e-01 1.902564e-02 -5.270873e-02 -2.106122e-01 -1.997450e-01 -1.599999e-01 2.783112e-02 8.096522e-02 4.277956e-02 -3.481040e-03 -1.330555e-01 -1.186292e-01 1.360276e-01
<VARIANCE> 39
 8.006498e+00 8.806302e+00 1.174267e+01 1.196019e+01 1.497821e+01 1.533959e+01 1.719818e+01 1.871937e+01 2.139828e+01 1.906029e+01 2.016143e+01 1.810690e+01 1.623133e+00 6.941352e-01 7.435619e-01 1.238976e+00 1.116929e+00 1.242558e+00 1.284873e+00 1.227286e+00 1.556427e+00 1.337575e+00 1.316314e+00 1.210652e+00 1.143031e+00 6.660195e-02 6.503380e-02 9.766136e-02 1.543593e-01 1.557398e-01 1.877272e-01 1.853627e-01 1.682119e-01 1.964695e-01 1.971474e-01 1.821449e-01 1.905003e-01 1.909673e-01 5.979829e-03
<GCONST> 7.612949e+01
<TRANSP> 5
 0.000000e+00 4.982713e-01 5.017288e-01 0.000000e+00 0.000000e+00
 0.000000e+00 9.219751e-01 7.802486e-02 0.000000e+00 0.000000e+00
 0.000000e+00 0.000000e+00 7.370543e-01 2.629457e-01 0.000000e+00
 0.000000e+00 0.000000e+00 0.000000e+00 4.528115e-01 5.471885e-01
 0.000000e+00 0.000000e+00 0.000000e+00 0.000000e+00 0.000000e+00
<ENDHMM>
~h "seven"
<BEGINHMM>
<NUMSTATES> 5
<STATE> 2
<MEAN> 39
 -5.616298e+00 -4.254873e+00 -4.940658e+00 -1.414655e+01 -7.729859e+00 -7.034146e+00 2.374254e+00 -7.862912e+00 -1.541322e+00 -5.187582e+00 -3.311636e+00 -6.568562e+00 1.750299e+01 3.495245e-01 -2.961861e-01 1.338330e-01 -1.200651e+00 -6.664059e-01 -1.715643e-02 1.020103e+00 2.039268e-02 6.107492e-02 -4.165624e-01 -7.283171e-01 -6.004778e-01 6.536344e-01 -1.937208e-01 -1.736487e-01 -1.859198e-01 1.883134e-01 2.909297e-01 3.158584e-01 -4.543947e-02 1.516500e-02 -1.569562e-01 -1.007922e-01 1.293067e-01 1.142080e-01 -5.693052e-02
<VARIANCE> 39
 1.171552e+01 7.504819e+00 1.111709e+01 2.985983e+01 3.238332e+01 3.170063e+01 2.987282e+01 2.666074e+01 2.989772e+01 6.533521e+01 2.670781e+01 2.734067e+01 4.044614e+00 6.659430e-01 5.834649e-01 7.045333e-01 9.959370e-01 1.848415e+00 1.839038e+00 1.373142e+00 1.175919e+00 1.478033e+00 1.942846e+00 1.230320e+00 1.559124e+00 7.822936e-02 8.897363e-02 6.515393e-02 9.133829e-02 2.311299e-01 2.739132e-01 2.202933e-01 1.926159e-01 1.464740e-01 1.655935e-01 3.166507e-01 1.963922e-01 2.047017e-01 3.000953e-02
<GCONST> 8.564974e+01
<STATE> 3
<MEAN> 39
 -6.160767e+00 -8.618139e+00 -5.704145e+00 -1.567008e+01 -4.656805e+00 -2.911608e+00 5.217711e+00 -8.942572e+00 -3.413336e+00 -7.433731e+00 -3.713850e+00 -5.905323e+00 1.909690e+01 1.798815e-01 -1.590087e-01 1.861742e-01 6.514822e-01 1.689407e-01 -2.622649e-01 -2.191188e-01 3.405226e-01 -3.898375e-01 2.024498e-01 2.963649e-01 1.166085e-01 -1.316029e-01 9.696797e-02 2.246791e-01 1.476580e-01 2.403698e-01 -3.061709e-02 -2.841942e-01 -2.906525e-01 7.193094e-02 7.713621e-02 5.736989e-02 1.533202e-01 -3.005599e-02 -1.143058e-01
<VARIANCE> 39
 9.218913e+00 8.998475e+00 8.468534e+00 1.598212e+01 4.690636e+01 3.251420e+01 3.208699e+01 4.202254e+01 5.057949e+01 4.386724e+01 3.479300e+01 3.271714e+01 1.235594e+00 3.307305e-01 5.717441e-01 3.822182e-01 6.251394e-01 1.213239e+00 1.477628e+00 1.326177e+00 9.782819e-01 1.203749e+00 1.630845e+00 1.645324e+00 9.415932e-01 5.946585e-02 4.418146e-02 4.155267e-02 4.889431e-02 9.571470e-02 2.050114e-01 1.422389e-01 1.873827e-01 1.683948e-01 1.960594e-01 1.770812e-01 2.451525e-01 1.697155e-01 4.687257e-03
<GCONST> 7.597177e+01
<STATE> 4
<MEAN> 39
 -3.186793e+00 -3.769964e+00 -1.813571e+00 -9.555907e+00 -3.511168e+00 -7.989050e+00 -9.723799e-01 -8.472045e+00 -4.172512e+00 -6.818666e+00 -1.732640e+00 -6.960337e+00 1.711475e+01 2.117302e-02 2.531348e-01 1.368590e-01 2.311738e-01 3.578174e-01 9.171826e-02 -3.212523e-01 -2.741099e-01 8.046799e-02 -3.457164e-02 1.353252e-01 4.866511e-02 -1.240410e-01 -5.696221e-02 -7.531140e-02 -7.333528e-02 -8.389431e-02 -1.315001e-02 1.028869e-01 1.104838e-01 -8.346964e-03 2.048061e-02 1.518512e-02 -3.475052e-02 2.607976e-02 1.269208e-02
<VARIANCE> 39
 4.897330e+00 1.057806e+01 9.946009e+00 1.390580e+01 2.791939e+01 3.072930e+01 2.595233e+01 4.067111e+01 3.328304e+01 3.582211e+01 3.313867e+01 2.910534e+01 1.560594e+00 2.383927e-01 5.071778e-01 5.403317e-01 8.770391e-01 1.321061e+00 1.258878e+00 1.637587e+00 1.311983e+00 1.405524e+00 1.395993e+00 1.268401e+00 9.899275e-01 9.400935e-02 3.602513e-02 7.656599e-02 8.736949e-02 1.480480e-01 2.339881e-01 2.042685e-01 2.737571e-01 2.290189e-01 2.317393e-01 2.367303e-01 2.145366e-01 1.483810e-01 1.426835e-02
<GCONST> 7.897080e+01
<TRANSP> 5
 0.000000e+00 1.000000e+00 0.000000e+00 0.000000e+00 0.000000e+00
 0.000000e+00 7.922038e-01 2.077962e-01 0.000000e+00 0.000000e+00
 0.000000e+00 0.000000e+00 8.527322e-01 1.472678e-01 0.000000e+00
 0.000000e+00 0.000000e+00 0.000000e+00 9.372290e-01 6.277099e-02
 0.000000e+00 0.000000e+00 0.000000e+00 0.000000e+00 0.000000e+00
<ENDHMM>
~h "three"
<BEGINHMM>
<NUMSTATES> 5
<STATE> 2
<MEAN> 39
 -2.854591e+00 -7.038836e+00 -2.618338e-01 -8.814890e+00 -1.066429e+01 -1.121363e+01 -1.158073e+00 -8.694308e+00 -1.758992e+00 -5.016862e+00 -1.934629e-01 -5.335570e+00 1.745729e+01 4.797252e-01 -1.574276e-01 9.399797e-01 -2.376339e-01 -1.604538e+00 -9.037855e-02 -2.101144e-01 -2.571478e-01 4.188204e-01 1.179305e-01 -2.314435e-02 -2.337898e-01 3.686841e-01 -1.928930e-01 1.243812e-01 5.451708e-03 -3.108030e-01 2.249278e-01 3.380871e-01 -1.733242e-01 8.068635e-03 8.557680e-02 -2.638248e-02 4.311783e-02 4.458955e-03 -3.483855e-02
<VARIANCE> 39
 1.106043e+01 1.273277e+01 1.655529e+01 2.977285e+01 5.040321e+01 4.946646e+01 2.281408e+01 2.624243e+01 2.765484e+01 2.592128e+01 3.329084e+01 3.224158e+01 2.613481e+00 7.549169e-01 6.716245e-01 8.115082e-01 2.035708e+00 1.896827e+00 3.415397e+00 1.392181e+00 1.555933e+00 1.223040e+00 1.084909e+00 1.339846e+00 1.255995e+00 5.933291e-02 1.130051e-01 1.436220e-01 1.323770e-01 2.988680e-01 4.537413e-01 4.282740e-01 2.906825e-01 2.396846e-01 1.921646e-01 1.813277e-01 1.976122e-01 1.898356e-01 9.897273e-03
<GCONST> 8.908988e+01
<STATE> 3
<MEAN> 39
 -4.918894e+00 -3.862968e+00 5.716796e+00 -1.866340e+01 -1.296142e+01 -4.155640e+00 -8.449585e+00 -9.018449e+00 2.168195e+00 -5.653207e+00 1.317354e+00 -5.868723e+00 1.867612e+01 -8.561072e-01 1.777532e+00 -1.905978e-01 -1.816258e+00 2.308669e+00 5.778998e-03 -1.557125e+00 9.164104e-01 -3.709003e-01 -2.462968e-01 1.221891e-01 4.321147e-03 -1.536261e-02 3.116722e-02 1.445154e-01 -4.717089e-01 4.903595e-01 4.498834e-01 -6.785014e-01 4.005195e-01 8.889578e-02 -3.882832e-01 6.588369e-02 -6.122785e-02 4.332319e-02 -5.666267e-02
<VARIANCE> 39
 7.815167e+00 2.368247e+01 1.110635e+01 3.379808e+01 5.891239e+01 2.872514e+01 4.376366e+01 6.316858e+01 2.329704e+01 2.758177e+01 3.655325e+01 2.941671e+01 1.289496e+00 2.570786e-01 6.287705e-01 1.049328e+00 1.698258e+00 1.519691e+00 3.676987e+00 1.887367e+00 1.429331e+00 1.461594e+00 1.053423e+00 7.639797e-01 8.027268e-01 2.196881e-02 5.377118e-02 1.576296e-01 9.156495e-02 2.633197e-01 4.966490e-01 2.369431e-01 4.187974e-01 3.701863e-01 1.578306e-01 1.511396e-01 1.325960e-01 1.097525e-01 2.337124e-03
<GCONST> 8.295314e+01
<STATE> 4
<MEAN> 39
 -6.353127e+00 3.347729e+00 -1.668756e+00 -1.548247e+01 -1.352475e+00 -1.182909e+01 -5.287799e+00 -8.484772e+00 -3.583261e+00 -5.415664e+00 -6.301692e-01 -6.469539e+00 1.768062e+01 7.358165e-02 -2.621104e-01 -5.504376e-01 9.025081e-01 4.198987e-01 7.920321e-02 6.920409e-01 -2.459182e-01 -1.944868e-01 -1.024015e-03 -6.309085e-02 5.499282e-02 -2.156458e-01 2.317127e-02 -2.681398e-01 4.644452e-02 5.020704e-02 -2.027503e-01 2.455508e-01 5.862696e-02 -1.419920e-02 1.300614e-01 -8.311203e-03 4.074743e-02 2.618672e-02 -2.617142e-02
<VARIANCE> 39
 7.829302e+00 1.676682e+01 1.548871e+01 3.321790e+01 2.246158e+01 2.715018e+01 4.481973e+01 4.338389e+01 3.190855e+01 4.063338e+01 4.147810e+01 3.718835e+01 1.723233e+00 2.639951e-01 1.508104e+00 6.734684e-01 8.512348e-01 1.233250e+00 2.290021e+00 1.371474e+00 1.510952e+00 1.349479e+00 1.263056e+00 1.074477e+00 9.784164e-01 3.625857e-02 4.605361e-02 9.901793e-02 8.188096e-02 1.693405e-01 1.855790e-01 1.906650e-01 2.042969e-01 2.225737e-01 1.772760e-01 1.720939e-01 1.472718e-01 1.382097e-01 2.771775e-03
<GCONST> 8.001874e+01
<TRANSP> 5
 0.000000e+00 1.000000e+00 0.000000e+00 0.000000e+00 0.000000e+00
 0.000000e+00 8.690172e-01 1.309828e-01 0.000000e+00 0.000000e+00
 0.000000e+00 0.000000e+00 7.834331e-01 2.165669e-01 0.000000e+00
 0.000000e+00 0.000000e+00 0.000000e+00 9.099418e-01 9.005821e-02
 0.000000e+00 0.000000e+00 0.000000e+00 0.000000e+00 0.000000e+00
<ENDHMM>
~h "one"
<BEGINHMM>
<NUMSTATES> 5
<STATE> 2
<MEAN> 39
 -6.464226e-01 -3.051868e+00 -8.090157e+00 -1.374293e+01 -2.779731e+00 -6.002100e+00 -1.116119e+00 -8.675056e+00 -3.155444e+00 -6.726079e+00 -1.102953e+00 -6.757340e+00 1.757890e+01 4.267454e-01 -2.618091e-01 -1.043719e+00 8.094410e-02 4.978269e-01 3.223108e-01 -1.543556e-01 8.216406e-02 1.550127e-01 -1.753388e-01 -3.258864e-01 -3.650849e-01 2.773354e-01 -1.174083e-01 -1.911778e-01 -4.577971e-02 3.207984e-01 1.451113e-01 -5.582356e-02 -1.237584e-01 4.853568e-02 5.312991e-02 -5.614796e-02 -3.551221e-02 2.706735e-02 -1.857406e-02
<VARIANCE> 39
 8.234123e+00 6.986575e+00 2.324530e+01 1.956116e+01 2.395673e+01 2.496947e+01 1.851268e+01 2.005484e+01 2.499702e+01 2.397663e+01 2.851180e+01 2.739659e+01 2.256610e+00 3.830859e-01 7.509169e-01 8.227484e-01 1.689899e+00 1.512485e+00 1.202298e+00 1.248755e+00 9.845706e-01 1.071915e+00 9.557983e-01 1.045791e+00 1.016610e+00 4.499590e-02 5.001966e-02 5.850350e-02 1.482711e-01 2.287827e-01 1.878788e-01 2.525482e-01 1.950937e-01 1.727095e-01 1.788252e-01 1.717873e-01 1.859916e-01 1.683992e-01 5.817817e-03
<GCONST> 7.715353e+01
<STATE> 3
<MEAN> 39
 -1.291986e+00 -9.413273e+00 -1.327068e+01 -4.011187e+00 2.107376e+00 -7.731901e+00 -4.964939e+00 -5.397161e+00 -1.414266e+00 -1.054382e+01 -3.765301e+00 -6.924614e+00 1.859544e+01 -5.818945e-01 -8.088627e-01 7.852066e-01 1.526189e+00 -7.680619e-01 -9.587610e-01 5.593579e-01 6.454651e-01 -5.993814e-01 -7.391086e-01 2.729440e-01 4.281559e-01 -5.078638e-03 -5.016237e-02 2.137672e-01 4.229167e-01 -3.936618e-01 -4.522473e-01 1.399850e-01 4.087096e-01 -2.354495e-01 -2.525558e-01 2.145170e-01 2.210410e-01 -4.613208e-02 -3.102353e-02
<VARIANCE> 39
 5.540796e+00 1.037769e+01 1.611971e+01 3.111006e+01 2.015161e+01 2.721541e+01 2.821138e+01 3.473010e+01 4.300885e+01 3.934732e+01 2.924486e+01 3.314433e+01 1.498556e+00 1.319987e-01 3.918810e-01 8.543966e-01 1.275434e+00 1.431634e+00 9.618549e-01 1.983041e+00 1.322216e+00 1.649059e+00 1.157223e+00 1.461235e+00 9.875901e-01 8.872908e-03 2.305080e-02 4.897568e-02 9.347779e-02 1.896145e-01 1.741391e-01 2.842721e-01 1.944402e-01 3.103278e-01 2.315666e-01 2.638309e-01 1.872213e-01 2.282096e-01 9.791988e-04
<GCONST> 7.504234e+01
<STATE> 4
<MEAN> 39
 -3.825546e+00 -5.607999e+00 -2.294445e+00 -7.627562e+00 -3.643980e+00 -6.859622e+00 -1.715607e+00 -1.128682e+01 -5.663445e+00 -9.001044e+00 -2.269210e+00 -8.146707e+00 1.779498e+01 -6.880015e-02 5.890439e-01 5.362920e-01 -5.687084e-01 1.338659e-01 2.790795e-01 -1.748259e-01 -4.639151e-01 5.921998e-02 3.800001e-01 3.685845e-02 5.000674e-02 -1.638562e-01 8.890926e-03 -3.225102e-02 -1.850745e-01 8.576075e-03 1.569282e-01 3.468345e-02 -8.506086e-02 9.983941e-02 1.187709e-01 -2.491187e-02 -2.382265e-02 5.931737e-02 -1.953030e-02
<VARIANCE> 39
 6.595260e+00 2.627668e+01 1.427976e+01 2.711063e+01 2.028674e+01 4.015411e+01 3.575917e+01 3.968539e+01 3.905705e+01 4.443686e+01 3.332436e+01 3.572908e+01 1.382933e+00 3.482868e-01 8.928900e-01 1.184556e+00 1.145818e+00 1.304494e+00 1.892792e+00 1.571896e+00 1.625328e+00 1.613123e+00 1.529145e+00 1.097490e+00 1.124522e+00 2.438209e-02 5.418399e-02 1.369443e-01 8.252345e-02 1.976215e-01 2.001152e-01 2.922589e-01 2.825641e-01 2.178895e-01 2.515316e-01 2.411650e-01 1.887716e-01 1.657857e-01 2.618036e-03
<GCONST> 8.313744e+01
<TRANSP> 5
 0.000000e+00 1.000000e+00 0.000000e+00 0.000000e+00 0.000000e+00
 0.000000e+00 8.752707e-01 1.247293e-01 0.000000e+00 0.000000e+00
 0.000000e+00 0.000000e+00 8.239775e-01 1.760225e-01 0.000000e+00
 0.000000e+00 0.000000e+00 0.000000e+00 9.201800e-01 7.981998e-02
 0.000000e+00 0.000000e+00 0.000000e+00 0.000000e+00 0.000000e+00
<ENDHMM>
~h "sil"
<BEGINHMM>
<NUMSTATES> 5
<STATE> 2
<MEAN> 39
 -6.692410e+00 -6.799427e+00 -5.036048e+00 -9.323848e+00 -4.763498e-01 -3.931506e+00 -2.398927e-01 -8.988982e+00 -2.896390e+00 -5.697695e+00 8.196895e-01 -4.109556e+00 1.459075e+01 -4.508382e-02 -3.149724e-03 1.265741e-02 7.185189e-02 7.931198e-02 6.201658e-02 6.217868e-02 9.374006e-03 -1.394168e-03 1.745055e-02 2.192860e-02 2.121141e-02 -1.462024e-02 -3.375096e-02 -4.600292e-02 -8.408976e-02 -8.885222e-02 -6.899953e-02 -5.550295e-02 -1.825739e-02 4.900685e-02 1.723184e-02 -4.137405e-04 4.810216e-03 7.209311e-03 7.454906e-04
<VARIANCE> 39
 2.979740e+00 3.564861e+00 5.121541e+00 7.477267e+00 1.254906e+01 1.356139e+01 1.462679e+01 1.528492e+01 1.504172e+01 1.384407e+01 1.600728e+01 1.240499e+01 1.119445e+00 6.692716e-02 1.458978e-01 2.557482e-01 3.584583e-01 4.918040e-01 6.471915e-01 6.481628e-01 6.973246e-01 6.830884e-01 5.757729e-01 6.395950e-01 5.572160e-01 4.986029e-03 8.995243e-03 2.050535e-02 3.546206e-02 5.030144e-02 8.265511e-02 1.119685e-01 1.083277e-01 1.223555e-01 1.089252e-01 9.440766e-02 1.095942e-01 9.946636e-02 5.830670e-04
<GCONST> 4.227478e+01
<STATE> 3
~s "silst"
<STATE> 4
<MEAN> 39
 -7.652015e+00 -7.608405e+00 -6.935863e+00 -1.128233e+01 -1.702688e+00 -4.924058e+00 -5.720688e-01 -8.136780e+00 -2.398045e+00 -5.442479e+00 1.277678e+00 -3.961969e+00 1.447218e+01 3.281693e-02 3.212248e-02 -1.025034e-02 -6.286485e-02 -8.133712e-02 -5.175010e-02 -7.269181e-02 -3.540656e-02 -1.896979e-02 -3.980568e-03 -3.504845e-02 -3.950721e-02 9.090153e-03 4.832319e-02 7.995965e-02 1.258476e-01 1.285680e-01 9.041613e-02 7.440958e-02 2.417883e-02 -4.411380e-02 -1.388559e-02 -3.906003e-03 -2.953970e-02 -2.345870e-02 1.008549e-02
<VARIANCE> 39
 3.251252e+00 3.856028e+00 5.749829e+00 7.620924e+00 1.170539e+01 1.371114e+01 1.501115e+01 1.629474e+01 1.801927e+01 1.474260e+01 1.479712e+01 1.408751e+01 9.866498e-01 6.594004e-02 1.569045e-01 2.747878e-01 4.015869e-01 4.820929e-01 6.640713e-01 6.165138e-01 7.484833e-01 7.035574e-01 5.758460e-01 7.043509e-01 6.187301e-01 2.779152e-03 1.256778e-02 2.533330e-02 3.709833e-02 5.892301e-02 7.818339e-02 1.186296e-01 1.062449e-01 1.272707e-01 1.350506e-01 9.724084e-02 1.141773e-01 1.124355e-01 1.117029e-03
<GCONST> 4.451805e+01
<TRANSP> 5
 0.000000e+00 1.000000e+00 0.000000e+00 0.000000e+00 0.000000e+00
 0.000000e+00 7.805153e-01 5.042171e-02 1.690630e-01 0.000000e+00
 0.000000e+00 0.000000e+00 8.036723e-01 1.963278e-01 0.000000e+00
 0.000000e+00 2.020117e-01 0.000000e+00 7.156691e-01 8.231925e-02
 0.000000e+00 0.000000e+00 0.000000e+00 0.000000e+00 0.000000e+00
<ENDHMM>
~h "six"
<BEGINHMM>
<NUMSTATES> 5
<STATE> 2
<MEAN> 39
 -8.414911e+00 -4.095654e+00 -6.607923e+00 -9.007532e+00 -3.418168e+00 -4.597627e+00 -1.987371e+00 -8.290878e+00 -3.515156e+00 -3.800420e+00 -5.447596e-02 -3.137190e+00 1.508931e+01 7.010087e-01 6.914030e-01 1.283011e+00 -1.505944e+00 -1.257710e+00 -1.295758e+00 9.353574e-02 -1.136385e-01 4.651141e-01 3.840150e-01 -5.596195e-01 -5.520210e-01 6.741681e-01 3.512042e-02 1.062856e-01 1.993500e-01 -4.701043e-01 -2.605888e-01 -1.289757e-01 4.204735e-02 9.113885e-02 1.978078e-01 -1.387863e-02 -1.277000e-01 -2.458122e-01 1.367429e-01
<VARIANCE> 39
 7.637837e+00 7.722760e+00 1.241537e+01 1.113445e+01 1.985566e+01 2.142867e+01 1.522836e+01 1.750502e+01 2.077543e+01 3.216942e+01 1.877458e+01 1.698209e+01 2.087054e+00 3.405224e-01 4.830774e-01 8.516440e-01 1.138642e+00 1.140797e+00 1.340185e+00 1.032726e+00 8.167785e-01 1.468291e+00 2.364370e+00 1.148916e+00 1.375744e+00 7.091559e-02 6.305248e-02 5.549229e-02 1.165561e-01 9.623168e-02 1.951234e-01 2.084596e-01 1.458544e-01 1.805486e-01 1.838860e-01 2.462753e-01 1.707254e-01 1.658738e-01 9.767592e-03
<GCONST> 7.453009e+01
<STATE> 3
<MEAN> 39
 -6.452083e+00 -1.042632e+00 -9.581277e-01 -2.009686e+01 -7.774955e+00 -8.717156e+00 -2.319900e+00 -6.350113e+00 2.657619e-01 -3.792929e+00 -2.508875e+00 -7.308162e+00 1.832281e+01 1.555543e-02 -9.508312e-02 2.135640e-01 -2.723600e-01 3.913070e-01 2.210376e-01 -2.749149e-01 1.654884e-01 4.055544e-02 -1.997662e-01 1.813766e-01 1.786990e-02 -5.494624e-02 -5.490530e-02 -2.056958e-01 -2.627124e-01 4.881872e-01 2.879024e-01 2.185545e-01 6.427471e-02 -9.062687e-02 -1.483769e-01 -5.943123e-02 1.498399e-01 1.663785e-01 -1.666473e-01
<VARIANCE> 39
 7.784269e+00 9.889853e+00 1.737613e+01 2.317898e+01 5.868256e+01 3.086009e+01 3.800717e+01 2.454095e+01 3.456346e+01 5.767780e+01 3.536409e+01 3.729734e+01 1.439941e+00 3.490532e-01 6.454586e-01 1.057737e+00 3.177157e+00 2.317923e+00 1.725116e+00 1.733006e+00 1.344506e+00 1.883894e+00 1.988982e+00 1.853975e+00 1.868456e+00 2.859579e-01 6.764358e-02 6.622560e-02 1.622176e-01 2.250223e-01 3.051248e-01 3.195963e-01 3.818464e-01 2.251487e-01 2.863969e-01 3.373838e-01 2.640190e-01 2.536734e-01 1.170939e-02
<GCONST> 9.178318e+01
<STATE> 4
<MEAN> 39
 -6.565220e+00 -6.227081e+00 -4.623569e+00 -1.084944e+01 -9.901939e-01 -3.950457e+00 -1.413163e+00 -8.778533e+00 -2.130939e+00 -5.845120e+00 1.145334e+00 -4.244781e+00 1.477240e+01 -2.120147e-01 -9.349471e-01 -9.928065e-01 1.486930e+00 4.404416e-01 4.328676e-01 9.108818e-01 -4.582888e-01 -2.974111e-01 -6.304627e-02 1.969358e-01 2.996902e-01 -4.736617e-01 -1.026443e-01 1.637806e-01 1.966974e-01 -4.351303e-01 -3.738959e-01 -1.697000e-01 -7.484476e-02 1.792522e-01 1.166886e-01 1.063722e-01 -1.828791e-01 -1.422529e-01 1.483489e-01
<VARIANCE> 39
 3.331932e+00 5.338088e+00 9.756534e+00 1.141636e+01 1.508109e+01 1.640503e+01 2.039861e+01 1.868832e+01 1.700788e+01 1.721761e+01 1.865308e+01 1.496498e+01 1.490858e+00 2.514016e-01 4.847962e-01 9.085482e-01 1.285593e+00 2.116189e+00 1.707441e+00 1.604032e+00 1.262410e+00 1.211915e+00 1.219742e+00 1.194112e+00 1.021141e+00 7.628230e-02 3.904330e-02 6.318005e-02 1.398095e-01 1.489805e-01 2.335238e-01 1.881738e-01 2.689589e-01 1.895110e-01 1.867490e-01 1.743017e-01 2.008468e-01 1.831829e-01 5.774472e-03
<GCONST> 7.263091e+01
<TRANSP> 5
 0.000000e+00 1.000000e+00 0.000000e+00 0.000000e+00 0.000000e+00
 0.000000e+00 6.796347e-01 3.203653e-01 0.000000e+00 0.000000e+00
 0.000000e+00 0.000000e+00 8.893376e-01 1.106624e-01 0.000000e+00
 0.000000e+00 0.000000e+00 0.000000e+00 7.498150e-01 2.501849e-01
 0.000000e+00 0.000000e+00 0.000000e+00 0.000000e+00 0.000000e+00
<ENDHMM>
~h "two"
<BEGINHMM>
<NUMSTATES> 5
<STATE> 2
<MEAN> 39
 -1.119024e+01 -2.960716e+00 -6.814555e+00 -1.060367e+01 -1.134323e+00 -3.869314e+00 -2.148657e+00 -7.454397e+00 -2.237308e+00 -5.583279e+00 1.132614e+00 -3.372581e+00 1.513615e+01 4.795080e-01 6.256616e-01 9.962438e-01 -5.853101e-01 -2.834282e-01 -3.513263e-01 -4.774062e-01 -1.759440e-01 2.529972e-02 -4.683141e-02 -2.422011e-01 -3.594957e-01 3.197775e-01 3.016326e-01 3.554190e-02 2.886584e-01 -1.212313e-01 -1.750928e-01 -2.231652e-01 -9.957267e-02 -1.274479e-01 -3.750407e-02 -4.349268e-04 -6.575368e-02 -1.560547e-01 8.525782e-02
<VARIANCE> 39
 9.178898e+00 7.652423e+00 1.323961e+01 1.262493e+01 1.896852e+01 2.325073e+01 1.972231e+01 2.172375e+01 2.114809e+01 2.425324e+01 2.489941e+01 1.962346e+01 9.279071e-01 1.411444e+00 5.791200e-01 1.335421e+00 8.300788e-01 1.379252e+00 1.314277e+00 9.768281e-01 1.189141e+00 1.178382e+00 1.295639e+00 1.910375e+00 1.097308e+00 7.539821e-02 1.308652e-01 1.141843e-01 1.378501e-01 1.217146e-01 2.398146e-01 2.008106e-01 1.816912e-01 2.272446e-01 2.258347e-01 1.992863e-01 3.619774e-01 1.592532e-01 8.059638e-03
<GCONST> 7.949154e+01
<STATE> 3
<MEAN> 39
 -4.641502e+00 1.328384e+00 1.923113e+00 -1.557962e+01 -7.024183e+00 -9.975025e+00 -6.823853e+00 -1.050318e+01 -2.488938e+00 -5.219673e+00 -1.146558e+00 -7.346497e+00 1.842147e+01 6.648067e-01 5.438922e-01 7.481115e-01 -5.424559e-01 -1.164525e+00 -1.106999e+00 -5.723557e-01 -2.930520e-01 -7.555453e-02 1.182872e-01 -2.220411e-01 -6.452186e-01 4.509353e-01 -2.484121e-01 -2.380093e-01 -4.297335e-01 3.053761e-01 2.747620e-01 2.355439e-01 2.440855e-01 1.484470e-01 -1.705435e-02 -5.741956e-03 1.550433e-01 1.888357e-01 -1.459586e-01
<VARIANCE> 39
 7.478591e+00 8.005528e+00 1.361985e+01 2.217525e+01 3.996404e+01 2.533782e+01 2.822200e+01 2.445124e+01 3.150299e+01 5.457924e+01 4.392979e+01 4.855385e+01 1.044875e+00 5.670866e-01 6.145584e-01 9.721789e-01 1.426239e+00 1.262975e+00 1.176102e+00 1.678020e+00 1.506035e+00 1.857213e+00 1.987891e+00 2.382629e+00 1.840726e+00 8.907057e-02 6.261963e-02 5.236359e-02 8.009619e-02 1.232569e-01 2.038842e-01 1.764906e-01 2.019796e-01 1.896606e-01 2.106833e-01 2.714711e-01 2.898714e-01 2.199405e-01 6.332350e-03
<GCONST> 8.345641e+01
<STATE> 4
<MEAN> 39
 -3.108436e+00 -3.940245e-01 -2.956743e-01 -1.264900e+01 -6.491832e+00 -1.124755e+01 -5.582850e+00 -9.898069e+00 -3.022673e+00 -5.451792e+00 -2.900841e-02 -7.285954e+00 1.798350e+01 5.171684e-03 -3.250510e-01 -3.256481e-01 4.846069e-01 4.466193e-01 3.191949e-01 3.010602e-01 6.426661e-02 -6.976812e-02 -1.328227e-02 1.233259e-01 2.453071e-01 -1.921528e-01 -7.700765e-02 -6.096132e-02 -4.099694e-02 -1.141252e-02 7.580469e-02 1.251161e-01 7.597899e-02 3.201158e-02 3.096387e-02 2.819366e-03 -1.615909e-02 3.941989e-02 -3.822651e-02
<VARIANCE> 39
 6.011108e+00 8.139288e+00 1.215291e+01 2.989509e+01 3.226683e+01 2.329401e+01 3.178575e+01 3.283282e+01 3.920571e+01 4.171481e+01 5.049662e+01 3.992699e+01 1.630326e+00 2.890021e-01 2.414309e-01 4.473437e-01 6.561121e-01 9.458629e-01 1.154002e+00 1.128512e+00 1.172965e+00 1.072886e+00 1.130819e+00 1.175575e+00 1.086707e+00 3.972957e-02 2.987224e-02 3.214511e-02 5.494083e-02 9.316556e-02 1.115342e-01 1.428090e-01 1.411779e-01 1.731027e-01 1.668969e-01 1.684569e-01 1.725174e-01 1.570663e-01 3.037980e-03
<GCONST> 7.117426e+01
<TRANSP> 5
 0.000000e+00 1.000000e+00 0.000000e+00 0.000000e+00 0.000000e+00
 0.000000e+00 8.081902e-01 1.918098e-01 0.000000e+00 0.000000e+00
 0.000000e+00 0.000000e+00 7.642472e-01 2.357527e-01 0.000000e+00
 0.000000e+00 0.000000e+00 0.000000e+00 9.217058e-01 7.829422e-02
 0.000000e+00 0.000000e+00 0.000000e+00 0.000000e+00 0.000000e+00
<ENDHMM>
~h "nine"
<BEGINHMM>
<NUMSTATES> 5
<STATE> 2
<MEAN> 39
 -4.301405e+00 -3.993317e+00 -1.965590e+00 -9.057137e+00 -2.993385e+00 -6.324650e+00 -1.611887e+00 -1.116233e+01 -5.070072e+00 -8.248547e+00 -3.089982e+00 -7.978488e+00 1.754954e+01 -1.442535e-01 -6.432440e-01 -2.266530e-01 4.600257e-01 -4.959935e-01 1.982826e-01 3.896587e-01 -2.240279e-01 -4.147928e-02 -1.584491e-01 -1.892620e-01 -1.496512e-01 2.459449e-01 -4.804862e-02 -1.484634e-01 -7.735443e-02 1.243387e-01 1.012283e-02 3.796590e-03 4.672043e-02 2.848499e-02 1.555341e-02 7.347650e-03 8.199940e-02 4.433285e-02 -9.736799e-03
<VARIANCE> 39
 8.848064e+00 1.891519e+01 1.459330e+01 1.622442e+01 2.873124e+01 2.884707e+01 3.162164e+01 2.737507e+01 4.603580e+01 3.496027e+01 3.067815e+01 3.263802e+01 2.259675e+00 5.357047e-01 1.601197e+00 1.141255e+00 1.062873e+00 1.129138e+00 1.431059e+00 1.643265e+00 1.282806e+00 1.540790e+00 1.150437e+00 1.228141e+00 1.017255e+00 3.853935e-02 6.415560e-02 1.755657e-01 1.344296e-01 1.371611e-01 2.151878e-01 2.213288e-01 2.470420e-01 1.866398e-01 2.032113e-01 1.634952e-01 1.737876e-01 1.447630e-01 4.973230e-03
<GCONST> 8.266869e+01
<STATE> 3
<MEAN> 39
 -6.356799e+00 -1.156204e+01 -4.803702e+00 -2.854075e+00 -5.716053e+00 -5.210396e+00 1.732647e+00 -1.140809e+01 -5.493021e+00 -8.944391e+00 -1.739562e+00 -7.628029e+00 1.861148e+01 -1.116540e-01 9.233542e-02 2.228719e-01 -2.365033e-01 -1.230534e-02 2.124711e-01 -1.142247e-01 -7.733081e-02 1.980429e-01 4.807830e-02 -5.423309e-02 5.204122e-02 -2.088620e-02 6.001039e-03 1.983624e-01 6.773486e-02 -2.351417e-01 4.959132e-02 5.140910e-02 -1.108498e-01 1.825434e-02 7.085998e-02 -1.320305e-02 -6.125095e-02 2.278681e-02 -1.520413e-02
<VARIANCE> 39
 7.327130e+00 8.511398e+00 2.439820e+01 3.243691e+01 1.899924e+01 3.069733e+01 3.102067e+01 3.377855e+01 4.445004e+01 4.179233e+01 2.877428e+01 3.086191e+01 1.003351e+00 8.601028e-02 4.299974e-01 4.237158e-01 1.202495e+00 5.204828e-01 6.333576e-01 5.830567e-01 5.273274e-01 6.720143e-01 6.840445e-01 6.912661e-01 5.541034e-01 5.131288e-03 1.195129e-02 3.084988e-02 4.227886e-02 5.700945e-02 7.445956e-02 7.739274e-02 7.603254e-02 8.411822e-02 8.521912e-02 8.894506e-02 8.117367e-02 7.966217e-02 4.245375e-04
<GCONST> 5.502663e+01
<STATE> 4
<MEAN> 39
 -5.306523e+00 -2.348446e+00 -1.341074e+00 -1.127962e+01 -1.193273e+00 -5.356826e+00 -3.607172e+00 -1.029245e+01 -3.432915e+00 -8.042122e+00 -2.739344e+00 -6.463500e+00 1.764656e+01 2.287145e-01 4.687677e-01 -1.717380e-02 -5.307388e-02 4.378427e-01 -2.516404e-01 -1.904961e-01 2.659964e-01 -1.464359e-01 7.371624e-02 2.267920e-01 1.035001e-01 -1.771953e-01 -2.944535e-02 -1.629045e-01 -8.483860e-02 1.396379e-01 -4.273911e-02 1.588118e-03 1.241552e-01 7.687074e-03 -5.185108e-02 4.353633e-02 6.893575e-02 -6.530284e-03 -1.933534e-02
<VARIANCE> 39
 1.176975e+01 1.531414e+01 1.127144e+01 2.319835e+01 3.097055e+01 3.251622e+01 2.976252e+01 2.975393e+01 4.648864e+01 3.802447e+01 3.674622e+01 4.028482e+01 1.211086e+00 5.090213e-01 1.189272e+00 6.358464e-01 1.594577e+00 1.283810e+00 1.531357e+00 1.508275e+00 1.274205e+00 1.644242e+00 1.191886e+00 1.126969e+00 1.082856e+00 2.626660e-02 7.008572e-02 8.424772e-02 9.049541e-02 1.784685e-01 1.764307e-01 2.414454e-01 1.801906e-01 2.003438e-01 2.422096e-01 1.946076e-01 1.782367e-01 1.492352e-01 2.365953e-03
<GCONST> 8.071809e+01
<TRANSP> 5
 0.000000e+00 1.000000e+00 0.000000e+00 0.000000e+00 0.000000e+00
 0.000000e+00 8.943343e-01 1.056657e-01 0.000000e+00 0.000000e+00
 0.000000e+00 0.000000e+00 9.180404e-01 8.195957e-02 0.000000e+00
 0.000000e+00 0.000000e+00 0.000000e+00 9.188445e-01 8.115550e-02
 0.000000e+00 0.000000e+00 0.000000e+00 0.000000e+00 0.000000e+00
<ENDHMM>
~h "five"
<BEGINHMM>
<NUMSTATES> 5
<STATE> 2
<MEAN> 39
 -3.937038e+00 -1.169194e+01 -1.041605e+01 -8.122526e+00 6.389022e-01 -8.396831e+00 3.607587e-01 -4.393364e+00 -5.490922e+00 -8.106674e+00 -2.046034e+00 -4.942064e+00 1.815165e+01 3.019529e-01 -1.179455e+00 -6.744337e-01 8.220772e-01 5.377197e-01 -6.054960e-01 3.535627e-01 3.342260e-01 -7.639381e-01 -1.753916e-01 -2.502448e-01 2.260048e-02 5.427517e-01 -2.056274e-01 5.284087e-02 2.090315e-01 8.007134e-02 -2.482829e-02 1.225227e-01 2.666261e-02 -2.275740e-01 5.402222e-02 1.557205e-01 1.789171e-01 5.223157e-02 -8.843526e-02
<VARIANCE> 39
 1.048307e+01 1.896895e+01 2.350297e+01 1.706533e+01 1.931104e+01 2.018192e+01 2.588739e+01 5.299890e+01 3.285892e+01 2.868733e+01 2.485777e+01 2.043177e+01 4.131849e+00 7.545802e-01 5.692260e-01 1.180519e+00 8.914362e-01 7.873224e-01 9.738231e-01 9.480816e-01 2.073751e+00 1.725484e+00 1.706890e+00 1.349647e+00 1.017080e+00 1.232166e-01 9.490140e-02 1.285994e-01 1.674055e-01 1.227699e-01 1.369152e-01 1.408533e-01 1.530313e-01 3.006701e-01 2.702105e-01 1.876602e-01 1.734424e-01 1.411172e-01 2.670076e-02
<GCONST> 8.393775e+01
<STATE> 3
<MEAN> 39
 -5.820493e+00 -1.544327e+01 -8.543824e+00 -3.671358e+00 1.401352e+00 -9.142087e+00 2.556819e+00 -7.508349e+00 -7.243923e+00 -5.427837e+00 -4.469114e-01 -4.512548e+00 1.904496e+01 -1.630597e-01 8.668098e-02 4.912512e-01 -2.602558e-01 -2.758360e-01 4.339041e-01 7.156827e-02 -3.937092e-01 3.078486e-02 3.006363e-01 5.556567e-02 -8.648963e-02 -4.880973e-02 4.053987e-02 1.146960e-01 1.112752e-02 -1.952968e-01 -5.530904e-02 9.135375e-02 -2.954148e-02 2.561849e-02 5.712273e-02 -4.971149e-02 -7.861970e-02 -1.828540e-02 -1.504991e-02
<VARIANCE> 39
 9.156410e+00 9.404718e+00 2.461687e+01 2.096031e+01 1.879620e+01 2.333803e+01 1.745673e+01 3.904613e+01 4.721888e+01 4.435672e+01 2.672564e+01 2.553874e+01 1.357160e+00 8.853540e-02 1.532947e-01 2.695190e-01 6.314523e-01 4.944647e-01 5.514950e-01 4.942228e-01 4.967688e-01 6.120315e-01 5.750985e-01 5.704727e-01 4.721555e-01 5.855754e-03 1.172997e-02 2.416636e-02 2.996286e-02 4.771210e-02 5.092244e-02 5.212196e-02 5.715970e-02 6.436628e-02 8.534044e-02 8.390719e-02 6.581278e-02 7.039316e-02 9.138272e-04
<GCONST> 4.962769e+01
<STATE> 4
<MEAN> 39
 -5.440091e+00 -8.437063e+00 -3.586283e+00 -1.342839e+01 -3.415092e+00 -3.597205e+00 1.353199e+00 -8.308442e+00 -4.048957e+00 -5.326484e+00 -2.015756e+00 -5.711482e+00 1.801518e+01 1.047961e-01 1.070914e+00 3.066370e-01 -3.269097e-01 -1.761617e-01 -6.509853e-02 -3.325861e-01 1.176493e-01 4.843535e-01 -1.571769e-01 3.260087e-02 4.053782e-03 -2.946432e-01 -5.881614e-02 -7.424191e-02 -9.681067e-02 2.745247e-01 1.545188e-01 -9.153570e-02 -1.845768e-02 -7.550565e-03 -4.799636e-02 3.603663e-03 9.693371e-02 5.226544e-02 -4.094131e-02
<VARIANCE> 39
 7.886792e+00 2.546239e+01 1.212550e+01 3.053221e+01 3.897980e+01 2.271299e+01 2.522471e+01 3.401404e+01 4.735921e+01 2.741624e+01 2.727276e+01 2.954804e+01 2.114512e+00 2.960732e-01 6.248859e-01 6.025172e-01 2.942555e+00 1.757483e+00 1.563370e+00 9.787707e-01 1.462274e+00 1.633002e+00 1.323459e+00 1.345878e+00 1.026560e+00 5.544262e-02 5.078187e-02 1.047267e-01 8.745935e-02 2.523184e-01 2.233519e-01 2.621823e-01 1.689036e-01 2.178302e-01 2.113039e-01 1.752341e-01 2.103388e-01 1.669707e-01 5.116095e-03
<GCONST> 8.238908e+01
<TRANSP> 5
 0.000000e+00 1.000000e+00 0.000000e+00 0.000000e+00 0.000000e+00
 0.000000e+00 8.375591e-01 1.624409e-01 0.000000e+00 0.000000e+00
 0.000000e+00 0.000000e+00 9.126219e-01 8.737806e-02 0.000000e+00
 0.000000e+00 0.000000e+00 0.000000e+00 8.859713e-01 1.140287e-01
 0.000000e+00 0.000000e+00 0.000000e+00 0.000000e+00 0.000000e+00
<ENDHMM>
~h "four"
<BEGINHMM>
<NUMSTATES> 5
<STATE> 2
<MEAN> 39
 -7.828065e-01 -4.648323e+00 -1.015156e+01 -1.390694e+01 -2.744173e+00 -7.217335e+00 -3.676583e+00 -8.885350e+00 -1.325284e+00 -4.637635e+00 -8.087909e-01 -7.019695e+00 1.779046e+01 1.372572e+00 4.919098e-01 -1.112842e+00 -1.099500e+00 -3.171892e-01 -1.457128e-01 -3.403156e-01 -8.646302e-02 9.250852e-02 2.903538e-01 -1.811344e-01 -4.750354e-01 5.989531e-01 -2.053747e-01 -7.023740e-02 1.026544e-01 6.807181e-02 2.474120e-02 1.378653e-01 1.477325e-01 4.727170e-02 -5.248898e-02 -3.403637e-02 9.475202e-02 1.199318e-01 -7.837070e-02
<VARIANCE> 39
 1.846449e+01 1.062836e+01 1.872852e+01 1.921319e+01 1.809630e+01 1.672058e+01 1.714727e+01 1.666197e+01 2.146467e+01 2.396554e+01 3.754561e+01 3.439980e+01 3.059088e+00 5.561626e-01 4.493369e-01 5.868196e-01 7.457495e-01 9.040785e-01 9.531221e-01 9.267182e-01 9.315770e-01 1.040264e+00 1.298449e+00 1.720585e+00 1.620799e+00 7.289194e-02 1.655687e-01 7.575804e-02 1.676282e-01 1.563488e-01 1.225693e-01 1.557316e-01 1.612205e-01 1.455027e-01 1.795901e-01 1.960410e-01 2.302381e-01 2.379760e-01 2.383255e-02
<GCONST> 7.921390e+01
<STATE> 3
<MEAN> 39
 1.611785e+00 -3.436305e+00 -1.222068e+01 -1.736286e+01 -4.222619e+00 -5.660893e+00 -2.746113e+00 -8.813478e+00 -1.341242e+00 -3.791916e+00 8.538497e-01 -6.428079e+00 1.900217e+01 -5.168581e-02 -4.550265e-01 -7.727000e-03 4.060714e-01 2.268208e-01 -3.014648e-02 -2.356942e-01 3.024293e-01 4.664742e-01 -3.201814e-02 -2.891119e-01 -1.067728e-01 -9.474711e-03 -8.019896e-02 -1.555837e-01 1.083395e-01 2.316321e-01 2.047466e-02 -1.149606e-01 -2.423039e-02 1.214959e-01 7.389359e-02 -9.460141e-02 -1.261978e-01 4.277870e-03 -3.096487e-02
<VARIANCE> 39
 3.852809e+00 1.055487e+01 8.743112e+00 1.372177e+01 2.574301e+01 1.604954e+01 1.892179e+01 1.742586e+01 2.424342e+01 2.495665e+01 3.604828e+01 3.617551e+01 1.091436e+00 6.509469e-02 6.121416e-01 3.959590e-01 7.703702e-01 8.636041e-01 7.532328e-01 9.103284e-01 9.797716e-01 1.358629e+00 1.127551e+00 1.254087e+00 1.044673e+00 1.211296e-02 2.000851e-02 3.642542e-02 8.633086e-02 7.285856e-02 1.454348e-01 1.186335e-01 1.447565e-01 1.349425e-01 1.810258e-01 1.884926e-01 1.738762e-01 1.643813e-01 3.075095e-03
<GCONST> 6.398125e+01
<STATE> 4
<MEAN> 39
 -8.476867e-01 -1.049293e+01 -6.782065e+00 -8.651332e+00 -5.489827e+00 -8.421381e+00 -2.085217e+00 -5.249370e+00 -2.341693e-01 -7.591830e+00 -3.601480e+00 -7.239240e+00 1.825476e+01 -6.330947e-01 1.642315e-01 1.011644e+00 4.249719e-01 -2.833134e-01 1.287452e-01 5.658298e-01 -2.625457e-01 -6.165190e-01 -2.802712e-01 2.006806e-01 2.963222e-01 -2.606500e-01 -7.728825e-02 2.205233e-01 -6.938867e-02 -1.855474e-01 1.342015e-01 1.740608e-01 1.547237e-02 -1.640565e-01 -9.830270e-02 1.068456e-01 1.610491e-01 3.538582e-02 -4.510639e-02
<VARIANCE> 39
 8.349784e+00 1.871892e+01 3.058395e+01 1.987948e+01 4.359793e+01 3.928064e+01 3.443401e+01 4.400663e+01 4.745649e+01 3.459864e+01 3.374493e+01 3.010138e+01 1.928225e+00 2.729052e-01 1.517681e+00 9.714583e-01 1.618017e+00 2.617280e+00 2.208298e+00 1.737225e+00 2.398439e+00 1.810250e+00 1.662190e+00 1.736697e+00 1.143941e+00 5.443434e-02 3.154282e-02 1.406218e-01 1.954776e-01 1.773981e-01 4.048576e-01 3.045432e-01 3.372701e-01 3.635411e-01 3.754409e-01 2.737443e-01 3.003551e-01 2.072687e-01 3.769316e-03
<GCONST> 9.091721e+01
<TRANSP> 5
 0.000000e+00 1.000000e+00 0.000000e+00 0.000000e+00 0.000000e+00
 0.000000e+00 7.897958e-01 2.102042e-01 0.000000e+00 0.000000e+00
 0.000000e+00 0.000000e+00 8.920137e-01 1.079863e-01 0.000000e+00
 0.000000e+00 0.000000e+00 0.000000e+00 8.878077e-01 1.121923e-01
 0.000000e+00 0.000000e+00 0.000000e+00 0.000000e+00 0.000000e+00
<ENDHMM>
~h "zero"
<BEGINHMM>
<NUMSTATES> 5
<STATE> 2
<MEAN> 39
 -6.107674e+00 1.230305e+00 -7.085794e-01 -1.521061e+01 -4.978962e+00 -9.565218e+00 -4.434182e+00 -8.408325e+00 -1.023707e+00 -3.760568e+00 7.498677e-02 -6.172204e+00 1.775925e+01 1.871643e-01 -8.604653e-02 7.202507e-01 -8.261551e-01 -8.598191e-01 -7.642732e-02 -2.475500e-01 1.085515e-01 3.601365e-01 2.608740e-02 1.878214e-03 -1.982663e-01 2.731741e-01 5.869072e-02 -2.977741e-01 -5.571899e-02 2.379930e-01 -1.065053e-01 2.345684e-01 1.497482e-01 1.670341e-02 7.908747e-03 -6.546797e-02 1.645596e-02 1.301585e-02 -4.838895e-02
<VARIANCE> 39
 7.488924e+00 1.351010e+01 1.833789e+01 3.592433e+01 3.993904e+01 3.364457e+01 3.158997e+01 3.791924e+01 3.497833e+01 3.220961e+01 3.303121e+01 4.890022e+01 2.319478e+00 3.991643e-01 1.718845e+00 8.447838e-01 1.570692e+00 1.578245e+00 2.766590e+00 1.331242e+00 1.495844e+00 1.415796e+00 1.265831e+00 1.180155e+00 1.442356e+00 8.200808e-02 5.914242e-02 1.145374e-01 1.368014e-01 2.550217e-01 1.882346e-01 3.148363e-01 2.370867e-01 2.415201e-01 2.316971e-01 1.880412e-01 1.774674e-01 2.336947e-01 9.046935e-03
<GCONST> 8.795712e+01
<STATE> 3
<MEAN> 39
 -2.429523e+00 -8.815580e+00 1.102635e+00 -1.177703e+01 -1.476925e+01 -5.957001e+00 8.459825e-02 -7.492160e+00 2.806587e-01 -4.584140e+00 2.345152e-01 -5.998938e+00 1.858748e+01 4.200060e-01 -1.120169e+00 -6.186566e-01 9.843367e-01 -1.908840e-01 -2.486560e-01 9.406315e-01 4.519247e-01 -1.727826e-01 -2.527078e-01 -1.031959e-01 1.380283e-01 1.469287e-02 -8.589193e-02 1.841735e-01 -1.622635e-01 -1.029300e-01 3.612988e-01 -1.458748e-01 -1.046698e-01 1.296270e-01 -7.021912e-02 -2.463979e-02 -4.792051e-02 1.948034e-02 -4.087507e-03
<VARIANCE> 39
 6.519888e+00 2.057259e+01 1.299582e+01 4.029095e+01 5.292969e+01 6.249734e+01 2.937817e+01 3.267009e+01 2.317283e+01 1.939353e+01 2.453687e+01 3.652031e+01 1.350403e+00 3.272711e-01 4.835877e-01 5.117835e-01 1.375514e+00 2.095770e+00 2.067655e+00 1.081771e+00 1.669158e+00 1.211707e+00 7.929879e-01 8.057232e-01 7.873491e-01 9.962922e-03 2.606478e-02 3.334391e-02 8.216053e-02 1.957683e-01 1.934599e-01 3.155393e-01 2.007521e-01 1.630705e-01 1.638195e-01 1.124015e-01 1.165439e-01 1.196663e-01 1.491243e-03
<GCONST> 7.360406e+01
<STATE> 4
<MEAN> 39
 -1.518203e+00 -9.346666e+00 -6.733090e+00 -9.725154e+00 -6.020100e+00 -8.903265e+00 -8.014677e-01 -3.572499e+00 -3.590720e-01 -7.511563e+00 -1.480677e+00 -6.017259e+00 1.827907e+01 -1.555528e-01 4.946834e-01 -1.826756e-01 -2.772913e-02 7.809780e-01 1.529334e-01 -3.058299e-01 -2.334414e-01 -8.096652e-02 -6.331358e-03 2.799911e-02 -2.264951e-04 -1.665156e-01 -6.603969e-02 3.079996e-02 9.875192e-02 7.654982e-03 -4.510486e-02 9.568157e-02 3.363197e-02 -1.179104e-01 -2.564566e-02 4.975644e-02 4.416176e-02 1.799707e-02 -3.206183e-02
<VARIANCE> 39
 6.405937e+00 2.305294e+01 1.759881e+01 2.162099e+01 4.304128e+01 4.023326e+01 4.235088e+01 3.844610e+01 5.219439e+01 3.935776e+01 2.597788e+01 3.097952e+01 1.730075e+00 2.576301e-01 4.513325e-01 8.741020e-01 7.192426e-01 1.162549e+00 1.645653e+00 1.436552e+00 1.758611e+00 1.789669e+00 1.687954e+00 1.172179e+00 1.070038e+00 4.252008e-02 2.889936e-02 5.757958e-02 8.449096e-02 8.410741e-02 1.337360e-01 2.023179e-01 1.996094e-01 2.138430e-01 2.486428e-01 2.243699e-01 1.730540e-01 1.524462e-01 2.587605e-03
<GCONST> 7.887885e+01
<TRANSP> 5
 0.000000e+00 1.000000e+00 0.000000e+00 0.000000e+00 0.000000e+00
 0.000000e+00 8.906131e-01 1.093869e-01 0.000000e+00 0.000000e+00
 0.000000e+00 0.000000e+00 8.780490e-01 1.219510e-01 0.000000e+00
 0.000000e+00 0.000000e+00 0.000000e+00 9.260317e-01 7.396825e-02
 0.000000e+00 0.000000e+00 0.000000e+00 0.000000e+00 0.000000e+00
<ENDHMM>
