~o
<STREAMINFO> 1 39
<VECSIZE> 39<NULLD><MFCC_E_D_A><DIAGC>
~s "silst"
<MEAN> 39
 -5.408350e+00 -3.893975e+00 -3.387151e+00 -8.768172e+00 -1.175681e+00 -5.494323e+00 -1.662907e+00 -9.403902e+00 -3.414472e+00 -6.329708e+00 -1.889743e-01 -5.444941e+00 1.571288e+01 -6.941679e-01 -4.823672e-01 -5.026918e-01 1.301432e-01 2.879568e-01 7.013512e-01 3.921284e-01 1.408887e-01 1.647859e-01 1.501134e-01 3.307631e-01 3.812979e-01 -3.672783e-01 -4.855728e-03 -5.379231e-02 -9.662524e-02 -1.333859e-01 -1.052575e-01 -9.650595e-02 -1.981528e-02 6.686496e-02 3.144146e-02 7.745761e-03 -2.690617e-02 -9.242398e-03 3.596369e-02
<VARIANCE> 39
 1.125555e+01 1.074246e+01 1.311309e+01 1.284973e+01 1.978271e+01 2.340740e+01 2.303857e+01 2.403948e+01 2.646021e+01 2.599831e+01 2.456006e+01 2.229577e+01 1.872757e+00 3.619793e-01 6.933874e-01 7.931365e-01 8.031319e-01 1.142040e+00 1.281922e+00 1.230239e+00 1.267628e+00 1.386459e+00 1.272769e+00 1.251733e+00 1.090617e+00 4.905018e-02 7.146228e-02 1.014184e-01 1.103114e-01 1.116411e-01 1.553833e-01 2.114180e-01 1.917912e-01 1.898171e-01 2.076340e-01 1.803477e-01 1.789950e-01 1.498232e-01 8.978517e-03
<GCONST> 7.670776e+01
~h "eight"
<BEGINHMM>
<NUMSTATES> 5
<STATE> 2
<MEAN> 39
 -8.223587e+00 -2.416991e+00 -5.903005e+00 -1.857556e+01 7.498101e-03 -5.276402e+00 8.533285e-01 -6.522437e+00 -1.382095e+00 -7.359571e+00 -1.734920e+00 -5.853244e+00 1.750210e+01 -1.461731e-01 1.021241e+00 -7.406987e-02 -9.298084e-01 -7.746276e-02 -6.765168e-01 3.060091e-02 4.052343e-01 3.809407e-01 7.284109e-02 -1.114259e-01 -2.165623e-01 3.019177e-01 2.828871e-02 7.011711e-02 1.056226e-02 1.596484e-01 -5.370957e-02 -1.832611e-01 -8.577322e-02 -4.410955e-02 1.271387e-02 9.484984e-02 1.169126e-01 1.386846e-02 -2.094953e-02
<VARIANCE> 39
 7.982756e+00 2.152196e+01 1.999289e+01 3.154186e+01 4.105485e+01 2.265804e+01 2.690330e+01 2.293955e+01 3.066559e+01 2.240511e+01 2.466561e+01 2.519132e+01 3.159459e+00 3.310338e-01 7.076426e-01 6.271570e-01 1.343485e+00 1.181701e+00 1.370712e+00 1.429250e+00 9.789674e-01 1.297803e+00 1.150201e+00 1.148066e+00 9.422537e-01 1.033571e-01 3.978982e-02 7.891077e-02 7.506384e-02 1.862814e-01 1.333356e-01 1.599414e-01 1.443860e-01 1.662947e-01 2.238351e-01 1.555661e-01 1.660054e-01 1.440513e-01 1.209056e-02
<GCONST> 7.893395e+01
<STATE> 3
<MEAN> 39
 -8.356195e+00 6.316156e+00 -5.387830e+00 -1.815050e+01 -2.887964e+00 -1.481487e+01 -2.309872e+00 -7.022079e+00 2.656365e-01 -3.688997e+00 1.307950e+00 -5.303530e+00 1.846373e+01 1.576321e-01 1.909637e-01 2.315924e-01 9.656783e-01 7.652038e-02 -6.043241e-01 -5.968411e-01 -9.133998e-01 -5.520434e-01 1.156418e-01 3.529050e-01 2.380731e-01 -1.308488e-01 5.297340e-02 -3.568086e-01 1.340540e-02 1.406086e-01 9.259564e-02 3.800621e-01 6.599206e-02 -7.189622e-02 -1.665379e-01 -1.764096e-01 -1.110743e-01 5.782006e-03 -6.888549e-02
<VARIANCE> 39
 9.842243e+00 1.079656e+01 2.307615e+01 2.856535e+01 1.931709e+01 2.222332e+01 5.588079e+01 2.973456e+01 3.451020e+01 2.362484e+01 3.247056e+01 2.750700e+01 1.547040e+00 2.018562e-01 8.432720e-01 2.750700e-01 6.210625e-01 7.769006e-01 1.309943e+00 7.607619e-01 7.804986e-01 1.712372e+00 1.102181e+00 1.238367e+00 9.022762e-01 3.510202e-02 2.882823e-02 8.136865e-02 4.796436e-02 1.062045e-01 8.282421e-02 1.632544e-01 1.522575e-01 1.633036e-01 1.982485e-01 1.441559e-01 1.874389e-01 1.560502e-01 3.596697e-03
<GCONST> 7.155428e+01
<STATE> 4
<MEAN> 39
 -6.605576e+00 -7.694352e-01 -3.901156e+00 -1.149113e+01 -8.460633e-01 -9.942646e+00 -3.803535e+00 -1.166434e+01 -4.930552e+00 -6.250619e+00 5.419750e-01 -4.599261e+00 1.607491e+01 1.355149e-01 -1.990783e+00 -1.218507e-01 7.713822e-01 1.669130e-01 1.778335e+00 5.215555e-01 2.581324e-01 -1.043823e-01 -2.821793e-01 -7.435215e-02 1.063280e-01 -4.899082e-01 -1.099298e-01 6.838643e-02 -1.159804e-01 -1.698319e-01 -8.160331e-02 -2.295490e-02 1.621778e-01 2.474185e-01 2.419045e-01 1.286435e-01 6.176063e-02 -1.926150e-02 2.528797e-02
<VARIANCE> 39
 5.010568e+00 2.886829e+01 1.362123e+01 1.625376e+01 1.507635e+01 3.448909e+01 2.859598e+01 2.323591e+01 3.419421e+01 2.454959e+01 2.341975e+01 2.021076e+01 2.519996e+00 3.658934e-01 6.811007e-01 6.733767e-01 1.064669e+00 6.690961e-01 1.179422e+00 1.781660e+00 1.379170e+00 2.115356e+00 1.280213e+00 1.388300e+00 1.152596e+00 3.539547e-02 3.716425e-02 2.276893e-01 7.120074e-02 1.162304e-01 9.152132e-02 2.965768e-01 1.931087e-01 2.048374e-01 2.729419e-01 1.579185e-01 1.880019e-01 1.794804e-01 1.010942e-02
<GCONST> 7.815540e+01
<TRANSP> 5
 0.000000e+00 1.000000e+00 0.000000e+00 0.000000e+00 0.000000e+00
 0.000000e+00 8.803268e-01 1.196732e-01 0.000000e+00 0.000000e+00
 0.000000e+00 0.000000e+00 8.607401e-01 1.392599e-01 0.000000e+00
 0.000000e+00 0.000000e+00 0.000000e+00 7.950155e-01 2.049845e-01
 0.000000e+00 0.000000e+00 0.000000e+00 0.000000e+00 0.000000e+00
<ENDHMM>
~h "oh"
<BEGINHMM>
<NUMSTATES> 5
<STATE> 2
<MEAN> 39
 -4.366317e+00 -1.039248e+01 -8.435980e+00 -8.553912e+00 -2.570637e+00 -7.723819e+00 3.591226e+00 -7.346786e+00 -5.225293e+00 -7.158252e+00 -2.440557e+00 -5.325306e+00 1.780773e+01 5.478064e-01 -1.958051e-01 -6.008304e-01 1.526763e-01 8.074161e-02 -7.018799e-01 1.258365e-01 7.161561e-01 1.657663e-03 -4.210267e-01 -4.243480e-01 -1.479548e-01 3.564393e-01 1.039120e-02 1.009660e-01 1.932607e-03 -5.062751e-02 3.276623e-02 -1.102902e-02 -1.496249e-01 8.145069e-03 1.316116e-01 2.821381e-02 -1.264093e-02 -3.319822e-02 -2.094859e-02
<VARIANCE> 39
 8.886349e+00 1.219912e+01 1.620028e+01 1.726898e+01 2.245022e+01 2.465372e+01 3.043149e+01 6.421450e+01 3.805111e+01 3.399366e+01 2.716609e+01 3.098114e+01 3.072850e+00 3.010555e-01 5.748221e-01 6.366823e-01 6.411761e-01 6.887795e-01 9.287164e-01 1.329757e+00 1.772460e+00 1.557295e+00 1.266559e+00 1.246096e+00 1.047369e+00 9.506533e-02 4.043860e-02 6.364235e-02 7.532267e-02 7.901625e-02 9.130918e-02 1.292700e-01 1.542208e-01 2.143056e-01 1.848819e-01 1.980808e-01 1.848430e-01 1.389419e-01 1.356434e-02
<GCONST> 7.706190e+01
<STATE> 3
<MEAN> 39
 -5.260519e-01 -8.158789e+00 -1.327485e+01 -1.003243e+01 -6.917362e-01 -1.211115e+01 -9.935572e-01 -7.015572e-01 2.358053e-01 -8.123927e+00 -5.129973e+00 -6.595811e+00 1.904269e+01 2.198612e-01 4.072276e-01 -1.159767e-02 -3.533508e-01 -4.467523e-02 9.824609e-03 -6.798654e-01 -2.776157e-01 6.530675e-01 6.163564e-01 -1.147581e-02 -3.567588e-01 -1.113483e-02 -4.189386e-02 2.340056e-02 1.036296e-01 -1.961708e-02 -5.857699e-02 9.361468e-02 1.801115e-02 -1.557131e-01 -8.637875e-02 8.814251e-02 1.239470e-01 1.290615e-02 -2.532725e-02
<VARIANCE> 39
 6.125330e+00 8.473372e+00 1.486092e+01 1.478872e+01 1.898288e+01 2.205636e+01 4.222800e+01 2.884762e+01 3.902586e+01 3.620321e+01 3.201992e+01 3.985507e+01 1.216576e+00 8.123162e-02 1.380460e-01 2.692574e-01 2.778829e-01 3.897019e-01 5.138981e-01 7.167260e-01 1.021102e+00 7.384841e-01 8.483300e-01 8.178741e-01 6.960089e-01 1.320992e-02 1.115991e-02 1.428213e-02 3.344836e-02 3.319827e-02 4.650924e-02 6.847932e-02 7.900391e-02 9.616684e-02 1.062920e-01 1.012177e-01 9.199286e-02 8.864401e-02 1.190949e-03
<GCONST> 5.215034e+01
<STATE> 4
<MEAN> 39
 1.524037e-01 -3.625780e+00 -9.625090e+00 -1.345093e+01 -3.561523e+00 -1.011108e+01 -4.889370e+00 -7.533860e+00 7.617112e-01 -2.559721e+00 -1.951684e-01 -6.986841e+00 1.844095e+01 -3.837311e-01 2.620329e-01 8.536879e-01 1.975165e-01 -1.688051e-01 3.921489e-01 2.406041e-01 -5.401790e-01 -5.825340e-01 -1.334199e-01 4.882855e-01 4.316800e-01 -2.446606e-01 -1.368969e-01 -1.138458e-01 3.958095e-02 1.394399e-01 1.182845e-01 9.797310e-02 1.851545e-01 8.529956e-02 -9.479498e-02 -1.671500e-01 -6.945303e-02 7.945164e-02 -4.705874e-02
<VARIANCE> 39
 6.216827e+00 7.085778e+00 1.906828e+01 1.574741e+01 1.940148e+01 2.791426e+01 3.082524e+01 2.755166e+01 3.150502e+01 3.846749e+01 4.081878e+01 3.763130e+01 1.700683e+00 2.485265e-01 3.737743e-01 4.252942e-01 6.019769e-01 7.546194e-01 9.226132e-01 1.184874e+00 1.244491e+00 1.224196e+00 1.280561e+00 1.208776e+00 1.044232e+00 3.325195e-02 2.347172e-02 3.443540e-02 6.695837e-02 6.686741e-02 9.929149e-02 1.615770e-01 1.649497e-01 1.873586e-01 2.051954e-01 1.991042e-01 1.773840e-01 1.657837e-01 2.777230e-03
<GCONST> 6.999123e+01
<TRANSP> 5
 0.000000e+00 1.000000e+00 0.000000e+00 0.000000e+00 0.000000e+00
 0.000000e+00 8.824878e-01 1.175122e-01 0.000000e+00 0.000000e+00
 0.000000e+00 0.000000e+00 8.925198e-01 1.074802e-01 0.000000e+00
 0.000000e+00 0.000000e+00 0.000000e+00 8.588741e-01 1.411259e-01
 0.000000e+00 0.000000e+00 0.000000e+00 0.000000e+00 0.000000e+00
<ENDHMM>
~h "sp"
<BEGINHMM>
<NUMSTATES> 5
<STATE> 2
~s "silst"
<STATE> 3
<MEAN> 39
 -7.689272e+00 -6.478528e+00 -6.082098e+00 -9.733486e+00 -1.343004e+00 -4.093922e+00 -6.399650e-01 -8.586604e+00 -2.850029e+00 -5.629632e+00 9.409966e-01 -4.087438e+00 1.480184e+01 -8.980934e-02 -9.492996e-03 -1.018182e-01 -9.856153e-04 -2.692353e-02 2.603131e-02 -1.332815e-02 2.884945e-02 -3.283341e-03 1.842485e-02 3.364156e-02 3.586921e-02 -1.077612e-02 5.771153e-02 7.858943e-02 5.871588e-02 -9.015503e-03 -7.695449e-03 -5.082828e-02 -3.758547e-02 -1.596846e-02 -7.231463e-03 -1.476751e-02 -3.082622e-02 -3.037384e-02 4.223219e-02
<VARIANCE> 39
 5.220679e+00 5.799201e+00 8.416307e+00 1.002124e+01 1.425184e+01 1.535606e+01 1.536068e+01 1.664353e+01 1.758410e+01 1.628972e+01 1.597809e+01 1.380247e+01 1.094861e+00 1.517424e-01 2.277876e-01 3.499352e-01 4.280713e-01 5.676572e-01 6.760148e-01 6.505469e-01 7.124005e-01 7.342603e-01 6.575105e-01 6.508792e-01 5.680813e-01 6.585969e-03 3.227697e-02 5.212178e-02 7.067046e-02 9.042127e-02 1.140145e-01 1.418543e-01 1.306109e-01 1.429417e-01 1.463391e-01 1.240433e-01 1.242494e-01 1.139225e-01 3.968251e-03
<GCONST> 5.452084e+01
<STATE> 4
<MEAN> 39
 -8.603106e+00 -4.911781e+00 -6.449513e+00 -8.903645e+00 -2.042254e+00 -3.698051e+00 -1.069544e+00 -8.357225e+00 -2.906466e+00 -5.435356e+00 6.137631e-01 -4.078570e+00 1.505551e+01 2.162960e-01 2.038871e-01 4.559460e-02 -1.491100e-01 -1.049699e-01 -2.426095e-01 -6.000713e-02 7.977282e-02 -3.655901e-02 -4.993756e-02 -2.007152e-01 -5.524008e-02 2.035860e-01 2.169477e-01 1.617707e-02 5.900432e-02 -1.649122e-01 -1.063036e-01 -2.086969e-01 -1.082559e-02 1.569773e-02 8.299016e-03 -6.836010e-03 -1.057902e-01 -8.548965e-02 1.117116e-01
<VARIANCE> 39
 1.214305e+01 1.152743e+01 1.714697e+01 1.565607e+01 1.938693e+01 1.876291e+01 1.826596e+01 2.041391e+01 2.094735e+01 1.997308e+01 1.886476e+01 1.727256e+01 1.535668e+00 5.534655e-01 5.212715e-01 6.793674e-01 7.760448e-01 8.545229e-01 9.273875e-01 8.400277e-01 1.143865e+00 1.026734e+00 9.112515e-01 8.978884e-01 7.371615e-01 4.895608e-02 6.899159e-02 1.122404e-01 1.692474e-01 1.377611e-01 1.882719e-01 1.864635e-01 1.694015e-01 2.245156e-01 2.015666e-01 1.802020e-01 1.787143e-01 1.530336e-01 9.411830e-03
<GCONST> 7.381081e+01
<TRANSP> 5
 0.000000e+00 8.001933e-01 1.998068e-01 0.000000e+00 0.000000e+00
 0.000000e+00 7.878994e-01 2.121006e-01 0.000000e+00 0.000000e+00
 0.000000e+00 0.000000e+00 8.469170e-01 1.530830e-01 0.000000e+00
 0.000000e+00 0.000000e+00 0.000000e+00 5.492604e-01 4.507396e-01
 0.000000e+00 0.000000e+00 0.000000e+00 0.000000e+00 0.000000e+00
<ENDHMM>
~h "seven"
<BEGINHMM>
<NUMSTATES> 5
<STATE> 2
<MEAN> 39
 -7.874089e+00 -4.478337e+00 -6.270195e+00 -9.360609e+00 -3.325366e+00 -4.559965e+00 -6.209632e-01 -8.140034e+00 -2.493377e+00 -4.335320e+00 -3.771242e-01 -3.745472e+00 1.535222e+01 8.744365e-01 1.179075e-01 7.298530e-01 -1.335809e+00 -1.083495e+00 -9.012983e-01 9.205678e-01 -1.095285e-01 3.433299e-01 5.717608e-02 -7.648665e-01 -6.698279e-01 6.570408e-01 4.503149e-02 -9.567701e-02 -3.756948e-02 -2.804732e-01 -2.125338e-01 4.875003e-02 2.652155e-01 6.343140e-02 -1.759995e-03 -1.316589e-01 -1.750963e-01 -1.707451e-01 1.426758e-01
<VARIANCE> 39
 8.970729e+00 6.283962e+00 1.255368e+01 1.146623e+01 1.861679e+01 2.070873e+01 1.789831e+01 1.809476e+01 1.811111e+01 2.463340e+01 1.755934e+01 1.585286e+01 2.086074e+00 4.542639e-01 4.270822e-01 6.372728e-01 9.572778e-01 1.278326e+00 1.544290e+00 1.330978e+00 1.133978e+00 1.186665e+00 2.263917e+00 1.083958e+00 1.166861e+00 7.837337e-02 8.014186e-02 5.387087e-02 9.978481e-02 1.148964e-01 2.059918e-01 2.127926e-01 1.550077e-01 1.588066e-01 1.658521e-01 1.969179e-01 1.388245e-01 1.834801e-01 9.864496e-03
<GCONST> 7.405705e+01
<STATE> 3
<MEAN> 39
 -5.698525e+00 -7.391048e+00 -5.321927e+00 -1.615588e+01 -6.198074e+00 -4.481467e+00 4.945169e+00 -8.647355e+00 -2.683802e+00 -7.071199e+00 -4.132023e+00 -6.584952e+00 1.902308e+01 1.446159e-01 -2.917375e-01 7.393231e-02 1.181660e-01 2.137818e-02 -3.600700e-02 1.995782e-01 2.588301e-01 -3.250711e-01 -5.499276e-02 -1.108008e-02 -5.758589e-02 9.235349e-02 -2.615198e-02 9.435909e-02 3.092304e-02 3.128675e-01 1.498422e-01 -6.291904e-02 -2.758785e-01 4.538432e-02 -1.989614e-02 3.351975e-02 1.969299e-01 6.708841e-02 -1.342203e-01
<VARIANCE> 39
 9.534289e+00 1.222208e+01 9.038459e+00 1.768011e+01 4.764600e+01 3.859222e+01 3.185097e+01 3.893852e+01 4.811009e+01 5.813146e+01 3.319238e+01 3.256976e+01 1.206895e+00 4.042791e-01 5.789499e-01 4.486577e-01 1.381136e+00 1.506479e+00 1.590493e+00 1.650117e+00 1.077177e+00 1.305281e+00 1.743359e+00 1.745318e+00 1.243486e+00 1.850210e-01 8.168230e-02 8.761542e-02 9.082014e-02 1.102015e-01 2.626896e-01 2.665961e-01 1.741529e-01 1.624859e-01 2.060564e-01 2.428294e-01 2.304054e-01 1.883898e-01 5.640986e-03
<GCONST> 8.360949e+01
<STATE> 4
<MEAN> 39
 -3.224783e+00 -4.075272e+00 -1.983236e+00 -9.766014e+00 -3.899498e+00 -7.957446e+00 -5.538777e-01 -7.998303e+00 -3.961085e+00 -6.692687e+00 -1.654586e+00 -6.916946e+00 1.712708e+01 9.513323e-02 3.480034e-01 2.123339e-01 2.310429e-01 3.713853e-01 -7.888645e-03 -4.028257e-01 -3.353470e-01 3.702259e-02 -6.514876e-02 9.416272e-02 -3.060031e-03 -9.133164e-02 -4.253513e-02 -6.004775e-02 -5.583697e-02 -7.328968e-02 1.053642e-03 1.111204e-01 9.206654e-02 -3.831872e-02 4.037309e-03 1.478508e-03 -4.031495e-02 2.919869e-02 1.794314e-02
<VARIANCE> 39
 4.936368e+00 1.050127e+01 1.008683e+01 1.371404e+01 2.816283e+01 3.215770e+01 2.641923e+01 4.114971e+01 3.268496e+01 3.583978e+01 3.232903e+01 2.898230e+01 1.684736e+00 1.941509e-01 4.260623e-01 4.862929e-01 8.969993e-01 1.379757e+00 1.187626e+00 1.662161e+00 1.286320e+00 1.388064e+00 1.410446e+00 1.260626e+00 9.395178e-01 8.905957e-02 3.513611e-02 7.915612e-02 8.577836e-02 1.523393e-01 2.463105e-01 2.057969e-01 2.874276e-01 2.258921e-01 2.310542e-01 2.427930e-01 2.137593e-01 1.489438e-01 1.491551e-02
<GCONST> 7.866750e+01
<TRANSP> 5
 0.000000e+00 1.000000e+00 0.000000e+00 0.000000e+00 0.000000e+00
 0.000000e+00 7.179357e-01 2.820643e-01 0.000000e+00 0.000000e+00
 0.000000e+00 0.000000e+00 8.946346e-01 1.053654e-01 0.000000e+00
 0.000000e+00 0.000000e+00 0.000000e+00 9.321308e-01 6.786925e-02
 0.000000e+00 0.000000e+00 0.000000e+00 0.000000e+00 0.000000e+00
<ENDHMM>
~h "three"
<BEGINHMM>
<NUMSTATES> 5
<STATE> 2
<MEAN> 39
 -4.456002e+00 -6.014854e+00 -2.056829e+00 -9.421008e+00 -6.179582e+00 -9.816203e+00 -1.774707e+00 -8.265875e+00 -2.388242e+00 -5.672249e+00 -5.719536e-02 -4.980103e+00 1.653562e+01 8.891973e-01 -2.812708e-01 8.485212e-01 3.269287e-01 -1.736086e+00 -9.727247e-01 -1.200628e-01 -8.811244e-02 1.590587e-01 8.001222e-02 -1.022426e-01 -2.587276e-01 4.376061e-01 -3.614551e-02 -5.968474e-02 6.670536e-02 -9.331727e-02 -1.694901e-01 1.584148e-01 3.036393e-02 -5.635880e-02 9.659911e-02 5.465650e-02 3.282100e-02 -5.708856e-03 1.060044e-02
<VARIANCE> 39
 1.442862e+01 1.057732e+01 1.312605e+01 2.285380e+01 3.548970e+01 4.392014e+01 2.086501e+01 2.148999e+01 2.589444e+01 2.330659e+01 2.879499e+01 2.612527e+01 2.775781e+00 4.921438e-01 6.020750e-01 7.609686e-01 1.234228e+00 1.861009e+00 2.020241e+00 1.146956e+00 1.290446e+00 1.236049e+00 1.144389e+00 1.452855e+00 1.417652e+00 5.309961e-02 1.309650e-01 1.009942e-01 1.315139e-01 2.649104e-01 2.910118e-01 4.418651e-01 1.957917e-01 2.276446e-01 1.956272e-01 1.806335e-01 2.066526e-01 1.911634e-01 1.139067e-02
<GCONST> 8.459054e+01
<STATE> 3
<MEAN> 39
 -2.896244e+00 -7.144585e+00 4.504182e+00 -1.322069e+01 -1.622290e+01 -7.017145e+00 -3.701891e+00 -1.012937e+01 1.452971e+00 -4.807130e+00 7.280871e-01 -5.726534e+00 1.864388e+01 -6.552632e-01 1.026908e+00 6.574005e-01 -2.000119e+00 6.014286e-01 1.090246e+00 -1.404269e+00 2.478885e-01 3.991267e-01 -1.560210e-01 1.529216e-01 -1.243689e-01 1.145825e-01 -1.844627e-01 3.770488e-01 -3.304392e-01 -9.325408e-02 8.033304e-01 -2.302321e-01 -1.381766e-01 2.333895e-01 -2.483581e-01 -6.054406e-02 -9.272563e-03 4.305927e-02 -7.363772e-02
<VARIANCE> 39
 6.737475e+00 1.558582e+01 1.556676e+01 5.484480e+01 4.042185e+01 5.977973e+01 4.367470e+01 4.678693e+01 2.581367e+01 2.790430e+01 3.763789e+01 3.352489e+01 1.221060e+00 4.307829e-01 1.238321e+00 9.851143e-01 1.357372e+00 4.359588e+00 2.567035e+00 1.969108e+00 2.284033e+00 1.290075e+00 9.219528e-01 9.368070e-01 8.804103e-01 3.939336e-02 7.129534e-02 8.071829e-02 1.573425e-01 4.712014e-01 2.835743e-01 7.051947e-01 4.677995e-01 2.661972e-01 2.278248e-01 1.605563e-01 1.528414e-01 1.451287e-01 2.861837e-03
<GCONST> 8.831509e+01
<STATE> 4
<MEAN> 39
 -6.795357e+00 3.566239e+00 -7.470079e-01 -1.745103e+01 -2.220178e+00 -1.163400e+01 -6.572256e+00 -7.687818e+00 -3.005442e+00 -5.221819e+00 -1.333416e-01 -6.379079e+00 1.802556e+01 2.148443e-02 2.295023e-01 -6.498326e-01 7.401435e-01 7.709467e-01 -3.608820e-01 5.495071e-01 -1.526057e-01 -4.441328e-01 -1.459581e-02 -1.736184e-01 -2.663258e-03 -1.594170e-01 8.823359e-02 -3.053620e-01 3.213368e-02 2.015273e-01 -2.358745e-01 2.070422e-01 1.623481e-01 -8.695335e-02 9.234286e-02 -3.469046e-03 9.319021e-03 1.462411e-02 -2.898872e-02
<VARIANCE> 39
 7.481336e+00 1.737462e+01 1.992501e+01 3.184663e+01 2.726064e+01 3.008838e+01 5.059199e+01 4.861819e+01 3.379554e+01 3.950280e+01 4.209181e+01 3.635590e+01 1.543332e+00 2.984004e-01 1.687712e+00 6.526745e-01 1.095899e+00 1.864401e+00 2.293906e+00 1.425173e+00 1.690277e+00 1.289759e+00 1.210475e+00 8.262797e-01 8.708934e-01 2.432661e-02 3.896476e-02 9.195103e-02 9.135904e-02 2.195820e-01 1.803039e-01 2.311289e-01 2.838800e-01 2.459313e-01 1.821054e-01 1.619695e-01 1.350835e-01 1.310893e-01 2.408951e-03
<GCONST> 8.122411e+01
<TRANSP> 5
 0.000000e+00 1.000000e+00 0.000000e+00 0.000000e+00 0.000000e+00
 0.000000e+00 8.454492e-01 1.545508e-01 0.000000e+00 0.000000e+00
 0.000000e+00 0.000000e+00 8.258265e-01 1.741736e-01 0.000000e+00
 0.000000e+00 0.000000e+00 0.000000e+00 9.064648e-01 9.353520e-02
 0.000000e+00 0.000000e+00 0.000000e+00 0.000000e+00 0.000000e+00
<ENDHMM>
~h "one"
<BEGINHMM>
<NUMSTATES> 5
<STATE> 2
<MEAN> 39
 -6.268947e-01 -3.818379e+00 -9.267773e+00 -1.277482e+01 -1.606436e+00 -5.552861e+00 -2.022578e+00 -8.867849e+00 -2.710337e+00 -6.738024e+00 -1.539716e+00 -7.291455e+00 1.771915e+01 2.842673e-01 -4.004585e-01 -8.666496e-01 4.566161e-01 4.866107e-01 3.401969e-02 -2.955526e-01 2.287550e-01 2.028304e-01 -3.075580e-01 -3.882786e-01 -2.663382e-01 2.400228e-01 -1.162747e-01 -1.436877e-01 5.648876e-02 2.621027e-01 4.451649e-03 -1.179848e-01 -1.180627e-02 9.247764e-02 -1.211623e-02 -9.177795e-02 1.012949e-02 8.139969e-02 -2.045598e-02
<VARIANCE> 39
 7.899466e+00 9.339518e+00 2.894413e+01 2.293011e+01 2.856765e+01 2.531967e+01 2.292499e+01 2.065257e+01 2.830290e+01 2.399105e+01 2.968155e+01 2.863844e+01 2.329521e+00 4.585981e-01 8.064402e-01 8.765629e-01 2.253488e+00 1.370551e+00 1.450422e+00 1.267316e+00 1.070805e+00 1.133975e+00 1.030467e+00 1.098485e+00 1.043051e+00 4.751932e-02 4.614794e-02 6.251575e-02 1.899321e-01 2.181219e-01 2.632146e-01 2.508341e-01 2.383915e-01 1.815135e-01 2.010546e-01 1.705951e-01 1.892873e-01 1.835216e-01 5.104676e-03
<GCONST> 8.035500e+01
<STATE> 3
<MEAN> 39
 -2.423131e+00 -1.072139e+01 -1.077927e+01 -1.675758e+00 -5.926555e-01 -9.474327e+00 -2.297412e+00 -4.295411e+00 -3.655260e+00 -1.169003e+01 -2.330992e+00 -6.106423e+00 1.853793e+01 -6.057612e-01 -3.489643e-01 1.351717e+00 5.255494e-01 -1.351067e+00 -2.883980e-01 1.181053e+00 -1.276799e-01 -9.064248e-01 -5.988726e-02 5.749058e-01 1.013687e-01 -5.110117e-02 2.773013e-02 3.160574e-01 2.427166e-01 -5.812470e-01 -1.150933e-01 3.733179e-01 7.251068e-02 -4.316550e-01 1.389096e-02 3.724909e-01 3.494124e-02 -1.705000e-01 -2.963711e-02
<VARIANCE> 39
 6.235246e+00 9.706995e+00 1.899714e+01 2.364056e+01 2.754702e+01 1.740052e+01 3.819798e+01 3.207598e+01 4.644454e+01 3.757704e+01 3.399677e+01 3.355989e+01 1.541335e+00 1.560418e-01 5.330569e-01 6.063069e-01 1.874920e+00 7.352845e-01 1.761326e+00 1.005212e+00 2.269822e+00 1.193474e+00 1.886710e+00 1.035196e+00 1.295011e+00 8.576600e-03 2.425555e-02 5.266220e-02 1.022160e-01 1.218249e-01 2.951238e-01 1.536438e-01 3.854255e-01 1.801860e-01 3.385450e-01 2.038412e-01 2.673972e-01 1.706616e-01 8.597372e-04
<GCONST> 7.554975e+01
<STATE> 4
<MEAN> 39
 -4.029454e+00 -5.119076e+00 -1.552991e+00 -8.883052e+00 -3.759937e+00 -6.030828e+00 -1.928334e+00 -1.200785e+01 -4.623525e+00 -8.566020e+00 -2.660184e+00 -8.322805e+00 1.775906e+01 1.405502e-01 8.759625e-01 5.299204e-01 -6.366649e-01 4.175638e-01 -3.798617e-02 -5.728577e-01 -4.038435e-01 8.035177e-02 2.015817e-01 -1.513532e-01 6.992591e-02 -1.272356e-01 3.017913e-02 -8.265114e-02 -2.096150e-01 1.623385e-01 1.336212e-01 -4.751793e-02 -3.810975e-02 1.665664e-01 9.827510e-03 -1.102669e-01 2.553349e-02 7.843494e-02 -7.651222e-03
<VARIANCE> 39
 6.800424e+00 2.285461e+01 1.074630e+01 2.008228e+01 2.019981e+01 4.593065e+01 3.533651e+01 3.472959e+01 4.150698e+01 4.607821e+01 3.287579e+01 3.724639e+01 1.282866e+00 2.645235e-01 7.051494e-01 8.249054e-01 1.223041e+00 8.814038e-01 1.897341e+00 1.161235e+00 1.385978e+00 1.583247e+00 1.489815e+00 9.370310e-01 9.400758e-01 1.265545e-02 4.902682e-02 1.156478e-01 8.253771e-02 1.273872e-01 1.964948e-01 3.121758e-01 2.637722e-01 1.817091e-01 2.261407e-01 2.211922e-01 1.677417e-01 1.658328e-01 1.909512e-03
<GCONST> 7.824479e+01
<TRANSP> 5
 0.000000e+00 1.000000e+00 0.000000e+00 0.000000e+00 0.000000e+00
 0.000000e+00 8.986948e-01 1.013051e-01 0.000000e+00 0.000000e+00
 0.000000e+00 0.000000e+00 8.280551e-01 1.719449e-01 0.000000e+00
 0.000000e+00 0.000000e+00 0.000000e+00 8.924110e-01 1.075890e-01
 0.000000e+00 0.000000e+00 0.000000e+00 0.000000e+00 0.000000e+00
<ENDHMM>
~h "sil"
<BEGINHMM>
<NUMSTATES> 5
<STATE> 2
<MEAN> 39
 -6.741993e+00 -6.579327e+00 -4.930563e+00 -8.853347e+00 1.172663e-01 -3.331419e+00 1.050142e-01 -8.693960e+00 -2.702882e+00 -5.714580e+00 5.995933e-01 -4.308899e+00 1.465055e+01 -5.115090e-02 -9.577795e-03 -6.369154e-03 4.042888e-02 6.129840e-02 4.651713e-02 5.643076e-02 3.616425e-03 -1.669337e-02 1.765755e-02 1.311037e-02 4.291621e-03 -1.681643e-02 -3.347995e-02 -4.594077e-02 -9.195830e-02 -1.326371e-01 -1.347686e-01 -1.255533e-01 -5.604558e-02 5.380551e-03 -1.345941e-02 5.328668e-03 3.361828e-02 3.058111e-02 9.932166e-04
<VARIANCE> 39
 3.987984e+00 4.577737e+00 6.082904e+00 7.574765e+00 1.195434e+01 1.377984e+01 1.521692e+01 1.656390e+01 1.571523e+01 1.397173e+01 1.607069e+01 1.326472e+01 1.184692e+00 8.778493e-02 1.712049e-01 2.861053e-01 3.923418e-01 5.105041e-01 6.649390e-01 6.881540e-01 7.326990e-01 7.221358e-01 5.995427e-01 6.487617e-01 5.582500e-01 6.300433e-03 1.141844e-02 2.404543e-02 4.043863e-02 4.930397e-02 7.083674e-02 1.008716e-01 1.067343e-01 1.328043e-01 1.121568e-01 9.406804e-02 1.073876e-01 9.703318e-02 6.727822e-04
<GCONST> 4.486400e+01
<STATE> 3
~s "silst"
<STATE> 4
<MEAN> 39
 -7.488088e+00 -7.375307e+00 -6.515572e+00 -1.106596e+01 -1.947652e+00 -5.133595e+00 -7.601501e-01 -8.504950e+00 -2.620895e+00 -5.490661e+00 1.287488e+00 -3.915938e+00 1.448206e+01 9.529915e-04 1.105322e-02 -1.951796e-02 -2.145626e-02 -5.238035e-02 -2.597877e-02 -4.863505e-02 -6.693427e-03 -8.017436e-03 -1.304542e-02 -1.215335e-02 -8.258287e-03 2.583730e-04 3.247882e-02 5.233825e-02 8.388656e-02 1.099929e-01 1.073897e-01 9.843463e-02 3.997380e-02 1.496129e-03 1.283221e-02 -9.624970e-03 -3.876021e-02 -2.934501e-02 7.458734e-03
<VARIANCE> 39
 3.341691e+00 3.936690e+00 6.211077e+00 7.594745e+00 1.153743e+01 1.295251e+01 1.482201e+01 1.577945e+01 1.745717e+01 1.494413e+01 1.515889e+01 1.327000e+01 1.003418e+00 7.006755e-02 1.577988e-01 2.729878e-01 3.968250e-01 4.939294e-01 6.697695e-01 6.057010e-01 7.241830e-01 6.846942e-01 5.839426e-01 6.815808e-01 6.124845e-01 2.901137e-03 1.285928e-02 2.721692e-02 4.039500e-02 5.532666e-02 7.470084e-02 1.115962e-01 1.069298e-01 1.264010e-01 1.301739e-01 1.021193e-01 1.152050e-01 1.106215e-01 8.965649e-04
<GCONST> 4.429824e+01
<TRANSP> 5
 0.000000e+00 1.000000e+00 0.000000e+00 0.000000e+00 0.000000e+00
 0.000000e+00 7.326012e-01 2.825186e-02 2.391469e-01 0.000000e+00
 0.000000e+00 0.000000e+00 8.151347e-01 1.848653e-01 0.000000e+00
 0.000000e+00 1.569322e-01 0.000000e+00 7.832589e-01 5.980894e-02
 0.000000e+00 0.000000e+00 0.000000e+00 0.000000e+00 0.000000e+00
<ENDHMM>
~h "six"
<BEGINHMM>
<NUMSTATES> 5
<STATE> 2
<MEAN> 39
 -8.721270e+00 -4.287410e+00 -7.049925e+00 -8.695702e+00 -3.053215e+00 -4.163764e+00 -1.948514e+00 -8.221640e+00 -3.558306e+00 -4.047439e+00 1.332015e-01 -3.132920e+00 1.493018e+01 6.726648e-01 6.688917e-01 1.187471e+00 -1.351652e+00 -1.134662e+00 -1.192923e+00 3.772356e-02 -1.363349e-01 4.098929e-01 3.474821e-01 -5.085015e-01 -4.576367e-01 6.201130e-01 7.177094e-02 1.165829e-01 2.322271e-01 -4.783541e-01 -2.825653e-01 -1.771934e-01 4.215626e-02 7.269932e-02 2.014715e-01 3.535228e-03 -1.364126e-01 -2.333921e-01 1.464551e-01
<VARIANCE> 39
 7.354251e+00 7.739740e+00 1.262892e+01 1.144235e+01 1.875186e+01 1.961686e+01 1.509393e+01 1.826922e+01 1.996357e+01 2.919346e+01 1.911982e+01 1.703267e+01 1.833664e+00 3.596252e-01 4.701689e-01 8.860869e-01 1.168037e+00 1.077981e+00 1.327095e+00 9.903515e-01 8.063063e-01 1.408500e+00 2.220498e+00 1.071539e+00 1.309158e+00 7.935087e-02 6.177024e-02 5.636393e-02 1.164771e-01 9.731999e-02 2.023411e-01 2.060086e-01 1.474822e-01 1.760461e-01 1.853887e-01 2.370301e-01 1.705650e-01 1.689304e-01 8.571322e-03
<GCONST> 7.391451e+01
<STATE> 3
<MEAN> 39
 -6.467086e+00 -1.100461e+00 -8.592137e-01 -2.010368e+01 -7.865759e+00 -8.741708e+00 -2.435158e+00 -6.385884e+00 2.384538e-01 -3.791645e+00 -2.521087e+00 -7.318405e+00 1.832657e+01 2.529563e-02 -8.501396e-02 2.234283e-01 -2.862010e-01 3.709113e-01 2.090871e-01 -2.742557e-01 1.720327e-01 3.913103e-02 -1.951731e-01 1.689917e-01 4.540854e-03 -4.588458e-02 -5.705043e-02 -2.049302e-01 -2.667553e-01 4.862436e-01 2.879705e-01 2.218889e-01 6.776576e-02 -9.065312e-02 -1.460496e-01 -5.887686e-02 1.512476e-01 1.652362e-01 -1.668285e-01
<VARIANCE> 39
 7.689925e+00 9.735542e+00 1.660683e+01 2.318198e+01 5.842273e+01 3.109506e+01 3.716232e+01 2.459725e+01 3.462222e+01 5.836025e+01 3.540075e+01 3.739176e+01 1.433989e+00 3.501677e-01 6.538676e-01 1.077172e+00 3.232699e+00 2.405339e+00 1.768091e+00 1.734217e+00 1.340756e+00 1.888418e+00 2.009959e+00 1.867620e+00 1.900185e+00 2.949287e-01 6.814603e-02 6.604806e-02 1.606962e-01 2.265160e-01 3.057678e-01 3.192362e-01 3.830516e-01 2.242222e-01 2.867267e-01 3.401715e-01 2.633017e-01 2.552256e-01 1.166862e-02
<GCONST> 9.189628e+01
<STATE> 4
<MEAN> 39
 -6.557136e+00 -6.250033e+00 -4.685349e+00 -1.081802e+01 -1.000510e+00 -3.987428e+00 -1.437697e+00 -8.744226e+00 -2.154502e+00 -5.862212e+00 1.166613e+00 -4.219177e+00 1.475426e+01 -2.306349e-01 -9.112515e-01 -1.007073e+00 1.463688e+00 4.167601e-01 4.060550e-01 9.074278e-01 -4.606592e-01 -2.804041e-01 -4.392160e-02 2.017459e-01 2.970366e-01 -4.647991e-01 -1.056373e-01 1.687532e-01 2.082070e-01 -4.379668e-01 -3.791197e-01 -1.597318e-01 -8.413478e-02 1.722638e-01 1.160834e-01 1.043628e-01 -1.790344e-01 -1.436901e-01 1.500199e-01
<VARIANCE> 39
 3.278144e+00 5.453941e+00 9.434519e+00 1.109950e+01 1.464493e+01 1.558634e+01 1.946604e+01 1.859575e+01 1.682477e+01 1.702306e+01 1.861224e+01 1.490970e+01 1.492558e+00 2.648772e-01 4.856361e-01 8.953463e-01 1.310729e+00 2.112950e+00 1.652820e+00 1.602125e+00 1.247067e+00 1.213913e+00 1.199960e+00 1.175547e+00 1.023680e+00 7.928944e-02 3.864626e-02 6.529357e-02 1.382418e-01 1.472177e-01 2.332868e-01 1.808125e-01 2.658724e-01 1.917849e-01 1.855196e-01 1.733285e-01 1.977043e-01 1.826671e-01 5.795230e-03
<GCONST> 7.236890e+01
<TRANSP> 5
 0.000000e+00 1.000000e+00 0.000000e+00 0.000000e+00 0.000000e+00
 0.000000e+00 7.228645e-01 2.771354e-01 0.000000e+00 0.000000e+00
 0.000000e+00 0.000000e+00 8.893700e-01 1.106300e-01 0.000000e+00
 0.000000e+00 0.000000e+00 0.000000e+00 7.498310e-01 2.501690e-01
 0.000000e+00 0.000000e+00 0.000000e+00 0.000000e+00 0.000000e+00
<ENDHMM>
~h "two"
<BEGINHMM>
<NUMSTATES> 5
<STATE> 2
<MEAN> 39
 -1.091776e+01 -3.362769e+00 -6.751418e+00 -1.064242e+01 -1.007561e+00 -3.907118e+00 -1.916376e+00 -7.506270e+00 -2.325223e+00 -5.668242e+00 1.156649e+00 -3.354563e+00 1.503762e+01 4.795864e-01 6.196604e-01 9.831563e-01 -5.785316e-01 -2.738914e-01 -3.654401e-01 -4.641967e-01 -2.014626e-01 7.813364e-02 -4.704648e-02 -2.173677e-01 -3.513620e-01 3.199344e-01 2.901566e-01 6.856358e-02 2.866392e-01 -1.291868e-01 -2.077906e-01 -2.371929e-01 -1.179712e-01 -1.252822e-01 -2.495424e-02 2.533163e-03 -8.119535e-02 -1.707353e-01 9.324858e-02
<VARIANCE> 39
 8.819250e+00 8.299799e+00 1.244979e+01 1.217399e+01 1.840379e+01 2.263386e+01 1.905980e+01 2.099668e+01 2.124882e+01 2.370168e+01 2.459803e+01 1.960250e+01 9.005303e-01 1.379459e+00 5.552300e-01 1.300229e+00 8.260611e-01 1.337973e+00 1.279957e+00 9.883162e-01 1.190789e+00 1.164764e+00 1.285706e+00 1.848117e+00 1.098631e+00 7.187188e-02 1.275844e-01 1.089315e-01 1.319853e-01 1.303278e-01 2.286614e-01 1.994551e-01 1.751487e-01 2.214720e-01 2.265897e-01 2.003263e-01 3.569325e-01 1.578572e-01 7.834921e-03
<GCONST> 7.880162e+01
<STATE> 3
<MEAN> 39
 -4.615083e+00 1.253271e+00 1.856986e+00 -1.547408e+01 -6.894748e+00 -9.904792e+00 -6.689515e+00 -1.045832e+01 -2.434522e+00 -5.182706e+00 -1.106619e+00 -7.270810e+00 1.839276e+01 6.770790e-01 5.588560e-01 7.661034e-01 -5.603212e-01 -1.180355e+00 -1.123950e+00 -5.836804e-01 -2.939138e-01 -6.674163e-02 1.232193e-01 -2.301702e-01 -6.404594e-01 4.600015e-01 -2.525932e-01 -2.331789e-01 -4.287330e-01 2.963266e-01 2.670457e-01 2.290913e-01 2.357532e-01 1.485383e-01 -1.708009e-02 -7.308610e-03 1.522132e-01 1.813602e-01 -1.440447e-01
<VARIANCE> 39
 7.474728e+00 8.080429e+00 1.364648e+01 2.237880e+01 3.975369e+01 2.568361e+01 2.812176e+01 2.443085e+01 3.150518e+01 5.499721e+01 4.366713e+01 4.812741e+01 1.055427e+00 5.723906e-01 6.271931e-01 9.860904e-01 1.455771e+00 1.282190e+00 1.185465e+00 1.674798e+00 1.520541e+00 1.863298e+00 2.004880e+00 2.418849e+00 1.863129e+00 8.769292e-02 6.125826e-02 5.443043e-02 8.100844e-02 1.263154e-01 2.074425e-01 1.820326e-01 2.038108e-01 1.913953e-01 2.133580e-01 2.731497e-01 2.893615e-01 2.218480e-01 6.730206e-03
<GCONST> 8.380708e+01
<STATE> 4
<MEAN> 39
 -3.216722e+00 -8.764805e-02 -6.181897e-02 -1.355347e+01 -7.099059e+00 -1.161858e+01 -5.689062e+00 -9.684129e+00 -2.789097e+00 -5.391083e+00 -2.121667e-01 -7.617485e+00 1.822777e+01 1.640777e-01 -2.295855e-01 -2.480489e-01 5.365303e-01 3.453805e-01 9.656464e-02 1.102986e-01 -4.178883e-02 -1.715791e-01 -7.365838e-02 9.112407e-02 1.734248e-01 -1.238715e-01 -4.856478e-02 -4.259475e-02 -2.909515e-02 2.110917e-02 9.746468e-02 1.202460e-01 6.123289e-02 9.598524e-03 2.276074e-02 5.907038e-03 -3.655852e-03 4.823467e-02 -3.759687e-02
<VARIANCE> 39
 5.964876e+00 8.062670e+00 1.253723e+01 2.991467e+01 3.350793e+01 2.197517e+01 3.318834e+01 3.337275e+01 4.021601e+01 4.331997e+01 5.451955e+01 4.172714e+01 1.363270e+00 1.411536e-01 1.594176e-01 3.814961e-01 6.337472e-01 9.100198e-01 8.803482e-01 8.929598e-01 1.056470e+00 9.258466e-01 1.000586e+00 1.049988e+00 9.571865e-01 1.580139e-02 2.313525e-02 2.669347e-02 5.226986e-02 9.039620e-02 1.064468e-01 1.301143e-01 1.341986e-01 1.634498e-01 1.536142e-01 1.586178e-01 1.619728e-01 1.479296e-01 2.569538e-03
<GCONST> 6.662479e+01
<TRANSP> 5
 0.000000e+00 1.000000e+00 0.000000e+00 0.000000e+00 0.000000e+00
 0.000000e+00 8.232968e-01 1.767032e-01 0.000000e+00 0.000000e+00
 0.000000e+00 0.000000e+00 7.646696e-01 2.353304e-01 0.000000e+00
 0.000000e+00 0.000000e+00 0.000000e+00 9.049357e-01 9.506433e-02
 0.000000e+00 0.000000e+00 0.000000e+00 0.000000e+00 0.000000e+00
<ENDHMM>
~h "nine"
<BEGINHMM>
<NUMSTATES> 5
<STATE> 2
<MEAN> 39
 -4.473279e+00 -4.300936e+00 -2.067032e+00 -8.916586e+00 -2.986766e+00 -6.176033e+00 -1.502530e+00 -1.112648e+01 -5.018110e+00 -8.051278e+00 -2.911130e+00 -7.774122e+00 1.753910e+01 -1.369234e-01 -6.675780e-01 -2.234867e-01 4.920679e-01 -4.951115e-01 1.816398e-01 3.869947e-01 -1.999861e-01 -4.352714e-02 -1.562583e-01 -1.810574e-01 -1.408370e-01 2.484055e-01 -3.744823e-02 -1.262317e-01 -7.436227e-02 1.153984e-01 1.607782e-02 -7.411983e-03 3.811079e-02 2.950343e-02 8.928239e-03 3.731484e-03 7.647649e-02 3.464207e-02 -9.324361e-03
<VARIANCE> 39
 8.943808e+00 2.010587e+01 1.533627e+01 1.680367e+01 2.861886e+01 2.883986e+01 3.199004e+01 2.757617e+01 4.719208e+01 3.537587e+01 3.012093e+01 3.262746e+01 2.338898e+00 5.334287e-01 1.573703e+00 1.155003e+00 1.108602e+00 1.136863e+00 1.437740e+00 1.637034e+00 1.274988e+00 1.522782e+00 1.149067e+00 1.235963e+00 1.036674e+00 3.753340e-02 6.528080e-02 1.800881e-01 1.347306e-01 1.395282e-01 2.021470e-01 2.215272e-01 2.423229e-01 1.854869e-01 1.992391e-01 1.625139e-01 1.740710e-01 1.451710e-01 5.013898e-03
<GCONST> 8.287425e+01
<STATE> 3
<MEAN> 39
 -6.301377e+00 -1.165124e+01 -4.953342e+00 -2.548793e+00 -5.666968e+00 -5.386098e+00 1.782643e+00 -1.129104e+01 -5.649820e+00 -9.046084e+00 -1.630257e+00 -7.679539e+00 1.861895e+01 -1.091368e-01 7.426757e-02 2.332548e-01 -2.162365e-01 -4.089923e-02 2.097534e-01 -8.094286e-02 -9.834728e-02 1.797144e-01 6.555027e-02 -4.490563e-02 3.608664e-02 -2.028187e-02 -1.707655e-03 1.893854e-01 7.533280e-02 -2.466743e-01 3.632501e-02 7.634427e-02 -1.031235e-01 1.647420e-03 8.165052e-02 -7.761510e-03 -7.651909e-02 2.503189e-02 -1.447451e-02
<VARIANCE> 39
 7.215649e+00 8.494466e+00 2.458708e+01 3.155330e+01 1.884198e+01 3.047449e+01 3.086051e+01 3.413441e+01 4.326226e+01 4.179763e+01 2.811552e+01 3.035836e+01 1.013996e+00 8.183844e-02 3.379726e-01 4.045247e-01 1.060558e+00 4.702232e-01 6.162261e-01 5.300122e-01 5.024014e-01 6.227623e-01 6.542739e-01 6.643402e-01 5.282165e-01 4.652800e-03 1.069863e-02 2.957447e-02 3.976691e-02 5.322361e-02 7.026762e-02 6.695404e-02 7.309917e-02 7.796193e-02 8.029602e-02 8.615150e-02 7.699992e-02 7.813479e-02 3.943839e-04
<GCONST> 5.304341e+01
<STATE> 4
<MEAN> 39
 -6.017858e+00 -2.989043e+00 -1.556644e+00 -1.199714e+01 -1.838147e+00 -4.730030e+00 -3.382738e+00 -1.018481e+01 -2.880842e+00 -8.145092e+00 -3.063975e+00 -6.469053e+00 1.787727e+01 3.897380e-01 7.934466e-01 1.424272e-01 -2.476833e-01 5.212201e-01 -4.603301e-01 -4.331255e-01 2.956369e-01 -2.113270e-01 5.131238e-02 1.131982e-01 5.362740e-02 -1.251279e-01 2.822746e-02 -1.299707e-01 -4.492059e-02 2.216796e-01 -1.797366e-02 -5.288348e-02 1.081294e-01 -3.057502e-02 -9.952060e-02 2.632509e-02 8.208814e-02 -2.377640e-02 -1.144841e-02
<VARIANCE> 39
 1.183941e+01 1.922020e+01 1.205058e+01 2.329460e+01 3.490604e+01 3.418988e+01 3.267680e+01 2.986035e+01 4.873425e+01 3.959332e+01 3.863365e+01 4.290032e+01 1.065803e+00 3.973392e-01 9.605773e-01 5.672520e-01 1.857444e+00 1.351574e+00 1.363550e+00 1.379161e+00 1.293501e+00 1.643678e+00 1.160272e+00 1.075784e+00 1.012714e+00 1.019393e-02 6.144178e-02 9.653866e-02 8.777425e-02 1.548961e-01 1.909703e-01 2.440124e-01 1.800060e-01 1.991713e-01 2.353880e-01 1.961400e-01 1.754863e-01 1.432721e-01 1.185935e-03
<GCONST> 7.886018e+01
<TRANSP> 5
 0.000000e+00 1.000000e+00 0.000000e+00 0.000000e+00 0.000000e+00
 0.000000e+00 8.966644e-01 1.033356e-01 0.000000e+00 0.000000e+00
 0.000000e+00 0.000000e+00 9.121376e-01 8.786242e-02 0.000000e+00
 0.000000e+00 0.000000e+00 0.000000e+00 9.018074e-01 9.819262e-02
 0.000000e+00 0.000000e+00 0.000000e+00 0.000000e+00 0.000000e+00
<ENDHMM>
~h "five"
<BEGINHMM>
<NUMSTATES> 5
<STATE> 2
<MEAN> 39
 -4.273249e+00 -1.122836e+01 -9.964612e+00 -8.320663e+00 4.454828e-01 -8.039392e+00 3.521383e-01 -4.764334e+00 -5.182020e+00 -7.897964e+00 -1.729129e+00 -4.864914e+00 1.789935e+01 3.783751e-01 -1.166630e+00 -7.233604e-01 7.663304e-01 5.047777e-01 -6.465067e-01 3.224303e-01 4.127404e-01 -7.420056e-01 -2.297429e-01 -3.105693e-01 -1.000141e-02 5.667692e-01 -1.823719e-01 1.556011e-02 1.636522e-01 9.413613e-02 -9.619901e-03 9.784857e-02 3.084615e-02 -1.940073e-01 1.991500e-02 1.337509e-01 1.495242e-01 4.750497e-02 -6.834262e-02
<VARIANCE> 39
 1.107642e+01 1.970353e+01 2.369281e+01 1.660540e+01 1.885476e+01 2.070666e+01 2.503757e+01 5.107512e+01 3.210718e+01 2.785736e+01 2.491539e+01 1.984425e+01 4.512442e+00 7.750502e-01 5.638784e-01 1.158713e+00 9.107717e-01 7.888575e-01 9.840949e-01 9.759789e-01 2.277787e+00 1.718435e+00 1.713387e+00 1.355711e+00 1.023801e+00 1.221075e-01 9.705523e-02 1.349280e-01 1.821091e-01 1.228883e-01 1.353958e-01 1.456443e-01 1.546333e-01 3.033772e-01 2.731895e-01 1.950251e-01 1.795862e-01 1.403675e-01 2.907254e-02
<GCONST> 8.447019e+01
<STATE> 3
<MEAN> 39
 -5.812962e+00 -1.544565e+01 -8.536800e+00 -3.665922e+00 1.416900e+00 -9.141773e+00 2.527088e+00 -7.518567e+00 -7.218749e+00 -5.449368e+00 -4.802491e-01 -4.513529e+00 1.904567e+01 -1.658763e-01 8.777585e-02 4.909943e-01 -2.652439e-01 -2.719908e-01 4.401377e-01 6.712960e-02 -3.980744e-01 3.025285e-02 3.000244e-01 5.869071e-02 -8.277140e-02 -4.870301e-02 4.045902e-02 1.157416e-01 1.096935e-02 -1.973157e-01 -5.528756e-02 9.198777e-02 -2.918062e-02 2.627567e-02 5.741803e-02 -5.050498e-02 -7.701889e-02 -1.858710e-02 -1.514457e-02
<VARIANCE> 39
 9.174924e+00 9.405231e+00 2.490122e+01 2.085447e+01 1.877469e+01 2.322021e+01 1.753967e+01 3.921560e+01 4.727678e+01 4.451859e+01 2.691767e+01 2.549919e+01 1.362549e+00 8.851667e-02 1.568017e-01 2.710511e-01 6.500335e-01 5.033897e-01 5.587139e-01 5.018378e-01 4.975871e-01 6.168959e-01 5.790856e-01 5.747166e-01 4.759028e-01 5.889583e-03 1.178686e-02 2.441909e-02 3.050782e-02 4.850291e-02 5.136461e-02 5.183719e-02 5.726775e-02 6.470285e-02 8.682505e-02 8.488834e-02 6.724951e-02 7.055740e-02 9.201149e-04
<GCONST> 4.991393e+01
<STATE> 4
<MEAN> 39
 -5.676574e+00 -9.221229e+00 -3.856250e+00 -1.404643e+01 -3.361295e+00 -2.891685e+00 1.784057e+00 -8.342859e+00 -4.114370e+00 -5.276703e+00 -2.308260e+00 -5.567943e+00 1.827952e+01 2.191708e-01 1.204888e+00 3.730679e-01 -5.962073e-01 -3.949263e-01 -1.360282e-01 -3.208667e-01 2.634774e-01 5.406455e-01 -2.011277e-01 -4.853489e-02 -9.667699e-02 -2.501041e-01 -2.396238e-02 -3.141672e-02 -5.830669e-02 3.548253e-01 1.499519e-01 -1.710072e-01 -5.788301e-02 -2.372344e-02 -4.512670e-02 1.923861e-02 1.262470e-01 4.641851e-02 -5.024602e-02
<VARIANCE> 39
 7.912687e+00 2.335350e+01 1.231703e+01 3.094301e+01 4.245280e+01 2.025959e+01 2.480205e+01 3.619992e+01 5.214227e+01 2.807434e+01 2.674547e+01 3.035950e+01 1.803883e+00 2.111920e-01 5.069218e-01 5.743816e-01 2.694534e+00 1.431076e+00 1.594093e+00 9.766320e-01 1.309965e+00 1.663721e+00 1.339805e+00 1.279682e+00 9.357244e-01 4.297364e-02 4.449933e-02 9.841768e-02 7.765985e-02 2.330221e-01 2.341309e-01 2.393051e-01 1.687280e-01 2.239644e-01 2.202711e-01 1.821418e-01 2.042573e-01 1.671698e-01 4.244491e-03
<GCONST> 8.042728e+01
<TRANSP> 5
 0.000000e+00 1.000000e+00 0.000000e+00 0.000000e+00 0.000000e+00
 0.000000e+00 8.511212e-01 1.488788e-01 0.000000e+00 0.000000e+00
 0.000000e+00 0.000000e+00 9.132385e-01 8.676150e-02 0.000000e+00
 0.000000e+00 0.000000e+00 0.000000e+00 8.655568e-01 1.344431e-01
 0.000000e+00 0.000000e+00 0.000000e+00 0.000000e+00 0.000000e+00
<ENDHMM>
~h "four"
<BEGINHMM>
<NUMSTATES> 5
<STATE> 2
<MEAN> 39
 -6.824484e+00 -6.585614e+00 -5.517931e+00 -9.740047e+00 -1.564303e+00 -5.510327e+00 -1.168332e+00 -8.357878e+00 -2.006667e+00 -5.559463e+00 9.975619e-01 -4.260497e+00 1.533128e+01 1.541899e+00 5.267094e-01 -8.780203e-01 -8.304954e-01 -3.010881e-01 -5.281649e-01 -6.864887e-01 -1.853871e-01 1.982207e-01 2.006560e-01 -3.327167e-01 -4.792482e-01 6.327085e-01 3.560262e-01 1.279628e-01 -3.366653e-01 -3.175946e-01 -5.996171e-02 -1.168748e-02 -8.561531e-02 -2.197470e-02 3.300559e-03 5.499921e-02 -7.832150e-02 -1.307548e-01 1.450689e-01
<VARIANCE> 39
 7.259356e+00 5.356641e+00 5.468904e+00 7.744711e+00 1.000422e+01 1.241109e+01 1.457346e+01 1.372112e+01 1.608122e+01 1.350994e+01 1.598824e+01 1.215489e+01 1.692157e+00 5.367483e-01 4.292927e-01 6.172919e-01 7.483888e-01 7.043155e-01 9.054395e-01 7.530128e-01 8.191697e-01 9.958863e-01 1.068233e+00 1.511161e+00 1.205475e+00 6.170475e-02 6.555670e-02 5.371409e-02 6.063459e-02 8.253848e-02 1.009353e-01 1.529925e-01 1.209790e-01 1.531385e-01 1.403957e-01 1.607926e-01 1.988661e-01 1.873052e-01 6.855619e-03
<GCONST> 6.391424e+01
<STATE> 3
<MEAN> 39
 1.594153e+00 -3.477492e+00 -1.215284e+01 -1.704270e+01 -3.998500e+00 -6.187828e+00 -3.165968e+00 -8.954067e+00 -1.405886e+00 -3.865399e+00 4.261709e-01 -6.767819e+00 1.891097e+01 3.069280e-01 -1.833184e-01 -3.262184e-01 -4.109430e-02 7.253626e-02 -1.846001e-02 -2.200782e-01 1.729909e-01 3.509670e-01 9.332699e-02 -2.289191e-01 -2.208349e-01 1.439895e-01 -1.734248e-01 -1.539937e-01 1.491467e-01 2.352914e-01 3.846853e-02 -3.557545e-02 3.788922e-02 1.103922e-01 4.761937e-02 -8.469090e-02 -5.542666e-02 5.621815e-02 -6.749140e-02
<VARIANCE> 39
 4.138235e+00 1.026032e+01 9.649966e+00 1.374336e+01 2.441595e+01 1.713588e+01 1.852286e+01 1.712932e+01 2.358568e+01 2.476641e+01 3.802690e+01 3.751768e+01 1.089373e+00 5.280985e-01 7.278810e-01 6.879028e-01 1.215912e+00 9.697368e-01 7.722993e-01 9.086736e-01 9.557567e-01 1.310788e+00 1.175588e+00 1.338411e+00 1.243321e+00 9.371559e-02 4.942684e-02 4.568194e-02 9.579463e-02 8.028419e-02 1.354056e-01 1.432173e-01 1.556015e-01 1.408377e-01 1.812126e-01 1.916406e-01 1.991782e-01 1.866235e-01 7.192008e-03
<GCONST> 7.252589e+01
<STATE> 4
<MEAN> 39
 -3.176138e-01 -1.120817e+01 -7.803724e+00 -8.608991e+00 -5.457806e+00 -8.837261e+00 -2.154570e+00 -4.420865e+00 5.247705e-01 -7.578442e+00 -3.902457e+00 -7.396103e+00 1.852159e+01 -5.559953e-01 7.031842e-03 1.163476e+00 5.067493e-01 -5.339624e-01 4.454640e-02 6.459813e-01 -1.832250e-01 -6.646726e-01 -3.764875e-01 1.278515e-01 2.584105e-01 -2.100601e-01 -8.715995e-02 2.896801e-01 -1.011462e-02 -2.064724e-01 1.409898e-01 2.028117e-01 1.155123e-02 -2.285837e-01 -1.467683e-01 1.145203e-01 1.765030e-01 3.716354e-02 -5.127852e-02
<VARIANCE> 39
 6.988932e+00 1.468295e+01 2.922284e+01 1.893995e+01 4.667347e+01 3.838748e+01 3.528633e+01 3.987709e+01 4.545994e+01 3.477714e+01 3.472375e+01 3.193040e+01 1.587624e+00 2.226718e-01 1.560156e+00 6.970432e-01 1.647692e+00 2.193140e+00 2.157604e+00 1.611814e+00 2.578747e+00 1.830271e+00 1.713674e+00 1.796885e+00 1.098958e+00 4.317923e-02 2.922624e-02 1.004402e-01 1.913098e-01 1.723233e-01 4.365245e-01 3.072365e-01 3.551672e-01 3.448912e-01 3.788958e-01 2.813913e-01 3.062564e-01 2.177201e-01 3.179166e-03
<GCONST> 8.889558e+01
<TRANSP> 5
 0.000000e+00 1.000000e+00 0.000000e+00 0.000000e+00 0.000000e+00
 0.000000e+00 7.071872e-01 2.928128e-01 0.000000e+00 0.000000e+00
 0.000000e+00 0.000000e+00 9.184435e-01 8.155654e-02 0.000000e+00
 0.000000e+00 0.000000e+00 0.000000e+00 8.748565e-01 1.251435e-01
 0.000000e+00 0.000000e+00 0.000000e+00 0.000000e+00 0.000000e+00
<ENDHMM>
~h "zero"
<BEGINHMM>
<NUMSTATES> 5
<STATE> 2
<MEAN> 39
 -6.725267e+00 -1.947213e+00 -4.378481e+00 -7.755938e+00 -2.392769e+00 -4.855340e+00 -2.709310e+00 -8.914159e+00 -3.596192e+00 -4.286655e+00 2.413579e-01 -4.573597e+00 1.561776e+01 2.563086e-01 9.775713e-01 9.059508e-01 -1.051601e+00 -7.541918e-01 -1.282471e+00 -5.668160e-01 -5.392542e-01 3.099681e-01 2.931072e-01 -1.053099e-01 -2.322404e-01 4.536397e-01 2.709837e-02 7.980947e-02 1.559642e-01 -3.203453e-01 -1.531934e-01 -1.985888e-01 1.081443e-03 -1.385218e-02 1.517112e-01 -3.761863e-03 2.059015e-02 -8.135530e-02 8.065788e-02
<VARIANCE> 39
 7.236331e+00 1.125729e+01 1.573554e+01 1.470117e+01 2.183042e+01 2.271373e+01 1.921298e+01 2.058538e+01 3.004062e+01 2.522662e+01 2.272595e+01 2.064603e+01 1.587842e+00 3.701436e-01 5.067533e-01 8.398176e-01 1.055088e+00 8.993944e-01 1.429737e+00 9.739358e-01 1.217574e+00 1.375585e+00 9.883240e-01 1.195179e+00 1.503271e+00 6.279738e-02 5.589527e-02 1.067847e-01 1.353242e-01 1.126876e-01 1.317615e-01 2.225266e-01 1.527499e-01 1.963348e-01 1.708555e-01 1.534194e-01 1.820577e-01 1.729176e-01 8.316508e-03
<GCONST> 7.547388e+01
<STATE> 3
<MEAN> 39
 -5.529916e+00 1.429024e-01 1.010989e+00 -1.695274e+01 -8.061576e+00 -9.053059e+00 -4.523517e+00 -8.440932e+00 2.200682e-01 -3.775251e+00 1.729333e-01 -6.841460e+00 1.842848e+01 3.443994e-01 -7.771795e-01 4.121247e-01 -1.086546e-01 -1.080289e+00 2.728143e-01 2.402042e-01 1.929338e-01 3.044418e-01 -8.496334e-02 3.944013e-02 -1.151951e-01 1.575829e-01 5.160181e-02 -2.598343e-01 -1.769948e-01 3.684769e-01 2.632101e-02 1.204594e-01 1.936697e-01 5.740815e-02 -9.145686e-02 -4.094153e-02 -1.448220e-02 7.298008e-02 -6.341387e-02
<VARIANCE> 39
 7.478460e+00 2.191029e+01 1.734558e+01 2.645936e+01 6.079444e+01 4.181174e+01 3.227033e+01 4.429250e+01 3.082155e+01 3.000098e+01 3.430828e+01 5.079438e+01 1.080142e+00 4.414813e-01 1.586491e+00 8.101187e-01 2.648582e+00 1.733350e+00 2.493613e+00 1.723287e+00 1.438580e+00 1.333646e+00 1.162983e+00 1.094864e+00 1.308669e+00 6.036517e-02 5.075995e-02 1.165635e-01 1.253228e-01 1.809285e-01 2.513990e-01 4.152319e-01 2.246041e-01 2.467425e-01 2.103873e-01 1.725778e-01 1.709731e-01 2.158707e-01 4.588182e-03
<GCONST> 8.708250e+01
<STATE> 4
<MEAN> 39
 -1.564513e+00 -1.036503e+01 -4.579813e+00 -9.837982e+00 -9.449986e+00 -8.149412e+00 4.244792e-01 -4.102334e+00 -1.626896e-01 -6.714218e+00 -1.023646e+00 -5.715160e+00 1.852271e+01 6.427316e-02 4.955230e-02 -5.064661e-01 1.526097e-01 6.728470e-01 -1.614138e-01 -3.424000e-02 1.741171e-01 -8.289406e-02 -1.322191e-01 -8.687925e-02 -7.555289e-03 -6.206369e-02 -6.311168e-02 1.332769e-01 6.885487e-02 -7.933606e-02 8.335706e-02 5.375262e-02 -8.939622e-02 -8.368906e-02 -2.266748e-02 3.054830e-02 2.125347e-02 -6.051918e-03 -1.950429e-02
<VARIANCE> 39
 6.420730e+00 1.849975e+01 2.612413e+01 2.635603e+01 6.213445e+01 5.322680e+01 3.651800e+01 3.607680e+01 4.434993e+01 3.539723e+01 2.517970e+01 3.274131e+01 1.503571e+00 2.224673e-01 8.153284e-01 6.811251e-01 9.930944e-01 1.201897e+00 1.649342e+00 1.497793e+00 1.798766e+00 1.587022e+00 1.395628e+00 1.029744e+00 9.231097e-01 1.813480e-02 2.442789e-02 3.761783e-02 7.602581e-02 1.125710e-01 1.870607e-01 2.292979e-01 1.907490e-01 1.948767e-01 2.185342e-01 1.875766e-01 1.492029e-01 1.352475e-01 1.932625e-03
<GCONST> 7.752876e+01
<TRANSP> 5
 0.000000e+00 1.000000e+00 0.000000e+00 0.000000e+00 0.000000e+00
 0.000000e+00 7.659220e-01 2.340780e-01 0.000000e+00 0.000000e+00
 0.000000e+00 0.000000e+00 8.930104e-01 1.069896e-01 0.000000e+00
 0.000000e+00 0.000000e+00 0.000000e+00 9.410672e-01 5.893280e-02
 0.000000e+00 0.000000e+00 0.000000e+00 0.000000e+00 0.000000e+00
<ENDHMM>
