~o
<STREAMINFO> 1 39
<VECSIZE> 39<NULLD><MFCC_E_D_A><DIAGC>
~s "silst"
<MEAN> 39
 -5.079192e+00 -3.738687e+00 -3.211834e+00 -8.848891e+00 -1.255077e+00 -5.763658e+00 -1.831911e+00 -9.465578e+00 -3.499283e+00 -6.423803e+00 -3.700155e-01 -5.638224e+00 1.585940e+01 -6.623833e-01 -4.410678e-01 -4.507514e-01 1.676682e-01 3.064061e-01 7.044075e-01 3.738581e-01 1.078907e-01 1.436398e-01 1.503365e-01 3.341996e-01 3.717836e-01 -3.627663e-01 -2.699177e-02 -7.013278e-02 -1.091878e-01 -1.267519e-01 -9.557047e-02 -7.154771e-02 9.972446e-04 7.288227e-02 3.780757e-02 9.249228e-03 -1.478252e-02 4.197466e-03 2.650138e-02
<VARIANCE> 39
 1.122067e+01 1.075974e+01 1.340595e+01 1.343227e+01 2.081372e+01 2.470584e+01 2.384746e+01 2.478411e+01 2.793296e+01 2.734618e+01 2.583279e+01 2.362549e+01 2.027568e+00 3.757614e-01 7.440098e-01 8.206965e-01 8.123562e-01 1.145925e+00 1.290177e+00 1.256968e+00 1.301592e+00 1.409366e+00 1.273207e+00 1.246626e+00 1.115012e+00 5.124780e-02 6.989463e-02 1.001581e-01 1.068143e-01 1.141382e-01 1.566101e-01 2.205425e-01 1.943971e-01 1.871797e-01 2.097028e-01 1.845746e-01 1.821771e-01 1.531177e-01 9.218122e-03
<GCONST> 7.762846e+01
~h "eight"
<BEGINHMM>
<NUMSTATES> 5
<STATE> 2
<MEAN> 39
 -8.238516e+00 -2.982851e+00 -5.886487e+00 -1.823103e+01 2.060835e-01 -4.911366e+00 8.349900e-01 -6.806483e+00 -1.622132e+00 -7.443072e+00 -1.711351e+00 -5.724225e+00 1.740661e+01 -1.689227e-01 1.034692e+00 -9.477521e-02 -1.071262e+00 -5.220290e-02 -5.861084e-01 9.075841e-02 4.696262e-01 3.856065e-01 -8.835429e-03 -1.817361e-01 -2.420423e-01 3.336406e-01 2.896825e-02 8.946127e-02 5.345672e-03 1.400923e-01 -6.249547e-02 -1.923394e-01 -8.343784e-02 -1.826801e-02 2.585554e-02 9.264039e-02 1.131163e-01 -5.270478e-04 -1.711094e-02
<VARIANCE> 39
 7.939061e+00 2.035682e+01 1.878073e+01 3.168559e+01 4.179708e+01 2.219741e+01 2.468853e+01 2.262774e+01 3.070738e+01 2.345459e+01 2.466812e+01 2.550791e+01 3.281755e+00 3.462045e-01 7.493446e-01 6.577336e-01 1.288055e+00 1.208344e+00 1.363825e+00 1.443340e+00 9.974948e-01 1.348525e+00 1.119987e+00 1.072422e+00 9.605430e-01 1.026260e-01 4.193588e-02 8.027704e-02 7.524837e-02 1.954755e-01 1.373846e-01 1.688554e-01 1.483538e-01 1.685825e-01 2.269184e-01 1.635609e-01 1.704332e-01 1.470307e-01 1.302948e-02
<GCONST> 7.934998e+01
<STATE> 3
<MEAN> 39
 -8.391230e+00 5.783168e+00 -5.512488e+00 -1.921479e+01 -2.894159e+00 -1.376957e+01 -1.657398e+00 -5.973533e+00 7.315112e-01 -4.024596e+00 7.602506e-01 -5.690470e+00 1.854465e+01 1.014657e-01 4.964876e-01 2.030641e-01 8.282502e-01 -9.009028e-03 -9.297007e-01 -6.088260e-01 -8.129998e-01 -3.633271e-01 3.220274e-01 4.616213e-01 2.256162e-01 -7.285165e-02 4.936584e-02 -2.821601e-01 2.263630e-02 1.884002e-01 8.667126e-02 2.739260e-01 2.161440e-02 -1.566337e-01 -1.935249e-01 -1.402310e-01 -7.160887e-02 3.656919e-02 -6.174148e-02
<VARIANCE> 39
 1.001088e+01 1.133788e+01 2.484496e+01 2.650281e+01 2.096626e+01 2.365089e+01 5.645377e+01 2.720417e+01 2.965592e+01 2.187214e+01 3.280435e+01 2.506262e+01 1.478536e+00 1.828797e-01 5.103515e-01 2.621638e-01 6.267714e-01 8.201103e-01 1.019111e+00 7.505163e-01 8.236690e-01 1.765919e+00 1.025299e+00 1.191085e+00 8.490062e-01 2.549527e-02 2.771354e-02 7.094748e-02 4.949852e-02 9.919861e-02 8.116940e-02 1.531158e-01 1.407112e-01 1.344640e-01 1.680183e-01 1.386900e-01 1.859076e-01 1.363115e-01 3.385318e-03
<GCONST> 6.909137e+01
<STATE> 4
<MEAN> 39
 -6.974672e+00 1.052622e+00 -4.082119e+00 -1.218767e+01 -1.191344e+00 -1.166304e+01 -4.061803e+00 -1.160083e+01 -4.457682e+00 -5.782753e+00 8.210396e-01 -4.541607e+00 1.650842e+01 2.152746e-01 -1.860312e+00 -4.014135e-03 8.851929e-01 2.193155e-01 1.610846e+00 3.261318e-01 -1.996676e-02 -3.206708e-01 -3.961830e-01 -1.430708e-01 9.574430e-02 -4.702712e-01 -7.111316e-02 -9.486646e-02 -9.866635e-02 -1.321750e-01 -4.686648e-02 1.538003e-01 1.912069e-01 2.714076e-01 2.068522e-01 6.591822e-02 2.282342e-02 -3.127370e-02 -5.397482e-03
<VARIANCE> 39
 6.026653e+00 3.363316e+01 1.481869e+01 1.926961e+01 1.610240e+01 3.829096e+01 3.271988e+01 2.453865e+01 3.922890e+01 2.732033e+01 2.574708e+01 2.406049e+01 2.803848e+00 3.525265e-01 7.392209e-01 6.196553e-01 1.034995e+00 6.519420e-01 1.237957e+00 1.759308e+00 1.480387e+00 2.026373e+00 1.219289e+00 1.375850e+00 1.139958e+00 3.552965e-02 4.195159e-02 2.600233e-01 6.987493e-02 1.186537e-01 9.744235e-02 3.285587e-01 1.813505e-01 1.966595e-01 2.987103e-01 1.792847e-01 1.977653e-01 1.935769e-01 1.062796e-02
<GCONST> 8.034370e+01
<TRANSP> 5
 0.000000e+00 1.000000e+00 0.000000e+00 0.000000e+00 0.000000e+00
 0.000000e+00 8.675846e-01 1.324154e-01 0.000000e+00 0.000000e+00
 0.000000e+00 0.000000e+00 8.559073e-01 1.440928e-01 0.000000e+00
 0.000000e+00 0.000000e+00 0.000000e+00 8.208396e-01 1.791604e-01
 0.000000e+00 0.000000e+00 0.000000e+00 0.000000e+00 0.000000e+00
<ENDHMM>
~h "oh"
<BEGINHMM>
<NUMSTATES> 5
<STATE> 2
<MEAN> 39
 -4.368228e+00 -1.037263e+01 -8.316669e+00 -8.589398e+00 -2.637314e+00 -7.653964e+00 3.571746e+00 -7.383582e+00 -5.234297e+00 -7.113149e+00 -2.438100e+00 -5.426039e+00 1.781747e+01 5.458507e-01 -2.067532e-01 -6.073288e-01 1.665066e-01 9.166876e-02 -6.958582e-01 1.448024e-01 7.349355e-01 -1.615608e-02 -4.299594e-01 -4.110914e-01 -1.518088e-01 3.521055e-01 1.020597e-02 1.036507e-01 2.030815e-03 -5.226000e-02 3.817844e-02 -1.094814e-02 -1.516729e-01 8.347481e-03 1.328356e-01 2.591622e-02 -9.899903e-03 -2.756507e-02 -2.140210e-02
<VARIANCE> 39
 8.669377e+00 1.234203e+01 1.667060e+01 1.820605e+01 2.296007e+01 2.453122e+01 3.068729e+01 6.477222e+01 3.833091e+01 3.398770e+01 2.704718e+01 3.143792e+01 3.007107e+00 2.972005e-01 5.785388e-01 6.308417e-01 6.408576e-01 6.856815e-01 9.315903e-01 1.330020e+00 1.790736e+00 1.557612e+00 1.263364e+00 1.250032e+00 1.053149e+00 9.567348e-02 3.987068e-02 6.293849e-02 7.494707e-02 7.991995e-02 9.175479e-02 1.301717e-01 1.558923e-01 2.154749e-01 1.874011e-01 1.965670e-01 1.842164e-01 1.403282e-01 1.335840e-02
<GCONST> 7.717238e+01
<STATE> 3
<MEAN> 39
 -5.721790e-01 -8.250228e+00 -1.317373e+01 -9.923530e+00 -7.038474e-01 -1.204553e+01 -7.913796e-01 -7.829375e-01 1.193467e-01 -8.238380e+00 -5.127449e+00 -6.597169e+00 1.903781e+01 2.234810e-01 4.043658e-01 -2.915339e-02 -3.466096e-01 -3.569826e-02 -5.289898e-03 -6.740887e-01 -2.426134e-01 6.664807e-01 6.019448e-01 -3.380275e-02 -3.510504e-01 -9.510771e-03 -4.125341e-02 2.450252e-02 1.010779e-01 -2.067540e-02 -5.710052e-02 9.296112e-02 1.120576e-02 -1.582865e-01 -8.077988e-02 9.205719e-02 1.209240e-01 1.102978e-02 -2.524815e-02
<VARIANCE> 39
 6.094886e+00 8.380472e+00 1.534836e+01 1.468789e+01 1.922587e+01 2.240901e+01 4.167123e+01 3.078635e+01 3.926331e+01 3.570581e+01 3.180309e+01 4.017409e+01 1.214521e+00 8.015003e-02 1.367490e-01 2.625093e-01 2.767781e-01 3.851320e-01 5.151863e-01 7.298334e-01 1.010669e+00 7.298937e-01 8.554243e-01 7.847779e-01 6.994346e-01 1.316722e-02 1.111206e-02 1.421395e-02 3.349797e-02 3.311095e-02 4.701400e-02 6.864343e-02 7.736029e-02 9.584412e-02 1.049742e-01 1.013394e-01 9.156566e-02 8.861288e-02 1.198166e-03
<GCONST> 5.210353e+01
<STATE> 4
<MEAN> 39
 1.798387e-01 -3.751905e+00 -9.943320e+00 -1.348771e+01 -3.314766e+00 -1.007816e+01 -4.952370e+00 -7.352478e+00 1.057025e+00 -2.360099e+00 -1.949173e-01 -7.012531e+00 1.844965e+01 -3.470660e-01 2.894394e-01 8.515720e-01 1.485101e-01 -2.204356e-01 3.711531e-01 2.084743e-01 -5.774274e-01 -5.860751e-01 -1.017028e-01 5.107524e-01 4.119403e-01 -2.302631e-01 -1.309484e-01 -1.053027e-01 5.242123e-02 1.420852e-01 1.057370e-01 8.421548e-02 1.856422e-01 8.528201e-02 -1.059348e-01 -1.826266e-01 -7.768600e-02 8.034402e-02 -4.422988e-02
<VARIANCE> 39
 6.300690e+00 7.052638e+00 1.856883e+01 1.555901e+01 1.889353e+01 2.849036e+01 3.124321e+01 2.745779e+01 3.054697e+01 3.707344e+01 3.966441e+01 3.643591e+01 1.764299e+00 2.381996e-01 3.536020e-01 4.245670e-01 5.879065e-01 6.841019e-01 8.672310e-01 1.174131e+00 1.223224e+00 1.192252e+00 1.308796e+00 1.200806e+00 1.026215e+00 3.037971e-02 2.291689e-02 3.288965e-02 6.531422e-02 6.517455e-02 9.776346e-02 1.568075e-01 1.651473e-01 1.869718e-01 2.023905e-01 1.902158e-01 1.711068e-01 1.627594e-01 2.729740e-03
<GCONST> 6.914682e+01
<TRANSP> 5
 0.000000e+00 1.000000e+00 0.000000e+00 0.000000e+00 0.000000e+00
 0.000000e+00 8.830746e-01 1.169254e-01 0.000000e+00 0.000000e+00
 0.000000e+00 0.000000e+00 8.920894e-01 1.079106e-01 0.000000e+00
 0.000000e+00 0.000000e+00 0.000000e+00 8.563299e-01 1.436701e-01
 0.000000e+00 0.000000e+00 0.000000e+00 0.000000e+00 0.000000e+00
<ENDHMM>
~h "sp"
<BEGINHMM>
<NUMSTATES> 5
<STATE> 2
~s "silst"
<STATE> 3
<MEAN> 39
 -7.708487e+00 -6.473757e+00 -6.100323e+00 -9.709030e+00 -1.334841e+00 -4.071848e+00 -6.355801e-01 -8.568442e+00 -2.837423e+00 -5.609777e+00 9.603325e-01 -4.089420e+00 1.480021e+01 -9.981484e-02 -1.804214e-02 -1.135466e-01 -5.497476e-03 -2.990432e-02 3.002495e-02 -6.683411e-03 3.514985e-02 2.873278e-03 2.051730e-02 3.520243e-02 4.030538e-02 -1.364439e-02 6.153850e-02 8.255177e-02 6.162167e-02 -1.141349e-02 -9.645840e-03 -5.711614e-02 -4.130420e-02 -1.855200e-02 -9.245740e-03 -1.625129e-02 -3.380883e-02 -3.258027e-02 4.435518e-02
<VARIANCE> 39
 5.198561e+00 5.807581e+00 8.373759e+00 1.000468e+01 1.421411e+01 1.533822e+01 1.546555e+01 1.657193e+01 1.760928e+01 1.635548e+01 1.593678e+01 1.372136e+01 1.090853e+00 1.560926e-01 2.339171e-01 3.574516e-01 4.283755e-01 5.671251e-01 6.773660e-01 6.516368e-01 7.187610e-01 7.408314e-01 6.608678e-01 6.508203e-01 5.695623e-01 7.403948e-03 3.307256e-02 5.307340e-02 7.090773e-02 9.036406e-02 1.138572e-01 1.432183e-01 1.320995e-01 1.439339e-01 1.467235e-01 1.252151e-01 1.241695e-01 1.145296e-01 4.108919e-03
<GCONST> 5.484843e+01
<STATE> 4
<MEAN> 39
 -8.550097e+00 -4.938691e+00 -6.264628e+00 -8.993829e+00 -2.032307e+00 -3.800835e+00 -1.070952e+00 -8.416715e+00 -2.905631e+00 -5.483417e+00 6.384028e-01 -4.050538e+00 1.505805e+01 2.796052e-01 1.770038e-01 9.873506e-02 -1.324170e-01 -1.922920e-01 -3.063208e-01 -8.178725e-02 7.420480e-02 -3.614595e-02 -5.247059e-02 -2.029552e-01 -8.273488e-02 2.198740e-01 2.163522e-01 4.097518e-03 6.061762e-02 -1.467777e-01 -1.309111e-01 -2.126600e-01 -6.474542e-03 1.884830e-02 6.949742e-03 -1.576836e-03 -1.015078e-01 -8.332686e-02 1.103555e-01
<VARIANCE> 39
 1.197808e+01 1.157121e+01 1.733322e+01 1.580890e+01 1.929044e+01 1.880179e+01 1.808224e+01 2.027085e+01 2.112115e+01 1.993443e+01 1.872481e+01 1.702017e+01 1.498474e+00 5.893614e-01 5.339426e-01 7.449414e-01 7.906212e-01 9.715555e-01 1.005527e+00 8.535144e-01 1.188307e+00 1.046193e+00 9.273882e-01 9.475834e-01 7.687995e-01 5.357443e-02 7.113846e-02 1.106831e-01 1.694043e-01 1.487193e-01 2.005412e-01 1.929078e-01 1.681633e-01 2.262120e-01 2.043715e-01 1.795485e-01 1.803117e-01 1.551810e-01 9.428096e-03
<GCONST> 7.467046e+01
<TRANSP> 5
 0.000000e+00 8.218284e-01 1.781715e-01 0.000000e+00 0.000000e+00
 0.000000e+00 7.942605e-01 2.057395e-01 0.000000e+00 0.000000e+00
 0.000000e+00 0.000000e+00 8.500799e-01 1.499201e-01 0.000000e+00
 0.000000e+00 0.000000e+00 0.000000e+00 5.805706e-01 4.194294e-01
 0.000000e+00 0.000000e+00 0.000000e+00 0.000000e+00 0.000000e+00
<ENDHMM>
~h "seven"
<BEGINHMM>
<NUMSTATES> 5
<STATE> 2
<MEAN> 39
 -7.468775e+00 -4.367802e+00 -5.908444e+00 -9.811880e+00 -3.710525e+00 -4.962735e+00 -5.269217e-01 -8.214847e+00 -2.362696e+00 -4.353787e+00 -4.290666e-01 -3.942655e+00 1.555967e+01 8.769970e-01 1.061524e-01 6.964801e-01 -1.402298e+00 -1.109427e+00 -8.399870e-01 9.563950e-01 -1.017399e-01 3.691094e-01 3.610866e-03 -7.840418e-01 -6.922157e-01 6.897985e-01 8.482944e-03 -1.161995e-01 -7.260506e-02 -2.433592e-01 -1.619546e-01 9.331919e-02 2.464558e-01 6.191093e-02 -1.497112e-02 -1.421382e-01 -1.638962e-01 -1.456644e-01 1.266660e-01
<VARIANCE> 39
 1.007242e+01 6.280004e+00 1.231336e+01 1.251339e+01 2.022649e+01 2.213606e+01 1.821266e+01 1.890562e+01 1.811928e+01 2.660974e+01 1.800418e+01 1.634373e+01 2.430214e+00 4.606991e-01 4.432513e-01 6.455076e-01 9.584016e-01 1.281997e+00 1.637480e+00 1.351115e+00 1.240157e+00 1.246247e+00 2.360104e+00 1.101601e+00 1.210355e+00 7.102244e-02 8.298004e-02 5.435815e-02 9.797192e-02 1.256293e-01 2.230785e-01 2.097179e-01 1.571108e-01 1.526850e-01 1.605292e-01 1.972309e-01 1.399928e-01 1.864448e-01 1.215136e-02
<GCONST> 7.536903e+01
<STATE> 3
<MEAN> 39
 -5.776618e+00 -7.513908e+00 -5.383281e+00 -1.621763e+01 -6.133911e+00 -4.343418e+00 5.063474e+00 -8.665292e+00 -2.720991e+00 -7.116330e+00 -4.214092e+00 -6.595478e+00 1.905256e+01 1.283496e-01 -3.021106e-01 6.882554e-02 1.613165e-01 4.446057e-02 -3.139806e-02 1.846862e-01 2.624973e-01 -3.521806e-01 -3.950328e-02 1.439930e-03 -4.413201e-02 7.589642e-02 -1.842909e-02 1.044488e-01 3.974327e-02 3.171427e-01 1.426472e-01 -7.751817e-02 -2.833986e-01 4.934901e-02 -1.641052e-02 3.789650e-02 2.031740e-01 6.410658e-02 -1.364251e-01
<VARIANCE> 39
 9.461735e+00 1.179832e+01 8.962916e+00 1.778454e+01 4.832043e+01 3.846329e+01 3.166360e+01 3.893447e+01 4.877121e+01 5.842045e+01 3.334633e+01 3.291803e+01 1.185695e+00 3.927603e-01 5.718010e-01 4.497840e-01 1.297508e+00 1.491078e+00 1.582182e+00 1.625880e+00 1.043791e+00 1.269181e+00 1.719292e+00 1.745575e+00 1.227728e+00 1.731836e-01 8.120733e-02 8.501112e-02 8.845993e-02 1.110959e-01 2.649317e-01 2.635493e-01 1.734752e-01 1.626888e-01 2.086312e-01 2.424792e-01 2.325559e-01 1.901830e-01 5.532212e-03
<GCONST> 8.325150e+01
<STATE> 4
<MEAN> 39
 -3.257871e+00 -4.145133e+00 -2.040063e+00 -9.795089e+00 -3.963954e+00 -7.898366e+00 -4.603699e-01 -7.895697e+00 -3.870230e+00 -6.628413e+00 -1.621724e+00 -6.940457e+00 1.713506e+01 1.048609e-01 3.676417e-01 2.306394e-01 2.342786e-01 3.760729e-01 -3.304141e-02 -4.253443e-01 -3.490437e-01 3.209119e-02 -6.872489e-02 7.997342e-02 -1.537216e-02 -8.798258e-02 -3.976122e-02 -5.784456e-02 -5.445651e-02 -7.393561e-02 1.537630e-03 1.086877e-01 9.037205e-02 -4.303146e-02 -1.110188e-03 -7.668526e-04 -4.321391e-02 3.121749e-02 1.963146e-02
<VARIANCE> 39
 4.897522e+00 1.045183e+01 1.000099e+01 1.377131e+01 2.821406e+01 3.248843e+01 2.626344e+01 4.098802e+01 3.228437e+01 3.545289e+01 3.234227e+01 2.883564e+01 1.690850e+00 1.922318e-01 4.148024e-01 4.779044e-01 9.059283e-01 1.392561e+00 1.173896e+00 1.648157e+00 1.272333e+00 1.389920e+00 1.389841e+00 1.265043e+00 9.329551e-01 8.939278e-02 3.490832e-02 7.891585e-02 8.610891e-02 1.530751e-01 2.484898e-01 2.056717e-01 2.860885e-01 2.267856e-01 2.302618e-01 2.389830e-01 2.142726e-01 1.482274e-01 1.490667e-02
<GCONST> 7.853366e+01
<TRANSP> 5
 0.000000e+00 1.000000e+00 0.000000e+00 0.000000e+00 0.000000e+00
 0.000000e+00 7.202762e-01 2.797238e-01 0.000000e+00 0.000000e+00
 0.000000e+00 0.000000e+00 8.914297e-01 1.085703e-01 0.000000e+00
 0.000000e+00 0.000000e+00 0.000000e+00 9.307962e-01 6.920376e-02
 0.000000e+00 0.000000e+00 0.000000e+00 0.000000e+00 0.000000e+00
<ENDHMM>
~h "three"
<BEGINHMM>
<NUMSTATES> 5
<STATE> 2
<MEAN> 39
 -3.102906e+00 -6.925595e+00 -4.129486e-01 -8.977242e+00 -1.023155e+01 -1.090777e+01 -1.261558e+00 -8.725546e+00 -1.855875e+00 -5.134757e+00 -2.772067e-01 -5.329024e+00 1.736372e+01 4.994860e-01 -1.574630e-01 9.471564e-01 -2.348390e-01 -1.609214e+00 -1.391523e-01 -2.254842e-01 -2.375978e-01 3.973792e-01 1.013394e-01 -4.033795e-02 -2.417186e-01 3.734027e-01 -1.746097e-01 1.110373e-01 1.150883e-02 -2.899203e-01 1.967080e-01 3.114601e-01 -1.568439e-01 8.820744e-03 8.786973e-02 -1.497860e-02 4.891220e-02 8.724396e-03 -3.009801e-02
<VARIANCE> 39
 1.179875e+01 1.267406e+01 1.667574e+01 2.977978e+01 5.222831e+01 4.904958e+01 2.344863e+01 2.609444e+01 2.812389e+01 2.587666e+01 3.376738e+01 3.193441e+01 2.765121e+00 7.724550e-01 6.717263e-01 8.043604e-01 2.032900e+00 1.905935e+00 3.420620e+00 1.390757e+00 1.545321e+00 1.262262e+00 1.077041e+00 1.379193e+00 1.290058e+00 6.007251e-02 1.144818e-01 1.453933e-01 1.323130e-01 3.030042e-01 4.606043e-01 4.281596e-01 2.901422e-01 2.388211e-01 1.924670e-01 1.824189e-01 1.986628e-01 1.947279e-01 1.006285e-02
<GCONST> 8.948878e+01
<STATE> 3
<MEAN> 39
 -4.971742e+00 -3.798962e+00 5.639693e+00 -1.878249e+01 -1.271414e+01 -4.175321e+00 -8.516951e+00 -8.895031e+00 1.990895e+00 -5.732041e+00 1.152038e+00 -5.921403e+00 1.866126e+01 -8.505142e-01 1.779796e+00 -2.171868e-01 -1.771345e+00 2.323544e+00 -4.810999e-02 -1.510279e+00 9.084357e-01 -3.825561e-01 -2.348284e-01 1.311640e-01 1.916159e-02 -1.797115e-02 3.463993e-02 1.390745e-01 -4.685242e-01 4.955008e-01 4.296170e-01 -6.745799e-01 4.068962e-01 7.645714e-02 -3.803452e-01 6.947268e-02 -5.819154e-02 4.017417e-02 -5.549528e-02
<VARIANCE> 39
 7.830231e+00 2.348432e+01 1.131825e+01 3.318737e+01 5.956175e+01 2.845182e+01 4.287816e+01 6.303305e+01 2.559288e+01 2.793142e+01 3.835184e+01 2.946745e+01 1.288393e+00 2.545605e-01 6.170298e-01 1.039577e+00 1.740278e+00 1.463786e+00 3.675328e+00 1.957431e+00 1.411874e+00 1.431802e+00 1.061016e+00 7.334753e-01 8.034239e-01 2.125142e-02 5.328469e-02 1.570840e-01 9.094263e-02 2.574734e-01 5.000424e-01 2.343446e-01 4.094158e-01 3.728205e-01 1.615629e-01 1.501562e-01 1.329592e-01 1.100216e-01 2.284236e-03
<GCONST> 8.290531e+01
<STATE> 4
<MEAN> 39
 -6.758358e+00 4.067647e+00 -1.672862e+00 -1.644349e+01 -1.344870e+00 -1.251154e+01 -5.524538e+00 -8.089194e+00 -3.420953e+00 -4.972220e+00 -2.482397e-01 -6.250203e+00 1.787809e+01 1.396101e-01 -6.607330e-02 -5.744602e-01 9.627162e-01 4.404803e-01 -1.534160e-01 7.101057e-01 -3.665956e-01 -3.184025e-01 -1.724529e-02 -1.989686e-01 1.122439e-03 -1.782164e-01 6.698159e-02 -3.147777e-01 9.253787e-02 9.068258e-02 -2.348527e-01 3.066001e-01 4.374209e-02 -3.959781e-02 1.385718e-01 -3.205658e-02 2.095344e-02 1.190810e-02 -2.591568e-02
<VARIANCE> 39
 7.399953e+00 1.535267e+01 1.633100e+01 3.055761e+01 2.267947e+01 2.584275e+01 4.772097e+01 4.553070e+01 3.206308e+01 4.067052e+01 4.077623e+01 3.681501e+01 1.618030e+00 2.220799e-01 1.375417e+00 6.441596e-01 8.491987e-01 1.237990e+00 2.078105e+00 1.282611e+00 1.475388e+00 1.224088e+00 1.183846e+00 8.459323e-01 8.615791e-01 2.450059e-02 3.719769e-02 9.089477e-02 7.211924e-02 1.650983e-01 1.831098e-01 1.732588e-01 2.147706e-01 2.235750e-01 1.719599e-01 1.645783e-01 1.337144e-01 1.301403e-01 2.647844e-03
<GCONST> 7.763037e+01
<TRANSP> 5
 0.000000e+00 1.000000e+00 0.000000e+00 0.000000e+00 0.000000e+00
 0.000000e+00 8.770940e-01 1.229060e-01 0.000000e+00 0.000000e+00
 0.000000e+00 0.000000e+00 7.867855e-01 2.132145e-01 0.000000e+00
 0.000000e+00 0.000000e+00 0.000000e+00 8.913743e-01 1.086257e-01
 0.000000e+00 0.000000e+00 0.000000e+00 0.000000e+00 0.000000e+00
<ENDHMM>
~h "one"
<BEGINHMM>
<NUMSTATES> 5
<STATE> 2
<MEAN> 39
 -5.717803e-01 -3.778233e+00 -9.273144e+00 -1.281539e+01 -1.656560e+00 -5.564206e+00 -2.020973e+00 -8.864626e+00 -2.706070e+00 -6.730779e+00 -1.544865e+00 -7.287473e+00 1.774402e+01 2.782663e-01 -4.044259e-01 -8.714359e-01 4.565913e-01 4.868012e-01 3.900715e-02 -2.919049e-01 2.269581e-01 2.030703e-01 -3.067860e-01 -3.899634e-01 -2.718413e-01 2.375635e-01 -1.187186e-01 -1.460107e-01 5.392937e-02 2.644327e-01 7.709325e-03 -1.161278e-01 -1.484655e-02 9.372012e-02 -1.101405e-02 -9.035780e-02 1.102646e-02 8.278806e-02 -2.092428e-02
<VARIANCE> 39
 7.598226e+00 9.253608e+00 2.887036e+01 2.285247e+01 2.888012e+01 2.532365e+01 2.281201e+01 2.063988e+01 2.828047e+01 2.393570e+01 2.967136e+01 2.875794e+01 2.274485e+00 4.574414e-01 8.000292e-01 8.730335e-01 2.244718e+00 1.372316e+00 1.442837e+00 1.267354e+00 1.065940e+00 1.134468e+00 1.022156e+00 1.095263e+00 1.044758e+00 4.811118e-02 4.491071e-02 6.142452e-02 1.907887e-01 2.175048e-01 2.626303e-01 2.523066e-01 2.367237e-01 1.810065e-01 2.006677e-01 1.693388e-01 1.888734e-01 1.838953e-01 5.015133e-03
<GCONST> 8.018324e+01
<STATE> 3
<MEAN> 39
 -2.366504e+00 -1.071545e+01 -1.090023e+01 -1.688580e+00 -4.459171e-01 -9.494633e+00 -2.445125e+00 -4.208227e+00 -3.537669e+00 -1.172706e+01 -2.377395e+00 -6.056365e+00 1.853598e+01 -6.083111e-01 -3.735242e-01 1.339430e+00 5.719312e-01 -1.353422e+00 -3.274823e-01 1.195544e+00 -8.965342e-02 -9.243408e-01 -9.188720e-02 5.860515e-01 1.195048e-01 -4.919403e-02 2.364553e-02 3.139795e-01 2.516457e-01 -5.823260e-01 -1.340076e-01 3.765935e-01 9.172957e-02 -4.375936e-01 1.928781e-05 3.803875e-01 4.391468e-02 -1.767315e-01 -2.978525e-02
<VARIANCE> 39
 6.140155e+00 9.608534e+00 1.865909e+01 2.375176e+01 2.701782e+01 1.740279e+01 3.767718e+01 3.139864e+01 4.646096e+01 3.755693e+01 3.384161e+01 3.322250e+01 1.544187e+00 1.544917e-01 5.161077e-01 6.043833e-01 1.832765e+00 7.392120e-01 1.712557e+00 1.007382e+00 2.247914e+00 1.166067e+00 1.864770e+00 1.028669e+00 1.293578e+00 8.478818e-03 2.365419e-02 5.254873e-02 1.008274e-01 1.224668e-01 2.854159e-01 1.528318e-01 3.761436e-01 1.782186e-01 3.359379e-01 2.004211e-01 2.674463e-01 1.681281e-01 8.555623e-04
<GCONST> 7.513715e+01
<STATE> 4
<MEAN> 39
 -4.106312e+00 -5.419301e+00 -1.637621e+00 -8.751657e+00 -4.068885e+00 -5.850062e+00 -1.670590e+00 -1.194809e+01 -4.643013e+00 -8.688824e+00 -2.578558e+00 -8.293767e+00 1.778431e+01 1.514332e-01 9.709488e-01 6.249692e-01 -7.288648e-01 4.275709e-01 -6.634927e-02 -6.308744e-01 -4.444482e-01 8.190849e-02 2.295823e-01 -1.767330e-01 5.054854e-02 -1.278654e-01 4.443371e-02 -6.857152e-02 -2.143380e-01 1.674626e-01 1.612123e-01 -6.903749e-02 -6.815979e-02 1.654271e-01 1.341997e-02 -1.166022e-01 1.014485e-02 7.495268e-02 -5.484939e-03
<VARIANCE> 39
 6.949866e+00 2.328513e+01 1.104087e+01 2.143253e+01 1.960010e+01 4.667092e+01 3.617188e+01 3.532692e+01 4.120888e+01 4.573027e+01 3.326360e+01 3.778438e+01 1.325595e+00 2.764469e-01 6.139683e-01 8.075096e-01 1.205739e+00 9.137446e-01 1.967654e+00 1.137386e+00 1.444570e+00 1.607941e+00 1.541386e+00 9.443381e-01 9.593625e-01 1.267755e-02 4.881915e-02 1.199798e-01 8.185134e-02 1.339047e-01 2.006800e-01 3.081865e-01 2.741151e-01 1.858347e-01 2.301718e-01 2.258469e-01 1.685055e-01 1.675206e-01 1.601540e-03
<GCONST> 7.851055e+01
<TRANSP> 5
 0.000000e+00 1.000000e+00 0.000000e+00 0.000000e+00 0.000000e+00
 0.000000e+00 8.983657e-01 1.016343e-01 0.000000e+00 0.000000e+00
 0.000000e+00 0.000000e+00 8.249243e-01 1.750756e-01 0.000000e+00
 0.000000e+00 0.000000e+00 0.000000e+00 8.841763e-01 1.158237e-01
 0.000000e+00 0.000000e+00 0.000000e+00 0.000000e+00 0.000000e+00
<ENDHMM>
~h "sil"
<BEGINHMM>
<NUMSTATES> 5
<STATE> 2
<MEAN> 39
 -6.787311e+00 -6.747504e+00 -5.116950e+00 -9.102787e+00 1.024403e-02 -3.353319e+00 1.883435e-01 -8.526958e+00 -2.600013e+00 -5.761475e+00 5.563983e-01 -4.313778e+00 1.461710e+01 -3.791260e-02 -2.651631e-03 -4.723885e-03 3.110307e-02 3.903765e-02 2.517956e-02 4.948012e-02 5.253867e-03 -1.788034e-02 5.830960e-03 1.422350e-02 1.103083e-02 -1.230043e-02 -2.560253e-02 -3.299292e-02 -7.293533e-02 -1.094486e-01 -1.219978e-01 -1.200638e-01 -6.303778e-02 -1.031490e-02 -2.381097e-02 1.050860e-02 3.823439e-02 3.135978e-02 1.952540e-03
<VARIANCE> 39
 3.637516e+00 4.361235e+00 6.044598e+00 7.599480e+00 1.188596e+01 1.363032e+01 1.466224e+01 1.635248e+01 1.580374e+01 1.373342e+01 1.579585e+01 1.313739e+01 1.165274e+00 7.891200e-02 1.594209e-01 2.715571e-01 3.727275e-01 4.940135e-01 6.568885e-01 6.822453e-01 7.153289e-01 6.945738e-01 5.760497e-01 6.362649e-01 5.644037e-01 5.045014e-03 1.102056e-02 2.417178e-02 4.059546e-02 5.008803e-02 7.002637e-02 1.009075e-01 1.066027e-01 1.307416e-01 1.119085e-01 9.212663e-02 1.050077e-01 9.906488e-02 6.381605e-04
<GCONST> 4.381410e+01
<STATE> 3
~s "silst"
<STATE> 4
<MEAN> 39
 -7.588995e+00 -7.337482e+00 -6.592777e+00 -1.116728e+01 -2.183870e+00 -5.410522e+00 -1.003721e+00 -8.654065e+00 -2.716909e+00 -5.407394e+00 1.452425e+00 -3.836590e+00 1.448390e+01 -3.430848e-03 7.344501e-03 -2.548138e-02 -2.578015e-02 -5.093884e-02 -1.868404e-02 -6.046718e-02 -8.066497e-03 -3.357878e-03 -6.066927e-03 -1.823702e-02 -1.781938e-02 -2.142459e-04 3.747865e-02 5.683185e-02 9.354058e-02 1.253723e-01 1.335044e-01 1.278267e-01 6.230571e-02 1.730544e-02 2.758809e-02 -1.724339e-02 -5.647370e-02 -4.116484e-02 8.450461e-03
<VARIANCE> 39
 3.519916e+00 4.142323e+00 6.414931e+00 7.832340e+00 1.125600e+01 1.252754e+01 1.496053e+01 1.591395e+01 1.762483e+01 1.532498e+01 1.513335e+01 1.336783e+01 9.997734e-01 7.655321e-02 1.676996e-01 2.873072e-01 4.164280e-01 5.053222e-01 6.754791e-01 5.941290e-01 7.401240e-01 7.093896e-01 6.063965e-01 6.991835e-01 6.111413e-01 3.229867e-03 1.424931e-02 2.887110e-02 4.234516e-02 5.696052e-02 7.253791e-02 1.078900e-01 1.039393e-01 1.276402e-01 1.327043e-01 1.059505e-01 1.175040e-01 1.097519e-01 1.076018e-03
<GCONST> 4.535355e+01
<TRANSP> 5
 0.000000e+00 1.000000e+00 0.000000e+00 0.000000e+00 0.000000e+00
 0.000000e+00 7.673557e-01 2.419896e-02 2.084453e-01 0.000000e+00
 0.000000e+00 0.000000e+00 8.283965e-01 1.716036e-01 0.000000e+00
 0.000000e+00 1.867476e-01 0.000000e+00 7.439423e-01 6.931015e-02
 0.000000e+00 0.000000e+00 0.000000e+00 0.000000e+00 0.000000e+00
<ENDHMM>
~h "six"
<BEGINHMM>
<NUMSTATES> 5
<STATE> 2
<MEAN> 39
 -8.686342e+00 -4.259993e+00 -6.994959e+00 -8.729728e+00 -3.094059e+00 -4.228504e+00 -1.958453e+00 -8.231433e+00 -3.553429e+00 -4.009915e+00 1.248092e-01 -3.143437e+00 1.495092e+01 6.790422e-01 6.782812e-01 1.200538e+00 -1.379445e+00 -1.155393e+00 -1.210622e+00 4.088192e-02 -1.337902e-01 4.198557e-01 3.494942e-01 -5.164180e-01 -4.716195e-01 6.291646e-01 6.730186e-02 1.150455e-01 2.271986e-01 -4.788306e-01 -2.795246e-01 -1.700384e-01 4.323947e-02 7.568847e-02 2.037890e-01 8.624863e-04 -1.366730e-01 -2.375500e-01 1.451230e-01
<VARIANCE> 39
 7.470289e+00 7.795311e+00 1.269510e+01 1.147670e+01 1.899405e+01 1.999293e+01 1.517178e+01 1.808246e+01 2.003260e+01 2.959798e+01 1.917320e+01 1.708398e+01 1.864870e+00 3.584037e-01 4.709444e-01 8.831834e-01 1.149032e+00 1.075117e+00 1.323633e+00 1.002817e+00 8.098219e-01 1.418071e+00 2.235628e+00 1.074882e+00 1.322111e+00 7.699201e-02 6.202314e-02 5.632375e-02 1.156985e-01 9.789296e-02 2.032068e-01 2.089715e-01 1.477524e-01 1.766282e-01 1.850920e-01 2.378516e-01 1.708381e-01 1.683360e-01 8.833520e-03
<GCONST> 7.405486e+01
<STATE> 3
<MEAN> 39
 -6.470636e+00 -1.099843e+00 -8.570597e-01 -2.012012e+01 -7.861142e+00 -8.736034e+00 -2.436628e+00 -6.380734e+00 2.460984e-01 -3.794939e+00 -2.524315e+00 -7.321571e+00 1.832884e+01 2.417134e-02 -8.669307e-02 2.210770e-01 -2.820589e-01 3.750812e-01 2.128080e-01 -2.749729e-01 1.720273e-01 3.756609e-02 -1.961213e-01 1.701788e-01 7.001661e-03 -4.764554e-02 -5.676888e-02 -2.052259e-01 -2.669397e-01 4.875353e-01 2.881969e-01 2.212605e-01 6.795365e-02 -9.105039e-02 -1.466519e-01 -5.878315e-02 1.515772e-01 1.659147e-01 -1.670442e-01
<VARIANCE> 39
 7.692022e+00 9.747122e+00 1.662808e+01 2.306675e+01 5.850169e+01 3.110643e+01 3.719303e+01 2.460362e+01 3.462871e+01 5.833971e+01 3.542786e+01 3.742814e+01 1.432488e+00 3.496128e-01 6.526884e-01 1.075668e+00 3.229663e+00 2.397801e+00 1.761263e+00 1.734433e+00 1.341298e+00 1.887801e+00 2.010798e+00 1.867495e+00 1.897365e+00 2.938674e-01 6.819618e-02 6.606841e-02 1.609103e-01 2.259482e-01 3.061541e-01 3.193443e-01 3.835600e-01 2.241360e-01 2.868464e-01 3.401676e-01 2.636049e-01 2.553093e-01 1.166345e-02
<GCONST> 9.188395e+01
<STATE> 4
<MEAN> 39
 -6.563036e+00 -6.248246e+00 -4.680303e+00 -1.081157e+01 -1.001981e+00 -3.979602e+00 -1.436566e+00 -8.754887e+00 -2.165575e+00 -5.868387e+00 1.164348e+00 -4.220583e+00 1.475305e+01 -2.337857e-01 -9.113749e-01 -1.005263e+00 1.462055e+00 4.138283e-01 4.089586e-01 9.077833e-01 -4.570455e-01 -2.819282e-01 -4.034736e-02 2.005583e-01 2.989112e-01 -4.646119e-01 -1.053140e-01 1.689088e-01 2.070245e-01 -4.381267e-01 -3.787557e-01 -1.608399e-01 -8.502070e-02 1.722423e-01 1.161577e-01 1.035070e-01 -1.796792e-01 -1.430009e-01 1.499737e-01
<VARIANCE> 39
 3.293206e+00 5.440404e+00 9.449677e+00 1.107180e+01 1.464491e+01 1.565398e+01 1.950670e+01 1.858673e+01 1.688445e+01 1.706831e+01 1.861967e+01 1.491372e+01 1.491697e+00 2.674942e-01 4.864107e-01 8.968246e-01 1.309068e+00 2.110311e+00 1.651616e+00 1.602978e+00 1.249649e+00 1.214407e+00 1.205262e+00 1.178091e+00 1.023193e+00 7.931057e-02 3.889345e-02 6.515460e-02 1.378301e-01 1.468581e-01 2.331514e-01 1.805200e-01 2.655231e-01 1.922945e-01 1.854286e-01 1.735905e-01 1.976783e-01 1.824699e-01 5.797483e-03
<GCONST> 7.239965e+01
<TRANSP> 5
 0.000000e+00 1.000000e+00 0.000000e+00 0.000000e+00 0.000000e+00
 0.000000e+00 7.189019e-01 2.810980e-01 0.000000e+00 0.000000e+00
 0.000000e+00 0.000000e+00 8.891599e-01 1.108402e-01 0.000000e+00
 0.000000e+00 0.000000e+00 0.000000e+00 7.504275e-01 2.495725e-01
 0.000000e+00 0.000000e+00 0.000000e+00 0.000000e+00 0.000000e+00
<ENDHMM>
~h "two"
<BEGINHMM>
<NUMSTATES> 5
<STATE> 2
<MEAN> 39
 -1.095185e+01 -3.274746e+00 -6.717800e+00 -1.062732e+01 -9.775537e-01 -3.868487e+00 -1.959554e+00 -7.506622e+00 -2.326201e+00 -5.679212e+00 1.128607e+00 -3.370706e+00 1.506338e+01 5.073712e-01 6.190925e-01 1.014832e+00 -5.888774e-01 -2.676858e-01 -3.657086e-01 -4.635226e-01 -2.131176e-01 7.230857e-02 -5.487520e-02 -2.281584e-01 -3.626990e-01 3.247811e-01 2.965297e-01 6.485525e-02 2.875539e-01 -1.310809e-01 -2.124279e-01 -2.433180e-01 -1.187794e-01 -1.273569e-01 -2.630835e-02 2.652881e-03 -7.935840e-02 -1.704765e-01 9.408385e-02
<VARIANCE> 39
 8.845277e+00 8.100718e+00 1.268378e+01 1.230342e+01 1.844260e+01 2.274163e+01 1.921430e+01 2.111020e+01 2.144663e+01 2.400359e+01 2.472468e+01 1.985224e+01 9.044859e-01 1.367748e+00 5.601631e-01 1.277236e+00 8.309461e-01 1.348680e+00 1.287799e+00 9.893848e-01 1.189486e+00 1.172761e+00 1.294544e+00 1.876357e+00 1.105507e+00 7.280701e-02 1.265655e-01 1.092833e-01 1.343548e-01 1.308699e-01 2.276040e-01 1.981482e-01 1.761393e-01 2.232989e-01 2.275977e-01 2.033403e-01 3.598156e-01 1.595549e-01 7.827637e-03
<GCONST> 7.898137e+01
<STATE> 3
<MEAN> 39
 -4.601739e+00 1.270455e+00 1.861186e+00 -1.552247e+01 -6.952981e+00 -9.944695e+00 -6.701809e+00 -1.043926e+01 -2.407901e+00 -5.177197e+00 -1.125228e+00 -7.308706e+00 1.840717e+01 6.633958e-01 5.433456e-01 7.421296e-01 -5.410144e-01 -1.162521e+00 -1.105443e+00 -5.666874e-01 -2.811154e-01 -6.590249e-02 1.260281e-01 -2.154745e-01 -6.235805e-01 4.512661e-01 -2.500893e-01 -2.351239e-01 -4.262152e-01 2.990689e-01 2.730580e-01 2.326387e-01 2.359336e-01 1.460641e-01 -1.899080e-02 -9.882797e-03 1.533213e-01 1.829278e-01 -1.451389e-01
<VARIANCE> 39
 7.462786e+00 8.105747e+00 1.363428e+01 2.232606e+01 3.964087e+01 2.560870e+01 2.822177e+01 2.453741e+01 3.158282e+01 5.527956e+01 4.393943e+01 4.852698e+01 1.036160e+00 5.675659e-01 6.280197e-01 9.856414e-01 1.463948e+00 1.293443e+00 1.206473e+00 1.681483e+00 1.515817e+00 1.844601e+00 1.989252e+00 2.389781e+00 1.875645e+00 8.956297e-02 6.150979e-02 5.345385e-02 8.132417e-02 1.249900e-01 2.043841e-01 1.804564e-01 2.040862e-01 1.909843e-01 2.120842e-01 2.734914e-01 2.892156e-01 2.222192e-01 6.513206e-03
<GCONST> 8.375272e+01
<STATE> 4
<MEAN> 39
 -3.234907e+00 -5.830542e-02 -4.433961e-02 -1.366145e+01 -7.121738e+00 -1.157254e+01 -5.644475e+00 -9.636729e+00 -2.712135e+00 -5.306657e+00 -1.540422e-01 -7.593719e+00 1.823935e+01 1.668416e-01 -2.231157e-01 -2.385585e-01 5.388358e-01 3.379406e-01 8.627200e-02 9.886462e-02 -5.476625e-02 -1.918087e-01 -8.687413e-02 7.716122e-02 1.591821e-01 -1.201076e-01 -4.347082e-02 -3.779766e-02 -2.657932e-02 2.440321e-02 9.541785e-02 1.091445e-01 5.163435e-02 5.202790e-03 2.035905e-02 1.290095e-03 -5.902475e-03 4.425676e-02 -3.514200e-02
<VARIANCE> 39
 5.896533e+00 7.956702e+00 1.253677e+01 2.981972e+01 3.401421e+01 2.156450e+01 3.314288e+01 3.370549e+01 3.983560e+01 4.291996e+01 5.470483e+01 4.154181e+01 1.360368e+00 1.337060e-01 1.529283e-01 3.768803e-01 6.205893e-01 9.148398e-01 8.561670e-01 8.805256e-01 1.028740e+00 9.060491e-01 9.870182e-01 1.044915e+00 9.304318e-01 1.452009e-02 2.160337e-02 2.512629e-02 5.070448e-02 8.849702e-02 1.057221e-01 1.240520e-01 1.289997e-01 1.603837e-01 1.487071e-01 1.526280e-01 1.591577e-01 1.458232e-01 2.342446e-03
<GCONST> 6.574541e+01
<TRANSP> 5
 0.000000e+00 1.000000e+00 0.000000e+00 0.000000e+00 0.000000e+00
 0.000000e+00 8.205609e-01 1.794391e-01 0.000000e+00 0.000000e+00
 0.000000e+00 0.000000e+00 7.671261e-01 2.328739e-01 0.000000e+00
 0.000000e+00 0.000000e+00 0.000000e+00 9.013807e-01 9.861936e-02
 0.000000e+00 0.000000e+00 0.000000e+00 0.000000e+00 0.000000e+00
<ENDHMM>
~h "nine"
<BEGINHMM>
<NUMSTATES> 5
<STATE> 2
<MEAN> 39
 -4.471223e+00 -4.322632e+00 -2.082134e+00 -8.923787e+00 -3.033627e+00 -6.192924e+00 -1.516443e+00 -1.117494e+01 -5.006554e+00 -8.076705e+00 -2.943887e+00 -7.808383e+00 1.756677e+01 -1.370009e-01 -6.725774e-01 -2.209733e-01 4.957256e-01 -4.926638e-01 1.727191e-01 3.878876e-01 -1.973457e-01 -3.950786e-02 -1.525463e-01 -1.781951e-01 -1.449579e-01 2.491210e-01 -3.831552e-02 -1.260682e-01 -7.474548e-02 1.144693e-01 1.825399e-02 -6.593694e-03 3.845246e-02 3.133817e-02 9.622456e-03 6.265148e-03 7.972100e-02 3.477946e-02 -1.050014e-02
<VARIANCE> 39
 8.943168e+00 2.037897e+01 1.533180e+01 1.683099e+01 2.862528e+01 2.885829e+01 3.200721e+01 2.750749e+01 4.718124e+01 3.539123e+01 3.016387e+01 3.277617e+01 2.308195e+00 5.318244e-01 1.578644e+00 1.144648e+00 1.117355e+00 1.137660e+00 1.424038e+00 1.645234e+00 1.277464e+00 1.528651e+00 1.154088e+00 1.245847e+00 1.038312e+00 3.756951e-02 6.494444e-02 1.814358e-01 1.346302e-01 1.401182e-01 2.019598e-01 2.218161e-01 2.430992e-01 1.863526e-01 1.997499e-01 1.612326e-01 1.739403e-01 1.449684e-01 4.947237e-03
<GCONST> 8.288972e+01
<STATE> 3
<MEAN> 39
 -6.290421e+00 -1.167338e+01 -4.987711e+00 -2.492248e+00 -5.655404e+00 -5.432465e+00 1.785344e+00 -1.126477e+01 -5.679319e+00 -9.068831e+00 -1.604383e+00 -7.685311e+00 1.862180e+01 -1.082457e-01 6.571800e-02 2.330355e-01 -2.052274e-01 -4.699251e-02 2.054001e-01 -7.326161e-02 -1.009703e-01 1.715749e-01 6.979144e-02 -3.993570e-02 3.034221e-02 -1.979278e-02 -3.013123e-03 1.878497e-01 7.744642e-02 -2.486535e-01 3.298794e-02 8.106104e-02 -1.011828e-01 -1.991759e-03 8.309563e-02 -5.351113e-03 -7.946365e-02 2.507632e-02 -1.439705e-02
<VARIANCE> 39
 7.197762e+00 8.450866e+00 2.463125e+01 3.136643e+01 1.880415e+01 3.042499e+01 3.088283e+01 3.410170e+01 4.310173e+01 4.184222e+01 2.805812e+01 3.031881e+01 1.011808e+00 8.113702e-02 3.210319e-01 4.020422e-01 1.031558e+00 4.632885e-01 6.109222e-01 5.231055e-01 4.995758e-01 6.119150e-01 6.481639e-01 6.581750e-01 5.174608e-01 4.580015e-03 1.054362e-02 2.931664e-02 3.924741e-02 5.255581e-02 6.927427e-02 6.524483e-02 7.262824e-02 7.665870e-02 7.949127e-02 8.553969e-02 7.633098e-02 7.775810e-02 3.924748e-04
<GCONST> 5.266268e+01
<STATE> 4
<MEAN> 39
 -6.223644e+00 -3.178271e+00 -1.626234e+00 -1.203833e+01 -1.904973e+00 -4.484224e+00 -3.312113e+00 -1.019639e+01 -2.789855e+00 -8.222605e+00 -3.088665e+00 -6.512555e+00 1.789982e+01 3.932810e-01 8.507168e-01 1.536884e-01 -3.110652e-01 5.445249e-01 -4.759568e-01 -4.746851e-01 3.283390e-01 -1.988866e-01 5.505730e-02 9.715279e-02 5.326341e-02 -1.226228e-01 4.398956e-02 -1.234228e-01 -3.699523e-02 2.358581e-01 -1.471135e-02 -7.357029e-02 1.046690e-01 -3.515556e-02 -1.092387e-01 2.575428e-02 7.952967e-02 -2.949182e-02 -1.023894e-02
<VARIANCE> 39
 1.144310e+01 2.012150e+01 1.220192e+01 2.403477e+01 3.584293e+01 3.413538e+01 3.368473e+01 2.992568e+01 4.905912e+01 3.962002e+01 3.857417e+01 4.244373e+01 1.076593e+00 4.064420e-01 9.268042e-01 5.743790e-01 1.873842e+00 1.354150e+00 1.383570e+00 1.360473e+00 1.284577e+00 1.675946e+00 1.185233e+00 1.059228e+00 1.024362e+00 9.882912e-03 5.695085e-02 9.918721e-02 8.650487e-02 1.493367e-01 1.942324e-01 2.403497e-01 1.805244e-01 1.979278e-01 2.315431e-01 1.955783e-01 1.707091e-01 1.415011e-01 1.004854e-03
<GCONST> 7.866146e+01
<TRANSP> 5
 0.000000e+00 1.000000e+00 0.000000e+00 0.000000e+00 0.000000e+00
 0.000000e+00 8.955383e-01 1.044617e-01 0.000000e+00 0.000000e+00
 0.000000e+00 0.000000e+00 9.108973e-01 8.910280e-02 0.000000e+00
 0.000000e+00 0.000000e+00 0.000000e+00 8.979999e-01 1.020001e-01
 0.000000e+00 0.000000e+00 0.000000e+00 0.000000e+00 0.000000e+00
<ENDHMM>
~h "five"
<BEGINHMM>
<NUMSTATES> 5
<STATE> 2
<MEAN> 39
 -4.183557e+00 -1.133651e+01 -1.006247e+01 -8.265607e+00 4.853437e-01 -8.128789e+00 3.469258e-01 -4.679159e+00 -5.244211e+00 -7.945090e+00 -1.814361e+00 -4.903601e+00 1.797205e+01 3.629527e-01 -1.174863e+00 -7.176278e-01 7.816159e-01 5.137280e-01 -6.412511e-01 3.318260e-01 4.007553e-01 -7.477193e-01 -2.217455e-01 -3.011531e-01 -5.458746e-03 5.644850e-01 -1.904717e-01 2.446663e-02 1.744582e-01 9.190755e-02 -1.323481e-02 1.040163e-01 3.006631e-02 -2.032234e-01 2.529593e-02 1.381998e-01 1.588659e-01 4.956868e-02 -7.378576e-02
<VARIANCE> 39
 1.086961e+01 1.966356e+01 2.370338e+01 1.674034e+01 1.899710e+01 2.061606e+01 2.525942e+01 5.150970e+01 3.220425e+01 2.802123e+01 2.497285e+01 1.990260e+01 4.376104e+00 7.731825e-01 5.614205e-01 1.171643e+00 9.073367e-01 7.891619e-01 9.865200e-01 9.742500e-01 2.247884e+00 1.724934e+00 1.723978e+00 1.363037e+00 1.026768e+00 1.227468e-01 9.474529e-02 1.336306e-01 1.781732e-01 1.234579e-01 1.361905e-01 1.447493e-01 1.544397e-01 3.009140e-01 2.737217e-01 1.933690e-01 1.761087e-01 1.403639e-01 2.824370e-02
<GCONST> 8.435780e+01
<STATE> 3
<MEAN> 39
 -5.809172e+00 -1.545262e+01 -8.556872e+00 -3.643376e+00 1.426342e+00 -9.176059e+00 2.534669e+00 -7.496156e+00 -7.217759e+00 -5.456123e+00 -4.665859e-01 -4.503189e+00 1.904698e+01 -1.661698e-01 8.358561e-02 4.906898e-01 -2.572259e-01 -2.713005e-01 4.342027e-01 6.887521e-02 -3.989311e-01 2.703139e-02 3.039845e-01 6.124471e-02 -8.456869e-02 -4.851935e-02 4.020020e-02 1.144318e-01 1.146682e-02 -1.967245e-01 -5.497058e-02 9.331797e-02 -2.901776e-02 2.466245e-02 5.654006e-02 -4.894934e-02 -7.771927e-02 -1.876600e-02 -1.499377e-02
<VARIANCE> 39
 9.174392e+00 9.378992e+00 2.484787e+01 2.081244e+01 1.875012e+01 2.311390e+01 1.752005e+01 3.905613e+01 4.700112e+01 4.450457e+01 2.689346e+01 2.552110e+01 1.356900e+00 8.788773e-02 1.530342e-01 2.696399e-01 6.338699e-01 4.959465e-01 5.513532e-01 4.976162e-01 4.932833e-01 6.133265e-01 5.706145e-01 5.684981e-01 4.732032e-01 5.857978e-03 1.174303e-02 2.421327e-02 3.031375e-02 4.809533e-02 5.121630e-02 5.160177e-02 5.703872e-02 6.414983e-02 8.527183e-02 8.423509e-02 6.651603e-02 7.043099e-02 9.083530e-04
<GCONST> 4.963739e+01
<STATE> 4
<MEAN> 39
 -5.755421e+00 -9.417881e+00 -3.945263e+00 -1.391163e+01 -3.275474e+00 -2.808037e+00 1.873024e+00 -8.425815e+00 -4.208575e+00 -5.238433e+00 -2.268736e+00 -5.518747e+00 1.830475e+01 2.174644e-01 1.207571e+00 3.704987e-01 -6.441768e-01 -3.933819e-01 -1.017392e-01 -3.093136e-01 2.574578e-01 5.543796e-01 -2.126535e-01 -7.303535e-02 -8.941229e-02 -2.457338e-01 -1.721118e-02 -2.119266e-02 -5.238132e-02 3.438776e-01 1.399168e-01 -1.810012e-01 -6.310026e-02 -9.801231e-03 -4.270804e-02 1.685576e-02 1.219391e-01 3.972016e-02 -4.837535e-02
<VARIANCE> 39
 7.868261e+00 2.307839e+01 1.220087e+01 3.193400e+01 4.212975e+01 1.953710e+01 2.462251e+01 3.667607e+01 5.316928e+01 2.794379e+01 2.708683e+01 3.009552e+01 1.833651e+00 2.144910e-01 4.976421e-01 5.734237e-01 2.635603e+00 1.469795e+00 1.621806e+00 9.742799e-01 1.330158e+00 1.638750e+00 1.337482e+00 1.268738e+00 9.158257e-01 4.127512e-02 4.298379e-02 9.679420e-02 7.572224e-02 2.405460e-01 2.362446e-01 2.295999e-01 1.662531e-01 2.295195e-01 2.226603e-01 1.789901e-01 2.066799e-01 1.646771e-01 4.441314e-03
<GCONST> 8.033959e+01
<TRANSP> 5
 0.000000e+00 1.000000e+00 0.000000e+00 0.000000e+00 0.000000e+00
 0.000000e+00 8.482814e-01 1.517186e-01 0.000000e+00 0.000000e+00
 0.000000e+00 0.000000e+00 9.124624e-01 8.753759e-02 0.000000e+00
 0.000000e+00 0.000000e+00 0.000000e+00 8.640524e-01 1.359476e-01
 0.000000e+00 0.000000e+00 0.000000e+00 0.000000e+00 0.000000e+00
<ENDHMM>
~h "four"
<BEGINHMM>
<NUMSTATES> 5
<STATE> 2
<MEAN> 39
 -6.755867e+00 -6.551797e+00 -5.530528e+00 -9.755613e+00 -1.576516e+00 -5.552952e+00 -1.213307e+00 -8.396387e+00 -2.003303e+00 -5.574835e+00 9.752228e-01 -4.271209e+00 1.535851e+01 1.568499e+00 5.362365e-01 -9.019601e-01 -8.569658e-01 -3.060430e-01 -5.342325e-01 -6.938367e-01 -1.918289e-01 1.943714e-01 2.014605e-01 -3.433482e-01 -4.867168e-01 6.432475e-01 3.505945e-01 1.257498e-01 -3.368650e-01 -3.173539e-01 -5.860745e-02 -7.320620e-03 -8.075096e-02 -1.797647e-02 2.341305e-03 5.411620e-02 -7.908897e-02 -1.321581e-01 1.432563e-01
<VARIANCE> 39
 7.573630e+00 5.405076e+00 5.416474e+00 7.823380e+00 1.003087e+01 1.244467e+01 1.451060e+01 1.364084e+01 1.606285e+01 1.349955e+01 1.608337e+01 1.221916e+01 1.724821e+00 5.145367e-01 4.334424e-01 6.029012e-01 7.386935e-01 7.126447e-01 9.067183e-01 7.516481e-01 8.220189e-01 1.015446e+00 1.085872e+00 1.523113e+00 1.226245e+00 5.804472e-02 6.763390e-02 5.344334e-02 6.067948e-02 8.254784e-02 1.013031e-01 1.526627e-01 1.211691e-01 1.517901e-01 1.399121e-01 1.609065e-01 1.994174e-01 1.871549e-01 7.136683e-03
<GCONST> 6.399546e+01
<STATE> 3
<MEAN> 39
 1.596222e+00 -3.480266e+00 -1.216603e+01 -1.704905e+01 -4.000539e+00 -6.177652e+00 -3.167156e+00 -8.953266e+00 -1.398719e+00 -3.856223e+00 4.291846e-01 -6.775784e+00 1.891405e+01 3.040037e-01 -1.866210e-01 -3.248480e-01 -3.716709e-02 7.405745e-02 -1.830161e-02 -2.193121e-01 1.749316e-01 3.531662e-01 9.302124e-02 -2.297278e-01 -2.202521e-01 1.429502e-01 -1.735075e-01 -1.541948e-01 1.498909e-01 2.360809e-01 3.831659e-02 -3.650156e-02 3.802214e-02 1.109148e-01 4.728162e-02 -8.561228e-02 -5.578315e-02 5.675186e-02 -6.754184e-02
<VARIANCE> 39
 4.139343e+00 1.026411e+01 9.602330e+00 1.373120e+01 2.439175e+01 1.715106e+01 1.857344e+01 1.714506e+01 2.362333e+01 2.482046e+01 3.809488e+01 3.756841e+01 1.087706e+00 5.225950e-01 7.272626e-01 6.853107e-01 1.214181e+00 9.698725e-01 7.719744e-01 9.086859e-01 9.568644e-01 1.309548e+00 1.175327e+00 1.338346e+00 1.242112e+00 9.292857e-02 4.948620e-02 4.573074e-02 9.588338e-02 8.015468e-02 1.358074e-01 1.434411e-01 1.560656e-01 1.411905e-01 1.814890e-01 1.920456e-01 1.991449e-01 1.869903e-01 7.207100e-03
<GCONST> 7.252248e+01
<STATE> 4
<MEAN> 39
 -2.638800e-01 -1.131402e+01 -7.985311e+00 -8.557615e+00 -5.375417e+00 -8.949272e+00 -2.203204e+00 -4.222525e+00 6.520140e-01 -7.567217e+00 -3.908745e+00 -7.359495e+00 1.854999e+01 -5.526052e-01 -3.383843e-02 1.189586e+00 5.187054e-01 -5.940356e-01 2.899525e-02 6.847323e-01 -1.583806e-01 -6.812575e-01 -3.922121e-01 1.343052e-01 2.571133e-01 -2.037023e-01 -8.729448e-02 3.025190e-01 1.113180e-03 -2.184169e-01 1.356742e-01 2.159444e-01 1.408864e-02 -2.466089e-01 -1.511398e-01 1.216608e-01 1.773273e-01 3.040515e-02 -5.097188e-02
<VARIANCE> 39
 6.989668e+00 1.429985e+01 2.846627e+01 1.839337e+01 4.718952e+01 3.735970e+01 3.526684e+01 3.883964e+01 4.500935e+01 3.448510e+01 3.469691e+01 3.194731e+01 1.578575e+00 2.191215e-01 1.522132e+00 6.618508e-01 1.663088e+00 2.085865e+00 2.163796e+00 1.564437e+00 2.597835e+00 1.819889e+00 1.726602e+00 1.796632e+00 1.076125e+00 4.087206e-02 2.918985e-02 9.457122e-02 1.877133e-01 1.658889e-01 4.427444e-01 3.013056e-01 3.551443e-01 3.379502e-01 3.791977e-01 2.795925e-01 3.073695e-01 2.166764e-01 3.208556e-03
<GCONST> 8.837730e+01
<TRANSP> 5
 0.000000e+00 1.000000e+00 0.000000e+00 0.000000e+00 0.000000e+00
 0.000000e+00 7.029421e-01 2.970579e-01 0.000000e+00 0.000000e+00
 0.000000e+00 0.000000e+00 9.182681e-01 8.173187e-02 0.000000e+00
 0.000000e+00 0.000000e+00 0.000000e+00 8.712437e-01 1.287563e-01
 0.000000e+00 0.000000e+00 0.000000e+00 0.000000e+00 0.000000e+00
<ENDHMM>
~h "zero"
<BEGINHMM>
<NUMSTATES> 5
<STATE> 2
<MEAN> 39
 -6.856408e+00 -1.902651e+00 -4.591330e+00 -7.677780e+00 -2.510240e+00 -4.665353e+00 -2.826679e+00 -8.903578e+00 -3.635424e+00 -4.173357e+00 1.357633e-01 -4.374153e+00 1.565001e+01 2.804076e-01 1.044760e+00 9.698706e-01 -1.153617e+00 -8.265380e-01 -1.402856e+00 -6.262919e-01 -6.002476e-01 3.205755e-01 3.344895e-01 -1.325767e-01 -2.389277e-01 4.900502e-01 3.825922e-02 9.740128e-02 1.848113e-01 -3.603872e-01 -1.737606e-01 -2.338825e-01 2.886349e-03 -2.434569e-02 1.690443e-01 1.648099e-03 3.094704e-02 -8.991393e-02 9.296924e-02
<VARIANCE> 39
 6.900373e+00 1.045843e+01 1.552881e+01 1.460600e+01 2.097160e+01 2.208401e+01 1.924089e+01 1.976994e+01 2.955504e+01 2.442573e+01 2.236604e+01 1.989505e+01 1.480115e+00 3.156569e-01 4.248377e-01 7.568904e-01 9.351431e-01 8.447984e-01 1.289222e+00 9.696655e-01 1.180405e+00 1.340316e+00 9.782633e-01 1.203393e+00 1.526525e+00 4.256907e-02 4.659199e-02 1.026939e-01 1.271477e-01 1.079575e-01 1.311397e-01 2.168861e-01 1.590160e-01 1.927544e-01 1.622262e-01 1.500904e-01 1.803320e-01 1.680678e-01 6.418913e-03
<GCONST> 7.318386e+01
<STATE> 3
<MEAN> 39
 -5.559614e+00 3.126498e-01 9.440575e-01 -1.693162e+01 -7.858926e+00 -9.188986e+00 -4.570970e+00 -8.445154e+00 1.729162e-01 -3.746598e+00 1.710002e-01 -6.828613e+00 1.840676e+01 3.374646e-01 -7.421222e-01 4.418674e-01 -1.712545e-01 -1.079973e+00 2.618922e-01 2.055222e-01 1.945573e-01 3.209082e-01 -7.708252e-02 4.316833e-02 -1.246653e-01 1.664665e-01 5.135327e-02 -2.688600e-01 -1.736723e-01 3.713014e-01 1.674258e-02 1.355014e-01 1.948338e-01 5.568613e-02 -8.658768e-02 -4.435156e-02 -1.247032e-02 7.144956e-02 -6.438471e-02
<VARIANCE> 39
 7.433114e+00 2.062830e+01 1.738851e+01 2.630259e+01 5.929119e+01 4.050803e+01 3.221205e+01 4.419965e+01 3.111174e+01 3.033708e+01 3.452681e+01 5.111245e+01 1.093880e+00 4.425212e-01 1.627535e+00 8.045273e-01 2.617409e+00 1.741797e+00 2.530545e+00 1.685514e+00 1.421407e+00 1.341094e+00 1.178441e+00 1.107610e+00 1.320872e+00 6.309211e-02 5.152689e-02 1.129416e-01 1.260299e-01 1.803791e-01 2.454842e-01 4.091107e-01 2.256975e-01 2.478597e-01 2.120554e-01 1.747224e-01 1.724307e-01 2.174258e-01 4.557990e-03
<GCONST> 8.706213e+01
<STATE> 4
<MEAN> 39
 -1.603982e+00 -1.051983e+01 -4.388561e+00 -9.812265e+00 -9.694317e+00 -8.039358e+00 5.637555e-01 -4.100275e+00 -1.759209e-01 -6.699821e+00 -1.004490e+00 -5.665594e+00 1.854351e+01 8.309613e-02 1.037190e-02 -5.508382e-01 1.630779e-01 6.675068e-01 -1.771870e-01 -1.685658e-02 2.081441e-01 -6.372532e-02 -1.489524e-01 -9.290212e-02 -7.648688e-03 -5.349373e-02 -5.975549e-02 1.434257e-01 6.307530e-02 -8.644154e-02 8.690920e-02 4.108607e-02 -9.784953e-02 -8.220087e-02 -2.038921e-02 3.435113e-02 2.056217e-02 -8.870258e-03 -1.773914e-02
<VARIANCE> 39
 6.466697e+00 1.771789e+01 2.653342e+01 2.679287e+01 6.267303e+01 5.438620e+01 3.558002e+01 3.641129e+01 4.420334e+01 3.494876e+01 2.490499e+01 3.292273e+01 1.494005e+00 2.245850e-01 8.374643e-01 6.293232e-01 1.037873e+00 1.226617e+00 1.670370e+00 1.529241e+00 1.766352e+00 1.573789e+00 1.377602e+00 1.023209e+00 9.267451e-01 1.573046e-02 2.390359e-02 3.494616e-02 7.641170e-02 1.109752e-01 1.911796e-01 2.326206e-01 1.870514e-01 1.959641e-01 2.165774e-01 1.822672e-01 1.466200e-01 1.334315e-01 1.763361e-03
<GCONST> 7.713828e+01
<TRANSP> 5
 0.000000e+00 1.000000e+00 0.000000e+00 0.000000e+00 0.000000e+00
 0.000000e+00 7.341881e-01 2.658119e-01 0.000000e+00 0.000000e+00
 0.000000e+00 0.000000e+00 8.923168e-01 1.076832e-01 0.000000e+00
 0.000000e+00 0.000000e+00 0.000000e+00 9.397079e-01 6.029212e-02
 0.000000e+00 0.000000e+00 0.000000e+00 0.000000e+00 0.000000e+00
<ENDHMM>
