~o
<STREAMINFO> 1 39
<VECSIZE> 39<NULLD><MFCC_E_D_A><DIAGC>
~s "silst"
<MEAN> 39
 -5.641842e+00 -4.040549e+00 -3.487893e+00 -8.715515e+00 -1.089710e+00 -5.228077e+00 -1.489517e+00 -9.334741e+00 -3.347990e+00 -6.254691e+00 -6.702539e-02 -5.322522e+00 1.559893e+01 -7.108507e-01 -5.044231e-01 -5.359924e-01 1.033401e-01 2.716157e-01 6.849545e-01 3.925442e-01 1.635034e-01 1.793667e-01 1.538243e-01 3.270207e-01 3.817625e-01 -3.667833e-01 1.100887e-02 -4.049103e-02 -8.859097e-02 -1.371735e-01 -1.147290e-01 -1.182126e-01 -3.706136e-02 5.815229e-02 2.576484e-02 3.029450e-03 -3.426465e-02 -1.693563e-02 4.326896e-02
<VARIANCE> 39
 1.110999e+01 1.047610e+01 1.280828e+01 1.243445e+01 1.927847e+01 2.224529e+01 2.217297e+01 2.317899e+01 2.533965e+01 2.495068e+01 2.354633e+01 2.138799e+01 1.737819e+00 3.564976e-01 6.636154e-01 7.669269e-01 7.968012e-01 1.136235e+00 1.275016e+00 1.218162e+00 1.236901e+00 1.368037e+00 1.256196e+00 1.250137e+00 1.080389e+00 4.871684e-02 7.145474e-02 1.026939e-01 1.114650e-01 1.105903e-01 1.547765e-01 2.059438e-01 1.894162e-01 1.887059e-01 2.051332e-01 1.763374e-01 1.770834e-01 1.476401e-01 8.607745e-03
<GCONST> 7.589198e+01
~h "eight"
<BEGINHMM>
<NUMSTATES> 5
<STATE> 2
<MEAN> 39
 -8.222862e+00 -2.203629e+00 -5.930988e+00 -1.867992e+01 -5.134821e-02 -5.458354e+00 8.683352e-01 -6.412098e+00 -1.273302e+00 -7.312467e+00 -1.723835e+00 -5.880993e+00 1.753956e+01 -1.394431e-01 1.019821e+00 -6.936409e-02 -8.815275e-01 -8.757961e-02 -7.088147e-01 1.434644e-02 3.829940e-01 3.817657e-01 9.931769e-02 -8.491828e-02 -2.081030e-01 2.926775e-01 2.861199e-02 6.218058e-02 1.401406e-02 1.670336e-01 -5.083368e-02 -1.761831e-01 -8.686227e-02 -5.412735e-02 6.593215e-03 9.148286e-02 1.176005e-01 1.868625e-02 -2.266387e-02
<VARIANCE> 39
 7.996907e+00 2.199062e+01 2.032029e+01 3.134606e+01 4.060433e+01 2.329852e+01 2.745655e+01 2.314332e+01 3.071814e+01 2.210807e+01 2.441113e+01 2.521238e+01 3.130686e+00 3.253033e-01 6.952134e-01 6.143031e-01 1.361703e+00 1.168647e+00 1.363302e+00 1.414433e+00 9.755904e-01 1.288683e+00 1.161117e+00 1.177107e+00 9.368762e-01 1.031587e-01 3.923347e-02 7.902427e-02 7.479774e-02 1.828864e-01 1.316258e-01 1.581492e-01 1.424971e-01 1.655656e-01 2.220981e-01 1.534378e-01 1.639505e-01 1.436399e-01 1.184866e-02
<GCONST> 7.879649e+01
<STATE> 3
<MEAN> 39
 -8.322124e+00 6.421628e+00 -5.242149e+00 -1.770863e+01 -2.838127e+00 -1.503812e+01 -2.613711e+00 -7.458964e+00 -1.069517e-01 -3.675892e+00 1.475115e+00 -5.203798e+00 1.840618e+01 1.846844e-01 2.703264e-02 2.370564e-01 1.011282e+00 1.236096e-01 -4.247448e-01 -5.630498e-01 -9.215113e-01 -6.171311e-01 3.169470e-02 2.908219e-01 2.274564e-01 -1.606721e-01 4.978035e-02 -3.785173e-01 3.390918e-03 1.177369e-01 8.795165e-02 4.078301e-01 8.877787e-02 -3.193154e-02 -1.391164e-01 -1.716912e-01 -1.182195e-01 -4.229279e-03 -7.109772e-02
<VARIANCE> 39
 9.739432e+00 1.071406e+01 2.249368e+01 2.962019e+01 1.921815e+01 2.228458e+01 5.503581e+01 3.063975e+01 3.721557e+01 2.464008e+01 3.274601e+01 2.808893e+01 1.591456e+00 2.122186e-01 1.053264e+00 3.012396e-01 6.399469e-01 7.724432e-01 1.542814e+00 8.183487e-01 7.937306e-01 1.659325e+00 1.122309e+00 1.277409e+00 9.181027e-01 4.064512e-02 3.016855e-02 8.195820e-02 4.852593e-02 1.114354e-01 8.475433e-02 1.662365e-01 1.568991e-01 1.768023e-01 2.187568e-01 1.500629e-01 1.900372e-01 1.634879e-01 3.542451e-03
<GCONST> 7.300369e+01
<STATE> 4
<MEAN> 39
 -6.462455e+00 -1.702496e+00 -3.948133e+00 -1.120954e+01 -7.335646e-01 -9.090910e+00 -3.634261e+00 -1.160013e+01 -4.941020e+00 -6.440222e+00 3.772837e-01 -4.587483e+00 1.585590e+01 8.652058e-02 -1.989802e+00 -1.783111e-01 6.991569e-01 1.143064e-01 1.786485e+00 5.900010e-01 3.774936e-01 1.139576e-02 -2.147364e-01 -2.796114e-02 1.167952e-01 -4.868492e-01 -1.214526e-01 1.512456e-01 -1.155324e-01 -1.807034e-01 -9.103413e-02 -1.090169e-01 1.378450e-01 2.204198e-01 2.363461e-01 1.461920e-01 7.457130e-02 -1.414781e-02 4.160137e-02
<VARIANCE> 39
 4.573700e+00 2.470939e+01 1.323603e+01 1.461442e+01 1.439080e+01 3.117473e+01 2.682862e+01 2.237117e+01 3.194823e+01 2.303007e+01 2.178255e+01 1.836164e+01 2.303264e+00 3.594391e-01 7.048934e-01 6.668614e-01 1.040742e+00 6.551644e-01 1.200806e+00 1.783775e+00 1.301113e+00 2.129168e+00 1.286521e+00 1.347700e+00 1.152417e+00 3.734176e-02 3.436114e-02 1.968792e-01 7.222360e-02 1.133321e-01 8.964161e-02 2.630713e-01 1.971562e-01 2.066479e-01 2.662807e-01 1.522302e-01 1.820263e-01 1.694418e-01 9.146808e-03
<GCONST> 7.649599e+01
<TRANSP> 5
 0.000000e+00 1.000000e+00 0.000000e+00 0.000000e+00 0.000000e+00
 0.000000e+00 8.839132e-01 1.160868e-01 0.000000e+00 0.000000e+00
 0.000000e+00 0.000000e+00 8.647811e-01 1.352189e-01 0.000000e+00
 0.000000e+00 0.000000e+00 0.000000e+00 7.790635e-01 2.209366e-01
 0.000000e+00 0.000000e+00 0.000000e+00 0.000000e+00 0.000000e+00
<ENDHMM>
~h "oh"
<BEGINHMM>
<NUMSTATES> 5
<STATE> 2
<MEAN> 39
 -4.351624e+00 -1.038308e+01 -8.444582e+00 -8.559394e+00 -2.580854e+00 -7.736471e+00 3.602912e+00 -7.329289e+00 -5.230939e+00 -7.169198e+00 -2.432502e+00 -5.328822e+00 1.781063e+01 5.450787e-01 -1.914497e-01 -5.978482e-01 1.498971e-01 7.886023e-02 -7.020416e-01 1.213311e-01 7.181496e-01 6.065470e-03 -4.191262e-01 -4.224505e-01 -1.468363e-01 3.540399e-01 1.002810e-02 1.003413e-01 2.775078e-03 -4.977907e-02 3.235593e-02 -1.038265e-02 -1.495016e-01 6.636111e-03 1.313113e-01 2.910458e-02 -1.333240e-02 -3.322347e-02 -2.093915e-02
<VARIANCE> 39
 8.938591e+00 1.218337e+01 1.615509e+01 1.726283e+01 2.244687e+01 2.462832e+01 3.044227e+01 6.408128e+01 3.794795e+01 3.403399e+01 2.715492e+01 3.112902e+01 3.079319e+00 3.007362e-01 5.740705e-01 6.350362e-01 6.387305e-01 6.855114e-01 9.246724e-01 1.331191e+00 1.763185e+00 1.554538e+00 1.261490e+00 1.242731e+00 1.043191e+00 9.514874e-02 4.032063e-02 6.343345e-02 7.498059e-02 7.881714e-02 9.097324e-02 1.289773e-01 1.538636e-01 2.134411e-01 1.838602e-01 1.974951e-01 1.840663e-01 1.386548e-01 1.349777e-02
<GCONST> 7.698636e+01
<STATE> 3
<MEAN> 39
 -5.003791e-01 -8.107125e+00 -1.331276e+01 -1.010016e+01 -6.730005e-01 -1.213181e+01 -1.124015e+00 -7.191839e-01 3.374818e-01 -8.057394e+00 -5.144124e+00 -6.635515e+00 1.904530e+01 2.180557e-01 4.088858e-01 -9.750547e-04 -3.585494e-01 -5.060823e-02 2.302825e-02 -6.779453e-01 -3.024582e-01 6.441218e-01 6.304530e-01 3.709483e-03 -3.560450e-01 -1.244828e-02 -4.281697e-02 2.244100e-02 1.046323e-01 -1.769855e-02 -5.929784e-02 9.324604e-02 2.252399e-02 -1.538912e-01 -9.152790e-02 8.445230e-02 1.259697e-01 1.540246e-02 -2.542572e-02
<VARIANCE> 39
 6.137594e+00 8.571286e+00 1.469090e+01 1.496071e+01 1.878151e+01 2.207933e+01 4.232650e+01 2.856451e+01 3.886073e+01 3.646785e+01 3.207453e+01 3.973521e+01 1.215816e+00 8.235362e-02 1.390108e-01 2.746878e-01 2.802993e-01 3.932211e-01 5.134504e-01 7.143153e-01 1.015038e+00 7.431117e-01 8.457221e-01 8.368326e-01 6.954934e-01 1.323916e-02 1.124049e-02 1.436372e-02 3.380672e-02 3.358398e-02 4.665285e-02 6.878576e-02 8.014210e-02 9.626858e-02 1.067000e-01 1.014362e-01 9.254465e-02 8.875279e-02 1.187301e-03
<GCONST> 5.229163e+01
<STATE> 4
<MEAN> 39
 8.965734e-02 -3.568251e+00 -9.415314e+00 -1.337727e+01 -3.668136e+00 -1.010771e+01 -4.825617e+00 -7.605675e+00 5.860391e-01 -2.658155e+00 -1.114612e-01 -6.953192e+00 1.841688e+01 -4.075026e-01 2.485654e-01 8.573186e-01 2.199550e-01 -1.417381e-01 4.159964e-01 2.645333e-01 -5.305045e-01 -5.935575e-01 -1.639146e-01 4.777484e-01 4.438499e-01 -2.535074e-01 -1.378570e-01 -1.186804e-01 2.980971e-02 1.354088e-01 1.243334e-01 1.040416e-01 1.832136e-01 8.724374e-02 -8.499885e-02 -1.590135e-01 -7.317813e-02 7.685540e-02 -4.765830e-02
<VARIANCE> 39
 6.339043e+00 7.094498e+00 1.949996e+01 1.593021e+01 1.940056e+01 2.759422e+01 3.114371e+01 2.772415e+01 3.201147e+01 3.912207e+01 4.049089e+01 3.757243e+01 1.684919e+00 2.552336e-01 3.818720e-01 4.261471e-01 5.978747e-01 7.892724e-01 9.871302e-01 1.197948e+00 1.262040e+00 1.234309e+00 1.261897e+00 1.208341e+00 1.057479e+00 3.509692e-02 2.404674e-02 3.633459e-02 6.944524e-02 6.932340e-02 9.937871e-02 1.631576e-01 1.677639e-01 1.906299e-01 2.089051e-01 2.044593e-01 1.773495e-01 1.663899e-01 2.835845e-03
<GCONST> 7.056920e+01
<TRANSP> 5
 0.000000e+00 1.000000e+00 0.000000e+00 0.000000e+00 0.000000e+00
 0.000000e+00 8.832434e-01 1.167566e-01 0.000000e+00 0.000000e+00
 0.000000e+00 0.000000e+00 8.933013e-01 1.066987e-01 0.000000e+00
 0.000000e+00 0.000000e+00 0.000000e+00 8.593865e-01 1.406135e-01
 0.000000e+00 0.000000e+00 0.000000e+00 0.000000e+00 0.000000e+00
<ENDHMM>
~h "sp"
<BEGINHMM>
<NUMSTATES> 5
<STATE> 2
~s "silst"
<STATE> 3
<MEAN> 39
 -7.697558e+00 -6.455769e+00 -6.102575e+00 -9.723329e+00 -1.356031e+00 -4.101678e+00 -6.731879e-01 -8.591501e+00 -2.854277e+00 -5.617513e+00 9.383778e-01 -4.074275e+00 1.480049e+01 -8.517437e-02 -2.797716e-03 -9.629703e-02 3.009093e-03 -2.544139e-02 2.333790e-02 -1.610458e-02 2.638415e-02 -6.851705e-03 1.657690e-02 3.195892e-02 3.303333e-02 -9.010721e-03 5.626590e-02 7.568536e-02 5.775700e-02 -9.067406e-03 -5.882048e-03 -4.766721e-02 -3.370921e-02 -1.444126e-02 -5.927980e-03 -1.491917e-02 -3.016885e-02 -2.997232e-02 4.112717e-02
<VARIANCE> 39
 5.286989e+00 5.868446e+00 8.478422e+00 1.010709e+01 1.427768e+01 1.542786e+01 1.535011e+01 1.662933e+01 1.753540e+01 1.634644e+01 1.595395e+01 1.383633e+01 1.092203e+00 1.494881e-01 2.265406e-01 3.467334e-01 4.300213e-01 5.673219e-01 6.754901e-01 6.515276e-01 7.106479e-01 7.342380e-01 6.544139e-01 6.475949e-01 5.668528e-01 6.158295e-03 3.190152e-02 5.157719e-02 7.053167e-02 9.057306e-02 1.140341e-01 1.413292e-01 1.296424e-01 1.426686e-01 1.458243e-01 1.236629e-01 1.240164e-01 1.134956e-01 3.893292e-03
<GCONST> 5.439215e+01
<STATE> 4
<MEAN> 39
 -8.525436e+00 -4.993946e+00 -6.403882e+00 -8.937795e+00 -2.033292e+00 -3.689827e+00 -1.033692e+00 -8.368183e+00 -2.898885e+00 -5.472736e+00 6.149414e-01 -4.136989e+00 1.506655e+01 2.148249e-01 1.979521e-01 2.218893e-02 -1.564315e-01 -7.891241e-02 -2.386860e-01 -4.723364e-02 8.650948e-02 -3.568028e-02 -5.621414e-02 -1.970205e-01 -5.198757e-02 2.046879e-01 2.131586e-01 2.314314e-02 4.469685e-02 -1.690003e-01 -9.892143e-02 -2.092429e-01 -1.165706e-02 1.725399e-02 5.654856e-03 -7.032740e-03 -1.088856e-01 -8.533484e-02 1.142797e-01
<VARIANCE> 39
 1.221775e+01 1.148314e+01 1.698283e+01 1.581926e+01 1.940905e+01 1.889719e+01 1.827125e+01 2.046702e+01 2.099979e+01 1.984891e+01 1.888008e+01 1.730626e+01 1.563730e+00 5.474398e-01 5.244905e-01 6.555300e-01 7.783499e-01 8.347910e-01 9.167339e-01 8.280089e-01 1.145235e+00 1.026147e+00 9.049700e-01 8.905309e-01 7.403293e-01 4.885171e-02 6.841943e-02 1.131311e-01 1.689904e-01 1.371945e-01 1.812360e-01 1.836190e-01 1.711423e-01 2.253509e-01 2.027489e-01 1.803876e-01 1.776211e-01 1.521132e-01 9.332453e-03
<GCONST> 7.368356e+01
<TRANSP> 5
 0.000000e+00 7.898304e-01 2.101696e-01 0.000000e+00 0.000000e+00
 0.000000e+00 7.804275e-01 2.195725e-01 0.000000e+00 0.000000e+00
 0.000000e+00 0.000000e+00 8.455706e-01 1.544294e-01 0.000000e+00
 0.000000e+00 0.000000e+00 0.000000e+00 5.250480e-01 4.749521e-01
 0.000000e+00 0.000000e+00 0.000000e+00 0.000000e+00 0.000000e+00
<ENDHMM>
~h "seven"
<BEGINHMM>
<NUMSTATES> 5
<STATE> 2
<MEAN> 39
 -8.003511e+00 -4.506302e+00 -6.381858e+00 -9.236653e+00 -3.215046e+00 -4.413505e+00 -6.742463e-01 -8.136720e+00 -2.527870e+00 -4.348444e+00 -3.364285e-01 -3.675748e+00 1.529031e+01 8.708270e-01 1.180961e-01 7.390630e-01 -1.312580e+00 -1.066304e+00 -9.136471e-01 9.017958e-01 -1.126486e-01 3.419378e-01 7.072113e-02 -7.528035e-01 -6.573556e-01 6.457179e-01 5.624671e-02 -8.951543e-02 -2.580888e-02 -2.900560e-01 -2.266276e-01 3.182991e-02 2.706916e-01 6.492695e-02 2.486044e-03 -1.271948e-01 -1.770676e-01 -1.788622e-01 1.472884e-01
<VARIANCE> 39
 8.650867e+00 6.302911e+00 1.261474e+01 1.116786e+01 1.823438e+01 1.990658e+01 1.780821e+01 1.781191e+01 1.806715e+01 2.380934e+01 1.758787e+01 1.572543e+01 1.961797e+00 4.558551e-01 4.260836e-01 6.348009e-01 9.550002e-01 1.272448e+00 1.522423e+00 1.319236e+00 1.116866e+00 1.168188e+00 2.231337e+00 1.084597e+00 1.159776e+00 8.099207e-02 7.899339e-02 5.381002e-02 1.009421e-01 1.126071e-01 2.010859e-01 2.098825e-01 1.550559e-01 1.600942e-01 1.679460e-01 1.989550e-01 1.383410e-01 1.818855e-01 9.173566e-03
<GCONST> 7.365034e+01
<STATE> 3
<MEAN> 39
 -5.673329e+00 -7.357511e+00 -5.307569e+00 -1.612411e+01 -6.218108e+00 -4.538232e+00 4.913670e+00 -8.621680e+00 -2.688679e+00 -7.042514e+00 -4.109334e+00 -6.587380e+00 1.901355e+01 1.508880e-01 -2.858872e-01 7.753023e-02 1.062641e-01 1.391977e-02 -4.018217e-02 2.026098e-01 2.583874e-01 -3.173641e-01 -5.909606e-02 -1.547692e-02 -6.333572e-02 9.634902e-02 -2.848466e-02 9.168458e-02 2.853438e-02 3.107213e-01 1.516996e-01 -5.722189e-02 -2.732574e-01 4.361008e-02 -2.009054e-02 3.192135e-02 1.942433e-01 6.812575e-02 -1.333916e-01
<VARIANCE> 39
 9.540897e+00 1.231405e+01 9.061612e+00 1.771573e+01 4.736868e+01 3.875955e+01 3.187209e+01 3.908271e+01 4.789397e+01 5.813760e+01 3.304813e+01 3.242389e+01 1.212412e+00 4.075194e-01 5.815641e-01 4.502110e-01 1.409099e+00 1.519072e+00 1.591742e+00 1.672477e+00 1.080205e+00 1.316706e+00 1.751545e+00 1.747047e+00 1.248051e+00 1.887507e-01 8.166496e-02 8.812795e-02 9.130355e-02 1.098814e-01 2.616954e-01 2.683680e-01 1.743503e-01 1.628207e-01 2.051419e-01 2.422094e-01 2.300275e-01 1.876543e-01 5.681195e-03
<GCONST> 8.372437e+01
<STATE> 4
<MEAN> 39
 -3.212739e+00 -4.017931e+00 -1.949334e+00 -9.744559e+00 -3.839223e+00 -7.974432e+00 -6.184375e-01 -8.083202e+00 -4.014117e+00 -6.748957e+00 -1.674007e+00 -6.921509e+00 1.712615e+01 8.844130e-02 3.355640e-01 2.028806e-01 2.301279e-01 3.699346e-01 1.066911e-02 -3.934330e-01 -3.303980e-01 3.512465e-02 -6.292831e-02 9.793053e-02 1.980351e-03 -9.354527e-02 -4.435709e-02 -6.305494e-02 -5.795452e-02 -7.329681e-02 -8.331544e-04 1.110915e-01 9.528387e-02 -3.181164e-02 8.717016e-03 6.366929e-03 -3.823152e-02 2.884452e-02 1.659193e-02
<VARIANCE> 39
 4.935440e+00 1.054152e+01 1.004864e+01 1.373904e+01 2.819711e+01 3.196282e+01 2.632028e+01 4.117374e+01 3.322274e+01 3.613961e+01 3.255836e+01 2.921231e+01 1.668995e+00 1.950364e-01 4.328473e-01 4.894542e-01 8.898601e-01 1.368348e+00 1.199903e+00 1.650553e+00 1.290430e+00 1.386511e+00 1.409589e+00 1.260902e+00 9.409332e-01 8.863062e-02 3.530394e-02 7.918183e-02 8.575961e-02 1.518028e-01 2.443568e-01 2.051676e-01 2.857624e-01 2.272617e-01 2.332371e-01 2.440259e-01 2.144155e-01 1.491934e-01 1.491017e-02
<GCONST> 7.871295e+01
<TRANSP> 5
 0.000000e+00 1.000000e+00 0.000000e+00 0.000000e+00 0.000000e+00
 0.000000e+00 7.170047e-01 2.829954e-01 0.000000e+00 0.000000e+00
 0.000000e+00 0.000000e+00 8.957552e-01 1.042449e-01 0.000000e+00
 0.000000e+00 0.000000e+00 0.000000e+00 9.329488e-01 6.705118e-02
 0.000000e+00 0.000000e+00 0.000000e+00 0.000000e+00 0.000000e+00
<ENDHMM>
~h "three"
<BEGINHMM>
<NUMSTATES> 5
<STATE> 2
<MEAN> 39
 -5.900719e+00 -5.489772e+00 -2.904433e+00 -1.001010e+01 -3.748878e+00 -7.890697e+00 -1.709589e+00 -8.364844e+00 -2.756677e+00 -5.810421e+00 1.602577e-01 -4.571721e+00 1.588920e+01 9.755020e-01 -1.329268e-01 8.945187e-01 2.923684e-01 -1.601846e+00 -1.098660e+00 -3.202165e-01 -6.705038e-02 1.079891e-01 -5.831124e-03 -1.535694e-01 -3.072223e-01 4.523932e-01 1.022311e-01 -1.180612e-01 8.582333e-02 1.742095e-02 -3.333597e-01 -5.846561e-02 2.937500e-02 -2.791837e-02 9.456466e-02 6.076780e-02 1.984471e-02 -2.807023e-02 4.874074e-02
<VARIANCE> 39
 1.243910e+01 9.514486e+00 1.234029e+01 1.675540e+01 2.634984e+01 3.116897e+01 2.097279e+01 2.112661e+01 2.385893e+01 2.292451e+01 2.715156e+01 2.097824e+01 2.286018e+00 5.025844e-01 6.257150e-01 7.234542e-01 1.253071e+00 1.748974e+00 1.911084e+00 9.865181e-01 1.208783e+00 1.293429e+00 1.128441e+00 1.477519e+00 1.358377e+00 5.192838e-02 1.096703e-01 9.705315e-02 1.253148e-01 2.144667e-01 2.461281e-01 3.170694e-01 1.908287e-01 2.235198e-01 1.949907e-01 1.840379e-01 2.180119e-01 1.957184e-01 9.814128e-03
<GCONST> 8.133777e+01
<STATE> 3
<MEAN> 39
 -2.476759e+00 -7.265933e+00 3.401306e+00 -1.196098e+01 -1.525316e+01 -8.697713e+00 -3.145672e+00 -9.586442e+00 8.134928e-01 -4.848514e+00 4.866085e-01 -5.733547e+00 1.850943e+01 -3.787513e-01 6.467790e-01 6.792886e-01 -1.480125e+00 1.211073e-02 7.374051e-01 -9.940088e-01 1.516354e-01 3.734161e-01 -5.423434e-02 1.237585e-01 -1.241072e-01 1.716131e-01 -2.253500e-01 3.173532e-01 -2.385783e-01 -1.670757e-01 6.729736e-01 -1.415606e-02 -1.122834e-01 1.478113e-01 -1.705341e-01 -4.420863e-02 1.282936e-03 4.196426e-02 -7.513046e-02
<VARIANCE> 39
 6.874720e+00 1.412162e+01 1.874606e+01 5.515607e+01 3.862561e+01 6.732283e+01 3.860723e+01 4.198328e+01 2.788808e+01 2.684121e+01 3.644210e+01 3.445533e+01 1.219235e+00 6.552789e-01 1.501653e+00 9.312552e-01 2.231160e+00 4.924847e+00 2.834613e+00 2.373915e+00 2.138892e+00 1.230758e+00 1.002447e+00 1.018454e+00 1.004409e+00 5.252711e-02 7.292984e-02 9.147490e-02 1.836054e-01 4.351479e-01 3.233203e-01 7.848644e-01 4.081099e-01 2.826166e-01 2.416656e-01 1.629966e-01 1.583516e-01 1.537552e-01 3.203574e-03
<GCONST> 9.090108e+01
<STATE> 4
<MEAN> 39
 -6.744109e+00 3.552818e+00 -7.493457e-01 -1.736690e+01 -2.249141e+00 -1.164665e+01 -6.560965e+00 -7.760482e+00 -2.995301e+00 -5.235187e+00 -1.703051e-01 -6.400398e+00 1.802007e+01 1.773058e-02 2.171462e-01 -6.434059e-01 7.358079e-01 7.640101e-01 -3.326346e-01 5.393201e-01 -1.461396e-01 -4.318992e-01 -2.198135e-02 -1.554874e-01 3.919316e-03 -1.615182e-01 8.372666e-02 -3.032867e-01 2.872546e-02 1.988407e-01 -2.289462e-01 2.046622e-01 1.642480e-01 -8.075571e-02 8.955930e-02 -2.962259e-04 1.105259e-02 1.533188e-02 -2.963654e-02
<VARIANCE> 39
 7.606623e+00 1.700501e+01 2.010774e+01 3.208718e+01 2.733482e+01 2.957483e+01 5.054476e+01 4.862213e+01 3.399646e+01 3.954995e+01 4.211386e+01 3.653745e+01 1.527188e+00 3.007037e-01 1.692040e+00 6.578137e-01 1.100044e+00 1.869432e+00 2.316992e+00 1.434729e+00 1.685012e+00 1.295893e+00 1.218005e+00 8.469086e-01 8.821798e-01 2.498891e-02 4.029781e-02 9.067342e-02 9.182233e-02 2.201550e-01 1.814497e-01 2.314516e-01 2.804702e-01 2.455988e-01 1.842617e-01 1.640569e-01 1.359985e-01 1.320286e-01 2.378458e-03
<GCONST> 8.138348e+01
<TRANSP> 5
 0.000000e+00 1.000000e+00 0.000000e+00 0.000000e+00 0.000000e+00
 0.000000e+00 8.094820e-01 1.905181e-01 0.000000e+00 0.000000e+00
 0.000000e+00 0.000000e+00 8.650314e-01 1.349685e-01 0.000000e+00
 0.000000e+00 0.000000e+00 0.000000e+00 9.082959e-01 9.170408e-02
 0.000000e+00 0.000000e+00 0.000000e+00 0.000000e+00 0.000000e+00
<ENDHMM>
~h "one"
<BEGINHMM>
<NUMSTATES> 5
<STATE> 2
<MEAN> 39
 -6.375444e-01 -3.827679e+00 -9.266714e+00 -1.276691e+01 -1.597279e+00 -5.548882e+00 -2.021662e+00 -8.868063e+00 -2.710025e+00 -6.735147e+00 -1.540810e+00 -7.289633e+00 1.771528e+01 2.846593e-01 -4.004875e-01 -8.657706e-01 4.579029e-01 4.869047e-01 3.304778e-02 -2.960335e-01 2.290280e-01 2.030939e-01 -3.082993e-01 -3.882523e-01 -2.650188e-01 2.403168e-01 -1.158921e-01 -1.430277e-01 5.740291e-02 2.620624e-01 3.709906e-03 -1.188811e-01 -1.129122e-02 9.212328e-02 -1.304333e-02 -9.260615e-02 1.020984e-02 8.126423e-02 -2.041346e-02
<VARIANCE> 39
 7.960238e+00 9.350086e+00 2.896428e+01 2.295277e+01 2.853079e+01 2.531642e+01 2.293561e+01 2.066150e+01 2.831980e+01 2.402411e+01 2.966659e+01 2.867068e+01 2.336560e+00 4.585466e-01 8.073117e-01 8.782202e-01 2.254809e+00 1.370499e+00 1.451709e+00 1.267317e+00 1.071983e+00 1.133581e+00 1.032129e+00 1.098974e+00 1.043523e+00 4.737581e-02 4.638362e-02 6.268757e-02 1.897594e-01 2.181377e-01 2.634037e-01 2.502298e-01 2.387137e-01 1.816240e-01 2.011475e-01 1.707858e-01 1.894673e-01 1.837075e-01 5.118636e-03
<GCONST> 8.038863e+01
<STATE> 3
<MEAN> 39
 -2.441285e+00 -1.072075e+01 -1.073715e+01 -1.678665e+00 -6.415542e-01 -9.467998e+00 -2.248010e+00 -4.318084e+00 -3.692663e+00 -1.168686e+01 -2.318299e+00 -6.119483e+00 1.853715e+01 -6.039134e-01 -3.399685e-01 1.356350e+00 5.111671e-01 -1.348859e+00 -2.783068e-01 1.176027e+00 -1.396028e-01 -9.016857e-01 -4.927749e-02 5.728080e-01 9.555390e-02 -5.176538e-02 2.908398e-02 3.167541e-01 2.396512e-01 -5.805047e-01 -1.087623e-01 3.719476e-01 6.626363e-02 -4.304510e-01 1.801588e-02 3.707048e-01 3.229086e-02 -1.688721e-01 -2.955375e-02
<VARIANCE> 39
 6.260146e+00 9.731342e+00 1.914728e+01 2.360754e+01 2.773048e+01 1.740614e+01 3.834702e+01 3.221030e+01 4.641381e+01 3.757690e+01 3.401646e+01 3.361296e+01 1.539134e+00 1.571357e-01 5.421746e-01 6.094048e-01 1.887221e+00 7.371759e-01 1.772902e+00 1.005311e+00 2.276800e+00 1.201964e+00 1.894763e+00 1.036393e+00 1.295490e+00 8.613526e-03 2.452939e-02 5.265601e-02 1.029320e-01 1.216254e-01 2.989143e-01 1.542311e-01 3.885299e-01 1.805074e-01 3.388062e-01 2.045648e-01 2.672945e-01 1.710777e-01 8.597771e-04
<GCONST> 7.569210e+01
<STATE> 4
<MEAN> 39
 -3.988616e+00 -4.974946e+00 -1.523881e+00 -8.919307e+00 -3.667056e+00 -6.123494e+00 -2.022722e+00 -1.208958e+01 -4.743474e+00 -8.578522e+00 -2.752354e+00 -8.333255e+00 1.775352e+01 1.259018e-01 8.281407e-01 4.834860e-01 -5.967782e-01 4.122385e-01 -7.342513e-03 -5.419856e-01 -3.805955e-01 8.087692e-02 1.978551e-01 -1.337805e-01 8.804137e-02 -1.296616e-01 2.145255e-02 -9.023193e-02 -2.074443e-01 1.557460e-01 1.263891e-01 -3.560514e-02 -2.536337e-02 1.721708e-01 1.772780e-02 -1.039603e-01 3.171476e-02 8.065751e-02 -1.015257e-02
<VARIANCE> 39
 6.792870e+00 2.274470e+01 1.060964e+01 1.946594e+01 2.015250e+01 4.533868e+01 3.560473e+01 3.459911e+01 4.192104e+01 4.590590e+01 3.287164e+01 3.680249e+01 1.282935e+00 2.638714e-01 7.430752e-01 8.382065e-01 1.226766e+00 8.733360e-01 1.871002e+00 1.175770e+00 1.369973e+00 1.566973e+00 1.470707e+00 9.433030e-01 9.365034e-01 1.324994e-02 4.994205e-02 1.150464e-01 8.325081e-02 1.261639e-01 1.918666e-01 3.112448e-01 2.595716e-01 1.828134e-01 2.267196e-01 2.208717e-01 1.667610e-01 1.642364e-01 2.227128e-03
<GCONST> 7.836446e+01
<TRANSP> 5
 0.000000e+00 1.000000e+00 0.000000e+00 0.000000e+00 0.000000e+00
 0.000000e+00 8.987006e-01 1.012994e-01 0.000000e+00 0.000000e+00
 0.000000e+00 0.000000e+00 8.290996e-01 1.709004e-01 0.000000e+00
 0.000000e+00 0.000000e+00 0.000000e+00 8.965331e-01 1.034669e-01
 0.000000e+00 0.000000e+00 0.000000e+00 0.000000e+00 0.000000e+00
<ENDHMM>
~h "sil"
<BEGINHMM>
<NUMSTATES> 5
<STATE> 2
<MEAN> 39
 -6.720972e+00 -6.487399e+00 -4.838387e+00 -8.790460e+00 1.229336e-01 -3.337390e+00 7.436102e-02 -8.750736e+00 -2.723400e+00 -5.724968e+00 5.857993e-01 -4.310626e+00 1.466644e+01 -5.730346e-02 -1.311262e-02 -4.696332e-03 4.689893e-02 7.093048e-02 5.511991e-02 6.478367e-02 8.996415e-03 -1.431642e-02 2.058413e-02 1.235967e-02 6.052872e-03 -1.902143e-02 -3.736271e-02 -5.229564e-02 -1.007311e-01 -1.388761e-01 -1.364567e-01 -1.260921e-01 -5.423705e-02 1.161900e-02 -9.516680e-03 6.199390e-03 3.419304e-02 3.030781e-02 5.862094e-04
<VARIANCE> 39
 4.152838e+00 4.659599e+00 6.091002e+00 7.627769e+00 1.200745e+01 1.380668e+01 1.537905e+01 1.664676e+01 1.572931e+01 1.410403e+01 1.614702e+01 1.334507e+01 1.190050e+00 9.142446e-02 1.771564e-01 2.923853e-01 4.011462e-01 5.186658e-01 6.645625e-01 6.867209e-01 7.411580e-01 7.340741e-01 6.093433e-01 6.538455e-01 5.590751e-01 7.019767e-03 1.158813e-02 2.394692e-02 4.011741e-02 4.982705e-02 7.189477e-02 1.005004e-01 1.060578e-01 1.329291e-01 1.119298e-01 9.447811e-02 1.082088e-01 9.672500e-02 6.864086e-04
<GCONST> 4.531729e+01
<STATE> 3
~s "silst"
<STATE> 4
<MEAN> 39
 -7.451398e+00 -7.392145e+00 -6.485500e+00 -1.098663e+01 -1.836146e+00 -5.030605e+00 -6.934166e-01 -8.477056e+00 -2.610457e+00 -5.496611e+00 1.257488e+00 -3.938130e+00 1.448234e+01 2.078830e-03 1.193565e-02 -1.909746e-02 -2.156855e-02 -5.116973e-02 -2.663823e-02 -4.661835e-02 -9.920177e-03 -1.053852e-02 -1.366181e-02 -1.027963e-02 -8.957060e-03 3.183505e-04 3.074303e-02 5.075658e-02 7.974624e-02 1.009287e-01 9.553568e-02 8.701545e-02 3.391176e-02 -2.381130e-03 8.909853e-03 -9.670286e-03 -3.522114e-02 -2.568217e-02 7.100374e-03
<VARIANCE> 39
 3.289356e+00 3.858299e+00 6.142556e+00 7.643591e+00 1.171546e+01 1.312143e+01 1.480184e+01 1.576858e+01 1.732558e+01 1.481059e+01 1.518674e+01 1.321360e+01 1.007256e+00 6.830041e-02 1.546205e-01 2.691882e-01 3.906131e-01 4.897639e-01 6.711805e-01 6.118374e-01 7.184409e-01 6.781187e-01 5.784022e-01 6.764787e-01 6.093111e-01 2.811381e-03 1.245141e-02 2.656811e-02 3.993106e-02 5.574270e-02 7.619758e-02 1.133517e-01 1.077164e-01 1.263518e-01 1.293218e-01 1.011812e-01 1.144018e-01 1.103729e-01 8.480913e-04
<GCONST> 4.402683e+01
<TRANSP> 5
 0.000000e+00 1.000000e+00 0.000000e+00 0.000000e+00 0.000000e+00
 0.000000e+00 7.200357e-01 3.056606e-02 2.493983e-01 0.000000e+00
 0.000000e+00 0.000000e+00 8.074285e-01 1.925715e-01 0.000000e+00
 0.000000e+00 1.430714e-01 0.000000e+00 8.002883e-01 5.664035e-02
 0.000000e+00 0.000000e+00 0.000000e+00 0.000000e+00 0.000000e+00
<ENDHMM>
~h "six"
<BEGINHMM>
<NUMSTATES> 5
<STATE> 2
<MEAN> 39
 -8.739623e+00 -4.292902e+00 -7.077155e+00 -8.683362e+00 -3.038318e+00 -4.135326e+00 -1.950765e+00 -8.217841e+00 -3.556535e+00 -4.053344e+00 1.357410e-01 -3.129292e+00 1.492201e+01 6.715599e-01 6.652756e-01 1.184635e+00 -1.343411e+00 -1.127561e+00 -1.188762e+00 3.769177e-02 -1.368307e-01 4.060741e-01 3.486809e-01 -5.061194e-01 -4.529846e-01 6.172251e-01 7.356909e-02 1.165963e-01 2.349396e-01 -4.783988e-01 -2.843418e-01 -1.805899e-01 4.227166e-02 7.178989e-02 2.001620e-01 4.447463e-03 -1.360219e-01 -2.322004e-01 1.471341e-01
<VARIANCE> 39
 7.311439e+00 7.728243e+00 1.262537e+01 1.142393e+01 1.864900e+01 1.945617e+01 1.507832e+01 1.831117e+01 1.994047e+01 2.907564e+01 1.910712e+01 1.702672e+01 1.818320e+00 3.589589e-01 4.702549e-01 8.861670e-01 1.167850e+00 1.078858e+00 1.324161e+00 9.860525e-01 8.038894e-01 1.406605e+00 2.217420e+00 1.071358e+00 1.304323e+00 7.991044e-02 6.174596e-02 5.636415e-02 1.171185e-01 9.726187e-02 2.018141e-01 2.048317e-01 1.473217e-01 1.756904e-01 1.858929e-01 2.365860e-01 1.707710e-01 1.694292e-01 8.457074e-03
<GCONST> 7.385275e+01
<STATE> 3
<MEAN> 39
 -6.467101e+00 -1.097443e+00 -8.620828e-01 -2.009839e+01 -7.876161e+00 -8.750468e+00 -2.426685e+00 -6.388191e+00 2.352702e-01 -3.786107e+00 -2.525508e+00 -7.320279e+00 1.832840e+01 2.570192e-02 -8.297350e-02 2.267541e-01 -2.925119e-01 3.674350e-01 2.066415e-01 -2.752156e-01 1.735392e-01 4.161275e-02 -1.944151e-01 1.674582e-01 1.812145e-03 -4.384896e-02 -5.694927e-02 -2.048341e-01 -2.664284e-01 4.860847e-01 2.886299e-01 2.227609e-01 6.689338e-02 -9.030844e-02 -1.459392e-01 -5.911855e-02 1.516161e-01 1.652726e-01 -1.669891e-01
<VARIANCE> 39
 7.692582e+00 9.723054e+00 1.660462e+01 2.324723e+01 5.837936e+01 3.107067e+01 3.713832e+01 2.458625e+01 3.461514e+01 5.842537e+01 3.539349e+01 3.739298e+01 1.429037e+00 3.506498e-01 6.537548e-01 1.075872e+00 3.227606e+00 2.406032e+00 1.772539e+00 1.734201e+00 1.338798e+00 1.889186e+00 2.008935e+00 1.868208e+00 1.901427e+00 2.951786e-01 6.813656e-02 6.608102e-02 1.607303e-01 2.267907e-01 3.054970e-01 3.190907e-01 3.825596e-01 2.243247e-01 2.865852e-01 3.403600e-01 2.630207e-01 2.551587e-01 1.163298e-02
<GCONST> 9.188940e+01
<STATE> 4
<MEAN> 39
 -6.548561e+00 -6.245585e+00 -4.669612e+00 -1.084430e+01 -1.015784e+00 -3.995211e+00 -1.456372e+00 -8.735587e+00 -2.145089e+00 -5.849162e+00 1.169628e+00 -4.224711e+00 1.475867e+01 -2.266407e-01 -9.083174e-01 -1.004434e+00 1.463895e+00 4.195678e-01 4.027854e-01 9.035724e-01 -4.650683e-01 -2.803501e-01 -4.973841e-02 2.029168e-01 2.948621e-01 -4.640998e-01 -1.064857e-01 1.675628e-01 2.069530e-01 -4.349143e-01 -3.776081e-01 -1.579028e-01 -8.167397e-02 1.715075e-01 1.159508e-01 1.048261e-01 -1.778934e-01 -1.428246e-01 1.493041e-01
<VARIANCE> 39
 3.282099e+00 5.502074e+00 9.483639e+00 1.127596e+01 1.475462e+01 1.557476e+01 1.953226e+01 1.867825e+01 1.686782e+01 1.698260e+01 1.853857e+01 1.492527e+01 1.496683e+00 2.631736e-01 4.868587e-01 8.970159e-01 1.315542e+00 2.120954e+00 1.649295e+00 1.599530e+00 1.243184e+00 1.209955e+00 1.198248e+00 1.173198e+00 1.025009e+00 7.998675e-02 3.848808e-02 6.567713e-02 1.392423e-01 1.485674e-01 2.331166e-01 1.812677e-01 2.676351e-01 1.920393e-01 1.859694e-01 1.730897e-01 1.977632e-01 1.829785e-01 5.840131e-03
<GCONST> 7.245486e+01
<TRANSP> 5
 0.000000e+00 1.000000e+00 0.000000e+00 0.000000e+00 0.000000e+00
 0.000000e+00 7.236823e-01 2.763177e-01 0.000000e+00 0.000000e+00
 0.000000e+00 0.000000e+00 8.893239e-01 1.106761e-01 0.000000e+00
 0.000000e+00 0.000000e+00 0.000000e+00 7.510462e-01 2.489538e-01
 0.000000e+00 0.000000e+00 0.000000e+00 0.000000e+00 0.000000e+00
<ENDHMM>
~h "two"
<BEGINHMM>
<NUMSTATES> 5
<STATE> 2
<MEAN> 39
 -1.095122e+01 -3.369067e+00 -6.878032e+00 -1.057899e+01 -1.079283e+00 -3.905158e+00 -1.910346e+00 -7.520056e+00 -2.346516e+00 -5.652520e+00 1.185074e+00 -3.330157e+00 1.502950e+01 4.321265e-01 6.172265e-01 9.343923e-01 -5.573239e-01 -2.608975e-01 -3.427143e-01 -4.580982e-01 -1.844946e-01 7.884839e-02 -3.669864e-02 -2.177266e-01 -3.267323e-01 3.096458e-01 2.897083e-01 6.047053e-02 2.922701e-01 -1.312476e-01 -1.923632e-01 -2.278925e-01 -1.119192e-01 -1.215007e-01 -2.215936e-02 3.371735e-03 -7.985878e-02 -1.672358e-01 8.980267e-02
<VARIANCE> 39
 8.662252e+00 8.410530e+00 1.236103e+01 1.223197e+01 1.830806e+01 2.251913e+01 1.897111e+01 2.107085e+01 2.093633e+01 2.336731e+01 2.439575e+01 1.942196e+01 8.982680e-01 1.389797e+00 5.519923e-01 1.325199e+00 8.187736e-01 1.327358e+00 1.277381e+00 9.766717e-01 1.189818e+00 1.148090e+00 1.271688e+00 1.798773e+00 1.083012e+00 7.085664e-02 1.259796e-01 1.103596e-01 1.292955e-01 1.284823e-01 2.314044e-01 2.008178e-01 1.739063e-01 2.196399e-01 2.224754e-01 1.973955e-01 3.512846e-01 1.559646e-01 7.953779e-03
<GCONST> 7.856500e+01
<STATE> 3
<MEAN> 39
 -4.629377e+00 1.234824e+00 1.849686e+00 -1.543674e+01 -6.839085e+00 -9.873322e+00 -6.672827e+00 -1.047258e+01 -2.452811e+00 -5.196200e+00 -1.101735e+00 -7.257934e+00 1.837815e+01 6.867129e-01 5.704170e-01 7.835762e-01 -5.752239e-01 -1.191977e+00 -1.134976e+00 -5.947260e-01 -2.997010e-01 -6.751201e-02 1.206718e-01 -2.405553e-01 -6.537411e-01 4.662057e-01 -2.535794e-01 -2.309287e-01 -4.299228e-01 2.937969e-01 2.615641e-01 2.260544e-01 2.350771e-01 1.503917e-01 -1.558381e-02 -5.004569e-03 1.515467e-01 1.805361e-01 -1.428002e-01
<VARIANCE> 39
 7.463774e+00 8.082502e+00 1.366815e+01 2.246939e+01 3.991577e+01 2.581618e+01 2.808423e+01 2.431806e+01 3.135011e+01 5.467599e+01 4.343940e+01 4.784554e+01 1.079142e+00 5.761135e-01 6.252673e-01 9.836767e-01 1.446892e+00 1.273120e+00 1.172163e+00 1.666287e+00 1.524240e+00 1.873856e+00 2.015301e+00 2.446874e+00 1.857317e+00 8.630265e-02 6.098449e-02 5.532778e-02 8.104686e-02 1.278483e-01 2.097275e-01 1.824161e-01 2.037987e-01 1.914271e-01 2.136862e-01 2.722273e-01 2.888939e-01 2.216731e-01 6.941507e-03
<GCONST> 8.385633e+01
<STATE> 4
<MEAN> 39
 -3.188919e+00 -1.173727e-01 -8.070599e-02 -1.345119e+01 -7.064043e+00 -1.162402e+01 -5.732737e+00 -9.731529e+00 -2.845306e+00 -5.453856e+00 -2.077654e-01 -7.600641e+00 1.821597e+01 1.536618e-01 -2.395659e-01 -2.549018e-01 5.324431e-01 3.547137e-01 1.178308e-01 1.300259e-01 -2.657323e-02 -1.537102e-01 -5.700347e-02 1.011356e-01 1.865841e-01 -1.298383e-01 -5.451372e-02 -4.642703e-02 -3.152360e-02 1.790409e-02 9.903825e-02 1.276020e-01 6.970617e-02 1.361929e-02 2.343660e-02 9.845432e-03 -3.012505e-03 4.994651e-02 -3.958595e-02
<VARIANCE> 39
 6.013700e+00 8.053338e+00 1.253532e+01 2.988428e+01 3.312891e+01 2.205566e+01 3.311333e+01 3.333039e+01 4.033700e+01 4.348710e+01 5.416853e+01 4.173447e+01 1.369748e+00 1.510174e-01 1.660054e-01 3.842547e-01 6.412748e-01 9.150796e-01 9.051639e-01 9.143541e-01 1.081696e+00 9.460513e-01 1.021504e+00 1.062273e+00 9.804172e-01 1.777578e-02 2.477186e-02 2.785408e-02 5.330961e-02 9.091337e-02 1.072512e-01 1.331529e-01 1.376151e-01 1.675119e-01 1.571867e-01 1.621941e-01 1.628378e-01 1.502555e-01 2.738149e-03
<GCONST> 6.737437e+01
<TRANSP> 5
 0.000000e+00 1.000000e+00 0.000000e+00 0.000000e+00 0.000000e+00
 0.000000e+00 8.291796e-01 1.708204e-01 0.000000e+00 0.000000e+00
 0.000000e+00 0.000000e+00 7.636805e-01 2.363195e-01 0.000000e+00
 0.000000e+00 0.000000e+00 0.000000e+00 9.078982e-01 9.210180e-02
 0.000000e+00 0.000000e+00 0.000000e+00 0.000000e+00 0.000000e+00
<ENDHMM>
~h "nine"
<BEGINHMM>
<NUMSTATES> 5
<STATE> 2
<MEAN> 39
 -4.476100e+00 -4.294723e+00 -2.067240e+00 -8.923846e+00 -2.975549e+00 -6.166107e+00 -1.504474e+00 -1.111777e+01 -5.012078e+00 -8.053005e+00 -2.901440e+00 -7.766666e+00 1.753049e+01 -1.369654e-01 -6.662726e-01 -2.235369e-01 4.898491e-01 -4.956257e-01 1.839310e-01 3.868564e-01 -2.013328e-01 -4.261279e-02 -1.572524e-01 -1.832210e-01 -1.395151e-01 2.486032e-01 -3.720210e-02 -1.261401e-01 -7.379225e-02 1.160307e-01 1.597019e-02 -7.872723e-03 3.820292e-02 2.854656e-02 9.034813e-03 3.947838e-03 7.562757e-02 3.441267e-02 -9.015072e-03
<VARIANCE> 39
 8.948056e+00 2.001816e+01 1.532238e+01 1.674418e+01 2.859952e+01 2.887464e+01 3.192778e+01 2.755273e+01 4.722536e+01 3.536922e+01 3.013252e+01 3.259244e+01 2.351825e+00 5.341878e-01 1.573739e+00 1.156338e+00 1.106325e+00 1.134968e+00 1.439655e+00 1.635609e+00 1.275283e+00 1.521313e+00 1.147595e+00 1.234447e+00 1.036374e+00 3.743818e-02 6.541104e-02 1.797093e-01 1.347878e-01 1.395448e-01 2.018938e-01 2.215059e-01 2.418814e-01 1.851062e-01 1.992177e-01 1.626361e-01 1.743555e-01 1.454259e-01 5.036321e-03
<GCONST> 8.286592e+01
<STATE> 3
<MEAN> 39
 -6.307284e+00 -1.163600e+01 -4.929250e+00 -2.585661e+00 -5.674099e+00 -5.356137e+00 1.779817e+00 -1.130226e+01 -5.629184e+00 -9.029846e+00 -1.644115e+00 -7.676389e+00 1.861635e+01 -1.096004e-01 7.996781e-02 2.333209e-01 -2.232827e-01 -3.692826e-02 2.118819e-01 -8.604950e-02 -9.644216e-02 1.844160e-01 6.283234e-02 -4.800902e-02 3.877198e-02 -2.064781e-02 -9.562554e-04 1.901607e-01 7.396167e-02 -2.452324e-01 3.820971e-02 7.325733e-02 -1.041983e-01 3.793818e-03 8.052615e-02 -8.905751e-03 -7.485426e-02 2.485980e-02 -1.449852e-02
<VARIANCE> 39
 7.230402e+00 8.527063e+00 2.457053e+01 3.168995e+01 1.886279e+01 3.050568e+01 3.084081e+01 3.413475e+01 4.335064e+01 4.179056e+01 2.817460e+01 3.039152e+01 1.015468e+00 8.218102e-02 3.477318e-01 4.051503e-01 1.075879e+00 4.753637e-01 6.179630e-01 5.348653e-01 5.041085e-01 6.289332e-01 6.574578e-01 6.675364e-01 5.330167e-01 4.697144e-03 1.079126e-02 2.970698e-02 4.006707e-02 5.368837e-02 7.078894e-02 6.808989e-02 7.334282e-02 7.866892e-02 8.076909e-02 8.638502e-02 7.734594e-02 7.841022e-02 3.954720e-04
<GCONST> 5.325893e+01
<STATE> 4
<MEAN> 39
 -5.901249e+00 -2.873861e+00 -1.505287e+00 -1.194674e+01 -1.742948e+00 -4.896629e+00 -3.398301e+00 -1.017970e+01 -2.939582e+00 -8.101963e+00 -3.046645e+00 -6.464694e+00 1.786114e+01 3.831042e-01 7.580500e-01 1.371558e-01 -2.110082e-01 5.079023e-01 -4.408712e-01 -4.118769e-01 2.772819e-01 -2.131375e-01 5.000348e-02 1.162327e-01 5.156742e-02 -1.268750e-01 2.005179e-02 -1.345639e-01 -5.086773e-02 2.134848e-01 -2.057188e-02 -3.876000e-02 1.098900e-01 -2.554177e-02 -9.327947e-02 2.764989e-02 8.513676e-02 -2.067463e-02 -1.254357e-02
<VARIANCE> 39
 1.195791e+01 1.868642e+01 1.196992e+01 2.300609e+01 3.456774e+01 3.429119e+01 3.247729e+01 2.981117e+01 4.862765e+01 3.944008e+01 3.850766e+01 4.270390e+01 1.058929e+00 3.936898e-01 9.758842e-01 5.668771e-01 1.831627e+00 1.348803e+00 1.364287e+00 1.386385e+00 1.294147e+00 1.620442e+00 1.146530e+00 1.083909e+00 1.012854e+00 1.051157e-02 6.314750e-02 9.479021e-02 8.853213e-02 1.561226e-01 1.888554e-01 2.458161e-01 1.812829e-01 2.006655e-01 2.382773e-01 1.958665e-01 1.769967e-01 1.429470e-01 1.365403e-03
<GCONST> 7.899056e+01
<TRANSP> 5
 0.000000e+00 1.000000e+00 0.000000e+00 0.000000e+00 0.000000e+00
 0.000000e+00 8.967686e-01 1.032314e-01 0.000000e+00 0.000000e+00
 0.000000e+00 0.000000e+00 9.128686e-01 8.713145e-02 0.000000e+00
 0.000000e+00 0.000000e+00 0.000000e+00 9.041636e-01 9.583643e-02
 0.000000e+00 0.000000e+00 0.000000e+00 0.000000e+00 0.000000e+00
<ENDHMM>
~h "five"
<BEGINHMM>
<NUMSTATES> 5
<STATE> 2
<MEAN> 39
 -4.280217e+00 -1.121190e+01 -9.954069e+00 -8.330777e+00 4.374422e-01 -8.026127e+00 3.502478e-01 -4.768941e+00 -5.167780e+00 -7.896880e+00 -1.718461e+00 -4.857536e+00 1.789009e+01 3.786840e-01 -1.164989e+00 -7.237706e-01 7.636995e-01 5.039334e-01 -6.461799e-01 3.213971e-01 4.106241e-01 -7.427559e-01 -2.297514e-01 -3.105474e-01 -9.624538e-03 5.662569e-01 -1.816736e-01 1.458481e-02 1.625444e-01 9.428475e-02 -8.922608e-03 9.675395e-02 3.093424e-02 -1.932835e-01 1.926021e-02 1.336515e-01 1.485533e-01 4.735923e-02 -6.781738e-02
<VARIANCE> 39
 1.108917e+01 1.970047e+01 2.370072e+01 1.655157e+01 1.884061e+01 2.074642e+01 2.499177e+01 5.100551e+01 3.214424e+01 2.780025e+01 2.488573e+01 1.985186e+01 4.529776e+00 7.737861e-01 5.659942e-01 1.155964e+00 9.125515e-01 7.876500e-01 9.832969e-01 9.754287e-01 2.276819e+00 1.715194e+00 1.711413e+00 1.354950e+00 1.023704e+00 1.222339e-01 9.735441e-02 1.348350e-01 1.827506e-01 1.226520e-01 1.352827e-01 1.462465e-01 1.544514e-01 3.037900e-01 2.732596e-01 1.947588e-01 1.799450e-01 1.402243e-01 2.915584e-02
<GCONST> 8.447424e+01
<STATE> 3
<MEAN> 39
 -5.815650e+00 -1.543989e+01 -8.521993e+00 -3.680639e+00 1.410369e+00 -9.118806e+00 2.525044e+00 -7.533817e+00 -7.215808e+00 -5.440038e+00 -4.861553e-01 -4.518705e+00 1.904388e+01 -1.652498e-01 9.068038e-02 4.908985e-01 -2.702768e-01 -2.722025e-01 4.433793e-01 6.602979e-02 -3.967568e-01 3.247643e-02 2.969054e-01 5.699076e-02 -8.166439e-02 -4.883782e-02 4.062860e-02 1.165084e-01 1.061616e-02 -1.974274e-01 -5.544083e-02 9.093098e-02 -2.924851e-02 2.726646e-02 5.770667e-02 -5.152925e-02 -7.656574e-02 -1.844731e-02 -1.523134e-02
<VARIANCE> 39
 9.167633e+00 9.422807e+00 2.491927e+01 2.088265e+01 1.878551e+01 2.329753e+01 1.753985e+01 3.929456e+01 4.743851e+01 4.450035e+01 2.691059e+01 2.549431e+01 1.366992e+00 8.894555e-02 1.591848e-01 2.717347e-01 6.590673e-01 5.068068e-01 5.627268e-01 5.041492e-01 5.001746e-01 6.186722e-01 5.846050e-01 5.782585e-01 4.769667e-01 5.902623e-03 1.180278e-02 2.453324e-02 3.057751e-02 4.863455e-02 5.140764e-02 5.205503e-02 5.743783e-02 6.502136e-02 8.758967e-02 8.521903e-02 6.753436e-02 7.064026e-02 9.268829e-04
<GCONST> 5.006098e+01
<STATE> 4
<MEAN> 39
 -5.628617e+00 -9.155805e+00 -3.841125e+00 -1.411497e+01 -3.417782e+00 -2.971817e+00 1.761465e+00 -8.281113e+00 -4.106405e+00 -5.308672e+00 -2.326431e+00 -5.611397e+00 1.827925e+01 2.176736e-01 1.214159e+00 3.798660e-01 -5.799854e-01 -4.017717e-01 -1.497063e-01 -3.299679e-01 2.595992e-01 5.405307e-01 -1.887534e-01 -3.713214e-02 -9.325775e-02 -2.536181e-01 -2.755017e-02 -3.700262e-02 -6.147680e-02 3.615801e-01 1.583024e-01 -1.631326e-01 -5.509381e-02 -2.797060e-02 -4.700424e-02 2.134748e-02 1.297971e-01 4.921682e-02 -5.155698e-02
<VARIANCE> 39
 7.995855e+00 2.344353e+01 1.233258e+01 3.047716e+01 4.242324e+01 2.088369e+01 2.497024e+01 3.629450e+01 5.175216e+01 2.814795e+01 2.679792e+01 3.057768e+01 1.781020e+00 2.153563e-01 5.015026e-01 5.703990e-01 2.718609e+00 1.410163e+00 1.585124e+00 9.713323e-01 1.325892e+00 1.681051e+00 1.342320e+00 1.281335e+00 9.477945e-01 4.433879e-02 4.577659e-02 9.921763e-02 7.897266e-02 2.272730e-01 2.313209e-01 2.458339e-01 1.701864e-01 2.241760e-01 2.198311e-01 1.832895e-01 2.034235e-01 1.690153e-01 4.110488e-03
<GCONST> 8.054442e+01
<TRANSP> 5
 0.000000e+00 1.000000e+00 0.000000e+00 0.000000e+00 0.000000e+00
 0.000000e+00 8.512343e-01 1.487657e-01 0.000000e+00 0.000000e+00
 0.000000e+00 0.000000e+00 9.136869e-01 8.631305e-02 0.000000e+00
 0.000000e+00 0.000000e+00 0.000000e+00 8.651481e-01 1.348519e-01
 0.000000e+00 0.000000e+00 0.000000e+00 0.000000e+00 0.000000e+00
<ENDHMM>
~h "four"
<BEGINHMM>
<NUMSTATES> 5
<STATE> 2
<MEAN> 39
 -6.834519e+00 -6.592314e+00 -5.516119e+00 -9.740834e+00 -1.565458e+00 -5.503256e+00 -1.163101e+00 -8.349020e+00 -2.003451e+00 -5.554880e+00 1.001169e+00 -4.259260e+00 1.532593e+01 1.536218e+00 5.246968e-01 -8.740969e-01 -8.253472e-01 -3.005621e-01 -5.267867e-01 -6.847870e-01 -1.846220e-01 1.995510e-01 2.010788e-01 -3.304080e-01 -4.783431e-01 6.305965e-01 3.566822e-01 1.280545e-01 -3.367084e-01 -3.171364e-01 -5.966998e-02 -1.212200e-02 -8.624785e-02 -2.305511e-02 3.242948e-03 5.516807e-02 -7.827372e-02 -1.299349e-01 1.453013e-01
<VARIANCE> 39
 7.196269e+00 5.344805e+00 5.478989e+00 7.728193e+00 1.001175e+01 1.240109e+01 1.455460e+01 1.373691e+01 1.607933e+01 1.349350e+01 1.599953e+01 1.214438e+01 1.685244e+00 5.429088e-01 4.288200e-01 6.193104e-01 7.510785e-01 7.026361e-01 9.062381e-01 7.529508e-01 8.174602e-01 9.925460e-01 1.064960e+00 1.510109e+00 1.201506e+00 6.258243e-02 6.511728e-02 5.366779e-02 6.052839e-02 8.260040e-02 1.008459e-01 1.528021e-01 1.208665e-01 1.530713e-01 1.404233e-01 1.605676e-01 1.986817e-01 1.875186e-01 6.796523e-03
<GCONST> 6.389266e+01
<STATE> 3
<MEAN> 39
 1.590839e+00 -3.474825e+00 -1.214444e+01 -1.704196e+01 -4.002488e+00 -6.193940e+00 -3.168528e+00 -8.956831e+00 -1.412215e+00 -3.869686e+00 4.281040e-01 -6.763930e+00 1.890870e+01 3.066829e-01 -1.829539e-01 -3.258550e-01 -4.094652e-02 7.335690e-02 -1.714020e-02 -2.201349e-01 1.727895e-01 3.513123e-01 9.381357e-02 -2.276545e-01 -2.211895e-01 1.437228e-01 -1.733615e-01 -1.537925e-01 1.489073e-01 2.349542e-01 3.878982e-02 -3.522808e-02 3.808759e-02 1.101957e-01 4.778472e-02 -8.432681e-02 -5.555493e-02 5.588039e-02 -6.746846e-02
<VARIANCE> 39
 4.141410e+00 1.026037e+01 9.677588e+00 1.373993e+01 2.445869e+01 1.712770e+01 1.850240e+01 1.712874e+01 2.358509e+01 2.474583e+01 3.801548e+01 3.747954e+01 1.091350e+00 5.294709e-01 7.274671e-01 6.887400e-01 1.215946e+00 9.711556e-01 7.727315e-01 9.082617e-01 9.543927e-01 1.311241e+00 1.175910e+00 1.341771e+00 1.242575e+00 9.402058e-02 4.938298e-02 4.567819e-02 9.569528e-02 8.027335e-02 1.353709e-01 1.430577e-01 1.554801e-01 1.405989e-01 1.811354e-01 1.916327e-01 1.996766e-01 1.864492e-01 7.182012e-03
<GCONST> 7.253199e+01
<STATE> 4
<MEAN> 39
 -3.641339e-01 -1.111717e+01 -7.697288e+00 -8.653383e+00 -5.490197e+00 -8.790517e+00 -2.167062e+00 -4.514585e+00 4.631847e-01 -7.560072e+00 -3.886133e+00 -7.383730e+00 1.850638e+01 -5.631511e-01 2.991942e-02 1.142825e+00 5.017338e-01 -4.928931e-01 5.163600e-02 6.309264e-01 -1.923109e-01 -6.595470e-01 -3.704192e-01 1.313438e-01 2.622843e-01 -2.157892e-01 -8.617763e-02 2.807364e-01 -1.676339e-02 -1.998961e-01 1.405973e-01 1.969708e-01 1.199003e-02 -2.203668e-01 -1.435997e-01 1.110301e-01 1.757549e-01 3.812254e-02 -5.116637e-02
<VARIANCE> 39
 7.138762e+00 1.519755e+01 2.973119e+01 1.942572e+01 4.639639e+01 3.892479e+01 3.512100e+01 4.015047e+01 4.564923e+01 3.507845e+01 3.472490e+01 3.197418e+01 1.585263e+00 2.305323e-01 1.580347e+00 7.338418e-01 1.641039e+00 2.278054e+00 2.175029e+00 1.631571e+00 2.560778e+00 1.828384e+00 1.706411e+00 1.795054e+00 1.102329e+00 4.541130e-02 2.947029e-02 1.050067e-01 1.944116e-01 1.763164e-01 4.321159e-01 3.083518e-01 3.529405e-01 3.462346e-01 3.759943e-01 2.821649e-01 3.056980e-01 2.174255e-01 3.198596e-03
<GCONST> 8.929073e+01
<TRANSP> 5
 0.000000e+00 1.000000e+00 0.000000e+00 0.000000e+00 0.000000e+00
 0.000000e+00 7.077085e-01 2.922915e-01 0.000000e+00 0.000000e+00
 0.000000e+00 0.000000e+00 9.185620e-01 8.143800e-02 0.000000e+00
 0.000000e+00 0.000000e+00 0.000000e+00 8.770002e-01 1.229998e-01
 0.000000e+00 0.000000e+00 0.000000e+00 0.000000e+00 0.000000e+00
<ENDHMM>
~h "zero"
<BEGINHMM>
<NUMSTATES> 5
<STATE> 2
<MEAN> 39
 -6.705920e+00 -1.957771e+00 -4.425204e+00 -7.704257e+00 -2.358113e+00 -4.842721e+00 -2.578431e+00 -8.925541e+00 -3.579600e+00 -4.386806e+00 2.347897e-01 -4.601814e+00 1.558110e+01 2.410184e-01 9.629316e-01 8.657330e-01 -9.926083e-01 -7.284817e-01 -1.229731e+00 -5.510713e-01 -5.181643e-01 2.932081e-01 2.823550e-01 -1.043061e-01 -2.232378e-01 4.367716e-01 2.536935e-02 7.915061e-02 1.538263e-01 -3.119684e-01 -1.484910e-01 -1.933827e-01 -4.192874e-03 -1.596059e-02 1.471470e-01 2.669965e-03 1.840929e-02 -7.736818e-02 7.837578e-02
<VARIANCE> 39
 7.273544e+00 1.133704e+01 1.602625e+01 1.447721e+01 2.142641e+01 2.225292e+01 1.916208e+01 2.042357e+01 2.935974e+01 2.480444e+01 2.244632e+01 2.007709e+01 1.537675e+00 3.811248e-01 5.066447e-01 8.754602e-01 1.104920e+00 8.864751e-01 1.472603e+00 9.645661e-01 1.218069e+00 1.353628e+00 9.747769e-01 1.180225e+00 1.478094e+00 6.750643e-02 5.614975e-02 1.047470e-01 1.380100e-01 1.133385e-01 1.321228e-01 2.182248e-01 1.512621e-01 1.963496e-01 1.692251e-01 1.501803e-01 1.791810e-01 1.703739e-01 8.385714e-03
<GCONST> 7.539336e+01
<STATE> 3
<MEAN> 39
 -5.530667e+00 1.165891e-01 1.012126e+00 -1.693205e+01 -8.096354e+00 -9.032122e+00 -4.523428e+00 -8.461785e+00 2.136208e-01 -3.766974e+00 1.690721e-01 -6.832963e+00 1.842972e+01 3.456042e-01 -7.749209e-01 4.123332e-01 -1.070566e-01 -1.083827e+00 2.638337e-01 2.439735e-01 1.891418e-01 3.052634e-01 -8.422493e-02 3.949657e-02 -1.145404e-01 1.587064e-01 5.112775e-02 -2.583995e-01 -1.774246e-01 3.660633e-01 2.735082e-02 1.188980e-01 1.932687e-01 5.967398e-02 -9.130978e-02 -4.163446e-02 -1.399503e-02 7.208686e-02 -6.313853e-02
<VARIANCE> 39
 7.469047e+00 2.207611e+01 1.732177e+01 2.661811e+01 6.095368e+01 4.202251e+01 3.221342e+01 4.427279e+01 3.089858e+01 2.997900e+01 3.418642e+01 5.071392e+01 1.078510e+00 4.409394e-01 1.589508e+00 8.160743e-01 2.661064e+00 1.728190e+00 2.502038e+00 1.730258e+00 1.443926e+00 1.335323e+00 1.161101e+00 1.094048e+00 1.307349e+00 6.089777e-02 5.063640e-02 1.169464e-01 1.249471e-01 1.812716e-01 2.515749e-01 4.155008e-01 2.240378e-01 2.465166e-01 2.105704e-01 1.728006e-01 1.709370e-01 2.155340e-01 4.583353e-03
<GCONST> 8.711838e+01
<STATE> 4
<MEAN> 39
 -1.540391e+00 -1.025311e+01 -4.667068e+00 -9.864743e+00 -9.312219e+00 -8.209560e+00 3.061938e-01 -4.131766e+00 -1.585496e-01 -6.708679e+00 -1.040368e+00 -5.757355e+00 1.850493e+01 5.093604e-02 6.524152e-02 -4.746458e-01 1.564383e-01 6.711567e-01 -1.412031e-01 -3.327851e-02 1.457970e-01 -9.967621e-02 -1.247898e-01 -8.114918e-02 9.922404e-05 -6.948528e-02 -6.697325e-02 1.255794e-01 7.083989e-02 -7.569505e-02 8.316694e-02 6.109217e-02 -7.987317e-02 -8.138405e-02 -2.515930e-02 2.909500e-02 2.287134e-02 -2.261467e-03 -2.073864e-02
<VARIANCE> 39
 6.376316e+00 1.891603e+01 2.607796e+01 2.611452e+01 6.179181e+01 5.253904e+01 3.715302e+01 3.589939e+01 4.420716e+01 3.550739e+01 2.536102e+01 3.278102e+01 1.515334e+00 2.274709e-01 8.161923e-01 7.184052e-01 9.830316e-01 1.195094e+00 1.656525e+00 1.490711e+00 1.829109e+00 1.597128e+00 1.424086e+00 1.034564e+00 9.257571e-01 2.079768e-02 2.531375e-02 4.009181e-02 7.685721e-02 1.139778e-01 1.865416e-01 2.288486e-01 1.965726e-01 1.954279e-01 2.199965e-01 1.925617e-01 1.508778e-01 1.383875e-01 2.127807e-03
<GCONST> 7.810507e+01
<TRANSP> 5
 0.000000e+00 1.000000e+00 0.000000e+00 0.000000e+00 0.000000e+00
 0.000000e+00 7.733209e-01 2.266792e-01 0.000000e+00 0.000000e+00
 0.000000e+00 0.000000e+00 8.935794e-01 1.064206e-01 0.000000e+00
 0.000000e+00 0.000000e+00 0.000000e+00 9.423444e-01 5.765560e-02
 0.000000e+00 0.000000e+00 0.000000e+00 0.000000e+00 0.000000e+00
<ENDHMM>
