~o
<STREAMINFO> 1 39
<VECSIZE> 39<NULLD><MFCC_E_D_A><DIAGC>
~s "silst"
<MEAN> 39
 -5.082813e+00 -3.742264e+00 -3.213202e+00 -8.847216e+00 -1.251805e+00 -5.758209e+00 -1.829142e+00 -9.464764e+00 -3.499036e+00 -6.422592e+00 -3.671400e-01 -5.635942e+00 1.585739e+01 -6.626617e-01 -4.418591e-01 -4.512929e-01 1.674950e-01 3.062557e-01 7.047961e-01 3.743522e-01 1.087601e-01 1.440987e-01 1.506305e-01 3.341411e-01 3.716445e-01 -3.628214e-01 -2.685282e-02 -6.972335e-02 -1.091251e-01 -1.269493e-01 -9.584820e-02 -7.212345e-02 7.240947e-04 7.273412e-02 3.781773e-02 9.268147e-03 -1.485196e-02 4.128028e-03 2.662231e-02
<VARIANCE> 39
 1.121937e+01 1.074929e+01 1.340952e+01 1.342223e+01 2.079755e+01 2.468839e+01 2.383694e+01 2.476493e+01 2.791449e+01 2.732202e+01 2.581626e+01 2.360078e+01 2.026008e+00 3.755069e-01 7.439895e-01 8.202395e-01 8.120960e-01 1.145549e+00 1.290192e+00 1.256623e+00 1.301284e+00 1.409266e+00 1.272741e+00 1.246318e+00 1.114767e+00 5.123806e-02 6.989889e-02 1.003216e-01 1.068289e-01 1.140975e-01 1.564782e-01 2.205738e-01 1.943977e-01 1.871630e-01 2.096840e-01 1.844946e-01 1.821657e-01 1.531060e-01 9.221812e-03
<GCONST> 7.761713e+01
~h "eight"
<BEGINHMM>
<NUMSTATES> 5
<STATE> 2
<MEAN> 39
 -8.238394e+00 -2.990224e+00 -5.885396e+00 -1.822638e+01 2.080418e-01 -4.908093e+00 8.336059e-01 -6.810496e+00 -1.624715e+00 -7.443278e+00 -1.711244e+00 -5.721679e+00 1.740521e+01 -1.691322e-01 1.034684e+00 -9.504493e-02 -1.072940e+00 -5.178931e-02 -5.846291e-01 9.150665e-02 4.700471e-01 3.854409e-01 -9.850867e-03 -1.826078e-01 -2.423159e-01 3.340726e-01 2.894624e-02 8.970584e-02 5.208806e-03 1.398424e-01 -6.257702e-02 -1.923303e-01 -8.335116e-02 -1.782740e-02 2.604290e-02 9.253957e-02 1.131023e-01 -6.932886e-04 -1.706297e-02
<VARIANCE> 39
 7.937074e+00 2.034467e+01 1.877632e+01 3.168738e+01 4.180853e+01 2.219843e+01 2.467984e+01 2.262902e+01 3.069935e+01 2.347025e+01 2.466045e+01 2.550082e+01 3.282921e+00 3.464639e-01 7.499840e-01 6.581503e-01 1.287442e+00 1.208588e+00 1.363410e+00 1.443240e+00 9.980308e-01 1.349532e+00 1.119631e+00 1.071271e+00 9.606966e-01 1.025951e-01 4.196732e-02 8.031117e-02 7.526748e-02 1.955685e-01 1.374720e-01 1.690161e-01 1.484291e-01 1.685835e-01 2.269014e-01 1.637004e-01 1.704229e-01 1.470631e-01 1.304204e-02
<GCONST> 7.935638e+01
<STATE> 3
<MEAN> 39
 -8.392782e+00 5.776570e+00 -5.516132e+00 -1.922921e+01 -2.893445e+00 -1.375496e+01 -1.647312e+00 -5.960575e+00 7.376723e-01 -4.027944e+00 7.572469e-01 -5.693006e+00 1.854577e+01 1.007828e-01 5.001431e-01 2.028877e-01 8.266612e-01 -1.030850e-02 -9.336920e-01 -6.092184e-01 -8.114030e-01 -3.607012e-01 3.246450e-01 4.632083e-01 2.253311e-01 -7.223601e-02 4.938339e-02 -2.813151e-01 2.283747e-02 1.890169e-01 8.658605e-02 2.724786e-01 2.105702e-02 -1.577374e-01 -1.937446e-01 -1.397105e-01 -7.124100e-02 3.675200e-02 -6.165540e-02
<VARIANCE> 39
 1.001285e+01 1.133633e+01 2.485897e+01 2.646129e+01 2.099115e+01 2.368690e+01 5.644484e+01 2.715605e+01 2.958136e+01 2.184873e+01 3.277660e+01 2.504999e+01 1.477764e+00 1.827798e-01 5.074762e-01 2.621112e-01 6.266870e-01 8.210668e-01 1.016776e+00 7.511032e-01 8.247592e-01 1.766996e+00 1.023788e+00 1.190774e+00 8.485326e-01 2.543777e-02 2.770664e-02 7.080477e-02 4.949651e-02 9.911910e-02 8.111556e-02 1.529604e-01 1.405678e-01 1.341213e-01 1.677678e-01 1.386614e-01 1.859119e-01 1.362073e-01 3.382660e-03
<GCONST> 6.906467e+01
<STATE> 4
<MEAN> 39
 -6.979605e+00 1.089045e+00 -4.082004e+00 -1.220159e+01 -1.198259e+00 -1.169674e+01 -4.072471e+00 -1.160171e+01 -4.453268e+00 -5.781197e+00 8.190367e-01 -4.545475e+00 1.651641e+01 2.169116e-01 -1.857547e+00 -1.788138e-03 8.867090e-01 2.202745e-01 1.606823e+00 3.227426e-01 -2.550061e-02 -3.247578e-01 -3.978415e-01 -1.443893e-01 9.603641e-02 -4.697652e-01 -7.056764e-02 -9.800075e-02 -9.854481e-02 -1.312680e-01 -4.638375e-02 1.574005e-01 1.920265e-01 2.720710e-01 2.065051e-01 6.505942e-02 2.241890e-02 -3.132105e-02 -6.030482e-03
<VARIANCE> 39
 6.040424e+00 3.359750e+01 1.483543e+01 1.930873e+01 1.612856e+01 3.822752e+01 3.278098e+01 2.458009e+01 3.935215e+01 2.736636e+01 2.584114e+01 2.412053e+01 2.805108e+00 3.516685e-01 7.421836e-01 6.186398e-01 1.035136e+00 6.515967e-01 1.242018e+00 1.758343e+00 1.480669e+00 2.023961e+00 1.219244e+00 1.375882e+00 1.140142e+00 3.559171e-02 4.194287e-02 2.593632e-01 6.979240e-02 1.186133e-01 9.757510e-02 3.274918e-01 1.810831e-01 1.964111e-01 2.992668e-01 1.795083e-01 1.978486e-01 1.935593e-01 1.058632e-02
<GCONST> 8.035677e+01
<TRANSP> 5
 0.000000e+00 1.000000e+00 0.000000e+00 0.000000e+00 0.000000e+00
 0.000000e+00 8.674188e-01 1.325812e-01 0.000000e+00 0.000000e+00
 0.000000e+00 0.000000e+00 8.557792e-01 1.442209e-01 0.000000e+00
 0.000000e+00 0.000000e+00 0.000000e+00 8.207862e-01 1.792138e-01
 0.000000e+00 0.000000e+00 0.000000e+00 0.000000e+00 0.000000e+00
<ENDHMM>
~h "oh"
<BEGINHMM>
<NUMSTATES> 5
<STATE> 2
<MEAN> 39
 -4.367305e+00 -1.037287e+01 -8.315678e+00 -8.588234e+00 -2.637115e+00 -7.653309e+00 3.573596e+00 -7.384755e+00 -5.235955e+00 -7.112072e+00 -2.438419e+00 -5.426270e+00 1.781763e+01 5.458182e-01 -2.065873e-01 -6.072760e-01 1.665432e-01 9.177333e-02 -6.957954e-01 1.447968e-01 7.351199e-01 -1.618966e-02 -4.300590e-01 -4.108494e-01 -1.517082e-01 3.519745e-01 1.017216e-02 1.036700e-01 2.051177e-03 -5.228135e-02 3.822996e-02 -1.090099e-02 -1.517206e-01 8.353961e-03 1.328596e-01 2.589107e-02 -9.909045e-03 -2.757138e-02 -2.142282e-02
<VARIANCE> 39
 8.669007e+00 1.233974e+01 1.667384e+01 1.820622e+01 2.296087e+01 2.453403e+01 3.068924e+01 6.477139e+01 3.832914e+01 3.399224e+01 2.704376e+01 3.143686e+01 3.006163e+00 2.971240e-01 5.785074e-01 6.307158e-01 6.406996e-01 6.855762e-01 9.314750e-01 1.329895e+00 1.790444e+00 1.557335e+00 1.263065e+00 1.250238e+00 1.052996e+00 9.570679e-02 3.986076e-02 6.291765e-02 7.493058e-02 7.989342e-02 9.174133e-02 1.301353e-01 1.558856e-01 2.154393e-01 1.873590e-01 1.965312e-01 1.842045e-01 1.403183e-01 1.335261e-02
<GCONST> 7.716809e+01
<STATE> 3
<MEAN> 39
 -5.720234e-01 -8.249774e+00 -1.317414e+01 -9.923907e+00 -7.034641e-01 -1.204563e+01 -7.923402e-01 -7.823874e-01 1.201055e-01 -8.238098e+00 -5.127332e+00 -6.597260e+00 1.903773e+01 2.234569e-01 4.043848e-01 -2.909489e-02 -3.466593e-01 -3.571285e-02 -5.201463e-03 -6.741326e-01 -2.427707e-01 6.664776e-01 6.020332e-01 -3.377159e-02 -3.510735e-01 -9.516965e-03 -4.125382e-02 2.449557e-02 1.010896e-01 -2.066432e-02 -5.711609e-02 9.296413e-02 1.122184e-02 -1.583017e-01 -8.079986e-02 9.204376e-02 1.209249e-01 1.104962e-02 -2.524591e-02
<VARIANCE> 39
 6.094893e+00 8.380341e+00 1.534566e+01 1.468794e+01 1.922401e+01 2.240846e+01 4.167043e+01 3.077491e+01 3.926286e+01 3.570470e+01 3.180242e+01 4.017224e+01 1.214816e+00 8.015265e-02 1.367465e-01 2.625487e-01 2.767606e-01 3.851515e-01 5.151274e-01 7.298113e-01 1.010637e+00 7.299139e-01 8.554249e-01 7.848257e-01 6.994159e-01 1.316797e-02 1.111178e-02 1.421447e-02 3.349911e-02 3.311053e-02 4.701312e-02 6.864510e-02 7.736279e-02 9.583430e-02 1.049789e-01 1.013413e-01 9.155963e-02 8.861539e-02 1.198216e-03
<GCONST> 5.210310e+01
<STATE> 4
<MEAN> 39
 1.794200e-01 -3.751345e+00 -9.941018e+00 -1.348678e+01 -3.315697e+00 -1.007888e+01 -4.951971e+00 -7.352326e+00 1.054976e+00 -2.361271e+00 -1.940465e-01 -7.011894e+00 1.844949e+01 -3.473431e-01 2.892821e-01 8.516518e-01 1.487868e-01 -2.200983e-01 3.715062e-01 2.085395e-01 -5.773792e-01 -5.860658e-01 -1.018352e-01 5.105232e-01 4.119950e-01 -2.303832e-01 -1.309735e-01 -1.053640e-01 5.228778e-02 1.420251e-01 1.057799e-01 8.430292e-02 1.856217e-01 8.521061e-02 -1.058214e-01 -1.825565e-01 -7.767705e-02 8.032240e-02 -4.424184e-02
<VARIANCE> 39
 6.300004e+00 7.050714e+00 1.857709e+01 1.556142e+01 1.890049e+01 2.848770e+01 3.124637e+01 2.745572e+01 3.055633e+01 3.707997e+01 3.966806e+01 3.644357e+01 1.764332e+00 2.383345e-01 3.538297e-01 4.245932e-01 5.880935e-01 6.844968e-01 8.679445e-01 1.174404e+00 1.223576e+00 1.192585e+00 1.308815e+00 1.200843e+00 1.026396e+00 3.041234e-02 2.292616e-02 3.290514e-02 6.538004e-02 6.519508e-02 9.779534e-02 1.568498e-01 1.651850e-01 1.869937e-01 2.024489e-01 1.902494e-01 1.711344e-01 1.628110e-01 2.731119e-03
<GCONST> 6.915781e+01
<TRANSP> 5
 0.000000e+00 1.000000e+00 0.000000e+00 0.000000e+00 0.000000e+00
 0.000000e+00 8.830922e-01 1.169078e-01 0.000000e+00 0.000000e+00
 0.000000e+00 0.000000e+00 8.920910e-01 1.079090e-01 0.000000e+00
 0.000000e+00 0.000000e+00 0.000000e+00 8.563669e-01 1.436331e-01
 0.000000e+00 0.000000e+00 0.000000e+00 0.000000e+00 0.000000e+00
<ENDHMM>
~h "sp"
<BEGINHMM>
<NUMSTATES> 5
<STATE> 2
~s "silst"
<STATE> 3
<MEAN> 39
 -7.708701e+00 -6.473335e+00 -6.100530e+00 -9.708913e+00 -1.335165e+00 -4.071961e+00 -6.361223e-01 -8.568451e+00 -2.837557e+00 -5.609541e+00 9.603037e-01 -4.089171e+00 1.480020e+01 -9.972259e-02 -1.787995e-02 -1.134228e-01 -5.438021e-03 -2.988702e-02 2.996800e-02 -6.752645e-03 3.507118e-02 2.812110e-03 2.048135e-02 3.514244e-02 4.023485e-02 -1.359272e-02 6.152932e-02 8.249903e-02 6.160901e-02 -1.142632e-02 -9.627454e-03 -5.705747e-02 -4.123415e-02 -1.853442e-02 -9.221131e-03 -1.625245e-02 -3.380935e-02 -3.257480e-02 4.434034e-02
<VARIANCE> 39
 5.199776e+00 5.809173e+00 8.376042e+00 1.000549e+01 1.421441e+01 1.533884e+01 1.546731e+01 1.657171e+01 1.760885e+01 1.635762e+01 1.593751e+01 1.372247e+01 1.090858e+00 1.560622e-01 2.339005e-01 3.573871e-01 4.283771e-01 5.671240e-01 6.773320e-01 6.516364e-01 7.187414e-01 7.407779e-01 6.608341e-01 6.508247e-01 5.695394e-01 7.395253e-03 3.307180e-02 5.306438e-02 7.091225e-02 9.037159e-02 1.138619e-01 1.431921e-01 1.320899e-01 1.439288e-01 1.467053e-01 1.252112e-01 1.241721e-01 1.145234e-01 4.107886e-03
<GCONST> 5.484712e+01
<STATE> 4
<MEAN> 39
 -8.548899e+00 -4.939559e+00 -6.263323e+00 -8.993946e+00 -2.031794e+00 -3.801365e+00 -1.069986e+00 -8.416392e+00 -2.905593e+00 -5.484311e+00 6.378184e-01 -4.050719e+00 1.505823e+01 2.806532e-01 1.767118e-01 9.932268e-02 -1.327401e-01 -1.933025e-01 -3.073856e-01 -8.158470e-02 7.423300e-02 -3.602353e-02 -5.248802e-02 -2.030795e-01 -8.302629e-02 2.202392e-01 2.163504e-01 4.023869e-03 6.055751e-02 -1.467930e-01 -1.312981e-01 -2.127640e-01 -6.320713e-03 1.886385e-02 6.961677e-03 -1.517942e-03 -1.015187e-01 -8.336315e-02 1.104317e-01
<VARIANCE> 39
 1.197556e+01 1.156853e+01 1.733344e+01 1.580696e+01 1.928556e+01 1.880010e+01 1.807543e+01 2.027048e+01 2.112337e+01 1.993154e+01 1.872247e+01 1.701978e+01 1.498432e+00 5.896479e-01 5.340541e-01 7.455713e-01 7.907001e-01 9.728211e-01 1.006689e+00 8.537530e-01 1.188782e+00 1.046436e+00 9.278002e-01 9.477638e-01 7.692834e-01 5.363543e-02 7.113261e-02 1.106715e-01 1.694005e-01 1.488086e-01 2.006342e-01 1.929934e-01 1.682373e-01 2.262769e-01 2.044172e-01 1.795897e-01 1.803045e-01 1.552472e-01 9.426683e-03
<GCONST> 7.467909e+01
<TRANSP> 5
 0.000000e+00 8.224390e-01 1.775610e-01 0.000000e+00 0.000000e+00
 0.000000e+00 7.940677e-01 2.059323e-01 0.000000e+00 0.000000e+00
 0.000000e+00 0.000000e+00 8.500781e-01 1.499219e-01 0.000000e+00
 0.000000e+00 0.000000e+00 0.000000e+00 5.806651e-01 4.193349e-01
 0.000000e+00 0.000000e+00 0.000000e+00 0.000000e+00 0.000000e+00
<ENDHMM>
~h "seven"
<BEGINHMM>
<NUMSTATES> 5
<STATE> 2
<MEAN> 39
 -7.445756e+00 -4.360601e+00 -5.889384e+00 -9.838713e+00 -3.735334e+00 -4.987858e+00 -5.187824e-01 -8.219149e+00 -2.356322e+00 -4.355010e+00 -4.379343e-01 -3.953280e+00 1.557133e+01 8.767889e-01 1.048013e-01 6.947221e-01 -1.405489e+00 -1.110629e+00 -8.369124e-01 9.581412e-01 -1.007148e-01 3.702310e-01 9.817629e-04 -7.850266e-01 -6.930537e-01 6.912679e-01 6.399221e-03 -1.172168e-01 -7.447400e-02 -2.411227e-01 -1.588201e-01 9.581077e-02 2.451905e-01 6.178605e-02 -1.582004e-02 -1.424838e-01 -1.627413e-01 -1.441750e-01 1.256847e-01
<VARIANCE> 39
 1.014186e+01 6.285281e+00 1.230785e+01 1.259999e+01 2.034712e+01 2.226533e+01 1.824448e+01 1.893765e+01 1.811366e+01 2.674648e+01 1.804160e+01 1.639314e+01 2.449653e+00 4.609983e-01 4.445963e-01 6.459491e-01 9.590520e-01 1.282356e+00 1.639675e+00 1.353310e+00 1.242675e+00 1.250800e+00 2.362179e+00 1.104376e+00 1.213661e+00 7.069662e-02 8.320130e-02 5.439160e-02 9.804582e-02 1.262514e-01 2.242205e-01 2.097221e-01 1.571769e-01 1.523678e-01 1.603564e-01 1.972593e-01 1.400405e-01 1.866727e-01 1.229418e-02
<GCONST> 7.545650e+01
<STATE> 3
<MEAN> 39
 -5.780855e+00 -7.521350e+00 -5.387619e+00 -1.621880e+01 -6.128017e+00 -4.334168e+00 5.069181e+00 -8.665359e+00 -2.723553e+00 -7.119146e+00 -4.215251e+00 -6.596148e+00 1.905408e+01 1.274699e-01 -3.022138e-01 6.858154e-02 1.642977e-01 4.596588e-02 -3.124730e-02 1.831972e-01 2.626545e-01 -3.535360e-01 -3.872793e-02 2.477961e-03 -4.326220e-02 7.472253e-02 -1.788966e-02 1.050462e-01 4.037134e-02 3.172183e-01 1.420920e-01 -7.842264e-02 -2.837372e-01 4.946951e-02 -1.607985e-02 3.816328e-02 2.032633e-01 6.394494e-02 -1.364933e-01
<VARIANCE> 39
 9.453088e+00 1.176838e+01 8.955310e+00 1.779483e+01 4.836197e+01 3.842887e+01 3.165508e+01 3.895345e+01 4.880905e+01 5.841101e+01 3.336826e+01 3.292969e+01 1.184190e+00 3.920649e-01 5.715634e-01 4.497905e-01 1.291820e+00 1.489635e+00 1.582285e+00 1.624531e+00 1.042922e+00 1.266695e+00 1.718597e+00 1.744706e+00 1.226136e+00 1.724639e-01 8.111452e-02 8.483449e-02 8.821709e-02 1.111881e-01 2.649743e-01 2.632069e-01 1.735020e-01 1.627504e-01 2.087172e-01 2.424468e-01 2.327803e-01 1.902130e-01 5.532654e-03
<GCONST> 8.322661e+01
<STATE> 4
<MEAN> 39
 -3.257690e+00 -4.144316e+00 -2.038982e+00 -9.794591e+00 -3.963451e+00 -7.898916e+00 -4.611374e-01 -7.896594e+00 -3.870817e+00 -6.628856e+00 -1.622509e+00 -6.940695e+00 1.713495e+01 1.047874e-01 3.675228e-01 2.305480e-01 2.343417e-01 3.760864e-01 -3.282783e-02 -4.252830e-01 -3.489989e-01 3.214428e-02 -6.871014e-02 8.010029e-02 -1.520342e-02 -8.802762e-02 -3.980004e-02 -5.789110e-02 -5.449758e-02 -7.394610e-02 1.524462e-03 1.087244e-01 9.037720e-02 -4.297965e-02 -1.086754e-03 -7.646465e-04 -4.317210e-02 3.121203e-02 1.961861e-02
<VARIANCE> 39
 4.897810e+00 1.045387e+01 1.000060e+01 1.377124e+01 2.821087e+01 3.248797e+01 2.626142e+01 4.098739e+01 3.228552e+01 3.545575e+01 3.234087e+01 2.883581e+01 1.690625e+00 1.922276e-01 4.149412e-01 4.779730e-01 9.060108e-01 1.392375e+00 1.174008e+00 1.648108e+00 1.272390e+00 1.389960e+00 1.389945e+00 1.265057e+00 9.330120e-01 8.939900e-02 3.491136e-02 7.891918e-02 8.610981e-02 1.530645e-01 2.484832e-01 2.056815e-01 2.860573e-01 2.267874e-01 2.302727e-01 2.389883e-01 2.142712e-01 1.482317e-01 1.490653e-02
<GCONST> 7.853444e+01
<TRANSP> 5
 0.000000e+00 1.000000e+00 0.000000e+00 0.000000e+00 0.000000e+00
 0.000000e+00 7.206806e-01 2.793194e-01 0.000000e+00 0.000000e+00
 0.000000e+00 0.000000e+00 8.912800e-01 1.087200e-01 0.000000e+00
 0.000000e+00 0.000000e+00 0.000000e+00 9.308069e-01 6.919312e-02
 0.000000e+00 0.000000e+00 0.000000e+00 0.000000e+00 0.000000e+00
<ENDHMM>
~h "three"
<BEGINHMM>
<NUMSTATES> 5
<STATE> 2
<MEAN> 39
 -3.096628e+00 -6.929792e+00 -3.969298e-01 -8.980189e+00 -1.026659e+01 -1.090239e+01 -1.258635e+00 -8.736601e+00 -1.845724e+00 -5.126695e+00 -2.682546e-01 -5.329705e+00 1.737001e+01 4.954259e-01 -1.540404e-01 9.477422e-01 -2.418886e-01 -1.604395e+00 -1.314031e-01 -2.300395e-01 -2.377263e-01 3.991500e-01 1.012885e-01 -3.895786e-02 -2.417073e-01 3.726574e-01 -1.751238e-01 1.123600e-01 1.037372e-02 -2.904648e-01 2.002686e-01 3.105948e-01 -1.582064e-01 1.000667e-02 8.678348e-02 -1.549787e-02 4.851010e-02 8.794892e-03 -3.036390e-02
<VARIANCE> 39
 1.177007e+01 1.267618e+01 1.671304e+01 2.979244e+01 5.242730e+01 4.903859e+01 2.345488e+01 2.615689e+01 2.813204e+01 2.588780e+01 3.383122e+01 3.193933e+01 2.765238e+00 7.758887e-01 6.752229e-01 8.037457e-01 2.047173e+00 1.910518e+00 3.434253e+00 1.397108e+00 1.547181e+00 1.261857e+00 1.076099e+00 1.378830e+00 1.289234e+00 6.016354e-02 1.142215e-01 1.455849e-01 1.325349e-01 3.024355e-01 4.628771e-01 4.278635e-01 2.905740e-01 2.390349e-01 1.927093e-01 1.822915e-01 1.986891e-01 1.946064e-01 1.004715e-02
<GCONST> 8.952958e+01
<STATE> 3
<MEAN> 39
 -4.999350e+00 -3.740391e+00 5.617683e+00 -1.884776e+01 -1.260613e+01 -4.183365e+00 -8.569325e+00 -8.840145e+00 1.960292e+00 -5.746418e+00 1.134858e+00 -5.929611e+00 1.865730e+01 -8.479259e-01 1.782395e+00 -2.326494e-01 -1.752284e+00 2.333528e+00 -7.528908e-02 -1.492741e+00 9.091930e-01 -3.938280e-01 -2.326717e-01 1.289944e-01 2.000512e-02 -1.910247e-02 3.729144e-02 1.340879e-01 -4.663089e-01 5.011885e-01 4.183425e-01 -6.730492e-01 4.133556e-01 7.035979e-02 -3.772728e-01 7.139671e-02 -5.815465e-02 3.920949e-02 -5.509653e-02
<VARIANCE> 39
 7.821712e+00 2.357181e+01 1.140964e+01 3.285593e+01 5.976456e+01 2.843303e+01 4.257091e+01 6.330510e+01 2.579305e+01 2.795224e+01 3.830379e+01 2.950317e+01 1.287076e+00 2.543567e-01 6.149940e-01 1.037304e+00 1.756647e+00 1.440343e+00 3.668721e+00 1.984897e+00 1.400136e+00 1.424483e+00 1.067469e+00 7.310553e-01 8.005002e-01 2.105628e-02 5.302031e-02 1.574796e-01 9.157754e-02 2.537078e-01 5.017751e-01 2.344582e-01 4.036854e-01 3.747610e-01 1.630618e-01 1.497878e-01 1.328081e-01 1.099897e-01 2.272153e-03
<GCONST> 8.287360e+01
<STATE> 4
<MEAN> 39
 -6.753862e+00 4.077078e+00 -1.690300e+00 -1.641191e+01 -1.338184e+00 -1.253268e+01 -5.502415e+00 -8.109406e+00 -3.425425e+00 -4.970856e+00 -2.526398e-01 -6.249496e+00 1.787515e+01 1.422169e-01 -7.445844e-02 -5.704081e-01 9.657797e-01 4.323953e-01 -1.441002e-01 7.102585e-01 -3.691858e-01 -3.150662e-01 -1.878159e-02 -1.991293e-01 1.512012e-03 -1.787202e-01 6.609127e-02 -3.146534e-01 9.324954e-02 8.783591e-02 -2.332417e-01 3.083040e-01 4.133013e-02 -3.750895e-02 1.386663e-01 -3.258358e-02 2.141887e-02 1.218357e-02 -2.592311e-02
<VARIANCE> 39
 7.417369e+00 1.531245e+01 1.630079e+01 3.050720e+01 2.265787e+01 2.570483e+01 4.768715e+01 4.538467e+01 3.207602e+01 4.069898e+01 4.078992e+01 3.683870e+01 1.618779e+00 2.207627e-01 1.366424e+00 6.435924e-01 8.483645e-01 1.225982e+00 2.066577e+00 1.284748e+00 1.475590e+00 1.223740e+00 1.182840e+00 8.475223e-01 8.636748e-01 2.455412e-02 3.723736e-02 9.104624e-02 7.201762e-02 1.638694e-01 1.832382e-01 1.725281e-01 2.135789e-01 2.226232e-01 1.721762e-01 1.648253e-01 1.336713e-01 1.302273e-01 2.657379e-03
<GCONST> 7.758356e+01
<TRANSP> 5
 0.000000e+00 1.000000e+00 0.000000e+00 0.000000e+00 0.000000e+00
 0.000000e+00 8.773229e-01 1.226771e-01 0.000000e+00 0.000000e+00
 0.000000e+00 0.000000e+00 7.874541e-01 2.125459e-01 0.000000e+00
 0.000000e+00 0.000000e+00 0.000000e+00 8.910950e-01 1.089050e-01
 0.000000e+00 0.000000e+00 0.000000e+00 0.000000e+00 0.000000e+00
<ENDHMM>
~h "one"
<BEGINHMM>
<NUMSTATES> 5
<STATE> 2
<MEAN> 39
 -5.708628e-01 -3.777642e+00 -9.273247e+00 -1.281580e+01 -1.656762e+00 -5.564143e+00 -2.020893e+00 -8.864619e+00 -2.706173e+00 -6.730889e+00 -1.544897e+00 -7.287498e+00 1.774440e+01 2.782385e-01 -4.045383e-01 -8.716416e-01 4.565782e-01 4.868984e-01 3.913346e-02 -2.918756e-01 2.269469e-01 2.031259e-01 -3.067470e-01 -3.899803e-01 -2.718897e-01 2.375624e-01 -1.187727e-01 -1.460700e-01 5.392009e-02 2.644971e-01 7.753709e-03 -1.161320e-01 -1.487156e-02 9.374603e-02 -1.098515e-02 -9.034932e-02 1.101021e-02 8.280705e-02 -2.094112e-02
<VARIANCE> 39
 7.592777e+00 9.251890e+00 2.887184e+01 2.285294e+01 2.888129e+01 2.532506e+01 2.281151e+01 2.064111e+01 2.828109e+01 2.393677e+01 2.967251e+01 2.876143e+01 2.273528e+00 4.574376e-01 7.999750e-01 8.728602e-01 2.244823e+00 1.372390e+00 1.442823e+00 1.267454e+00 1.065919e+00 1.134427e+00 1.022108e+00 1.095251e+00 1.044787e+00 4.811376e-02 4.489125e-02 6.140438e-02 1.907979e-01 2.175055e-01 2.626390e-01 2.523283e-01 2.367189e-01 1.810073e-01 2.006615e-01 1.693373e-01 1.888750e-01 1.838975e-01 5.013188e-03
<GCONST> 8.018120e+01
<STATE> 3
<MEAN> 39
 -2.365657e+00 -1.071523e+01 -1.090204e+01 -1.688993e+00 -4.437417e-01 -9.494882e+00 -2.447402e+00 -4.206983e+00 -3.535890e+00 -1.172797e+01 -2.378273e+00 -6.055772e+00 1.853596e+01 -6.083310e-01 -3.738704e-01 1.339239e+00 5.726800e-01 -1.353447e+00 -3.280985e-01 1.195710e+00 -8.902074e-02 -9.246085e-01 -9.238218e-02 5.862349e-01 1.197857e-01 -4.916645e-02 2.358721e-02 3.139470e-01 2.517850e-01 -5.823261e-01 -1.342797e-01 3.766250e-01 9.203477e-02 -4.376944e-01 -2.032019e-04 3.805235e-01 4.406743e-02 -1.768263e-01 -2.978588e-02
<VARIANCE> 39
 6.138699e+00 9.607384e+00 1.865541e+01 2.375469e+01 2.700996e+01 1.740273e+01 3.766842e+01 3.138945e+01 4.646057e+01 3.755416e+01 3.383940e+01 3.321648e+01 1.544129e+00 1.544837e-01 5.159518e-01 6.043767e-01 1.832050e+00 7.393505e-01 1.711838e+00 1.007505e+00 2.247486e+00 1.165754e+00 1.864496e+00 1.028560e+00 1.293556e+00 8.477855e-03 2.364647e-02 5.254838e-02 1.008102e-01 1.224777e-01 2.853026e-01 1.528314e-01 3.759789e-01 1.781871e-01 3.358861e-01 2.003525e-01 2.674415e-01 1.680847e-01 8.554164e-04
<GCONST> 7.513150e+01
<STATE> 4
<MEAN> 39
 -4.106092e+00 -5.418769e+00 -1.637881e+00 -8.750763e+00 -4.068012e+00 -5.852201e+00 -1.670174e+00 -1.194693e+01 -4.644594e+00 -8.687665e+00 -2.577737e+00 -8.293843e+00 1.778440e+01 1.511914e-01 9.703848e-01 6.247793e-01 -7.285665e-01 4.270805e-01 -6.583341e-02 -6.303437e-01 -4.446399e-01 8.187886e-02 2.297756e-01 -1.767003e-01 5.034702e-02 -1.278660e-01 4.438168e-02 -6.854539e-02 -2.143095e-01 1.672785e-01 1.612057e-01 -6.880059e-02 -6.819595e-02 1.653347e-01 1.354937e-02 -1.166012e-01 1.009625e-02 7.498255e-02 -5.501023e-03
<VARIANCE> 39
 6.948798e+00 2.328908e+01 1.104423e+01 2.143911e+01 1.960349e+01 4.665949e+01 3.617226e+01 3.532633e+01 4.120765e+01 4.572858e+01 3.326900e+01 3.778293e+01 1.325672e+00 2.764981e-01 6.142550e-01 8.079581e-01 1.205768e+00 9.140804e-01 1.967520e+00 1.137523e+00 1.444547e+00 1.607703e+00 1.541169e+00 9.443416e-01 9.593094e-01 1.267565e-02 4.882330e-02 1.199900e-01 8.184800e-02 1.339698e-01 2.006906e-01 3.081707e-01 2.741664e-01 1.858167e-01 2.302030e-01 2.257898e-01 1.685484e-01 1.675338e-01 1.602589e-03
<GCONST> 7.851397e+01
<TRANSP> 5
 0.000000e+00 1.000000e+00 0.000000e+00 0.000000e+00 0.000000e+00
 0.000000e+00 8.983490e-01 1.016509e-01 0.000000e+00 0.000000e+00
 0.000000e+00 0.000000e+00 8.248798e-01 1.751202e-01 0.000000e+00
 0.000000e+00 0.000000e+00 0.000000e+00 8.842521e-01 1.157479e-01
 0.000000e+00 0.000000e+00 0.000000e+00 0.000000e+00 0.000000e+00
<ENDHMM>
~h "sil"
<BEGINHMM>
<NUMSTATES> 5
<STATE> 2
<MEAN> 39
 -6.786186e+00 -6.747715e+00 -5.116073e+00 -9.104935e+00 5.370046e-03 -3.358890e+00 1.860425e-01 -8.529063e+00 -2.602783e+00 -5.762734e+00 5.565859e-01 -4.312085e+00 1.461696e+01 -3.786178e-02 -2.614028e-03 -4.384437e-03 3.146635e-02 3.939570e-02 2.543553e-02 4.930707e-02 5.023929e-03 -1.791958e-02 5.836586e-03 1.451441e-02 1.131901e-02 -1.229352e-02 -2.566892e-02 -3.308693e-02 -7.300646e-02 -1.092566e-01 -1.214679e-01 -1.194440e-01 -6.275946e-02 -9.971501e-03 -2.348867e-02 1.054974e-02 3.811388e-02 3.112698e-02 1.940760e-03
<VARIANCE> 39
 3.631988e+00 4.357235e+00 6.034330e+00 7.599445e+00 1.189674e+01 1.363307e+01 1.466092e+01 1.634625e+01 1.579392e+01 1.373380e+01 1.579329e+01 1.313329e+01 1.165388e+00 7.875274e-02 1.592607e-01 2.713405e-01 3.726362e-01 4.938735e-01 6.566945e-01 6.818440e-01 7.148263e-01 6.944123e-01 5.758449e-01 6.360953e-01 5.641917e-01 5.036308e-03 1.100124e-02 2.414288e-02 4.054923e-02 5.009027e-02 7.012013e-02 1.010117e-01 1.066336e-01 1.306618e-01 1.118791e-01 9.214202e-02 1.050229e-01 9.907126e-02 6.373856e-04
<GCONST> 4.379761e+01
<STATE> 3
~s "silst"
<STATE> 4
<MEAN> 39
 -7.591738e+00 -7.338243e+00 -6.596787e+00 -1.116856e+01 -2.182601e+00 -5.408257e+00 -1.003482e+00 -8.651860e+00 -2.713938e+00 -5.405525e+00 1.453671e+00 -3.837494e+00 1.448375e+01 -3.408823e-03 7.342833e-03 -2.586721e-02 -2.627348e-02 -5.144455e-02 -1.904633e-02 -6.051967e-02 -7.894969e-03 -3.332443e-03 -6.119792e-03 -1.864490e-02 -1.816484e-02 -1.847901e-04 3.767683e-02 5.709885e-02 9.393191e-02 1.255680e-01 1.333736e-01 1.275741e-01 6.223433e-02 1.697793e-02 2.731436e-02 -1.732685e-02 -5.650070e-02 -4.103639e-02 8.486012e-03
<VARIANCE> 39
 3.521932e+00 4.145514e+00 6.414347e+00 7.833617e+00 1.125777e+01 1.253906e+01 1.496440e+01 1.592147e+01 1.763729e+01 1.532713e+01 1.513422e+01 1.337469e+01 9.993697e-01 7.672461e-02 1.678988e-01 2.875449e-01 4.165308e-01 5.054103e-01 6.756908e-01 5.944327e-01 7.406490e-01 7.096082e-01 6.066625e-01 6.994731e-01 6.114085e-01 3.236246e-03 1.426667e-02 2.888548e-02 4.231557e-02 5.697586e-02 7.262618e-02 1.080288e-01 1.039457e-01 1.277537e-01 1.327965e-01 1.059635e-01 1.175191e-01 1.097904e-01 1.078832e-03
<GCONST> 4.537620e+01
<TRANSP> 5
 0.000000e+00 1.000000e+00 0.000000e+00 0.000000e+00 0.000000e+00
 0.000000e+00 7.678136e-01 2.420446e-02 2.079820e-01 0.000000e+00
 0.000000e+00 0.000000e+00 8.281132e-01 1.718868e-01 0.000000e+00
 0.000000e+00 1.869288e-01 0.000000e+00 7.436476e-01 6.942358e-02
 0.000000e+00 0.000000e+00 0.000000e+00 0.000000e+00 0.000000e+00
<ENDHMM>
~h "six"
<BEGINHMM>
<NUMSTATES> 5
<STATE> 2
<MEAN> 39
 -8.685613e+00 -4.259403e+00 -6.993791e+00 -8.730480e+00 -3.094939e+00 -4.229846e+00 -1.958616e+00 -8.231701e+00 -3.553218e+00 -4.009196e+00 1.247205e-01 -3.143618e+00 1.495134e+01 6.792002e-01 6.784655e-01 1.200826e+00 -1.379994e+00 -1.155806e+00 -1.211013e+00 4.092763e-02 -1.337046e-01 4.200711e-01 3.495413e-01 -5.165426e-01 -4.719253e-01 6.293507e-01 6.721423e-02 1.150020e-01 2.270980e-01 -4.788447e-01 -2.794766e-01 -1.699032e-01 4.325392e-02 7.575305e-02 2.038310e-01 8.021750e-04 -1.366776e-01 -2.376294e-01 1.450993e-01
<VARIANCE> 39
 7.472155e+00 7.795951e+00 1.269700e+01 1.147707e+01 1.899851e+01 1.999965e+01 1.517404e+01 1.807977e+01 2.003300e+01 2.960673e+01 1.917451e+01 1.708567e+01 1.865426e+00 3.583369e-01 4.709563e-01 8.830885e-01 1.148638e+00 1.075069e+00 1.323488e+00 1.003053e+00 8.098918e-01 1.418226e+00 2.235981e+00 1.075026e+00 1.322315e+00 7.693643e-02 6.202902e-02 5.632246e-02 1.156983e-01 9.790473e-02 2.032255e-01 2.090293e-01 1.477569e-01 1.766356e-01 1.850872e-01 2.378754e-01 1.708508e-01 1.683242e-01 8.838632e-03
<GCONST> 7.405743e+01
<STATE> 3
<MEAN> 39
 -6.470704e+00 -1.099834e+00 -8.570246e-01 -2.012043e+01 -7.861068e+00 -8.735909e+00 -2.436660e+00 -6.380635e+00 2.462299e-01 -3.794998e+00 -2.524369e+00 -7.321634e+00 1.832888e+01 2.415083e-02 -8.672639e-02 2.210332e-01 -2.819791e-01 3.751652e-01 2.128841e-01 -2.749871e-01 1.720275e-01 3.753606e-02 -1.961424e-01 1.702020e-01 7.050140e-03 -4.768004e-02 -5.676300e-02 -2.052310e-01 -2.669423e-01 4.875607e-01 2.882012e-01 2.212471e-01 6.795756e-02 -9.105738e-02 -1.466633e-01 -5.878130e-02 1.515830e-01 1.659271e-01 -1.670482e-01
<VARIANCE> 39
 7.692058e+00 9.747313e+00 1.662850e+01 2.306444e+01 5.850302e+01 3.110667e+01 3.719352e+01 2.460378e+01 3.462891e+01 5.833930e+01 3.542838e+01 3.742887e+01 1.432466e+00 3.496042e-01 6.526655e-01 1.075637e+00 3.229591e+00 2.397640e+00 1.761132e+00 1.734438e+00 1.341307e+00 1.887788e+00 2.010810e+00 1.867486e+00 1.897305e+00 2.938465e-01 6.819707e-02 6.606881e-02 1.609149e-01 2.259359e-01 3.061615e-01 3.193463e-01 3.835699e-01 2.241345e-01 2.868480e-01 3.401676e-01 2.636109e-01 2.553108e-01 1.166337e-02
<GCONST> 9.188368e+01
<STATE> 4
<MEAN> 39
 -6.562996e+00 -6.248332e+00 -4.680443e+00 -1.081178e+01 -1.002031e+00 -3.979498e+00 -1.436322e+00 -8.754622e+00 -2.165118e+00 -5.868344e+00 1.164353e+00 -4.220407e+00 1.475304e+01 -2.337171e-01 -9.112940e-01 -1.005314e+00 1.462051e+00 4.138764e-01 4.088069e-01 9.077919e-01 -4.570969e-01 -2.819701e-01 -4.044221e-02 2.005701e-01 2.988934e-01 -4.646017e-01 -1.053118e-01 1.689055e-01 2.070580e-01 -4.381299e-01 -3.787683e-01 -1.608191e-01 -8.505438e-02 1.722381e-01 1.161448e-01 1.035286e-01 -1.796663e-01 -1.430148e-01 1.499719e-01
<VARIANCE> 39
 3.292797e+00 5.440598e+00 9.448418e+00 1.107180e+01 1.464379e+01 1.565241e+01 1.950657e+01 1.858644e+01 1.688294e+01 1.706700e+01 1.862031e+01 1.491435e+01 1.491684e+00 2.674541e-01 4.864755e-01 8.967256e-01 1.309159e+00 2.110319e+00 1.651642e+00 1.602906e+00 1.249616e+00 1.214349e+00 1.205129e+00 1.178045e+00 1.023234e+00 7.931434e-02 3.888948e-02 6.514935e-02 1.378327e-01 1.468667e-01 2.331558e-01 1.805156e-01 2.655292e-01 1.923126e-01 1.854345e-01 1.735764e-01 1.976762e-01 1.824821e-01 5.797314e-03
<GCONST> 7.239890e+01
<TRANSP> 5
 0.000000e+00 1.000000e+00 0.000000e+00 0.000000e+00 0.000000e+00
 0.000000e+00 7.188253e-01 2.811748e-01 0.000000e+00 0.000000e+00
 0.000000e+00 0.000000e+00 8.891559e-01 1.108441e-01 0.000000e+00
 0.000000e+00 0.000000e+00 0.000000e+00 7.504206e-01 2.495794e-01
 0.000000e+00 0.000000e+00 0.000000e+00 0.000000e+00 0.000000e+00
<ENDHMM>
~h "two"
<BEGINHMM>
<NUMSTATES> 5
<STATE> 2
<MEAN> 39
 -1.095360e+01 -3.273016e+00 -6.719231e+00 -1.062642e+01 -9.776434e-01 -3.867716e+00 -1.960170e+00 -7.506859e+00 -2.326186e+00 -5.679544e+00 1.128510e+00 -3.370970e+00 1.506353e+01 5.073028e-01 6.189169e-01 1.014885e+00 -5.888921e-01 -2.672623e-01 -3.654192e-01 -4.634463e-01 -2.131222e-01 7.212125e-02 -5.504321e-02 -2.282854e-01 -3.625690e-01 3.247181e-01 2.966868e-01 6.466335e-02 2.876810e-01 -1.311609e-01 -2.123311e-01 -2.433518e-01 -1.187439e-01 -1.273222e-01 -2.632080e-02 2.680532e-03 -7.928380e-02 -1.704416e-01 9.405814e-02
<VARIANCE> 39
 8.841587e+00 8.097503e+00 1.268437e+01 1.230639e+01 1.844308e+01 2.274278e+01 1.921487e+01 2.111439e+01 2.144593e+01 2.400286e+01 2.472583e+01 1.985312e+01 9.040117e-01 1.367627e+00 5.602486e-01 1.276770e+00 8.307196e-01 1.348779e+00 1.287936e+00 9.893053e-01 1.189614e+00 1.172457e+00 1.294417e+00 1.876076e+00 1.105503e+00 7.280698e-02 1.265209e-01 1.093194e-01 1.343426e-01 1.308517e-01 2.276350e-01 1.981209e-01 1.761357e-01 2.233425e-01 2.275702e-01 2.033364e-01 3.598371e-01 1.595490e-01 7.830665e-03
<GCONST> 7.897996e+01
<STATE> 3
<MEAN> 39
 -4.601772e+00 1.270193e+00 1.861111e+00 -1.552190e+01 -6.952452e+00 -9.944201e+00 -6.701527e+00 -1.043937e+01 -2.407978e+00 -5.177004e+00 -1.124937e+00 -7.308117e+00 1.840703e+01 6.635137e-01 5.434546e-01 7.423185e-01 -5.411333e-01 -1.162653e+00 -1.105579e+00 -5.667980e-01 -2.811934e-01 -6.590461e-02 1.260175e-01 -2.155444e-01 -6.236928e-01 4.513262e-01 -2.501098e-01 -2.350915e-01 -4.262248e-01 2.990393e-01 2.729973e-01 2.325953e-01 2.359126e-01 1.460811e-01 -1.898478e-02 -9.865873e-03 1.533049e-01 1.829025e-01 -1.451259e-01
<VARIANCE> 39
 7.462777e+00 8.105861e+00 1.363415e+01 2.232659e+01 3.964159e+01 2.560958e+01 2.822067e+01 2.453630e+01 3.158229e+01 5.527850e+01 4.393642e+01 4.852349e+01 1.036305e+00 5.676044e-01 6.280562e-01 9.857454e-01 1.463973e+00 1.293386e+00 1.206327e+00 1.681444e+00 1.515828e+00 1.844688e+00 1.989345e+00 2.390014e+00 1.875517e+00 8.955593e-02 6.150678e-02 5.346861e-02 8.132068e-02 1.249983e-01 2.044203e-01 1.804812e-01 2.040839e-01 1.909907e-01 2.120947e-01 2.734934e-01 2.892095e-01 2.222130e-01 6.515609e-03
<GCONST> 8.375378e+01
<STATE> 4
<MEAN> 39
 -3.234432e+00 -5.817648e-02 -4.448149e-02 -1.366103e+01 -7.121564e+00 -1.157292e+01 -5.645104e+00 -9.636680e+00 -2.712010e+00 -5.307312e+00 -1.554580e-01 -7.594978e+00 1.823935e+01 1.668179e-01 -2.231159e-01 -2.386005e-01 5.387489e-01 3.377684e-01 8.623461e-02 9.888095e-02 -5.484397e-02 -1.919132e-01 -8.669598e-02 7.738329e-02 1.593131e-01 -1.201232e-01 -4.351539e-02 -3.784565e-02 -2.657013e-02 2.438345e-02 9.544289e-02 1.092185e-01 5.175788e-02 5.179142e-03 2.030781e-02 1.285852e-03 -5.843713e-03 4.435345e-02 -3.516480e-02
<VARIANCE> 39
 5.896430e+00 7.956876e+00 1.253784e+01 2.982156e+01 3.401089e+01 2.156616e+01 3.314906e+01 3.370441e+01 3.983873e+01 4.292507e+01 5.471193e+01 4.154800e+01 1.360248e+00 1.337192e-01 1.529720e-01 3.768874e-01 6.207769e-01 9.143698e-01 8.562262e-01 8.806952e-01 1.028933e+00 9.056342e-01 9.873719e-01 1.045282e+00 9.308503e-01 1.452482e-02 2.161309e-02 2.513760e-02 5.071989e-02 8.851372e-02 1.057157e-01 1.240676e-01 1.291176e-01 1.603525e-01 1.487453e-01 1.526578e-01 1.592017e-01 1.458555e-01 2.343295e-03
<GCONST> 6.575122e+01
<TRANSP> 5
 0.000000e+00 1.000000e+00 0.000000e+00 0.000000e+00 0.000000e+00
 0.000000e+00 8.205603e-01 1.794397e-01 0.000000e+00 0.000000e+00
 0.000000e+00 0.000000e+00 7.671207e-01 2.328793e-01 0.000000e+00
 0.000000e+00 0.000000e+00 0.000000e+00 9.013999e-01 9.860014e-02
 0.000000e+00 0.000000e+00 0.000000e+00 0.000000e+00 0.000000e+00
<ENDHMM>
~h "nine"
<BEGINHMM>
<NUMSTATES> 5
<STATE> 2
<MEAN> 39
 -4.470834e+00 -4.322366e+00 -2.081771e+00 -8.923640e+00 -3.034185e+00 -6.192713e+00 -1.516379e+00 -1.117486e+01 -5.007187e+00 -8.077338e+00 -2.944899e+00 -7.808804e+00 1.756716e+01 -1.371011e-01 -6.727733e-01 -2.211717e-01 4.957590e-01 -4.928003e-01 1.728583e-01 3.879685e-01 -1.973288e-01 -3.952229e-02 -1.524965e-01 -1.781444e-01 -1.449054e-01 2.491248e-01 -3.833152e-02 -1.261176e-01 -7.477654e-02 1.144943e-01 1.828264e-02 -6.611799e-03 3.847720e-02 3.133864e-02 9.664092e-03 6.283763e-03 7.978433e-02 3.480332e-02 -1.051794e-02
<VARIANCE> 39
 8.942225e+00 2.037955e+01 1.533190e+01 1.683239e+01 2.862719e+01 2.886138e+01 3.200960e+01 2.750796e+01 4.719013e+01 3.539013e+01 3.016381e+01 3.277528e+01 2.307146e+00 5.318264e-01 1.578645e+00 1.144791e+00 1.117394e+00 1.137639e+00 1.424182e+00 1.645327e+00 1.277534e+00 1.528718e+00 1.154170e+00 1.245871e+00 1.038383e+00 3.757148e-02 6.493945e-02 1.814290e-01 1.346313e-01 1.401157e-01 2.019698e-01 2.218285e-01 2.431117e-01 1.863469e-01 1.997543e-01 1.612360e-01 1.739228e-01 1.449650e-01 4.945231e-03
<GCONST> 8.288982e+01
<STATE> 3
<MEAN> 39
 -6.290453e+00 -1.167330e+01 -4.987595e+00 -2.492457e+00 -5.655441e+00 -5.432280e+00 1.785314e+00 -1.126485e+01 -5.679265e+00 -9.068794e+00 -1.604488e+00 -7.685270e+00 1.862178e+01 -1.082458e-01 6.574728e-02 2.330344e-01 -2.052686e-01 -4.696703e-02 2.054147e-01 -7.329172e-02 -1.009621e-01 1.716086e-01 6.976789e-02 -3.994841e-02 3.037020e-02 -1.979465e-02 -3.008652e-03 1.878536e-01 7.744056e-02 -2.486450e-01 3.299812e-02 8.104385e-02 -1.011882e-01 -1.979939e-03 8.309104e-02 -5.359623e-03 -7.945443e-02 2.507426e-02 -1.439705e-02
<VARIANCE> 39
 7.197834e+00 8.451027e+00 2.463107e+01 3.136723e+01 1.880423e+01 3.042512e+01 3.088271e+01 3.410175e+01 4.310277e+01 4.184202e+01 2.805826e+01 3.031888e+01 1.011832e+00 8.114038e-02 3.210858e-01 4.020515e-01 1.031650e+00 4.633073e-01 6.109311e-01 5.231257e-01 4.995815e-01 6.119492e-01 6.481824e-01 6.581979e-01 5.175155e-01 4.580179e-03 1.054401e-02 2.931683e-02 3.924932e-02 5.255821e-02 6.927702e-02 6.525018e-02 7.262866e-02 7.666267e-02 7.949342e-02 8.554133e-02 7.633273e-02 7.775934e-02 3.924731e-04
<GCONST> 5.266387e+01
<STATE> 4
<MEAN> 39
 -6.221883e+00 -3.176843e+00 -1.625611e+00 -1.203761e+01 -1.904502e+00 -4.486440e+00 -3.312612e+00 -1.019651e+01 -2.790898e+00 -8.221463e+00 -3.088368e+00 -6.512470e+00 1.789968e+01 3.932298e-01 8.502352e-01 1.536605e-01 -3.105800e-01 5.442868e-01 -4.757517e-01 -4.743266e-01 3.279791e-01 -1.989425e-01 5.500660e-02 9.725840e-02 5.328228e-02 -1.226391e-01 4.384072e-02 -1.234648e-01 -3.708119e-02 2.357080e-01 -1.472717e-02 -7.336905e-02 1.046805e-01 -3.509560e-02 -1.091127e-01 2.570061e-02 7.953811e-02 -2.942986e-02 -1.025054e-02
<VARIANCE> 39
 1.144649e+01 2.011670e+01 1.220190e+01 2.402955e+01 3.583579e+01 3.414015e+01 3.367659e+01 2.992386e+01 4.905793e+01 3.961957e+01 3.857277e+01 4.244580e+01 1.076489e+00 4.063568e-01 9.270490e-01 5.742967e-01 1.873733e+00 1.354139e+00 1.383459e+00 1.360565e+00 1.284673e+00 1.675727e+00 1.185027e+00 1.059273e+00 1.024238e+00 9.884383e-03 5.698846e-02 9.916827e-02 8.651908e-02 1.493786e-01 1.942136e-01 2.404104e-01 1.805277e-01 1.979250e-01 2.315704e-01 1.955709e-01 1.707086e-01 1.415114e-01 1.006249e-03
<GCONST> 7.866312e+01
<TRANSP> 5
 0.000000e+00 1.000000e+00 0.000000e+00 0.000000e+00 0.000000e+00
 0.000000e+00 8.955254e-01 1.044746e-01 0.000000e+00 0.000000e+00
 0.000000e+00 0.000000e+00 9.109015e-01 8.909856e-02 0.000000e+00
 0.000000e+00 0.000000e+00 0.000000e+00 8.980418e-01 1.019582e-01
 0.000000e+00 0.000000e+00 0.000000e+00 0.000000e+00 0.000000e+00
<ENDHMM>
~h "five"
<BEGINHMM>
<NUMSTATES> 5
<STATE> 2
<MEAN> 39
 -4.182148e+00 -1.133813e+01 -1.006380e+01 -8.264756e+00 4.858600e-01 -8.130061e+00 3.468586e-01 -4.677724e+00 -5.244956e+00 -7.945818e+00 -1.815556e+00 -4.904184e+00 1.797313e+01 3.627382e-01 -1.174984e+00 -7.175262e-01 7.818423e-01 5.138421e-01 -6.411875e-01 3.319668e-01 4.005734e-01 -7.478065e-01 -2.216131e-01 -3.009976e-01 -5.396460e-03 5.644518e-01 -1.905999e-01 2.459292e-02 1.746030e-01 9.185836e-02 -1.329063e-02 1.040912e-01 3.004904e-02 -2.033662e-01 2.537398e-02 1.382592e-01 1.589911e-01 4.960855e-02 -7.386712e-02
<VARIANCE> 39
 1.086591e+01 1.966244e+01 2.370474e+01 1.674226e+01 1.899883e+01 2.061469e+01 2.526191e+01 5.151494e+01 3.220749e+01 2.802346e+01 2.497361e+01 1.990335e+01 4.373971e+00 7.731699e-01 5.613632e-01 1.171814e+00 9.072348e-01 7.891711e-01 9.864994e-01 9.742040e-01 2.247441e+00 1.725038e+00 1.724159e+00 1.363167e+00 1.026801e+00 1.227518e-01 9.470117e-02 1.336098e-01 1.781298e-01 1.234596e-01 1.362006e-01 1.447466e-01 1.544394e-01 3.008739e-01 2.737327e-01 1.933441e-01 1.760716e-01 1.403620e-01 2.823103e-02
<GCONST> 8.435587e+01
<STATE> 3
<MEAN> 39
 -5.809245e+00 -1.545256e+01 -8.556699e+00 -3.643496e+00 1.426226e+00 -9.175839e+00 2.534727e+00 -7.496324e+00 -7.217775e+00 -5.455910e+00 -4.665098e-01 -4.503186e+00 1.904696e+01 -1.661558e-01 8.361836e-02 4.906867e-01 -2.572933e-01 -2.713132e-01 4.342362e-01 6.886823e-02 -3.989250e-01 2.704820e-02 3.039652e-01 6.121296e-02 -8.456723e-02 -4.852197e-02 4.020289e-02 1.144315e-01 1.146001e-02 -1.967218e-01 -5.496681e-02 9.330910e-02 -2.901394e-02 2.467173e-02 5.653940e-02 -4.895991e-02 -7.772554e-02 -1.876321e-02 -1.499195e-02
<VARIANCE> 39
 9.174356e+00 9.379180e+00 2.484728e+01 2.081298e+01 1.875021e+01 2.311515e+01 1.751953e+01 3.905614e+01 4.700308e+01 4.450402e+01 2.689287e+01 2.552088e+01 1.356906e+00 8.788615e-02 1.530431e-01 2.696429e-01 6.338940e-01 4.959539e-01 5.513720e-01 4.976217e-01 4.932856e-01 6.133065e-01 5.706330e-01 5.685036e-01 4.732132e-01 5.857814e-03 1.174292e-02 2.421246e-02 3.031268e-02 4.809461e-02 5.121430e-02 5.160289e-02 5.703742e-02 6.415196e-02 8.527462e-02 8.423542e-02 6.651439e-02 7.042880e-02 9.081673e-04
<GCONST> 4.963730e+01
<STATE> 4
<MEAN> 39
 -5.754554e+00 -9.415440e+00 -3.944124e+00 -1.391124e+01 -3.277136e+00 -2.809877e+00 1.872029e+00 -8.424846e+00 -4.207629e+00 -5.238554e+00 -2.267855e+00 -5.519274e+00 1.830401e+01 2.173131e-01 1.207343e+00 3.704631e-01 -6.434751e-01 -3.930316e-01 -1.019879e-01 -3.095819e-01 2.572019e-01 5.543521e-01 -2.125656e-01 -7.276259e-02 -8.927669e-02 -2.458072e-01 -1.729133e-02 -2.131995e-02 -5.248222e-02 3.438169e-01 1.400312e-01 -1.807709e-01 -6.299143e-02 -9.872586e-03 -4.276021e-02 1.682651e-02 1.218200e-01 3.975492e-02 -4.836687e-02
<VARIANCE> 39
 7.868241e+00 2.308366e+01 1.220365e+01 3.192915e+01 4.212655e+01 1.954937e+01 2.462488e+01 3.667248e+01 5.315519e+01 2.794933e+01 2.708533e+01 3.009396e+01 1.834701e+00 2.145330e-01 4.979456e-01 5.735126e-01 2.636170e+00 1.470175e+00 1.621568e+00 9.743232e-01 1.330510e+00 1.638687e+00 1.337497e+00 1.268719e+00 9.159678e-01 4.130312e-02 4.300433e-02 9.681515e-02 7.575691e-02 2.404755e-01 2.362226e-01 2.297420e-01 1.662806e-01 2.294941e-01 2.226337e-01 1.790217e-01 2.066686e-01 1.646802e-01 4.441767e-03
<GCONST> 8.034480e+01
<TRANSP> 5
 0.000000e+00 1.000000e+00 0.000000e+00 0.000000e+00 0.000000e+00
 0.000000e+00 8.482383e-01 1.517616e-01 0.000000e+00 0.000000e+00
 0.000000e+00 0.000000e+00 9.124629e-01 8.753706e-02 0.000000e+00
 0.000000e+00 0.000000e+00 0.000000e+00 8.641086e-01 1.358915e-01
 0.000000e+00 0.000000e+00 0.000000e+00 0.000000e+00 0.000000e+00
<ENDHMM>
~h "four"
<BEGINHMM>
<NUMSTATES> 5
<STATE> 2
<MEAN> 39
 -6.754125e+00 -6.550697e+00 -5.530663e+00 -9.756340e+00 -1.577004e+00 -5.553904e+00 -1.214215e+00 -8.397020e+00 -2.003192e+00 -5.574891e+00 9.745117e-01 -4.271642e+00 1.535906e+01 1.568995e+00 5.364203e-01 -9.024031e-01 -8.574388e-01 -3.061511e-01 -5.344186e-01 -6.940302e-01 -1.919721e-01 1.942645e-01 2.014484e-01 -3.435507e-01 -4.868959e-01 6.434436e-01 3.504561e-01 1.256759e-01 -3.368637e-01 -3.173136e-01 -5.857039e-02 -7.228333e-03 -8.065341e-02 -1.790924e-02 2.321064e-03 5.409713e-02 -7.906434e-02 -1.321391e-01 1.432087e-01
<VARIANCE> 39
 7.582620e+00 5.407154e+00 5.415440e+00 7.825892e+00 1.003169e+01 1.244727e+01 1.451033e+01 1.363990e+01 1.606261e+01 1.350000e+01 1.608611e+01 1.221990e+01 1.725590e+00 5.141578e-01 4.335426e-01 6.026356e-01 7.387269e-01 7.128396e-01 9.067468e-01 7.514508e-01 8.220983e-01 1.015862e+00 1.086244e+00 1.523393e+00 1.226627e+00 5.797945e-02 6.768700e-02 5.344182e-02 6.067234e-02 8.255124e-02 1.013033e-01 1.526448e-01 1.211783e-01 1.517437e-01 1.399071e-01 1.608981e-01 1.994213e-01 1.871671e-01 7.143708e-03
<GCONST> 6.399877e+01
<STATE> 3
<MEAN> 39
 1.596302e+00 -3.480275e+00 -1.216626e+01 -1.704923e+01 -4.000635e+00 -6.177533e+00 -3.167147e+00 -8.953208e+00 -1.398769e+00 -3.856161e+00 4.293137e-01 -6.775808e+00 1.891414e+01 3.039131e-01 -1.866651e-01 -3.247938e-01 -3.709464e-02 7.407561e-02 -1.824847e-02 -2.192804e-01 1.749424e-01 3.531917e-01 9.302092e-02 -2.297129e-01 -2.202240e-01 1.429154e-01 -1.735066e-01 -1.541984e-01 1.499000e-01 2.360969e-01 3.832735e-02 -3.651192e-02 3.801402e-02 1.109163e-01 4.728976e-02 -8.560511e-02 -5.579127e-02 5.674934e-02 -6.754293e-02
<VARIANCE> 39
 4.139307e+00 1.026449e+01 9.601359e+00 1.373104e+01 2.439256e+01 1.715087e+01 1.857339e+01 1.714524e+01 2.362371e+01 2.482041e+01 3.809506e+01 3.756908e+01 1.087595e+00 5.224445e-01 7.272025e-01 6.852648e-01 1.214023e+00 9.698430e-01 7.719055e-01 9.086710e-01 9.568200e-01 1.309454e+00 1.175299e+00 1.338295e+00 1.242044e+00 9.290833e-02 4.948858e-02 4.573146e-02 9.588323e-02 8.015190e-02 1.358050e-01 1.434413e-01 1.560649e-01 1.411924e-01 1.814883e-01 1.920448e-01 1.991461e-01 1.869929e-01 7.207410e-03
<GCONST> 7.252126e+01
<STATE> 4
<MEAN> 39
 -2.645929e-01 -1.131263e+01 -7.982810e+00 -8.558892e+00 -5.375972e+00 -8.947726e+00 -2.202787e+00 -4.225935e+00 6.498747e-01 -7.567270e+00 -3.908978e+00 -7.360369e+00 1.854965e+01 -5.526589e-01 -3.334919e-02 1.189223e+00 5.183334e-01 -5.933205e-01 2.918993e-02 6.841850e-01 -1.585257e-01 -6.809759e-01 -3.921257e-01 1.342208e-01 2.572511e-01 -2.037755e-01 -8.727951e-02 3.023379e-01 9.495149e-04 -2.182295e-01 1.357235e-01 2.157543e-01 1.406345e-02 -2.463187e-01 -1.510750e-01 1.215293e-01 1.773338e-01 3.049581e-02 -5.096963e-02
<VARIANCE> 39
 6.989717e+00 1.430449e+01 2.847669e+01 1.840264e+01 4.718584e+01 3.736605e+01 3.525976e+01 3.886811e+01 4.502330e+01 3.448955e+01 3.469201e+01 3.194578e+01 1.578519e+00 2.191977e-01 1.522558e+00 6.622948e-01 1.663300e+00 2.087514e+00 2.163646e+00 1.564928e+00 2.597458e+00 1.819949e+00 1.726328e+00 1.796449e+00 1.076271e+00 4.090105e-02 2.919329e-02 9.465791e-02 1.877735e-01 1.660167e-01 4.426715e-01 3.013534e-01 3.550847e-01 3.380949e-01 3.791622e-01 2.796202e-01 3.073204e-01 2.166655e-01 3.208874e-03
<GCONST> 8.838458e+01
<TRANSP> 5
 0.000000e+00 1.000000e+00 0.000000e+00 0.000000e+00 0.000000e+00
 0.000000e+00 7.028878e-01 2.971122e-01 0.000000e+00 0.000000e+00
 0.000000e+00 0.000000e+00 9.182637e-01 8.173629e-02 0.000000e+00
 0.000000e+00 0.000000e+00 0.000000e+00 8.712962e-01 1.287038e-01
 0.000000e+00 0.000000e+00 0.000000e+00 0.000000e+00 0.000000e+00
<ENDHMM>
~h "zero"
<BEGINHMM>
<NUMSTATES> 5
<STATE> 2
<MEAN> 39
 -6.856117e+00 -1.902022e+00 -4.590997e+00 -7.677611e+00 -2.510474e+00 -4.665536e+00 -2.827335e+00 -8.904005e+00 -3.635722e+00 -4.173107e+00 1.354489e-01 -4.374207e+00 1.565025e+01 2.804723e-01 1.044861e+00 9.700532e-01 -1.153788e+00 -8.266207e-01 -1.403090e+00 -6.263177e-01 -6.004074e-01 3.205761e-01 3.345072e-01 -1.325317e-01 -2.388865e-01 4.901119e-01 3.822730e-02 9.735499e-02 1.847807e-01 -3.604144e-01 -1.737566e-01 -2.338610e-01 2.942872e-03 -2.427507e-02 1.691224e-01 1.634852e-03 3.095618e-02 -8.991685e-02 9.295955e-02
<VARIANCE> 39
 6.899603e+00 1.045696e+01 1.552901e+01 1.460701e+01 2.097227e+01 2.208375e+01 1.923981e+01 1.976986e+01 2.955829e+01 2.442754e+01 2.236707e+01 1.989536e+01 1.479835e+00 3.156325e-01 4.247769e-01 7.567797e-01 9.351072e-01 8.448320e-01 1.288975e+00 9.697384e-01 1.180388e+00 1.340438e+00 9.782466e-01 1.203478e+00 1.526755e+00 4.255360e-02 4.659034e-02 1.026928e-01 1.271530e-01 1.079562e-01 1.311471e-01 2.168852e-01 1.590130e-01 1.927337e-01 1.621808e-01 1.500906e-01 1.803333e-01 1.680658e-01 6.418759e-03
<GCONST> 7.318272e+01
<STATE> 3
<MEAN> 39
 -5.560559e+00 3.151855e-01 9.435987e-01 -1.693270e+01 -7.856971e+00 -9.190650e+00 -4.572046e+00 -8.445132e+00 1.726436e-01 -3.746955e+00 1.709087e-01 -6.829160e+00 1.840676e+01 3.373893e-01 -7.418787e-01 4.422008e-01 -1.718250e-01 -1.080024e+00 2.619892e-01 2.050970e-01 1.946502e-01 3.210725e-01 -7.708033e-02 4.326289e-02 -1.247947e-01 1.665270e-01 5.140260e-02 -2.690187e-01 -1.736390e-01 3.714440e-01 1.657291e-02 1.356881e-01 1.948852e-01 5.564811e-02 -8.655431e-02 -4.437205e-02 -1.244481e-02 7.144119e-02 -6.440703e-02
<VARIANCE> 39
 7.431431e+00 2.061239e+01 1.738993e+01 2.629672e+01 5.927678e+01 4.049654e+01 3.221354e+01 4.420335e+01 3.111504e+01 3.033729e+01 3.452966e+01 5.111497e+01 1.093869e+00 4.425127e-01 1.627838e+00 8.043214e-01 2.616673e+00 1.741937e+00 2.530573e+00 1.685071e+00 1.421261e+00 1.341203e+00 1.178556e+00 1.107643e+00 1.320952e+00 6.309921e-02 5.152769e-02 1.128942e-01 1.260425e-01 1.803382e-01 2.453993e-01 4.090522e-01 2.257282e-01 2.478828e-01 2.120845e-01 1.747078e-01 1.724477e-01 2.174392e-01 4.556993e-03
<GCONST> 8.705976e+01
<STATE> 4
<MEAN> 39
 -1.604344e+00 -1.051726e+01 -4.388167e+00 -9.814178e+00 -9.692294e+00 -8.038354e+00 5.619685e-01 -4.102744e+00 -1.754385e-01 -6.699331e+00 -1.004090e+00 -5.665923e+00 1.854311e+01 8.309784e-02 1.041374e-02 -5.504032e-01 1.634075e-01 6.668985e-01 -1.771439e-01 -1.650573e-02 2.078367e-01 -6.397829e-02 -1.488862e-01 -9.282010e-02 -7.551695e-03 -5.354211e-02 -5.976746e-02 1.433418e-01 6.302060e-02 -8.634489e-02 8.699615e-02 4.102907e-02 -9.774324e-02 -8.211890e-02 -2.046598e-02 3.430747e-02 2.049599e-02 -8.831722e-03 -1.774373e-02
<VARIANCE> 39
 6.466097e+00 1.772722e+01 2.653515e+01 2.679803e+01 6.268894e+01 5.438370e+01 3.557973e+01 3.642371e+01 4.419688e+01 3.495708e+01 2.490592e+01 3.292163e+01 1.494213e+00 2.246785e-01 8.378210e-01 6.297592e-01 1.038253e+00 1.227225e+00 1.670211e+00 1.529513e+00 1.766454e+00 1.573600e+00 1.377392e+00 1.023252e+00 9.266831e-01 1.574309e-02 2.390602e-02 3.497218e-02 7.642566e-02 1.109987e-01 1.911967e-01 2.326635e-01 1.870353e-01 1.959590e-01 2.165557e-01 1.822852e-01 1.466407e-01 1.334395e-01 1.764567e-03
<GCONST> 7.714507e+01
<TRANSP> 5
 0.000000e+00 1.000000e+00 0.000000e+00 0.000000e+00 0.000000e+00
 0.000000e+00 7.341216e-01 2.658784e-01 0.000000e+00 0.000000e+00
 0.000000e+00 0.000000e+00 8.922817e-01 1.077184e-01 0.000000e+00
 0.000000e+00 0.000000e+00 0.000000e+00 9.397413e-01 6.025874e-02
 0.000000e+00 0.000000e+00 0.000000e+00 0.000000e+00 0.000000e+00
<ENDHMM>
