~o
<STREAMINFO> 1 39
<VECSIZE> 39<NULLD><MFCC_E_D_A><DIAGC>
~s "silst"
<MEAN> 39
 -6.037975e+00 -4.318654e+00 -3.738234e+00 -8.640100e+00 -7.459682e-01 -4.760128e+00 -1.115523e+00 -9.167715e+00 -3.199936e+00 -6.170585e+00 1.156312e-01 -5.122353e+00 1.540425e+01 -7.348701e-01 -5.632885e-01 -5.950218e-01 4.302231e-02 2.231850e-01 6.500128e-01 3.959490e-01 1.963888e-01 2.006766e-01 1.578842e-01 3.231230e-01 3.854047e-01 -3.635822e-01 4.767985e-02 -1.142097e-02 -6.298535e-02 -1.420508e-01 -1.421750e-01 -1.620033e-01 -7.465696e-02 3.604991e-02 1.309445e-02 -2.175580e-03 -4.442147e-02 -3.223076e-02 6.010147e-02
<VARIANCE> 39
 1.018766e+01 9.773222e+00 1.227567e+01 1.184652e+01 1.758824e+01 1.939254e+01 2.073678e+01 2.143923e+01 2.365596e+01 2.300048e+01 2.179858e+01 1.950829e+01 1.466439e+00 3.453396e-01 5.834310e-01 7.179595e-01 7.714248e-01 1.107122e+00 1.236319e+00 1.163066e+00 1.186499e+00 1.335167e+00 1.239619e+00 1.241139e+00 1.049717e+00 4.643144e-02 6.706025e-02 1.006721e-01 1.116861e-01 1.095991e-01 1.502811e-01 1.901332e-01 1.839495e-01 1.864441e-01 2.008082e-01 1.715489e-01 1.747888e-01 1.434004e-01 7.401572e-03
<GCONST> 7.377361e+01
~h "eight"
<BEGINHMM>
<NUMSTATES> 5
<STATE> 2
<MEAN> 39
 -8.229520e+00 -2.053357e+00 -5.949757e+00 -1.874091e+01 -1.134453e-01 -5.615326e+00 8.717220e-01 -6.353049e+00 -1.184837e+00 -7.253585e+00 -1.710929e+00 -5.893139e+00 1.756308e+01 -1.367359e-01 1.014425e+00 -6.260639e-02 -8.442593e-01 -9.343857e-02 -7.290331e-01 -2.125806e-03 3.619228e-01 3.822537e-01 1.185167e-01 -6.366616e-02 -1.980740e-01 2.856424e-01 2.908582e-02 5.642933e-02 1.615437e-02 1.710683e-01 -4.774474e-02 -1.687041e-01 -8.724034e-02 -6.032993e-02 1.345002e-03 8.677907e-02 1.171514e-01 2.137841e-02 -2.334921e-02
<VARIANCE> 39
 7.995497e+00 2.255367e+01 2.056718e+01 3.124610e+01 4.027637e+01 2.384010e+01 2.798770e+01 2.341154e+01 3.081021e+01 2.188502e+01 2.421805e+01 2.513222e+01 3.119730e+00 3.188320e-01 6.884154e-01 6.054575e-01 1.377654e+00 1.157171e+00 1.360850e+00 1.405563e+00 9.764984e-01 1.287004e+00 1.172412e+00 1.194625e+00 9.316914e-01 1.028962e-01 3.877774e-02 7.921130e-02 7.444619e-02 1.809486e-01 1.301753e-01 1.568934e-01 1.417218e-01 1.656652e-01 2.207708e-01 1.519794e-01 1.622833e-01 1.429245e-01 1.170809e-02
<GCONST> 7.872823e+01
<STATE> 3
<MEAN> 39
 -8.225296e+00 6.377697e+00 -5.093116e+00 -1.720783e+01 -2.718190e+00 -1.510715e+01 -2.927521e+00 -8.009186e+00 -5.482637e-01 -3.821514e+00 1.488554e+00 -5.165860e+00 1.831087e+01 2.085634e-01 -1.693330e-01 2.291935e-01 1.038660e+00 1.642461e-01 -2.171015e-01 -5.015046e-01 -8.872210e-01 -6.668984e-01 -4.018976e-02 2.353542e-01 2.166545e-01 -1.948588e-01 4.138627e-02 -3.926812e-01 -1.038467e-02 9.119803e-02 7.477009e-02 4.220227e-01 1.162912e-01 1.501475e-02 -9.836140e-02 -1.512492e-01 -1.107024e-01 -2.732556e-03 -7.231027e-02
<VARIANCE> 39
 9.644176e+00 1.076770e+01 2.192237e+01 3.044987e+01 1.903083e+01 2.230768e+01 5.396614e+01 3.210612e+01 4.025565e+01 2.609041e+01 3.254795e+01 2.812989e+01 1.672935e+00 2.286748e-01 1.334316e+00 3.346289e-01 6.639785e-01 7.626309e-01 1.815848e+00 9.567046e-01 8.458942e-01 1.633226e+00 1.132686e+00 1.330051e+00 9.494920e-01 4.816836e-02 3.170889e-02 7.873602e-02 5.068527e-02 1.147016e-01 8.834777e-02 1.643431e-01 1.631982e-01 1.922375e-01 2.497126e-01 1.598893e-01 1.932973e-01 1.701088e-01 3.497157e-03
<GCONST> 7.473539e+01
<STATE> 4
<MEAN> 39
 -6.338581e+00 -2.990848e+00 -4.054646e+00 -1.078124e+01 -6.706006e-01 -7.914421e+00 -3.280183e+00 -1.127117e+01 -4.826670e+00 -6.493228e+00 4.166127e-01 -4.465415e+00 1.554453e+01 1.206296e-02 -1.911881e+00 -2.436230e-01 5.994233e-01 4.863193e-02 1.718881e+00 6.563855e-01 4.888850e-01 1.739679e-01 -1.361047e-01 1.014691e-02 1.170996e-01 -4.676953e-01 -1.257564e-01 2.658510e-01 -1.010656e-01 -1.917382e-01 -8.884952e-02 -2.191136e-01 9.094238e-02 1.648373e-01 1.999007e-01 1.446887e-01 6.804082e-02 -2.469622e-02 6.486310e-02
<VARIANCE> 39
 4.119691e+00 1.892289e+01 1.246383e+01 1.263254e+01 1.379566e+01 2.686716e+01 2.375055e+01 2.097863e+01 2.782054e+01 2.126411e+01 2.049466e+01 1.641478e+01 1.990740e+00 3.333208e-01 7.339353e-01 6.506593e-01 9.949538e-01 6.284977e-01 1.278784e+00 1.686522e+00 1.231251e+00 2.024347e+00 1.273861e+00 1.236598e+00 1.112373e+00 4.059380e-02 3.317747e-02 1.483495e-01 7.427131e-02 1.142618e-01 8.847398e-02 2.244311e-01 1.978595e-01 2.023365e-01 2.491790e-01 1.530919e-01 1.799011e-01 1.570469e-01 7.234137e-03
<GCONST> 7.385742e+01
<TRANSP> 5
 0.000000e+00 1.000000e+00 0.000000e+00 0.000000e+00 0.000000e+00
 0.000000e+00 8.872862e-01 1.127138e-01 0.000000e+00 0.000000e+00
 0.000000e+00 0.000000e+00 8.715833e-01 1.284166e-01 0.000000e+00
 0.000000e+00 0.000000e+00 0.000000e+00 7.623484e-01 2.376516e-01
 0.000000e+00 0.000000e+00 0.000000e+00 0.000000e+00 0.000000e+00
<ENDHMM>
~h "oh"
<BEGINHMM>
<NUMSTATES> 5
<STATE> 2
<MEAN> 39
 -4.380192e+00 -1.035871e+01 -8.433393e+00 -8.574400e+00 -2.570132e+00 -7.701082e+00 3.578213e+00 -7.339667e+00 -5.218318e+00 -7.157244e+00 -2.401845e+00 -5.320737e+00 1.778550e+01 5.435989e-01 -1.931556e-01 -5.949907e-01 1.470768e-01 7.384757e-02 -7.001458e-01 1.262627e-01 7.166948e-01 3.985828e-03 -4.188478e-01 -4.217341e-01 -1.498633e-01 3.550208e-01 1.119763e-02 9.878432e-02 1.977213e-03 -4.814565e-02 3.224301e-02 -1.241712e-02 -1.470490e-01 7.575731e-03 1.304703e-01 2.813584e-02 -1.487940e-02 -3.349494e-02 -1.974327e-02
<VARIANCE> 39
 8.973187e+00 1.220909e+01 1.611382e+01 1.724367e+01 2.234139e+01 2.457669e+01 3.040376e+01 6.374245e+01 3.780353e+01 3.386533e+01 2.707843e+01 3.096550e+01 3.125194e+00 3.025205e-01 5.731708e-01 6.391379e-01 6.386768e-01 6.892146e-01 9.241007e-01 1.328163e+00 1.766170e+00 1.550353e+00 1.268274e+00 1.240159e+00 1.040885e+00 9.514766e-02 4.053903e-02 6.359199e-02 7.529648e-02 7.924249e-02 9.099655e-02 1.291336e-01 1.541526e-01 2.133329e-01 1.844316e-01 1.968163e-01 1.833155e-01 1.382557e-01 1.361351e-02
<GCONST> 7.700803e+01
<STATE> 3
<MEAN> 39
 -4.674745e-01 -8.008381e+00 -1.333112e+01 -1.023439e+01 -6.604649e-01 -1.221727e+01 -1.187844e+00 -7.767819e-01 4.468268e-01 -7.974411e+00 -5.153642e+00 -6.686378e+00 1.904995e+01 2.152019e-01 4.060475e-01 5.077012e-03 -3.539328e-01 -5.422489e-02 2.703566e-02 -6.756487e-01 -3.224934e-01 6.391612e-01 6.399198e-01 1.941513e-02 -3.516681e-01 -1.345521e-02 -4.440009e-02 2.057104e-02 1.041068e-01 -1.458582e-02 -5.792949e-02 9.151939e-02 2.461768e-02 -1.509829e-01 -9.515382e-02 8.032002e-02 1.253971e-01 1.738488e-02 -2.567258e-02
<VARIANCE> 39
 6.119017e+00 9.121902e+00 1.451121e+01 1.573294e+01 1.875904e+01 2.225919e+01 4.222846e+01 2.835165e+01 3.915586e+01 3.667826e+01 3.197044e+01 3.950029e+01 1.203751e+00 8.389387e-02 1.434240e-01 2.791505e-01 2.907925e-01 3.932017e-01 5.134252e-01 7.086703e-01 1.003589e+00 7.463420e-01 8.383290e-01 8.516068e-01 6.936531e-01 1.320632e-02 1.153707e-02 1.484946e-02 3.402160e-02 3.533214e-02 4.667158e-02 6.949887e-02 8.068067e-02 9.658971e-02 1.065781e-01 1.020141e-01 9.353813e-02 8.925008e-02 1.184357e-03
<GCONST> 5.262684e+01
<STATE> 4
<MEAN> 39
 -6.546399e-03 -3.535100e+00 -9.085086e+00 -1.316039e+01 -3.839786e+00 -1.001470e+01 -4.795281e+00 -7.708222e+00 2.647676e-01 -2.818919e+00 5.342318e-02 -6.867863e+00 1.837297e+01 -4.484045e-01 2.288473e-01 8.632782e-01 2.385438e-01 -1.056702e-01 4.743137e-01 3.036855e-01 -5.265081e-01 -6.112720e-01 -1.899744e-01 4.693489e-01 4.571029e-01 -2.691396e-01 -1.397718e-01 -1.241682e-01 1.145910e-02 1.244272e-01 1.306435e-01 1.123813e-01 1.793767e-01 9.045501e-02 -7.059059e-02 -1.488632e-01 -7.882252e-02 7.383858e-02 -4.786127e-02
<VARIANCE> 39
 6.517877e+00 7.134993e+00 2.035482e+01 1.626752e+01 1.914589e+01 2.664890e+01 3.142104e+01 2.808124e+01 3.244012e+01 4.047936e+01 4.004337e+01 3.781654e+01 1.689019e+00 2.755378e-01 3.989719e-01 4.266652e-01 6.036026e-01 8.327349e-01 1.106258e+00 1.239828e+00 1.299356e+00 1.248053e+00 1.246289e+00 1.237628e+00 1.104100e+00 3.811190e-02 2.493490e-02 3.915941e-02 7.901990e-02 7.492582e-02 1.012048e-01 1.653886e-01 1.732833e-01 1.997640e-01 2.155651e-01 2.096535e-01 1.775973e-01 1.671989e-01 2.912753e-03
<GCONST> 7.171408e+01
<TRANSP> 5
 0.000000e+00 1.000000e+00 0.000000e+00 0.000000e+00 0.000000e+00
 0.000000e+00 8.838992e-01 1.161008e-01 0.000000e+00 0.000000e+00
 0.000000e+00 0.000000e+00 8.952447e-01 1.047553e-01 0.000000e+00
 0.000000e+00 0.000000e+00 0.000000e+00 8.605510e-01 1.394490e-01
 0.000000e+00 0.000000e+00 0.000000e+00 0.000000e+00 0.000000e+00
<ENDHMM>
~h "sp"
<BEGINHMM>
<NUMSTATES> 5
<STATE> 2
~s "silst"
<STATE> 3
<MEAN> 39
 -7.726971e+00 -6.415254e+00 -6.168171e+00 -9.673269e+00 -1.396343e+00 -4.085715e+00 -7.182963e-01 -8.587036e+00 -2.863036e+00 -5.595197e+00 9.128728e-01 -4.067609e+00 1.481092e+01 -7.391494e-02 3.747274e-03 -8.558073e-02 8.578269e-03 -1.759163e-02 1.644575e-02 -1.998556e-02 2.402022e-02 -1.143417e-02 1.440888e-02 3.217954e-02 2.986163e-02 -7.383816e-03 5.285652e-02 6.861576e-02 5.571790e-02 -9.178658e-03 -2.943491e-03 -4.428017e-02 -2.725239e-02 -1.287035e-02 -4.872971e-03 -1.494762e-02 -2.815682e-02 -2.827504e-02 3.854450e-02
<VARIANCE> 39
 5.454209e+00 6.037354e+00 8.688845e+00 1.034818e+01 1.435255e+01 1.569254e+01 1.537653e+01 1.667115e+01 1.749024e+01 1.640037e+01 1.597263e+01 1.391532e+01 1.106341e+00 1.419963e-01 2.229168e-01 3.353553e-01 4.283185e-01 5.621892e-01 6.786485e-01 6.495878e-01 7.063710e-01 7.264615e-01 6.482403e-01 6.397471e-01 5.652744e-01 5.405148e-03 3.063262e-02 5.019350e-02 6.907000e-02 9.014475e-02 1.130517e-01 1.406229e-01 1.272795e-01 1.419406e-01 1.447862e-01 1.222628e-01 1.224121e-01 1.125804e-01 3.715812e-03
<GCONST> 5.404583e+01
<STATE> 4
<MEAN> 39
 -8.155188e+00 -5.181468e+00 -6.107516e+00 -9.106448e+00 -1.792135e+00 -3.957843e+00 -9.330531e-01 -8.349440e+00 -2.952743e+00 -5.619666e+00 7.314016e-01 -4.158497e+00 1.511640e+01 2.240705e-01 1.984567e-01 4.546478e-02 -1.886527e-01 -6.881808e-02 -2.455001e-01 -4.159678e-02 6.653559e-02 -2.801214e-02 -7.567373e-02 -1.897188e-01 -4.792802e-02 2.089627e-01 2.132190e-01 4.213583e-02 3.216156e-02 -1.732008e-01 -1.105196e-01 -2.079940e-01 -2.045665e-02 1.550501e-02 9.438194e-03 -5.300423e-03 -1.201587e-01 -9.219351e-02 1.219830e-01
<VARIANCE> 39
 1.171671e+01 1.092631e+01 1.590782e+01 1.467850e+01 1.864432e+01 1.857729e+01 1.813431e+01 2.034970e+01 2.071690e+01 1.966661e+01 1.881937e+01 1.740584e+01 1.562815e+00 5.084900e-01 4.858728e-01 5.912264e-01 7.585325e-01 8.053982e-01 8.752986e-01 8.018333e-01 1.122497e+00 1.015546e+00 8.645658e-01 8.946801e-01 7.523971e-01 4.369630e-02 6.811298e-02 1.107203e-01 1.627930e-01 1.352422e-01 1.744899e-01 1.824869e-01 1.700552e-01 2.277213e-01 2.011121e-01 1.803721e-01 1.788783e-01 1.550445e-01 8.499159e-03
<GCONST> 7.260664e+01
<TRANSP> 5
 0.000000e+00 7.738299e-01 2.261701e-01 0.000000e+00 0.000000e+00
 0.000000e+00 7.637241e-01 2.362758e-01 0.000000e+00 0.000000e+00
 0.000000e+00 0.000000e+00 8.416098e-01 1.583902e-01 0.000000e+00
 0.000000e+00 0.000000e+00 0.000000e+00 4.758251e-01 5.241748e-01
 0.000000e+00 0.000000e+00 0.000000e+00 0.000000e+00 0.000000e+00
<ENDHMM>
~h "seven"
<BEGINHMM>
<NUMSTATES> 5
<STATE> 2
<MEAN> 39
 -8.495875e+00 -4.391681e+00 -6.887363e+00 -8.879665e+00 -3.079646e+00 -3.928263e+00 -8.605841e-01 -8.044297e+00 -2.599426e+00 -4.607870e+00 -3.084978e-01 -3.662480e+00 1.510565e+01 8.150921e-01 1.393292e-01 7.117642e-01 -1.205850e+00 -9.613519e-01 -8.716893e-01 8.126463e-01 -1.208087e-01 3.278081e-01 6.692526e-02 -6.834677e-01 -5.772206e-01 5.957299e-01 8.832011e-02 -8.162697e-02 1.738818e-02 -3.069015e-01 -2.430666e-01 -1.846297e-02 2.781260e-01 6.087580e-02 1.719251e-02 -9.992673e-02 -1.717093e-01 -1.846532e-01 1.535242e-01
<VARIANCE> 39
 8.536551e+00 7.750554e+00 1.344331e+01 1.183108e+01 1.771453e+01 1.759138e+01 1.702419e+01 1.770223e+01 1.840951e+01 2.124132e+01 1.744139e+01 1.609734e+01 1.586715e+00 5.277038e-01 4.586612e-01 6.724294e-01 1.057423e+00 1.230234e+00 1.499900e+00 1.271758e+00 1.060638e+00 1.125970e+00 2.149213e+00 1.063441e+00 1.120355e+00 9.366454e-02 7.636173e-02 6.084163e-02 1.066985e-01 1.164766e-01 1.946717e-01 2.100983e-01 1.552343e-01 1.609039e-01 1.744409e-01 2.075840e-01 1.398570e-01 1.795859e-01 8.216897e-03
<GCONST> 7.384953e+01
<STATE> 3
<MEAN> 39
 -5.620558e+00 -7.276859e+00 -5.250762e+00 -1.604618e+01 -6.274222e+00 -4.667677e+00 4.876926e+00 -8.591729e+00 -2.690970e+00 -6.907763e+00 -4.065456e+00 -6.561551e+00 1.899314e+01 1.645464e-01 -2.800604e-01 8.920761e-02 7.704540e-02 -1.900288e-02 -6.146155e-02 2.242699e-01 2.580649e-01 -3.075409e-01 -4.740914e-02 -3.571034e-02 -8.482046e-02 1.090897e-01 -3.395329e-02 8.591459e-02 2.139041e-02 3.048129e-01 1.526451e-01 -4.483248e-02 -2.668983e-01 4.366374e-02 -2.238025e-02 2.506195e-02 1.874861e-01 6.730733e-02 -1.314969e-01
<VARIANCE> 39
 9.576514e+00 1.253470e+01 9.186071e+00 1.781179e+01 4.679939e+01 3.919323e+01 3.165802e+01 3.892719e+01 4.718175e+01 5.868353e+01 3.278350e+01 3.210286e+01 1.222295e+00 4.162060e-01 5.821463e-01 4.606093e-01 1.460327e+00 1.584362e+00 1.615324e+00 1.714190e+00 1.085269e+00 1.331122e+00 1.764883e+00 1.763998e+00 1.281365e+00 1.980791e-01 8.194580e-02 8.868983e-02 9.335309e-02 1.098958e-01 2.583796e-01 2.719054e-01 1.743870e-01 1.619602e-01 2.028242e-01 2.419028e-01 2.295376e-01 1.865422e-01 5.765260e-03
<GCONST> 8.402855e+01
<STATE> 4
<MEAN> 39
 -3.185769e+00 -3.938695e+00 -1.910523e+00 -9.684559e+00 -3.768057e+00 -7.983230e+00 -7.116676e-01 -8.197598e+00 -4.089980e+00 -6.804118e+00 -1.674862e+00 -6.926739e+00 1.712911e+01 7.660791e-02 3.158320e-01 1.923709e-01 2.327622e-01 3.694831e-01 3.771961e-02 -3.805917e-01 -3.252512e-01 3.743403e-02 -5.866538e-02 1.039937e-01 1.138795e-02 -9.801253e-02 -4.911511e-02 -6.733709e-02 -6.076078e-02 -7.521728e-02 -3.407879e-03 1.097722e-01 1.019497e-01 -2.223116e-02 1.813289e-02 1.356513e-02 -3.582416e-02 2.877346e-02 1.414287e-02
<VARIANCE> 39
 4.911082e+00 1.057902e+01 9.976980e+00 1.378520e+01 2.805849e+01 3.163731e+01 2.620234e+01 4.113734e+01 3.353584e+01 3.630809e+01 3.293136e+01 2.937820e+01 1.632460e+00 1.996268e-01 4.445527e-01 4.923050e-01 8.804929e-01 1.352320e+00 1.223259e+00 1.631818e+00 1.282827e+00 1.374209e+00 1.402109e+00 1.257072e+00 9.519221e-01 8.840656e-02 3.585986e-02 7.902441e-02 8.631984e-02 1.507819e-01 2.420738e-01 2.046754e-01 2.837350e-01 2.286172e-01 2.330112e-01 2.445281e-01 2.159444e-01 1.496605e-01 1.487071e-02
<GCONST> 7.873240e+01
<TRANSP> 5
 0.000000e+00 1.000000e+00 0.000000e+00 0.000000e+00 0.000000e+00
 0.000000e+00 7.249091e-01 2.750908e-01 0.000000e+00 0.000000e+00
 0.000000e+00 0.000000e+00 8.979806e-01 1.020194e-01 0.000000e+00
 0.000000e+00 0.000000e+00 0.000000e+00 9.341378e-01 6.586226e-02
 0.000000e+00 0.000000e+00 0.000000e+00 0.000000e+00 0.000000e+00
<ENDHMM>
~h "three"
<BEGINHMM>
<NUMSTATES> 5
<STATE> 2
<MEAN> 39
 -7.095225e+00 -5.455097e+00 -3.523346e+00 -1.044622e+01 -2.162712e+00 -6.212382e+00 -1.282152e+00 -8.337356e+00 -2.708701e+00 -5.570721e+00 5.538445e-01 -4.117229e+00 1.541029e+01 9.632601e-01 -5.073039e-03 1.009950e+00 1.463657e-01 -1.556546e+00 -1.049685e+00 -3.949372e-01 -8.400775e-02 1.018453e-01 -2.355386e-02 -1.590388e-01 -3.244159e-01 4.557354e-01 2.096907e-01 -1.100360e-01 1.394430e-01 5.384781e-02 -4.420282e-01 -1.873214e-01 -1.434027e-02 -2.970865e-02 8.500487e-02 4.932676e-02 -4.440685e-03 -5.364822e-02 8.096153e-02
<VARIANCE> 39
 9.312309e+00 8.462118e+00 1.213712e+01 1.354003e+01 2.086371e+01 2.123573e+01 1.925631e+01 2.110133e+01 2.186187e+01 1.914717e+01 2.304620e+01 1.708553e+01 1.768423e+00 5.391905e-01 6.456019e-01 5.927100e-01 1.178710e+00 1.599366e+00 1.834328e+00 9.061402e-01 1.227115e+00 1.319021e+00 1.019794e+00 1.504900e+00 1.301880e+00 4.923836e-02 8.670146e-02 1.045115e-01 1.110740e-01 2.099817e-01 2.037774e-01 2.780845e-01 1.766633e-01 2.248288e-01 1.994326e-01 1.744788e-01 2.279379e-01 1.961521e-01 6.674370e-03
<GCONST> 7.752233e+01
<STATE> 3
<MEAN> 39
 -2.429900e+00 -7.033178e+00 2.783763e+00 -1.151915e+01 -1.435701e+01 -9.299404e+00 -3.103585e+00 -9.415441e+00 3.132294e-01 -5.062870e+00 2.553403e-01 -5.776916e+00 1.836118e+01 -2.028807e-01 4.915664e-01 6.505573e-01 -1.182005e+00 -2.106721e-01 4.787067e-01 -8.686320e-01 1.317014e-01 3.346972e-01 -3.847449e-02 8.740560e-02 -1.395175e-01 2.040117e-01 -2.267679e-01 2.551736e-01 -2.158505e-01 -1.582810e-01 5.824221e-01 3.536637e-02 -7.611235e-02 1.224131e-01 -1.316513e-01 -2.796737e-02 1.286759e-02 4.299194e-02 -7.243760e-02
<VARIANCE> 39
 6.555336e+00 1.427222e+01 1.986156e+01 5.258938e+01 4.024282e+01 6.450607e+01 3.671479e+01 3.928366e+01 2.983530e+01 2.838198e+01 3.706774e+01 3.403776e+01 1.332883e+00 8.180172e-01 1.501094e+00 9.341015e-01 2.651613e+00 4.865777e+00 3.161764e+00 2.308916e+00 2.006824e+00 1.235912e+00 1.071268e+00 1.067650e+00 1.064910e+00 6.065011e-02 6.842909e-02 1.135317e-01 1.817330e-01 4.039183e-01 3.609760e-01 7.235537e-01 3.908255e-01 2.783704e-01 2.439471e-01 1.714427e-01 1.622050e-01 1.586369e-01 3.673453e-03
<GCONST> 9.198600e+01
<STATE> 4
<MEAN> 39
 -6.654454e+00 3.478122e+00 -8.231804e-01 -1.714922e+01 -2.254344e+00 -1.165574e+01 -6.483170e+00 -7.861719e+00 -3.020876e+00 -5.295078e+00 -2.579797e-01 -6.436449e+00 1.799180e+01 1.496943e-02 1.722385e-01 -6.310080e-01 7.338042e-01 7.424778e-01 -2.824784e-01 5.346460e-01 -1.269035e-01 -4.037174e-01 -1.507043e-02 -1.245099e-01 1.451584e-02 -1.673180e-01 7.429071e-02 -2.958575e-01 2.495626e-02 1.883349e-01 -2.175957e-01 2.043568e-01 1.625743e-01 -7.333424e-02 8.866520e-02 4.117509e-03 1.516016e-02 1.772914e-02 -3.037340e-02
<VARIANCE> 39
 7.808208e+00 1.681268e+01 2.015392e+01 3.279254e+01 2.693081e+01 2.912102e+01 5.008625e+01 4.825069e+01 3.388476e+01 3.968268e+01 4.208381e+01 3.668809e+01 1.525095e+00 3.011904e-01 1.717628e+00 6.671792e-01 1.094622e+00 1.850418e+00 2.354938e+00 1.455286e+00 1.687527e+00 1.307502e+00 1.236203e+00 8.841069e-01 8.954945e-01 2.668044e-02 4.276421e-02 9.192353e-02 9.195287e-02 2.202066e-01 1.831383e-01 2.297305e-01 2.753310e-01 2.450160e-01 1.832425e-01 1.671641e-01 1.384584e-01 1.334977e-01 2.377296e-03
<GCONST> 8.166942e+01
<TRANSP> 5
 0.000000e+00 1.000000e+00 0.000000e+00 0.000000e+00 0.000000e+00
 0.000000e+00 7.666297e-01 2.333703e-01 0.000000e+00 0.000000e+00
 0.000000e+00 0.000000e+00 8.835337e-01 1.164663e-01 0.000000e+00
 0.000000e+00 0.000000e+00 0.000000e+00 9.112522e-01 8.874780e-02
 0.000000e+00 0.000000e+00 0.000000e+00 0.000000e+00 0.000000e+00
<ENDHMM>
~h "one"
<BEGINHMM>
<NUMSTATES> 5
<STATE> 2
<MEAN> 39
 -6.544564e-01 -3.833438e+00 -9.250101e+00 -1.275874e+01 -1.590143e+00 -5.544802e+00 -2.015633e+00 -8.872786e+00 -2.711531e+00 -6.728082e+00 -1.539374e+00 -7.280129e+00 1.770831e+01 2.875973e-01 -3.986042e-01 -8.648940e-01 4.561705e-01 4.857895e-01 3.167808e-02 -2.968985e-01 2.283496e-01 2.024482e-01 -3.070963e-01 -3.884402e-01 -2.644078e-01 2.413884e-01 -1.152074e-01 -1.421735e-01 5.736268e-02 2.619378e-01 3.401573e-03 -1.198697e-01 -1.110713e-02 9.157506e-02 -1.411684e-02 -9.363538e-02 9.903421e-03 8.103271e-02 -2.022327e-02
<VARIANCE> 39
 8.038624e+00 9.334366e+00 2.900987e+01 2.295702e+01 2.849224e+01 2.529350e+01 2.291797e+01 2.066235e+01 2.831967e+01 2.403761e+01 2.960722e+01 2.874619e+01 2.342129e+00 4.613114e-01 8.094317e-01 8.818165e-01 2.255957e+00 1.372179e+00 1.453871e+00 1.269045e+00 1.074980e+00 1.135370e+00 1.037197e+00 1.101088e+00 1.044697e+00 4.751868e-02 4.668723e-02 6.291346e-02 1.897806e-01 2.178856e-01 2.633770e-01 2.491588e-01 2.389241e-01 1.815510e-01 2.009194e-01 1.708432e-01 1.897655e-01 1.842370e-01 5.144313e-03
<GCONST> 8.044553e+01
<STATE> 3
<MEAN> 39
 -2.461847e+00 -1.071689e+01 -1.068557e+01 -1.694628e+00 -7.064698e-01 -9.456389e+00 -2.183847e+00 -4.347919e+00 -3.734241e+00 -1.167643e+01 -2.301138e+00 -6.138751e+00 1.853530e+01 -6.005871e-01 -3.283151e-01 1.362208e+00 4.930499e-01 -1.342409e+00 -2.684097e-01 1.167318e+00 -1.547165e-01 -8.946134e-01 -3.542604e-02 5.687455e-01 8.894602e-02 -5.258536e-02 3.070405e-02 3.174815e-01 2.357423e-01 -5.785792e-01 -1.008387e-01 3.692866e-01 5.823231e-02 -4.281111e-01 2.283808e-02 3.677007e-01 2.883797e-02 -1.662478e-01 -2.945915e-02
<VARIANCE> 39
 6.287763e+00 9.762755e+00 1.933772e+01 2.357980e+01 2.804209e+01 1.745755e+01 3.859632e+01 3.229681e+01 4.636189e+01 3.765444e+01 3.399902e+01 3.366189e+01 1.534324e+00 1.587193e-01 5.549766e-01 6.164373e-01 1.907829e+00 7.428040e-01 1.785465e+00 1.008571e+00 2.288327e+00 1.213094e+00 1.907359e+00 1.037378e+00 1.294243e+00 8.655534e-03 2.489619e-02 5.255586e-02 1.039782e-01 1.215888e-01 3.041518e-01 1.554547e-01 3.930552e-01 1.810535e-01 3.390562e-01 2.060515e-01 2.670410e-01 1.716114e-01 8.592042e-04
<GCONST> 7.590198e+01
<STATE> 4
<MEAN> 39
 -3.913323e+00 -4.779228e+00 -1.462260e+00 -8.975340e+00 -3.540749e+00 -6.257935e+00 -2.204375e+00 -1.216997e+01 -4.820899e+00 -8.556168e+00 -2.778762e+00 -8.311522e+00 1.772946e+01 1.055201e-01 7.658153e-01 4.227933e-01 -5.452497e-01 4.183526e-01 3.636403e-02 -5.037226e-01 -3.381228e-01 9.290502e-02 1.951128e-01 -1.043739e-01 1.182153e-01 -1.382514e-01 7.035961e-03 -1.020738e-01 -2.092249e-01 1.500562e-01 1.172628e-01 -2.242472e-02 -5.744012e-03 1.782585e-01 2.414110e-02 -9.628972e-02 3.800493e-02 8.245409e-02 -1.362888e-02
<VARIANCE> 39
 6.785542e+00 2.236886e+01 1.041994e+01 1.887465e+01 1.998192e+01 4.473385e+01 3.525925e+01 3.439383e+01 4.206197e+01 4.567900e+01 3.299589e+01 3.663829e+01 1.281373e+00 2.678373e-01 7.954381e-01 8.524652e-01 1.232568e+00 8.605177e-01 1.864878e+00 1.199419e+00 1.376605e+00 1.559170e+00 1.450737e+00 9.806973e-01 9.602556e-01 1.541585e-02 5.270670e-02 1.139353e-01 8.361858e-02 1.244504e-01 1.868193e-01 3.086425e-01 2.557349e-01 1.824694e-01 2.297078e-01 2.213211e-01 1.668884e-01 1.644019e-01 2.599362e-03
<GCONST> 7.871915e+01
<TRANSP> 5
 0.000000e+00 1.000000e+00 0.000000e+00 0.000000e+00 0.000000e+00
 0.000000e+00 8.988138e-01 1.011862e-01 0.000000e+00 0.000000e+00
 0.000000e+00 0.000000e+00 8.307401e-01 1.692599e-01 0.000000e+00
 0.000000e+00 0.000000e+00 0.000000e+00 9.011435e-01 9.885653e-02
 0.000000e+00 0.000000e+00 0.000000e+00 0.000000e+00 0.000000e+00
<ENDHMM>
~h "sil"
<BEGINHMM>
<NUMSTATES> 5
<STATE> 2
<MEAN> 39
 -6.641212e+00 -6.326875e+00 -4.670640e+00 -8.725258e+00 1.260218e-01 -3.358651e+00 2.581185e-02 -8.802144e+00 -2.718361e+00 -5.768340e+00 5.580163e-01 -4.300220e+00 1.470187e+01 -7.233676e-02 -2.164436e-02 -9.353298e-04 5.793371e-02 8.879730e-02 6.327503e-02 8.020041e-02 2.432652e-02 -1.199852e-02 1.262247e-02 6.416455e-03 1.440246e-02 -2.457977e-02 -4.371045e-02 -6.334660e-02 -1.151750e-01 -1.466176e-01 -1.387697e-01 -1.245638e-01 -5.123579e-02 1.809791e-02 -6.988809e-03 9.920666e-03 3.637822e-02 2.892594e-02 -1.523853e-05
<VARIANCE> 39
 4.408556e+00 4.835422e+00 6.180264e+00 7.821517e+00 1.201896e+01 1.384264e+01 1.561973e+01 1.666738e+01 1.586051e+01 1.437125e+01 1.615926e+01 1.354169e+01 1.189872e+00 9.803284e-02 1.856325e-01 3.008120e-01 4.129834e-01 5.287994e-01 6.650011e-01 6.845339e-01 7.557010e-01 7.555672e-01 6.221312e-01 6.619040e-01 5.705295e-01 8.502113e-03 1.169256e-02 2.383188e-02 3.987735e-02 5.137549e-02 7.284618e-02 1.004339e-01 1.059587e-01 1.316300e-01 1.122782e-01 9.580074e-02 1.083539e-01 9.759530e-02 6.913302e-04
<GCONST> 4.606526e+01
<STATE> 3
~s "silst"
<STATE> 4
<MEAN> 39
 -7.415650e+00 -7.396840e+00 -6.424808e+00 -1.083993e+01 -1.659155e+00 -4.880511e+00 -6.055531e-01 -8.472843e+00 -2.623000e+00 -5.493885e+00 1.219375e+00 -3.975695e+00 1.448143e+01 4.165919e-03 1.420461e-02 -1.979443e-02 -2.083500e-02 -4.670028e-02 -2.288008e-02 -4.459041e-02 -1.633260e-02 -1.367209e-02 -8.039595e-03 -6.180497e-03 -1.253059e-02 7.636918e-04 2.756815e-02 4.675198e-02 7.120903e-02 8.500658e-02 7.774807e-02 6.907354e-02 2.568164e-02 -4.538138e-03 6.535524e-03 -1.065759e-02 -3.075152e-02 -1.999217e-02 6.400688e-03
<VARIANCE> 39
 3.221773e+00 3.749496e+00 6.008056e+00 7.784376e+00 1.196008e+01 1.333759e+01 1.474285e+01 1.582378e+01 1.708107e+01 1.462425e+01 1.529562e+01 1.312590e+01 1.011979e+00 6.633147e-02 1.505684e-01 2.651613e-01 3.845571e-01 4.846365e-01 6.705733e-01 6.164551e-01 7.103876e-01 6.711476e-01 5.730768e-01 6.715814e-01 5.993562e-01 2.696337e-03 1.196452e-02 2.577242e-02 3.954920e-02 5.696012e-02 7.875071e-02 1.155846e-01 1.080403e-01 1.269942e-01 1.276381e-01 9.950947e-02 1.138082e-01 1.089978e-01 7.777805e-04
<GCONST> 4.366980e+01
<TRANSP> 5
 0.000000e+00 1.000000e+00 0.000000e+00 0.000000e+00 0.000000e+00
 0.000000e+00 6.995955e-01 3.422810e-02 2.661764e-01 0.000000e+00
 0.000000e+00 0.000000e+00 7.853898e-01 2.146102e-01 0.000000e+00
 0.000000e+00 1.201270e-01 0.000000e+00 8.277102e-01 5.216285e-02
 0.000000e+00 0.000000e+00 0.000000e+00 0.000000e+00 0.000000e+00
<ENDHMM>
~h "six"
<BEGINHMM>
<NUMSTATES> 5
<STATE> 2
<MEAN> 39
 -8.858962e+00 -4.349001e+00 -7.220406e+00 -8.610085e+00 -2.912526e+00 -3.958444e+00 -1.950688e+00 -8.188163e+00 -3.510396e+00 -4.091245e+00 1.230022e-01 -3.105032e+00 1.486332e+01 6.650156e-01 6.555360e-01 1.164510e+00 -1.303934e+00 -1.097163e+00 -1.168746e+00 3.107072e-02 -1.408921e-01 3.902650e-01 3.531286e-01 -4.981223e-01 -4.255197e-01 6.035167e-01 8.327873e-02 1.193492e-01 2.459426e-01 -4.826517e-01 -2.946307e-01 -1.985861e-01 4.272136e-02 6.824929e-02 1.954584e-01 1.134732e-02 -1.349017e-01 -2.281595e-01 1.516990e-01
<VARIANCE> 39
 6.979326e+00 7.671956e+00 1.227328e+01 1.126121e+01 1.809934e+01 1.837690e+01 1.493929e+01 1.829175e+01 1.973913e+01 2.817368e+01 1.918983e+01 1.700135e+01 1.698263e+00 3.566190e-01 4.618380e-01 8.839318e-01 1.146988e+00 1.073897e+00 1.305253e+00 9.523440e-01 7.968562e-01 1.393791e+00 2.208244e+00 1.063162e+00 1.268058e+00 8.151051e-02 6.100687e-02 5.638984e-02 1.168550e-01 9.658185e-02 1.988336e-01 1.976436e-01 1.472680e-01 1.721953e-01 1.879426e-01 2.327463e-01 1.734006e-01 1.721539e-01 7.732519e-03
<GCONST> 7.325917e+01
<STATE> 3
<MEAN> 39
 -6.469870e+00 -1.096185e+00 -8.962461e-01 -2.004431e+01 -7.922577e+00 -8.800584e+00 -2.387522e+00 -6.387278e+00 1.554074e-01 -3.725359e+00 -2.564731e+00 -7.360055e+00 1.833896e+01 3.107547e-02 -7.172430e-02 2.503870e-01 -3.213498e-01 3.357402e-01 1.971601e-01 -2.714444e-01 1.804255e-01 5.437260e-02 -1.886477e-01 1.694661e-01 -1.589598e-02 -3.078786e-02 -5.703532e-02 -2.030494e-01 -2.627076e-01 4.816484e-01 2.889405e-01 2.277366e-01 6.281535e-02 -8.941995e-02 -1.398301e-01 -6.220385e-02 1.534239e-01 1.660721e-01 -1.668651e-01
<VARIANCE> 39
 7.645300e+00 9.660522e+00 1.646259e+01 2.365877e+01 5.791564e+01 3.074006e+01 3.696761e+01 2.462822e+01 3.486499e+01 5.891479e+01 3.514668e+01 3.731207e+01 1.382584e+00 3.557817e-01 6.569433e-01 1.082296e+00 3.252680e+00 2.410891e+00 1.820360e+00 1.739756e+00 1.332924e+00 1.895264e+00 2.008227e+00 1.873671e+00 1.913594e+00 2.985013e-01 6.790561e-02 6.643309e-02 1.606465e-01 2.297788e-01 3.039578e-01 3.150532e-01 3.799704e-01 2.252160e-01 2.866907e-01 3.422566e-01 2.610406e-01 2.538996e-01 1.161421e-02
<GCONST> 9.190709e+01
<STATE> 4
<MEAN> 39
 -7.553616e+00 -6.158453e+00 -4.831906e+00 -1.055414e+01 -2.319511e+00 -3.491442e+00 -1.548508e+00 -8.835792e+00 -2.065901e+00 -5.480790e+00 8.729661e-01 -4.258861e+00 1.458922e+01 -2.501500e-01 -5.480226e-01 -8.192477e-01 1.109457e+00 2.360349e-01 3.472687e-01 6.099959e-01 -3.186933e-01 -2.248885e-01 -1.158495e-02 9.704395e-02 1.871919e-01 -3.257187e-01 -5.652332e-02 1.314314e-01 1.314157e-01 -3.079064e-01 -2.221707e-01 -1.181937e-01 -5.557843e-02 1.327536e-01 7.297956e-02 6.941963e-02 -1.217839e-01 -9.855658e-02 1.039699e-01
<VARIANCE> 39
 7.783869e+00 8.082473e+00 1.297684e+01 1.356236e+01 2.135303e+01 1.714553e+01 1.973077e+01 1.867703e+01 1.863170e+01 1.822832e+01 1.783473e+01 1.485603e+01 1.422210e+00 3.586988e-01 8.571439e-01 1.022592e+00 1.384734e+00 2.003986e+00 1.427548e+00 1.630240e+00 1.195173e+00 1.126874e+00 1.171603e+00 1.051636e+00 9.195166e-01 1.139067e-01 5.631234e-02 8.915822e-02 1.690052e-01 1.730742e-01 2.669965e-01 1.861943e-01 2.462358e-01 1.883901e-01 1.873222e-01 1.826732e-01 1.811391e-01 1.643861e-01 1.058871e-02
<GCONST> 7.718464e+01
<TRANSP> 5
 0.000000e+00 1.000000e+00 0.000000e+00 0.000000e+00 0.000000e+00
 0.000000e+00 7.228464e-01 2.771536e-01 0.000000e+00 0.000000e+00
 0.000000e+00 0.000000e+00 8.895324e-01 1.104676e-01 0.000000e+00
 0.000000e+00 0.000000e+00 0.000000e+00 8.258117e-01 1.741883e-01
 0.000000e+00 0.000000e+00 0.000000e+00 0.000000e+00 0.000000e+00
<ENDHMM>
~h "two"
<BEGINHMM>
<NUMSTATES> 5
<STATE> 2
<MEAN> 39
 -1.097740e+01 -3.357577e+00 -6.999300e+00 -1.048160e+01 -1.192387e+00 -3.907826e+00 -1.889597e+00 -7.543082e+00 -2.371738e+00 -5.635973e+00 1.201007e+00 -3.321882e+00 1.502940e+01 3.797362e-01 6.188719e-01 8.719534e-01 -5.290015e-01 -2.502575e-01 -3.230152e-01 -4.509459e-01 -1.677487e-01 7.097831e-02 -2.045621e-02 -2.109914e-01 -3.023523e-01 2.996740e-01 2.881930e-01 4.930150e-02 2.955079e-01 -1.350407e-01 -1.722037e-01 -2.169819e-01 -1.048215e-01 -1.167049e-01 -1.942416e-02 5.018026e-03 -7.831185e-02 -1.603911e-01 8.590371e-02
<VARIANCE> 39
 8.553721e+00 8.524829e+00 1.240450e+01 1.239432e+01 1.835259e+01 2.242397e+01 1.888981e+01 2.124338e+01 2.060137e+01 2.299161e+01 2.416097e+01 1.926583e+01 9.103695e-01 1.402481e+00 5.491356e-01 1.373674e+00 8.211702e-01 1.315420e+00 1.274465e+00 9.655249e-01 1.182093e+00 1.136240e+00 1.270361e+00 1.754191e+00 1.064745e+00 6.962660e-02 1.245907e-01 1.130717e-01 1.276060e-01 1.280456e-01 2.369078e-01 2.030864e-01 1.729117e-01 2.180932e-01 2.179151e-01 1.941451e-01 3.444133e-01 1.551705e-01 8.048354e-03
<GCONST> 7.845856e+01
<STATE> 3
<MEAN> 39
 -4.648288e+00 1.228183e+00 1.850109e+00 -1.542433e+01 -6.805748e+00 -9.846854e+00 -6.677170e+00 -1.048505e+01 -2.475338e+00 -5.215052e+00 -1.104957e+00 -7.257870e+00 1.836806e+01 6.923776e-01 5.796173e-01 7.978258e-01 -5.885504e-01 -1.201135e+00 -1.140381e+00 -6.031590e-01 -3.034352e-01 -6.942441e-02 1.189654e-01 -2.480246e-01 -6.656327e-01 4.708661e-01 -2.536096e-01 -2.297741e-01 -4.308540e-01 2.931428e-01 2.575269e-01 2.237021e-01 2.358919e-01 1.516494e-01 -1.398932e-02 -2.593804e-03 1.510818e-01 1.809739e-01 -1.419849e-01
<VARIANCE> 39
 7.424709e+00 8.097323e+00 1.366970e+01 2.250453e+01 4.002557e+01 2.586476e+01 2.813182e+01 2.422129e+01 3.111258e+01 5.446286e+01 4.335265e+01 4.773278e+01 1.095611e+00 5.788425e-01 6.210280e-01 9.742621e-01 1.431448e+00 1.263168e+00 1.161615e+00 1.657462e+00 1.526203e+00 1.881161e+00 2.021506e+00 2.465435e+00 1.853101e+00 8.512403e-02 6.075545e-02 5.576290e-02 8.108509e-02 1.285041e-01 2.109135e-01 1.815067e-01 2.037272e-01 1.909452e-01 2.128676e-01 2.714020e-01 2.889812e-01 2.211596e-01 7.067477e-03
<GCONST> 8.382788e+01
<STATE> 4
<MEAN> 39
 -3.102784e+00 -1.897380e-01 -1.374727e-01 -1.321042e+01 -6.946023e+00 -1.164634e+01 -5.775789e+00 -9.805727e+00 -2.903091e+00 -5.476461e+00 -1.932728e-01 -7.504775e+00 1.816781e+01 1.127639e-01 -2.575761e-01 -2.806534e-01 5.168990e-01 3.794517e-01 1.873918e-01 1.933842e-01 3.166087e-04 -1.185160e-01 -4.057860e-02 1.187150e-01 1.975373e-01 -1.495253e-01 -6.869455e-02 -5.460898e-02 -3.588293e-02 1.172535e-02 9.939906e-02 1.413564e-01 8.261582e-02 2.171285e-02 2.316243e-02 6.065833e-03 -4.960369e-03 4.976965e-02 -4.284706e-02
<VARIANCE> 39
 6.108473e+00 8.095737e+00 1.246253e+01 2.969377e+01 3.257385e+01 2.208698e+01 3.280032e+01 3.332328e+01 4.011480e+01 4.308105e+01 5.289236e+01 4.150959e+01 1.404568e+00 1.879423e-01 1.874665e-01 3.977810e-01 6.549667e-01 9.244555e-01 1.012424e+00 9.926906e-01 1.115588e+00 9.949263e-01 1.078845e+00 1.099207e+00 1.027442e+00 2.500256e-02 2.766004e-02 3.051414e-02 5.482536e-02 9.133018e-02 1.089505e-01 1.379412e-01 1.413702e-01 1.710156e-01 1.639521e-01 1.649956e-01 1.635410e-01 1.557676e-01 2.922731e-03
<GCONST> 6.899484e+01
<TRANSP> 5
 0.000000e+00 1.000000e+00 0.000000e+00 0.000000e+00 0.000000e+00
 0.000000e+00 8.358990e-01 1.641010e-01 0.000000e+00 0.000000e+00
 0.000000e+00 0.000000e+00 7.626726e-01 2.373274e-01 0.000000e+00
 0.000000e+00 0.000000e+00 0.000000e+00 9.135613e-01 8.643861e-02
 0.000000e+00 0.000000e+00 0.000000e+00 0.000000e+00 0.000000e+00
<ENDHMM>
~h "nine"
<BEGINHMM>
<NUMSTATES> 5
<STATE> 2
<MEAN> 39
 -4.477883e+00 -4.280396e+00 -2.058746e+00 -8.953191e+00 -2.955000e+00 -6.160804e+00 -1.524191e+00 -1.110568e+01 -4.999815e+00 -8.039678e+00 -2.872706e+00 -7.761674e+00 1.751597e+01 -1.349102e-01 -6.612661e-01 -2.183288e-01 4.838668e-01 -4.913103e-01 1.841575e-01 3.808596e-01 -1.995048e-01 -4.500172e-02 -1.577042e-01 -1.853967e-01 -1.365994e-01 2.483278e-01 -3.680416e-02 -1.258914e-01 -7.332826e-02 1.172364e-01 1.439549e-02 -9.093290e-03 3.968414e-02 2.716583e-02 8.746310e-03 3.770422e-03 7.329478e-02 3.333995e-02 -8.343219e-03
<VARIANCE> 39
 8.945640e+00 1.985066e+01 1.541699e+01 1.667456e+01 2.856796e+01 2.887458e+01 3.185357e+01 2.746282e+01 4.723086e+01 3.533311e+01 3.015369e+01 3.251007e+01 2.378480e+00 5.354842e-01 1.572471e+00 1.159379e+00 1.101414e+00 1.139238e+00 1.437786e+00 1.639406e+00 1.277570e+00 1.527410e+00 1.144700e+00 1.230980e+00 1.033804e+00 3.757548e-02 6.556305e-02 1.788885e-01 1.353257e-01 1.394739e-01 2.021405e-01 2.206375e-01 2.424871e-01 1.845852e-01 2.004171e-01 1.627387e-01 1.756394e-01 1.456150e-01 5.075356e-03
<GCONST> 8.288849e+01
<STATE> 3
<MEAN> 39
 -6.319233e+00 -1.161026e+01 -4.885319e+00 -2.658726e+00 -5.685589e+00 -5.298134e+00 1.769178e+00 -1.131945e+01 -5.589696e+00 -9.007687e+00 -1.670417e+00 -7.667823e+00 1.861190e+01 -1.101183e-01 9.048451e-02 2.333842e-01 -2.357092e-01 -3.018230e-02 2.149334e-01 -9.563231e-02 -9.264656e-02 1.920988e-01 5.879479e-02 -5.338029e-02 4.219313e-02 -2.127649e-02 4.380184e-04 1.913701e-01 7.140429e-02 -2.423159e-01 4.130884e-02 6.763855e-02 -1.055724e-01 7.507085e-03 7.825367e-02 -1.028459e-02 -7.167422e-02 2.454804e-02 -1.454492e-02
<VARIANCE> 39
 7.249043e+00 8.564435e+00 2.453269e+01 3.199489e+01 1.891818e+01 3.063138e+01 3.082820e+01 3.407084e+01 4.352879e+01 4.171790e+01 2.829376e+01 3.050845e+01 1.016189e+00 8.282008e-02 3.645474e-01 4.056562e-01 1.100065e+00 4.857696e-01 6.199468e-01 5.453117e-01 5.077668e-01 6.397896e-01 6.626590e-01 6.732423e-01 5.376075e-01 4.760968e-03 1.096892e-02 2.987277e-02 4.060022e-02 5.464369e-02 7.158533e-02 7.021348e-02 7.364161e-02 7.975048e-02 8.157691e-02 8.664168e-02 7.796600e-02 7.892349e-02 3.958098e-04
<GCONST> 5.361594e+01
<STATE> 4
<MEAN> 39
 -5.690798e+00 -2.679157e+00 -1.440691e+00 -1.180772e+01 -1.631706e+00 -5.179324e+00 -3.580242e+00 -1.028359e+01 -3.126861e+00 -8.116747e+00 -3.026788e+00 -6.500549e+00 1.784029e+01 3.605415e-01 6.936811e-01 1.137492e-01 -1.477803e-01 4.934864e-01 -3.921266e-01 -3.588374e-01 2.602810e-01 -2.061805e-01 5.402618e-02 1.439577e-01 6.243241e-02 -1.355619e-01 6.211898e-05 -1.461731e-01 -6.236694e-02 1.930646e-01 -2.236908e-02 -1.339846e-02 1.218205e-01 -9.822819e-03 -7.609663e-02 3.036284e-02 8.548939e-02 -1.490898e-02 -1.689141e-02
<VARIANCE> 39
 1.220427e+01 1.779832e+01 1.177246e+01 2.303210e+01 3.344404e+01 3.436731e+01 3.189985e+01 3.043529e+01 4.905776e+01 3.961223e+01 3.841926e+01 4.239070e+01 1.058302e+00 3.995830e-01 1.005032e+00 5.671465e-01 1.798754e+00 1.336910e+00 1.419957e+00 1.420988e+00 1.292662e+00 1.609095e+00 1.138505e+00 1.083231e+00 1.029236e+00 1.250402e-02 6.890513e-02 9.235595e-02 9.032116e-02 1.628875e-01 1.864372e-01 2.512217e-01 1.807781e-01 2.048052e-01 2.444360e-01 1.962079e-01 1.785317e-01 1.437100e-01 1.880316e-03
<GCONST> 7.968924e+01
<TRANSP> 5
 0.000000e+00 1.000000e+00 0.000000e+00 0.000000e+00 0.000000e+00
 0.000000e+00 8.972392e-01 1.027608e-01 0.000000e+00 0.000000e+00
 0.000000e+00 0.000000e+00 9.141093e-01 8.589072e-02 0.000000e+00
 0.000000e+00 0.000000e+00 0.000000e+00 9.081319e-01 9.186805e-02
 0.000000e+00 0.000000e+00 0.000000e+00 0.000000e+00 0.000000e+00
<ENDHMM>
~h "five"
<BEGINHMM>
<NUMSTATES> 5
<STATE> 2
<MEAN> 39
 -4.377978e+00 -1.107488e+01 -9.828337e+00 -8.409499e+00 3.739311e-01 -7.913425e+00 3.391800e-01 -4.851199e+00 -5.072296e+00 -7.840109e+00 -1.637044e+00 -4.830139e+00 1.780029e+01 4.034254e-01 -1.160383e+00 -7.378303e-01 7.463854e-01 4.995857e-01 -6.548350e-01 3.080191e-01 4.300435e-01 -7.331963e-01 -2.421171e-01 -3.234850e-01 -1.623210e-02 5.721396e-01 -1.732382e-01 3.186814e-03 1.484049e-01 9.730827e-02 -3.548781e-03 8.733640e-02 3.246557e-02 -1.845532e-01 9.917787e-03 1.257554e-01 1.390477e-01 4.671751e-02 -6.158276e-02
<VARIANCE> 39
 1.135160e+01 1.971259e+01 2.373465e+01 1.635790e+01 1.862921e+01 2.092951e+01 2.477772e+01 5.053082e+01 3.210546e+01 2.746240e+01 2.465524e+01 1.970746e+01 4.684240e+00 7.804397e-01 5.629545e-01 1.132259e+00 9.154842e-01 7.869701e-01 9.766730e-01 9.851128e-01 2.297372e+00 1.712689e+00 1.700347e+00 1.344959e+00 1.023739e+00 1.202535e-01 9.980220e-02 1.361995e-01 1.895740e-01 1.212397e-01 1.343744e-01 1.491684e-01 1.551311e-01 3.069280e-01 2.728663e-01 1.983580e-01 1.830634e-01 1.397052e-01 3.016431e-02
<GCONST> 8.458823e+01
<STATE> 3
<MEAN> 39
 -5.817899e+00 -1.543106e+01 -8.512703e+00 -3.713422e+00 1.404987e+00 -9.084525e+00 2.520039e+00 -7.548209e+00 -7.219777e+00 -5.436742e+00 -5.004257e-01 -4.527956e+00 1.904413e+01 -1.650364e-01 9.428742e-02 4.911555e-01 -2.751080e-01 -2.727341e-01 4.475074e-01 6.618381e-02 -3.941456e-01 3.489309e-02 2.916514e-01 5.537653e-02 -7.943910e-02 -4.890518e-02 4.089049e-02 1.183061e-01 1.076717e-02 -1.974882e-01 -5.661989e-02 8.909078e-02 -2.967000e-02 2.881980e-02 5.918357e-02 -5.258282e-02 -7.536440e-02 -1.867918e-02 -1.563597e-02
<VARIANCE> 39
 9.160515e+00 9.437223e+00 2.496027e+01 2.095524e+01 1.884357e+01 2.336988e+01 1.760506e+01 3.948239e+01 4.764535e+01 4.452856e+01 2.690326e+01 2.548113e+01 1.373673e+00 9.031627e-02 1.643281e-01 2.729372e-01 6.773797e-01 5.137093e-01 5.699911e-01 5.069084e-01 5.058632e-01 6.256750e-01 5.963892e-01 5.865632e-01 4.784089e-01 5.962082e-03 1.185182e-02 2.489185e-02 3.083083e-02 4.885010e-02 5.177072e-02 5.255149e-02 5.796392e-02 6.567014e-02 8.920572e-02 8.597671e-02 6.813901e-02 7.101588e-02 9.617275e-04
<GCONST> 5.041631e+01
<STATE> 4
<MEAN> 39
 -5.480924e+00 -8.853267e+00 -3.778159e+00 -1.407507e+01 -3.534364e+00 -3.241073e+00 1.626583e+00 -8.180719e+00 -4.063294e+00 -5.385291e+00 -2.265233e+00 -5.727568e+00 1.821654e+01 1.906550e-01 1.190599e+00 3.747344e-01 -4.874026e-01 -3.553867e-01 -1.607566e-01 -3.400252e-01 2.171605e-01 5.243929e-01 -1.651237e-01 -1.294810e-02 -6.590088e-02 -2.675814e-01 -4.290354e-02 -5.292879e-02 -7.293268e-02 3.523580e-01 1.711307e-01 -1.349279e-01 -4.410329e-02 -2.970362e-02 -5.044625e-02 2.307888e-02 1.252466e-01 5.589762e-02 -5.192927e-02
<VARIANCE> 39
 8.157202e+00 2.401976e+01 1.231539e+01 2.961610e+01 4.166137e+01 2.245380e+01 2.531134e+01 3.564208e+01 4.986923e+01 2.797948e+01 2.698511e+01 3.059915e+01 1.797355e+00 2.353148e-01 5.245772e-01 5.708100e-01 2.812315e+00 1.486496e+00 1.537766e+00 9.798296e-01 1.381811e+00 1.686360e+00 1.328000e+00 1.267928e+00 9.695041e-01 4.823432e-02 4.943928e-02 1.003071e-01 8.289669e-02 2.229796e-01 2.274614e-01 2.594233e-01 1.712859e-01 2.226630e-01 2.157301e-01 1.811683e-01 2.046614e-01 1.704177e-01 4.138846e-03
<GCONST> 8.105625e+01
<TRANSP> 5
 0.000000e+00 1.000000e+00 0.000000e+00 0.000000e+00 0.000000e+00
 0.000000e+00 8.537767e-01 1.462233e-01 0.000000e+00 0.000000e+00
 0.000000e+00 0.000000e+00 9.146851e-01 8.531488e-02 0.000000e+00
 0.000000e+00 0.000000e+00 0.000000e+00 8.697945e-01 1.302055e-01
 0.000000e+00 0.000000e+00 0.000000e+00 0.000000e+00 0.000000e+00
<ENDHMM>
~h "four"
<BEGINHMM>
<NUMSTATES> 5
<STATE> 2
<MEAN> 39
 -6.888239e+00 -6.618974e+00 -5.502602e+00 -9.733116e+00 -1.559029e+00 -5.468678e+00 -1.142360e+00 -8.333713e+00 -2.002563e+00 -5.542048e+00 1.016567e+00 -4.256646e+00 1.530401e+01 1.523213e+00 5.197034e-01 -8.624564e-01 -8.114277e-01 -2.974994e-01 -5.250800e-01 -6.803420e-01 -1.827244e-01 2.034649e-01 1.984820e-01 -3.273870e-01 -4.749920e-01 6.254784e-01 3.608623e-01 1.292596e-01 -3.382894e-01 -3.175856e-01 -5.993688e-02 -1.618093e-02 -8.944760e-02 -2.441331e-02 3.310808e-03 5.521381e-02 -7.977659e-02 -1.295177e-01 1.467913e-01
<VARIANCE> 39
 6.930097e+00 5.264790e+00 5.500244e+00 7.725381e+00 1.002922e+01 1.239935e+01 1.461349e+01 1.373814e+01 1.610356e+01 1.342319e+01 1.597688e+01 1.212178e+01 1.655518e+00 5.501788e-01 4.270906e-01 6.221798e-01 7.511816e-01 6.987280e-01 9.050301e-01 7.508587e-01 8.168671e-01 9.806962e-01 1.057070e+00 1.498528e+00 1.186890e+00 6.387538e-02 6.356256e-02 5.368621e-02 6.044561e-02 8.279914e-02 1.006911e-01 1.534937e-01 1.210458e-01 1.548514e-01 1.416236e-01 1.603659e-01 1.978205e-01 1.876083e-01 6.584893e-03
<GCONST> 6.377398e+01
<STATE> 3
<MEAN> 39
 1.582296e+00 -3.471884e+00 -1.212279e+01 -1.703384e+01 -4.009685e+00 -6.208320e+00 -3.177415e+00 -8.959555e+00 -1.422187e+00 -3.878530e+00 4.328947e-01 -6.757195e+00 1.890250e+01 3.075238e-01 -1.818557e-01 -3.261068e-01 -4.127099e-02 7.554095e-02 -1.474593e-02 -2.206547e-01 1.731932e-01 3.523687e-01 9.523990e-02 -2.252781e-01 -2.226871e-01 1.436708e-01 -1.734173e-01 -1.530226e-01 1.484043e-01 2.338342e-01 3.928943e-02 -3.413194e-02 3.916943e-02 1.098009e-01 4.785891e-02 -8.429512e-02 -5.602753e-02 5.535777e-02 -6.744125e-02
<VARIANCE> 39
 4.152876e+00 1.026070e+01 9.755180e+00 1.373381e+01 2.450814e+01 1.711980e+01 1.848661e+01 1.713974e+01 2.357261e+01 2.472260e+01 3.801816e+01 3.739245e+01 1.097170e+00 5.351786e-01 7.275389e-01 6.908669e-01 1.219371e+00 9.762375e-01 7.751673e-01 9.078322e-01 9.525555e-01 1.313499e+00 1.178079e+00 1.350863e+00 1.242360e+00 9.512543e-02 4.925223e-02 4.571357e-02 9.548181e-02 8.030745e-02 1.354740e-01 1.428048e-01 1.554912e-01 1.401883e-01 1.809673e-01 1.918168e-01 2.011250e-01 1.861940e-01 7.155534e-03
<GCONST> 7.258440e+01
<STATE> 4
<MEAN> 39
 -4.647912e-01 -1.093369e+01 -7.473285e+00 -8.714432e+00 -5.533598e+00 -8.674009e+00 -2.195131e+00 -4.810873e+00 2.733142e-01 -7.579555e+00 -3.883846e+00 -7.412322e+00 1.846157e+01 -5.741283e-01 7.054846e-02 1.103430e+00 4.859966e-01 -4.194556e-01 4.906647e-02 5.867810e-01 -2.016833e-01 -6.418419e-01 -3.593831e-01 1.267782e-01 2.709989e-01 -2.247380e-01 -8.432919e-02 2.623743e-01 -2.915658e-02 -1.888940e-01 1.379710e-01 1.854259e-01 1.722943e-02 -1.968638e-01 -1.328151e-01 1.085205e-01 1.742092e-01 4.237000e-02 -5.047571e-02
<VARIANCE> 39
 7.368146e+00 1.614914e+01 3.072496e+01 1.965943e+01 4.557154e+01 3.941442e+01 3.469223e+01 4.279046e+01 4.715635e+01 3.542791e+01 3.462273e+01 3.176770e+01 1.615832e+00 2.422101e-01 1.595603e+00 7.876987e-01 1.632082e+00 2.410063e+00 2.190928e+00 1.706849e+00 2.535415e+00 1.835623e+00 1.681824e+00 1.789242e+00 1.104278e+00 4.821921e-02 2.941087e-02 1.143360e-01 1.975842e-01 1.799010e-01 4.233322e-01 3.096599e-01 3.501397e-01 3.590847e-01 3.784535e-01 2.797764e-01 3.041434e-01 2.148964e-01 3.217228e-03
<GCONST> 8.991570e+01
<TRANSP> 5
 0.000000e+00 1.000000e+00 0.000000e+00 0.000000e+00 0.000000e+00
 0.000000e+00 7.087407e-01 2.912593e-01 0.000000e+00 0.000000e+00
 0.000000e+00 0.000000e+00 9.189202e-01 8.107984e-02 0.000000e+00
 0.000000e+00 0.000000e+00 0.000000e+00 8.810462e-01 1.189539e-01
 0.000000e+00 0.000000e+00 0.000000e+00 0.000000e+00 0.000000e+00
<ENDHMM>
~h "zero"
<BEGINHMM>
<NUMSTATES> 5
<STATE> 2
<MEAN> 39
 -6.681031e+00 -2.116555e+00 -4.502346e+00 -7.587518e+00 -2.195206e+00 -4.638349e+00 -2.392219e+00 -8.791964e+00 -3.573466e+00 -4.456984e+00 3.863971e-01 -4.472875e+00 1.548487e+01 2.273432e-01 9.309799e-01 8.090125e-01 -8.836818e-01 -6.617075e-01 -1.126614e+00 -5.137854e-01 -4.688185e-01 2.642080e-01 2.688890e-01 -9.709910e-02 -1.968119e-01 4.071483e-01 2.621285e-02 8.012776e-02 1.533633e-01 -2.992465e-01 -1.460780e-01 -1.978107e-01 -1.037654e-02 -2.409367e-02 1.352481e-01 6.503703e-03 1.182859e-02 -7.450555e-02 7.625445e-02
<VARIANCE> 39
 7.433130e+00 1.160648e+01 1.636326e+01 1.403568e+01 2.075052e+01 2.148638e+01 1.917183e+01 2.005404e+01 2.848400e+01 2.374064e+01 2.260295e+01 1.975507e+01 1.480352e+00 3.878926e-01 5.209345e-01 9.051729e-01 1.173261e+00 9.014565e-01 1.556050e+00 9.713181e-01 1.223190e+00 1.320521e+00 9.526238e-01 1.183296e+00 1.457763e+00 7.462371e-02 5.622610e-02 1.042001e-01 1.413027e-01 1.157509e-01 1.276318e-01 2.074755e-01 1.511223e-01 1.911424e-01 1.694811e-01 1.470993e-01 1.792552e-01 1.721512e-01 8.458725e-03
<GCONST> 7.541340e+01
<STATE> 3
<MEAN> 39
 -5.536690e+00 1.350695e-01 9.910745e-01 -1.689311e+01 -8.081280e+00 -9.049241e+00 -4.532279e+00 -8.493784e+00 1.974605e-01 -3.749318e+00 1.621104e-01 -6.825566e+00 1.842389e+01 3.443713e-01 -7.582745e-01 4.213015e-01 -1.265088e-01 -1.088389e+00 2.466877e-01 2.371556e-01 1.841100e-01 3.117213e-01 -7.945286e-02 3.872491e-02 -1.166792e-01 1.635783e-01 4.988337e-02 -2.587812e-01 -1.770151e-01 3.633503e-01 2.684964e-02 1.214645e-01 1.922709e-01 6.251741e-02 -8.981328e-02 -4.332314e-02 -1.276195e-02 7.102423e-02 -6.305086e-02
<VARIANCE> 39
 7.421116e+00 2.187813e+01 1.730866e+01 2.676169e+01 6.081444e+01 4.184898e+01 3.205638e+01 4.419411e+01 3.102383e+01 3.007998e+01 3.407281e+01 5.067513e+01 1.081167e+00 4.412258e-01 1.612887e+00 8.221536e-01 2.672373e+00 1.721990e+00 2.524600e+00 1.725792e+00 1.444423e+00 1.338233e+00 1.164971e+00 1.096713e+00 1.313308e+00 6.264525e-02 5.077085e-02 1.164337e-01 1.246843e-01 1.815059e-01 2.502129e-01 4.138262e-01 2.239034e-01 2.465707e-01 2.113503e-01 1.737189e-01 1.711833e-01 2.153407e-01 4.562733e-03
<GCONST> 8.716369e+01
<STATE> 4
<MEAN> 39
 -1.536575e+00 -1.005991e+01 -4.722541e+00 -9.892179e+00 -9.143171e+00 -8.293706e+00 1.842158e-01 -4.252601e+00 -2.095261e-01 -6.694727e+00 -1.042109e+00 -5.791795e+00 1.848145e+01 3.029590e-02 8.191097e-02 -4.324214e-01 1.697840e-01 6.663511e-01 -1.022170e-01 -2.157464e-02 1.057389e-01 -1.220925e-01 -1.127231e-01 -6.466350e-02 1.407385e-02 -8.254140e-02 -7.324030e-02 1.123645e-01 6.709354e-02 -7.156102e-02 8.347999e-02 7.005452e-02 -7.001892e-02 -7.182957e-02 -2.619815e-02 2.760195e-02 2.390337e-02 3.793529e-04 -2.264152e-02
<VARIANCE> 39
 6.322141e+00 1.973664e+01 2.594119e+01 2.584432e+01 6.119633e+01 5.170102e+01 3.755985e+01 3.614996e+01 4.408933e+01 3.547668e+01 2.575227e+01 3.282715e+01 1.507567e+00 2.421727e-01 8.152740e-01 7.656189e-01 9.769821e-01 1.202850e+00 1.692601e+00 1.509062e+00 1.867002e+00 1.616313e+00 1.436171e+00 1.038569e+00 9.282832e-01 2.655246e-02 2.677293e-02 4.503337e-02 7.776422e-02 1.143017e-01 1.855942e-01 2.292560e-01 1.996251e-01 1.981308e-01 2.220364e-01 1.940074e-01 1.532791e-01 1.406191e-01 2.302736e-03
<GCONST> 7.891465e+01
<TRANSP> 5
 0.000000e+00 1.000000e+00 0.000000e+00 0.000000e+00 0.000000e+00
 0.000000e+00 7.843994e-01 2.156006e-01 0.000000e+00 0.000000e+00
 0.000000e+00 0.000000e+00 8.942446e-01 1.057554e-01 0.000000e+00
 0.000000e+00 0.000000e+00 0.000000e+00 9.443370e-01 5.566305e-02
 0.000000e+00 0.000000e+00 0.000000e+00 0.000000e+00 0.000000e+00
<ENDHMM>
