~o
<STREAMINFO> 1 39
<VECSIZE> 39<NULLD><MFCC_E_D_A><DIAGC>
~s "silst"
<MEAN> 39
 -5.084282e+00 -3.743563e+00 -3.213686e+00 -8.846457e+00 -1.250534e+00 -5.756011e+00 -1.828072e+00 -9.464418e+00 -3.498906e+00 -6.422139e+00 -3.660033e-01 -5.635042e+00 1.585659e+01 -6.627708e-01 -4.421476e-01 -4.515130e-01 1.674098e-01 3.061934e-01 7.049165e-01 3.745411e-01 1.090899e-01 1.442869e-01 1.507360e-01 3.341062e-01 3.715727e-01 -3.628320e-01 -2.679042e-02 -6.957503e-02 -1.090959e-01 -1.270272e-01 -9.595835e-02 -7.234053e-02 6.139719e-04 7.267453e-02 3.781659e-02 9.274190e-03 -1.488363e-02 4.097844e-03 2.666827e-02
<VARIANCE> 39
 1.121925e+01 1.074552e+01 1.341117e+01 1.341813e+01 2.079103e+01 2.468165e+01 2.383279e+01 2.475746e+01 2.790733e+01 2.731220e+01 2.580978e+01 2.359132e+01 2.025351e+00 3.754060e-01 7.439058e-01 8.200481e-01 8.119814e-01 1.145399e+00 1.290164e+00 1.256448e+00 1.301135e+00 1.409215e+00 1.272576e+00 1.246203e+00 1.114675e+00 5.123521e-02 6.990076e-02 1.003747e-01 1.068335e-01 1.140782e-01 1.564301e-01 2.205745e-01 1.943915e-01 1.871568e-01 2.096765e-01 1.844630e-01 1.821591e-01 1.530980e-01 9.222882e-03
<GCONST> 7.761226e+01
~h "eight"
<BEGINHMM>
<NUMSTATES> 5
<STATE> 2
<MEAN> 39
 -8.238347e+00 -2.992289e+00 -5.885136e+00 -1.822511e+01 2.086553e-01 -4.907175e+00 8.332665e-01 -6.811629e+00 -1.625492e+00 -7.443386e+00 -1.711298e+00 -5.721025e+00 1.740484e+01 -1.691921e-01 1.034686e+00 -9.512774e-02 -1.073416e+00 -5.167455e-02 -5.842118e-01 9.173170e-02 4.701666e-01 3.854001e-01 -1.013214e-02 -1.828583e-01 -2.423918e-01 3.341936e-01 2.894021e-02 8.977527e-02 5.171992e-03 1.397750e-01 -6.260291e-02 -1.923294e-01 -8.333128e-02 -1.770380e-02 2.609881e-02 9.251360e-02 1.131023e-01 -7.394459e-04 -1.705098e-02
<VARIANCE> 39
 7.936583e+00 2.034107e+01 1.877518e+01 3.168744e+01 4.181211e+01 2.219878e+01 2.467737e+01 2.262914e+01 3.069695e+01 2.347485e+01 2.465835e+01 2.549939e+01 3.283175e+00 3.465354e-01 7.501633e-01 6.582560e-01 1.287264e+00 1.208648e+00 1.363295e+00 1.443204e+00 9.981814e-01 1.349832e+00 1.119533e+00 1.070943e+00 9.607455e-01 1.025870e-01 4.197632e-02 8.032009e-02 7.527296e-02 1.955916e-01 1.374961e-01 1.690621e-01 1.484511e-01 1.685831e-01 2.268947e-01 1.637400e-01 1.704212e-01 1.470730e-01 1.304536e-02
<GCONST> 7.935812e+01
<STATE> 3
<MEAN> 39
 -8.393256e+00 5.774707e+00 -5.517122e+00 -1.923347e+01 -2.893321e+00 -1.375072e+01 -1.644423e+00 -5.956694e+00 7.396547e-01 -4.028752e+00 7.565989e-01 -5.693572e+00 1.854610e+01 1.005886e-01 5.012037e-01 2.028372e-01 8.262022e-01 -1.068396e-02 -9.348336e-01 -6.093399e-01 -8.109332e-01 -3.599428e-01 3.253977e-01 4.636621e-01 2.252240e-01 -7.205661e-02 4.938952e-02 -2.810767e-01 2.289674e-02 1.892038e-01 8.656811e-02 2.720652e-01 2.089675e-02 -1.580629e-01 -1.938189e-01 -1.395651e-01 -7.114341e-02 3.680510e-02 -6.163207e-02
<VARIANCE> 39
 1.001351e+01 1.133599e+01 2.486335e+01 2.644929e+01 2.099802e+01 2.369749e+01 5.644283e+01 2.714102e+01 2.955850e+01 2.184082e+01 3.276604e+01 2.504505e+01 1.477552e+00 1.827571e-01 5.066566e-01 2.621030e-01 6.266723e-01 8.213397e-01 1.016126e+00 7.512801e-01 8.250729e-01 1.767288e+00 1.023366e+00 1.190695e+00 8.484022e-01 2.542304e-02 2.770531e-02 7.076462e-02 4.949655e-02 9.909573e-02 8.109916e-02 1.529154e-01 1.405276e-01 1.340211e-01 1.676952e-01 1.386536e-01 1.859087e-01 1.361781e-01 3.381908e-03
<GCONST> 6.905695e+01
<STATE> 4
<MEAN> 39
 -6.981015e+00 1.100032e+00 -4.081934e+00 -1.220573e+01 -1.200255e+00 -1.170703e+01 -4.075670e+00 -1.160230e+01 -4.452087e+00 -5.780878e+00 8.180496e-01 -4.546965e+00 1.651881e+01 2.173828e-01 -1.856694e+00 -1.095635e-03 8.870967e-01 2.205583e-01 1.605575e+00 3.216757e-01 -2.718128e-02 -3.260348e-01 -3.983099e-01 -1.447206e-01 9.622094e-02 -4.696082e-01 -7.040595e-02 -9.895444e-02 -9.852475e-02 -1.309940e-01 -4.624619e-02 1.584924e-01 1.922873e-01 2.722957e-01 2.064157e-01 6.481471e-02 2.231233e-02 -3.133883e-02 -6.225331e-03
<VARIANCE> 39
 6.044602e+00 3.358321e+01 1.483983e+01 1.931948e+01 1.613664e+01 3.820581e+01 3.279892e+01 2.459369e+01 3.938871e+01 2.738094e+01 2.587220e+01 2.414048e+01 2.805403e+00 3.514166e-01 7.430912e-01 6.183398e-01 1.035232e+00 6.514931e-01 1.243281e+00 1.758092e+00 1.480759e+00 2.023204e+00 1.219196e+00 1.375940e+00 1.140252e+00 3.561098e-02 4.193998e-02 2.591305e-01 6.976468e-02 1.185936e-01 9.761482e-02 3.271327e-01 1.810013e-01 1.963299e-01 2.994265e-01 1.795642e-01 1.978699e-01 1.935530e-01 1.057234e-02
<GCONST> 8.036018e+01
<TRANSP> 5
 0.000000e+00 1.000000e+00 0.000000e+00 0.000000e+00 0.000000e+00
 0.000000e+00 8.673692e-01 1.326308e-01 0.000000e+00 0.000000e+00
 0.000000e+00 0.000000e+00 8.557403e-01 1.442597e-01 0.000000e+00
 0.000000e+00 0.000000e+00 0.000000e+00 8.207664e-01 1.792336e-01
 0.000000e+00 0.000000e+00 0.000000e+00 0.000000e+00 0.000000e+00
<ENDHMM>
~h "oh"
<BEGINHMM>
<NUMSTATES> 5
<STATE> 2
<MEAN> 39
 -4.366869e+00 -1.037301e+01 -8.315393e+00 -8.587744e+00 -2.637075e+00 -7.653241e+00 3.574362e+00 -7.385096e+00 -5.236601e+00 -7.111806e+00 -2.438621e+00 -5.426388e+00 1.781775e+01 5.458068e-01 -2.065073e-01 -6.072525e-01 1.665507e-01 9.181096e-02 -6.957840e-01 1.447651e-01 7.351930e-01 -1.617494e-02 -4.300978e-01 -4.107669e-01 -1.516653e-01 3.519215e-01 1.015660e-02 1.036791e-01 2.060631e-03 -5.229077e-02 3.824744e-02 -1.087349e-02 -1.517404e-01 8.347117e-03 1.328685e-01 2.588978e-02 -9.913429e-03 -2.757446e-02 -2.143302e-02
<VARIANCE> 39
 8.669099e+00 1.233876e+01 1.667494e+01 1.820613e+01 2.296139e+01 2.453530e+01 3.069016e+01 6.477148e+01 3.832831e+01 3.399474e+01 2.704265e+01 3.143747e+01 3.005756e+00 2.970929e-01 5.784974e-01 6.306624e-01 6.406368e-01 6.855224e-01 9.314173e-01 1.329881e+00 1.790309e+00 1.557250e+00 1.262948e+00 1.250302e+00 1.052928e+00 9.571894e-02 3.985684e-02 6.290898e-02 7.492370e-02 7.988192e-02 9.173460e-02 1.301203e-01 1.558809e-01 2.154270e-01 1.873411e-01 1.965192e-01 1.842001e-01 1.403153e-01 1.335013e-02
<GCONST> 7.716640e+01
<STATE> 3
<MEAN> 39
 -5.719307e-01 -8.249374e+00 -1.317438e+01 -9.924258e+00 -7.032377e-01 -1.204557e+01 -7.931703e-01 -7.823012e-01 1.208179e-01 -8.237636e+00 -5.127336e+00 -6.597411e+00 1.903766e+01 2.234347e-01 4.044023e-01 -2.903147e-02 -3.466987e-01 -3.573995e-02 -5.122768e-03 -6.741388e-01 -2.429215e-01 6.664202e-01 6.021242e-01 -3.369362e-02 -3.510905e-01 -9.524787e-03 -4.125356e-02 2.448809e-02 1.010938e-01 -2.065873e-02 -5.712447e-02 9.296095e-02 1.124164e-02 -1.582974e-01 -8.082316e-02 9.202158e-02 1.209350e-01 1.106769e-02 -2.524355e-02
<VARIANCE> 39
 6.094967e+00 8.380460e+00 1.534408e+01 1.468808e+01 1.922228e+01 2.240875e+01 4.167002e+01 3.077030e+01 3.926168e+01 3.570484e+01 3.180207e+01 4.017034e+01 1.215015e+00 8.015458e-02 1.367472e-01 2.625777e-01 2.767589e-01 3.851641e-01 5.151011e-01 7.297862e-01 1.010627e+00 7.299442e-01 8.553955e-01 7.848970e-01 6.994163e-01 1.316831e-02 1.111155e-02 1.421481e-02 3.350068e-02 3.311169e-02 4.701203e-02 6.864706e-02 7.736505e-02 9.582961e-02 1.049815e-01 1.013414e-01 9.155558e-02 8.861559e-02 1.198279e-03
<GCONST> 5.210320e+01
<STATE> 4
<MEAN> 39
 1.792429e-01 -3.750999e+00 -9.939686e+00 -1.348637e+01 -3.316322e+00 -1.007917e+01 -4.951685e+00 -7.352506e+00 1.053727e+00 -2.361773e+00 -1.932784e-01 -7.011403e+00 1.844942e+01 -3.475076e-01 2.891781e-01 8.517141e-01 1.489796e-01 -2.199238e-01 3.716712e-01 2.086381e-01 -5.772926e-01 -5.860926e-01 -1.019779e-01 5.103908e-01 4.120744e-01 -2.304519e-01 -1.309911e-01 -1.053969e-01 5.222126e-02 1.420025e-01 1.058152e-01 8.434603e-02 1.856129e-01 8.518654e-02 -1.057533e-01 -1.825223e-01 -7.769138e-02 8.029586e-02 -4.424971e-02
<VARIANCE> 39
 6.299662e+00 7.049994e+00 1.858092e+01 1.556318e+01 1.890357e+01 2.848682e+01 3.124810e+01 2.745508e+01 3.056099e+01 3.708366e+01 3.966850e+01 3.644795e+01 1.764329e+00 2.384028e-01 3.539523e-01 4.246098e-01 5.881695e-01 6.847200e-01 8.683091e-01 1.174548e+00 1.223772e+00 1.192788e+00 1.308757e+00 1.200878e+00 1.026449e+00 3.042830e-02 2.293073e-02 3.291366e-02 6.541103e-02 6.520549e-02 9.781127e-02 1.568726e-01 1.652067e-01 1.870090e-01 2.024820e-01 1.902747e-01 1.711460e-01 1.628421e-01 2.731701e-03
<GCONST> 6.916347e+01
<TRANSP> 5
 0.000000e+00 1.000000e+00 0.000000e+00 0.000000e+00 0.000000e+00
 0.000000e+00 8.830996e-01 1.169004e-01 0.000000e+00 0.000000e+00
 0.000000e+00 0.000000e+00 8.920951e-01 1.079049e-01 0.000000e+00
 0.000000e+00 0.000000e+00 0.000000e+00 8.563761e-01 1.436239e-01
 0.000000e+00 0.000000e+00 0.000000e+00 0.000000e+00 0.000000e+00
<ENDHMM>
~h "sp"
<BEGINHMM>
<NUMSTATES> 5
<STATE> 2
~s "silst"
<STATE> 3
<MEAN> 39
 -7.708787e+00 -6.473161e+00 -6.100615e+00 -9.708864e+00 -1.335301e+00 -4.072008e+00 -6.363516e-01 -8.568456e+00 -2.837620e+00 -5.609442e+00 9.602847e-01 -4.089064e+00 1.480019e+01 -9.968276e-02 -1.781079e-02 -1.133689e-01 -5.413223e-03 -2.988040e-02 2.994341e-02 -6.781793e-03 3.503788e-02 2.787101e-03 2.046710e-02 3.511724e-02 4.020523e-02 -1.357062e-02 6.152526e-02 8.247737e-02 6.160367e-02 -1.143211e-02 -9.620041e-03 -5.703378e-02 -4.120477e-02 -1.852704e-02 -9.210427e-03 -1.625316e-02 -3.380955e-02 -3.257295e-02 4.433419e-02
<VARIANCE> 39
 5.200293e+00 5.809840e+00 8.376994e+00 1.000581e+01 1.421457e+01 1.533911e+01 1.546809e+01 1.657168e+01 1.760868e+01 1.635855e+01 1.593784e+01 1.372298e+01 1.090857e+00 1.560488e-01 2.338932e-01 3.573584e-01 4.283776e-01 5.671266e-01 6.773152e-01 6.516358e-01 7.187362e-01 7.407563e-01 6.608188e-01 6.508266e-01 5.695317e-01 7.391619e-03 3.307155e-02 5.306095e-02 7.091413e-02 9.037477e-02 1.138644e-01 1.431815e-01 1.320862e-01 1.439262e-01 1.466978e-01 1.252095e-01 1.241734e-01 1.145212e-01 4.107459e-03
<GCONST> 5.484659e+01
<STATE> 4
<MEAN> 39
 -8.548465e+00 -4.939919e+00 -6.262918e+00 -8.993949e+00 -2.031572e+00 -3.801506e+00 -1.069579e+00 -8.416209e+00 -2.905573e+00 -5.484655e+00 6.375357e-01 -4.050733e+00 1.505829e+01 2.810996e-01 1.766089e-01 9.958495e-02 -1.329348e-01 -1.937070e-01 -3.078546e-01 -8.146588e-02 7.423760e-02 -3.595916e-02 -5.248888e-02 -2.031414e-01 -8.315538e-02 2.204020e-01 2.163529e-01 3.999984e-03 6.053673e-02 -1.468165e-01 -1.314664e-01 -2.128107e-01 -6.243670e-03 1.887094e-02 6.967676e-03 -1.495574e-03 -1.015272e-01 -8.338706e-02 1.104693e-01
<VARIANCE> 39
 1.197407e+01 1.156721e+01 1.733335e+01 1.580631e+01 1.928342e+01 1.879886e+01 1.807220e+01 2.027025e+01 2.112500e+01 1.993008e+01 1.872139e+01 1.701942e+01 1.498396e+00 5.897632e-01 5.341020e-01 7.458233e-01 7.907691e-01 9.733078e-01 1.007174e+00 8.538687e-01 1.188964e+00 1.046524e+00 9.279919e-01 9.478176e-01 7.694767e-01 5.366139e-02 7.112887e-02 1.106651e-01 1.693975e-01 1.488448e-01 2.006710e-01 1.930263e-01 1.682756e-01 2.263034e-01 2.044392e-01 1.796083e-01 1.803009e-01 1.552775e-01 9.426220e-03
<GCONST> 7.468256e+01
<TRANSP> 5
 0.000000e+00 8.226288e-01 1.773713e-01 0.000000e+00 0.000000e+00
 0.000000e+00 7.939963e-01 2.060037e-01 0.000000e+00 0.000000e+00
 0.000000e+00 0.000000e+00 8.500776e-01 1.499224e-01 0.000000e+00
 0.000000e+00 0.000000e+00 0.000000e+00 5.807161e-01 4.192839e-01
 0.000000e+00 0.000000e+00 0.000000e+00 0.000000e+00 0.000000e+00
<ENDHMM>
~h "seven"
<BEGINHMM>
<NUMSTATES> 5
<STATE> 2
<MEAN> 39
 -7.433297e+00 -4.356613e+00 -5.879121e+00 -9.853171e+00 -3.749402e+00 -5.002100e+00 -5.137790e-01 -8.221103e+00 -2.353103e+00 -4.354939e+00 -4.432922e-01 -3.958919e+00 1.557782e+01 8.766565e-01 1.039840e-01 6.937723e-01 -1.407125e+00 -1.111361e+00 -8.353685e-01 9.592049e-01 -1.000527e-01 3.707068e-01 -3.621953e-04 -7.856370e-01 -6.935403e-01 6.920393e-01 5.263519e-03 -1.177552e-01 -7.549666e-02 -2.398871e-01 -1.571140e-01 9.718791e-02 2.444910e-01 6.169859e-02 -1.630373e-02 -1.427052e-01 -1.620905e-01 -1.433821e-01 1.251421e-01
<VARIANCE> 39
 1.017992e+01 6.288463e+00 1.230686e+01 1.264739e+01 2.041920e+01 2.234476e+01 1.826506e+01 1.895545e+01 1.811061e+01 2.682139e+01 1.806359e+01 1.641994e+01 2.460775e+00 4.611702e-01 4.453768e-01 6.462108e-01 9.593969e-01 1.282634e+00 1.640707e+00 1.354627e+00 1.243931e+00 1.253315e+00 2.363146e+00 1.105846e+00 1.215467e+00 7.052656e-02 8.333144e-02 5.441118e-02 9.811530e-02 1.265965e-01 2.248388e-01 2.097824e-01 1.572134e-01 1.522029e-01 1.602773e-01 1.972750e-01 1.400675e-01 1.867876e-01 1.237383e-02
<GCONST> 7.550656e+01
<STATE> 3
<MEAN> 39
 -5.783204e+00 -7.525442e+00 -5.390035e+00 -1.621953e+01 -6.124551e+00 -4.328756e+00 5.072146e+00 -8.665618e+00 -2.724830e+00 -7.121028e+00 -4.215770e+00 -6.596545e+00 1.905488e+01 1.269761e-01 -3.022604e-01 6.843187e-02 1.659222e-01 4.684434e-02 -3.110408e-02 1.823379e-01 2.627129e-01 -3.542562e-01 -3.831926e-02 3.090630e-03 -4.275684e-02 7.407603e-02 -1.758578e-02 1.053722e-01 4.072814e-02 3.172592e-01 1.417835e-01 -7.894353e-02 -2.839260e-01 4.954608e-02 -1.589401e-02 3.832962e-02 2.033110e-01 6.386112e-02 -1.365296e-01
<VARIANCE> 39
 9.448277e+00 1.175209e+01 8.950719e+00 1.780032e+01 4.838338e+01 3.840558e+01 3.165142e+01 3.896313e+01 4.883033e+01 5.840431e+01 3.338094e+01 3.293616e+01 1.183401e+00 3.916760e-01 5.714252e-01 4.497696e-01 1.288735e+00 1.488688e+00 1.582320e+00 1.623589e+00 1.042500e+00 1.265337e+00 1.718244e+00 1.744175e+00 1.225217e+00 1.720643e-01 8.106014e-02 8.473887e-02 8.807196e-02 1.112400e-01 2.650004e-01 2.629958e-01 1.735172e-01 1.627795e-01 2.087596e-01 2.424233e-01 2.329065e-01 1.902307e-01 5.533106e-03
<GCONST> 8.321220e+01
<STATE> 4
<MEAN> 39
 -3.257618e+00 -4.144022e+00 -2.038521e+00 -9.794391e+00 -3.963424e+00 -7.899258e+00 -4.614548e-01 -7.896869e+00 -3.871106e+00 -6.629086e+00 -1.622931e+00 -6.940901e+00 1.713490e+01 1.047587e-01 3.674889e-01 2.305200e-01 2.343764e-01 3.761105e-01 -3.274740e-02 -4.252851e-01 -3.489864e-01 3.217428e-02 -6.870606e-02 8.016345e-02 -1.513253e-02 -8.804907e-02 -3.981874e-02 -5.790993e-02 -5.451470e-02 -7.395032e-02 1.526846e-03 1.087446e-01 9.037788e-02 -4.296522e-02 -1.078468e-03 -7.631861e-04 -4.315317e-02 3.121375e-02 1.961371e-02
<VARIANCE> 39
 4.897989e+00 1.045485e+01 1.000024e+01 1.377115e+01 2.820871e+01 3.248795e+01 2.626060e+01 4.098759e+01 3.228560e+01 3.545738e+01 3.234010e+01 2.883563e+01 1.690532e+00 1.922277e-01 4.150060e-01 4.780097e-01 9.060720e-01 1.392297e+00 1.174068e+00 1.648111e+00 1.272430e+00 1.390006e+00 1.390005e+00 1.265078e+00 9.330513e-01 8.940514e-02 3.491306e-02 7.892179e-02 8.611153e-02 1.530617e-01 2.484825e-01 2.056882e-01 2.860458e-01 2.267922e-01 2.302783e-01 2.389930e-01 2.142725e-01 1.482349e-01 1.490677e-02
<GCONST> 7.853510e+01
<TRANSP> 5
 0.000000e+00 1.000000e+00 0.000000e+00 0.000000e+00 0.000000e+00
 0.000000e+00 7.209280e-01 2.790720e-01 0.000000e+00 0.000000e+00
 0.000000e+00 0.000000e+00 8.911960e-01 1.088040e-01 0.000000e+00
 0.000000e+00 0.000000e+00 0.000000e+00 9.308099e-01 6.919014e-02
 0.000000e+00 0.000000e+00 0.000000e+00 0.000000e+00 0.000000e+00
<ENDHMM>
~h "three"
<BEGINHMM>
<NUMSTATES> 5
<STATE> 2
<MEAN> 39
 -3.094346e+00 -6.931276e+00 -3.910275e-01 -8.981171e+00 -1.027942e+01 -1.090024e+01 -1.257937e+00 -8.740859e+00 -1.841822e+00 -5.123752e+00 -2.648690e-01 -5.329870e+00 1.737228e+01 4.939609e-01 -1.527858e-01 9.479706e-01 -2.444958e-01 -1.602609e+00 -1.285630e-01 -2.317959e-01 -2.377091e-01 3.997771e-01 1.012492e-01 -3.842728e-02 -2.416677e-01 3.723927e-01 -1.753203e-01 1.128533e-01 9.946658e-03 -2.906736e-01 2.016107e-01 3.102615e-01 -1.586885e-01 1.045140e-02 8.635455e-02 -1.567768e-02 4.835568e-02 8.816251e-03 -3.046532e-02
<VARIANCE> 39
 1.175948e+01 1.267650e+01 1.672637e+01 2.979829e+01 5.249666e+01 4.903490e+01 2.345504e+01 2.617916e+01 2.813734e+01 2.589254e+01 3.385358e+01 3.193904e+01 2.764852e+00 7.770912e-01 6.765454e-01 8.035152e-01 2.052519e+00 1.912293e+00 3.439348e+00 1.399736e+00 1.547974e+00 1.261637e+00 1.075807e+00 1.378682e+00 1.288895e+00 6.019267e-02 1.141286e-01 1.456651e-01 1.326253e-01 3.022288e-01 4.637932e-01 4.277788e-01 2.907129e-01 2.391190e-01 1.928185e-01 1.822433e-01 1.986838e-01 1.945549e-01 1.004188e-02
<GCONST> 8.954481e+01
<STATE> 3
<MEAN> 39
 -5.008751e+00 -3.720266e+00 5.610455e+00 -1.887075e+01 -1.256866e+01 -4.186241e+00 -8.587500e+00 -8.820535e+00 1.949811e+00 -5.751601e+00 1.129104e+00 -5.932083e+00 1.865602e+01 -8.470728e-01 1.783292e+00 -2.380338e-01 -1.745721e+00 2.337020e+00 -8.472766e-02 -1.486659e+00 9.094123e-01 -3.977585e-01 -2.318497e-01 1.281336e-01 2.023020e-02 -1.951052e-02 3.821708e-02 1.323456e-01 -4.655527e-01 5.032007e-01 4.143712e-01 -6.725197e-01 4.156009e-01 6.825885e-02 -3.761691e-01 7.204258e-02 -5.816947e-02 3.888997e-02 -5.495206e-02
<VARIANCE> 39
 7.817314e+00 2.360007e+01 1.144083e+01 3.273097e+01 5.983413e+01 2.843094e+01 4.247539e+01 6.341100e+01 2.585338e+01 2.796091e+01 3.828286e+01 2.951623e+01 1.287069e+00 2.542929e-01 6.142945e-01 1.036164e+00 1.761849e+00 1.432063e+00 3.665233e+00 1.993898e+00 1.395961e+00 1.421884e+00 1.069802e+00 7.302021e-01 7.995392e-01 2.098082e-02 5.290647e-02 1.575751e-01 9.179769e-02 2.523197e-01 5.021365e-01 2.345408e-01 4.016828e-01 3.753846e-01 1.635769e-01 1.496693e-01 1.327797e-01 1.099916e-01 2.266936e-03
<GCONST> 8.285889e+01
<STATE> 4
<MEAN> 39
 -6.752407e+00 4.080199e+00 -1.696217e+00 -1.640129e+01 -1.336048e+00 -1.253969e+01 -5.494957e+00 -8.116499e+00 -3.427033e+00 -4.970527e+00 -2.544113e-01 -6.249556e+00 1.787417e+01 1.430824e-01 -7.728026e-02 -5.690477e-01 9.668264e-01 4.297204e-01 -1.409336e-01 7.103234e-01 -3.700125e-01 -3.139228e-01 -1.933403e-02 -1.991413e-01 1.676811e-03 -1.788969e-01 6.579161e-02 -3.146048e-01 9.348140e-02 8.688229e-02 -2.326943e-01 3.088508e-01 4.053171e-02 -3.680216e-02 1.386880e-01 -3.274547e-02 2.160197e-02 1.228000e-02 -2.592665e-02
<VARIANCE> 39
 7.423480e+00 1.529905e+01 1.629041e+01 3.048953e+01 2.264937e+01 2.565922e+01 4.767370e+01 4.532919e+01 3.208342e+01 4.070787e+01 4.079749e+01 3.684783e+01 1.618962e+00 2.203280e-01 1.363459e+00 6.434151e-01 8.480613e-01 1.222126e+00 2.062745e+00 1.285488e+00 1.475803e+00 1.223672e+00 1.182410e+00 8.481008e-01 8.643953e-01 2.457426e-02 3.725432e-02 9.110244e-02 7.198627e-02 1.634682e-01 1.832646e-01 1.723083e-01 2.131916e-01 2.223114e-01 1.722659e-01 1.649152e-01 1.336513e-01 1.302563e-01 2.660752e-03
<GCONST> 7.756876e+01
<TRANSP> 5
 0.000000e+00 1.000000e+00 0.000000e+00 0.000000e+00 0.000000e+00
 0.000000e+00 8.774052e-01 1.225948e-01 0.000000e+00 0.000000e+00
 0.000000e+00 0.000000e+00 7.876492e-01 2.123509e-01 0.000000e+00
 0.000000e+00 0.000000e+00 0.000000e+00 8.910020e-01 1.089980e-01
 0.000000e+00 0.000000e+00 0.000000e+00 0.000000e+00 0.000000e+00
<ENDHMM>
~h "one"
<BEGINHMM>
<NUMSTATES> 5
<STATE> 2
<MEAN> 39
 -5.704788e-01 -3.777427e+00 -9.273336e+00 -1.281595e+01 -1.656824e+00 -5.564122e+00 -2.020887e+00 -8.864614e+00 -2.706205e+00 -6.730943e+00 -1.544941e+00 -7.287542e+00 1.774456e+01 2.782236e-01 -4.045902e-01 -8.717234e-01 4.565860e-01 4.869390e-01 3.918028e-02 -2.918659e-01 2.269478e-01 2.031494e-01 -3.067346e-01 -3.899876e-01 -2.719063e-01 2.375619e-01 -1.187959e-01 -1.460942e-01 5.391945e-02 2.645231e-01 7.769142e-03 -1.161333e-01 -1.487874e-02 9.375674e-02 -1.097518e-02 -9.034598e-02 1.100603e-02 8.281651e-02 -2.094846e-02
<VARIANCE> 39
 7.590479e+00 9.251300e+00 2.887244e+01 2.285320e+01 2.888189e+01 2.532564e+01 2.281149e+01 2.064166e+01 2.828139e+01 2.393725e+01 2.967304e+01 2.876267e+01 2.273125e+00 4.574386e-01 7.999549e-01 8.727927e-01 2.244878e+00 1.372417e+00 1.442822e+00 1.267494e+00 1.065915e+00 1.134409e+00 1.022090e+00 1.095249e+00 1.044801e+00 4.811484e-02 4.488301e-02 6.139614e-02 1.908024e-01 2.175058e-01 2.626444e-01 2.523373e-01 2.367185e-01 1.810080e-01 2.006604e-01 1.693368e-01 1.888764e-01 1.838979e-01 5.012360e-03
<GCONST> 8.018042e+01
<STATE> 3
<MEAN> 39
 -2.365465e+00 -1.071517e+01 -1.090246e+01 -1.689103e+00 -4.432456e-01 -9.494912e+00 -2.447925e+00 -4.206725e+00 -3.535476e+00 -1.172816e+01 -2.378490e+00 -6.055665e+00 1.853595e+01 -6.083357e-01 -3.739494e-01 1.339193e+00 5.728514e-01 -1.353449e+00 -3.282394e-01 1.195740e+00 -8.887643e-02 -9.246629e-01 -9.249608e-02 5.862716e-01 1.198503e-01 -4.915999e-02 2.357386e-02 3.139393e-01 2.518167e-01 -5.823254e-01 -1.343419e-01 3.766290e-01 9.210415e-02 -4.377146e-01 -2.546110e-04 3.805513e-01 4.410295e-02 -1.768457e-01 -2.978601e-02
<VARIANCE> 39
 6.138391e+00 9.607135e+00 1.865461e+01 2.375542e+01 2.700832e+01 1.740287e+01 3.766645e+01 3.138749e+01 4.646048e+01 3.755337e+01 3.383885e+01 3.321519e+01 1.544116e+00 1.544818e-01 5.159189e-01 6.043767e-01 1.831901e+00 7.393839e-01 1.711680e+00 1.007544e+00 2.247398e+00 1.165690e+00 1.864434e+00 1.028539e+00 1.293549e+00 8.477652e-03 2.364491e-02 5.254839e-02 1.008072e-01 1.224802e-01 2.852788e-01 1.528322e-01 3.759428e-01 1.781815e-01 3.358747e-01 2.003385e-01 2.674401e-01 1.680759e-01 8.553835e-04
<GCONST> 7.513029e+01
<STATE> 4
<MEAN> 39
 -4.105970e+00 -5.418272e+00 -1.637788e+00 -8.750736e+00 -4.067510e+00 -5.853059e+00 -1.670230e+00 -1.194654e+01 -4.645115e+00 -8.687142e+00 -2.577446e+00 -8.293832e+00 1.778439e+01 1.511193e-01 9.701509e-01 6.246403e-01 -7.283986e-01 4.269336e-01 -6.567430e-02 -6.301511e-01 -4.446577e-01 8.186372e-02 2.298098e-01 -1.766875e-01 5.029067e-02 -1.278665e-01 4.435249e-02 -6.855555e-02 -2.143009e-01 1.672305e-01 1.611799e-01 -6.870693e-02 -6.817836e-02 1.653041e-01 1.357797e-02 -1.166000e-01 1.009129e-02 7.498973e-02 -5.506752e-03
<VARIANCE> 39
 6.948356e+00 2.328967e+01 1.104499e+01 2.143958e+01 1.960484e+01 4.665551e+01 3.617133e+01 3.532531e+01 4.120716e+01 4.572828e+01 3.327090e+01 3.778179e+01 1.325661e+00 2.765013e-01 6.143981e-01 8.081099e-01 1.205792e+00 9.141475e-01 1.967404e+00 1.137578e+00 1.444486e+00 1.607611e+00 1.541049e+00 9.443361e-01 9.592748e-01 1.267498e-02 4.882517e-02 1.199884e-01 8.184868e-02 1.339781e-01 2.006902e-01 3.081677e-01 2.741722e-01 1.858079e-01 2.302043e-01 2.257660e-01 1.685621e-01 1.675377e-01 1.603035e-03
<GCONST> 7.851450e+01
<TRANSP> 5
 0.000000e+00 1.000000e+00 0.000000e+00 0.000000e+00 0.000000e+00
 0.000000e+00 8.983423e-01 1.016577e-01 0.000000e+00 0.000000e+00
 0.000000e+00 0.000000e+00 8.248706e-01 1.751294e-01 0.000000e+00
 0.000000e+00 0.000000e+00 0.000000e+00 8.842806e-01 1.157194e-01
 0.000000e+00 0.000000e+00 0.000000e+00 0.000000e+00 0.000000e+00
<ENDHMM>
~h "sil"
<BEGINHMM>
<NUMSTATES> 5
<STATE> 2
<MEAN> 39
 -6.785675e+00 -6.747774e+00 -5.115599e+00 -9.105710e+00 3.267646e-03 -3.361425e+00 1.848658e-01 -8.530196e+00 -2.604164e+00 -5.763185e+00 5.568593e-01 -4.311202e+00 1.461690e+01 -3.784787e-02 -2.601807e-03 -4.237476e-03 3.163498e-02 3.957069e-02 2.556104e-02 4.922578e-02 4.913878e-03 -1.793695e-02 5.840603e-03 1.464708e-02 1.144792e-02 -1.229262e-02 -2.570012e-02 -3.313288e-02 -7.304738e-02 -1.091868e-01 -1.212374e-01 -1.191637e-01 -6.262153e-02 -9.798029e-03 -2.333077e-02 1.055646e-02 3.803911e-02 3.100688e-02 1.935378e-03
<VARIANCE> 39
 3.629649e+00 4.355527e+00 6.029702e+00 7.599354e+00 1.190152e+01 1.363463e+01 1.466096e+01 1.634352e+01 1.578935e+01 1.373431e+01 1.579254e+01 1.313125e+01 1.165443e+00 7.868367e-02 1.591894e-01 2.712507e-01 3.726074e-01 4.938126e-01 6.566109e-01 6.816560e-01 7.146014e-01 6.943457e-01 5.757629e-01 6.360223e-01 5.640847e-01 5.032620e-03 1.099277e-02 2.412974e-02 4.052844e-02 5.008908e-02 7.016069e-02 1.010593e-01 1.066506e-01 1.306271e-01 1.118667e-01 9.215225e-02 1.050346e-01 9.907226e-02 6.370584e-04
<GCONST> 4.379061e+01
<STATE> 3
~s "silst"
<STATE> 4
<MEAN> 39
 -7.592929e+00 -7.338602e+00 -6.598603e+00 -1.116922e+01 -2.181983e+00 -5.407078e+00 -1.003126e+00 -8.650647e+00 -2.712451e+00 -5.404813e+00 1.453979e+00 -3.838059e+00 1.448368e+01 -3.390814e-03 7.348156e-03 -2.603384e-02 -2.649749e-02 -5.168515e-02 -1.921951e-02 -6.053124e-02 -7.809842e-03 -3.320728e-03 -6.144800e-03 -1.882704e-02 -1.831674e-02 -1.701540e-04 3.776394e-02 5.721820e-02 9.410912e-02 1.256607e-01 1.333071e-01 1.274437e-01 6.217928e-02 1.680724e-02 2.717400e-02 -1.735108e-02 -5.648512e-02 -4.095810e-02 8.501715e-03
<VARIANCE> 39
 3.522686e+00 4.146838e+00 6.413877e+00 7.833704e+00 1.125853e+01 1.254433e+01 1.496603e+01 1.592481e+01 1.764310e+01 1.532773e+01 1.513460e+01 1.337806e+01 9.991883e-01 7.679832e-02 1.679852e-01 2.876421e-01 4.165628e-01 5.054483e-01 6.757827e-01 5.945777e-01 7.408838e-01 7.096910e-01 6.067682e-01 6.995924e-01 6.115433e-01 3.238945e-03 1.427367e-02 2.889103e-02 4.229947e-02 5.697911e-02 7.266637e-02 1.080929e-01 1.039502e-01 1.278042e-01 1.328375e-01 1.059646e-01 1.175248e-01 1.098108e-01 1.080012e-03
<GCONST> 4.538572e+01
<TRANSP> 5
 0.000000e+00 1.000000e+00 0.000000e+00 0.000000e+00 0.000000e+00
 0.000000e+00 7.680064e-01 2.420718e-02 2.077864e-01 0.000000e+00
 0.000000e+00 0.000000e+00 8.279954e-01 1.720046e-01 0.000000e+00
 0.000000e+00 1.870010e-01 0.000000e+00 7.435282e-01 6.947082e-02
 0.000000e+00 0.000000e+00 0.000000e+00 0.000000e+00 0.000000e+00
<ENDHMM>
~h "six"
<BEGINHMM>
<NUMSTATES> 5
<STATE> 2
<MEAN> 39
 -8.685308e+00 -4.259158e+00 -6.993297e+00 -8.730793e+00 -3.095296e+00 -4.230408e+00 -1.958686e+00 -8.231811e+00 -3.553136e+00 -4.008894e+00 1.246838e-01 -3.143685e+00 1.495152e+01 6.792667e-01 6.785440e-01 1.200948e+00 -1.380223e+00 -1.155980e+00 -1.211176e+00 4.094701e-02 -1.336687e-01 4.201615e-01 3.495610e-01 -5.165954e-01 -4.720545e-01 6.294293e-01 6.717706e-02 1.149836e-01 2.270553e-01 -4.788509e-01 -2.794559e-01 -1.698462e-01 4.326063e-02 7.578016e-02 2.038493e-01 7.762230e-04 -1.366800e-01 -2.376627e-01 1.450894e-01
<VARIANCE> 39
 7.472922e+00 7.796207e+00 1.269777e+01 1.147725e+01 1.900034e+01 2.000237e+01 1.517496e+01 1.807857e+01 2.003316e+01 2.961040e+01 1.917504e+01 1.708637e+01 1.865660e+00 3.583097e-01 4.709611e-01 8.830511e-01 1.148482e+00 1.075052e+00 1.323432e+00 1.003152e+00 8.099222e-01 1.418293e+00 2.236133e+00 1.075089e+00 1.322398e+00 7.691319e-02 6.203147e-02 5.632183e-02 1.156981e-01 9.790971e-02 2.032333e-01 2.090525e-01 1.477586e-01 1.766386e-01 1.850853e-01 2.378850e-01 1.708561e-01 1.683196e-01 8.840759e-03
<GCONST> 7.405849e+01
<STATE> 3
<MEAN> 39
 -6.470731e+00 -1.099832e+00 -8.570101e-01 -2.012056e+01 -7.861031e+00 -8.735856e+00 -2.436673e+00 -6.380594e+00 2.462812e-01 -3.795024e+00 -2.524391e+00 -7.321661e+00 1.832889e+01 2.414280e-02 -8.674032e-02 2.210150e-01 -2.819458e-01 3.751997e-01 2.129151e-01 -2.749927e-01 1.720269e-01 3.752397e-02 -1.961512e-01 1.702113e-01 7.069768e-03 -4.769428e-02 -5.676062e-02 -2.052331e-01 -2.669434e-01 4.875709e-01 2.882030e-01 2.212415e-01 6.795927e-02 -9.106012e-02 -1.466678e-01 -5.878060e-02 1.515853e-01 1.659322e-01 -1.670498e-01
<VARIANCE> 39
 7.692067e+00 9.747389e+00 1.662867e+01 2.306349e+01 5.850361e+01 3.110679e+01 3.719373e+01 2.460381e+01 3.462897e+01 5.833910e+01 3.542859e+01 3.742918e+01 1.432459e+00 3.496006e-01 6.526560e-01 1.075625e+00 3.229567e+00 2.397573e+00 1.761078e+00 1.734440e+00 1.341311e+00 1.887784e+00 2.010817e+00 1.867483e+00 1.897281e+00 2.938378e-01 6.819743e-02 6.606896e-02 1.609167e-01 2.259307e-01 3.061643e-01 3.193472e-01 3.835739e-01 2.241338e-01 2.868492e-01 3.401678e-01 2.636131e-01 2.553113e-01 1.166334e-02
<GCONST> 9.188358e+01
<STATE> 4
<MEAN> 39
 -6.562987e+00 -6.248375e+00 -4.680512e+00 -1.081186e+01 -1.002039e+00 -3.979431e+00 -1.436207e+00 -8.754512e+00 -2.164937e+00 -5.868320e+00 1.164348e+00 -4.220346e+00 1.475304e+01 -2.336915e-01 -9.112577e-01 -1.005329e+00 1.462039e+00 4.138865e-01 4.087426e-01 9.077872e-01 -4.571112e-01 -2.819857e-01 -4.047662e-02 2.005761e-01 2.988845e-01 -4.645949e-01 -1.053101e-01 1.689063e-01 2.070728e-01 -4.381306e-01 -3.787722e-01 -1.608123e-01 -8.506979e-02 1.722352e-01 1.161394e-01 1.035365e-01 -1.796588e-01 -1.430196e-01 1.499712e-01
<VARIANCE> 39
 3.292650e+00 5.440660e+00 9.447899e+00 1.107173e+01 1.464327e+01 1.565182e+01 1.950646e+01 1.858626e+01 1.688237e+01 1.706644e+01 1.862052e+01 1.491467e+01 1.491672e+00 2.674383e-01 4.865032e-01 8.966866e-01 1.309204e+00 2.110319e+00 1.651649e+00 1.602878e+00 1.249602e+00 1.214322e+00 1.205075e+00 1.178027e+00 1.023247e+00 7.931630e-02 3.888773e-02 6.514739e-02 1.378334e-01 1.468700e-01 2.331579e-01 1.805144e-01 2.655309e-01 1.923203e-01 1.854368e-01 1.735700e-01 1.976757e-01 1.824871e-01 5.797216e-03
<GCONST> 7.239861e+01
<TRANSP> 5
 0.000000e+00 1.000000e+00 0.000000e+00 0.000000e+00 0.000000e+00
 0.000000e+00 7.187918e-01 2.812082e-01 0.000000e+00 0.000000e+00
 0.000000e+00 0.000000e+00 8.891543e-01 1.108457e-01 0.000000e+00
 0.000000e+00 0.000000e+00 0.000000e+00 7.504197e-01 2.495804e-01
 0.000000e+00 0.000000e+00 0.000000e+00 0.000000e+00 0.000000e+00
<ENDHMM>
~h "two"
<BEGINHMM>
<NUMSTATES> 5
<STATE> 2
<MEAN> 39
 -1.095432e+01 -3.272283e+00 -6.719817e+00 -1.062605e+01 -9.776877e-01 -3.867408e+00 -1.960443e+00 -7.506970e+00 -2.326184e+00 -5.679685e+00 1.128466e+00 -3.371089e+00 1.506360e+01 5.072747e-01 6.188444e-01 1.014909e+00 -5.888987e-01 -2.670895e-01 -3.653006e-01 -4.634210e-01 -2.131239e-01 7.203975e-02 -5.511212e-02 -2.283400e-01 -3.625129e-01 3.246930e-01 2.967511e-01 6.458303e-02 2.877333e-01 -1.311931e-01 -2.122906e-01 -2.433646e-01 -1.187285e-01 -1.273070e-01 -2.632540e-02 2.692955e-03 -7.925279e-02 -1.704252e-01 9.404694e-02
<VARIANCE> 39
 8.840139e+00 8.096133e+00 1.268468e+01 1.230765e+01 1.844330e+01 2.274338e+01 1.921505e+01 2.111621e+01 2.144567e+01 2.400265e+01 2.472629e+01 1.985348e+01 9.038204e-01 1.367585e+00 5.602860e-01 1.276585e+00 8.306266e-01 1.348828e+00 1.287997e+00 9.892759e-01 1.189674e+00 1.172336e+00 1.294368e+00 1.875965e+00 1.105508e+00 7.280722e-02 1.265035e-01 1.093343e-01 1.343381e-01 1.308441e-01 2.276489e-01 1.981105e-01 1.761342e-01 2.233618e-01 2.275592e-01 2.033356e-01 3.598466e-01 1.595471e-01 7.831970e-03
<GCONST> 7.897950e+01
<STATE> 3
<MEAN> 39
 -4.601783e+00 1.270090e+00 1.861086e+00 -1.552167e+01 -6.952240e+00 -9.944002e+00 -6.701418e+00 -1.043942e+01 -2.408009e+00 -5.176919e+00 -1.124813e+00 -7.307869e+00 1.840698e+01 6.635627e-01 5.435019e-01 7.423980e-01 -5.411852e-01 -1.162712e+00 -1.105639e+00 -5.668472e-01 -2.812277e-01 -6.590514e-02 1.260133e-01 -2.155755e-01 -6.237410e-01 4.513524e-01 -2.501192e-01 -2.350790e-01 -4.262301e-01 2.990274e-01 2.729729e-01 2.325781e-01 2.359048e-01 1.460885e-01 -1.898246e-02 -9.859457e-03 1.532982e-01 1.828919e-01 -1.451209e-01
<VARIANCE> 39
 7.462767e+00 8.105896e+00 1.363408e+01 2.232677e+01 3.964181e+01 2.560992e+01 2.822016e+01 2.453584e+01 3.158209e+01 5.527805e+01 4.393516e+01 4.852205e+01 1.036364e+00 5.676203e-01 6.280705e-01 9.857838e-01 1.463978e+00 1.293360e+00 1.206265e+00 1.681428e+00 1.515834e+00 1.844726e+00 1.989389e+00 2.390110e+00 1.875465e+00 8.955248e-02 6.150541e-02 5.347455e-02 8.131904e-02 1.250015e-01 2.044346e-01 1.804909e-01 2.040825e-01 1.909934e-01 2.120988e-01 2.734937e-01 2.892078e-01 2.222107e-01 6.516574e-03
<GCONST> 8.375413e+01
<STATE> 4
<MEAN> 39
 -3.234227e+00 -5.809306e-02 -4.450681e-02 -1.366094e+01 -7.121535e+00 -1.157311e+01 -5.645368e+00 -9.636628e+00 -2.711927e+00 -5.307571e+00 -1.560726e-01 -7.595536e+00 1.823937e+01 1.668136e-01 -2.231147e-01 -2.386171e-01 5.387141e-01 3.376798e-01 8.620934e-02 9.888087e-02 -5.487892e-02 -1.919754e-01 -8.662530e-02 7.747799e-02 1.593666e-01 -1.201272e-01 -4.353372e-02 -3.786608e-02 -2.656664e-02 2.437683e-02 9.545760e-02 1.092515e-01 5.180749e-02 5.162728e-03 2.028421e-02 1.283483e-03 -5.820055e-03 4.439556e-02 -3.517494e-02
<VARIANCE> 39
 5.896349e+00 7.956894e+00 1.253826e+01 2.982205e+01 3.400952e+01 2.156679e+01 3.315178e+01 3.370412e+01 3.984018e+01 4.292743e+01 5.471500e+01 4.155060e+01 1.360185e+00 1.337223e-01 1.529906e-01 3.768914e-01 6.208595e-01 9.141463e-01 8.562446e-01 8.807644e-01 1.029006e+00 9.054146e-01 9.875215e-01 1.045435e+00 9.310263e-01 1.452637e-02 2.161717e-02 2.514237e-02 5.072661e-02 8.852126e-02 1.057116e-01 1.240741e-01 1.291659e-01 1.603343e-01 1.487603e-01 1.526709e-01 1.592207e-01 1.458688e-01 2.343622e-03
<GCONST> 6.575345e+01
<TRANSP> 5
 0.000000e+00 1.000000e+00 0.000000e+00 0.000000e+00 0.000000e+00
 0.000000e+00 8.205596e-01 1.794404e-01 0.000000e+00 0.000000e+00
 0.000000e+00 0.000000e+00 7.671170e-01 2.328830e-01 0.000000e+00
 0.000000e+00 0.000000e+00 0.000000e+00 9.014069e-01 9.859310e-02
 0.000000e+00 0.000000e+00 0.000000e+00 0.000000e+00 0.000000e+00
<ENDHMM>
~h "nine"
<BEGINHMM>
<NUMSTATES> 5
<STATE> 2
<MEAN> 39
 -4.470657e+00 -4.322225e+00 -2.081601e+00 -8.923595e+00 -3.034400e+00 -6.192650e+00 -1.516351e+00 -1.117483e+01 -5.007432e+00 -8.077587e+00 -2.945307e+00 -7.808970e+00 1.756732e+01 -1.371427e-01 -6.728529e-01 -2.212522e-01 4.957694e-01 -4.928599e-01 1.729183e-01 3.880031e-01 -1.973266e-01 -3.952416e-02 -1.524788e-01 -1.781253e-01 -1.448872e-01 2.491273e-01 -3.833981e-02 -1.261407e-01 -7.479113e-02 1.145057e-01 1.829337e-02 -6.617013e-03 3.848828e-02 3.133989e-02 9.681647e-03 6.292062e-03 7.981042e-02 3.481303e-02 -1.052527e-02
<VARIANCE> 39
 8.941854e+00 2.037970e+01 1.533190e+01 1.683288e+01 2.862797e+01 2.886278e+01 3.201056e+01 2.750816e+01 4.719366e+01 3.538987e+01 3.016380e+01 3.277514e+01 2.306703e+00 5.318303e-01 1.578650e+00 1.144848e+00 1.117410e+00 1.137632e+00 1.424245e+00 1.645368e+00 1.277565e+00 1.528749e+00 1.154204e+00 1.245883e+00 1.038410e+00 3.757234e-02 6.493761e-02 1.814263e-01 1.346318e-01 1.401150e-01 2.019752e-01 2.218349e-01 2.431170e-01 1.863445e-01 1.997561e-01 1.612376e-01 1.739156e-01 1.449640e-01 4.944400e-03
<GCONST> 8.288987e+01
<STATE> 3
<MEAN> 39
 -6.290476e+00 -1.167325e+01 -4.987525e+00 -2.492578e+00 -5.655465e+00 -5.432175e+00 1.785302e+00 -1.126490e+01 -5.679221e+00 -9.068760e+00 -1.604546e+00 -7.685250e+00 1.862178e+01 -1.082467e-01 6.576477e-02 2.330342e-01 -2.052924e-01 -4.695293e-02 2.054241e-01 -7.330879e-02 -1.009571e-01 1.716273e-01 6.975592e-02 -3.995703e-02 3.038510e-02 -1.979567e-02 -3.005869e-03 1.878566e-01 7.743658e-02 -2.486406e-01 3.300479e-02 8.103361e-02 -1.011920e-01 -1.972379e-03 8.308835e-02 -5.364873e-03 -7.944863e-02 2.507355e-02 -1.439715e-02
<VARIANCE> 39
 7.197864e+00 8.451108e+00 2.463096e+01 3.136763e+01 1.880427e+01 3.042520e+01 3.088263e+01 3.410180e+01 4.310328e+01 4.184192e+01 2.805836e+01 3.031894e+01 1.011843e+00 8.114227e-02 3.211197e-01 4.020582e-01 1.031710e+00 4.633198e-01 6.109411e-01 5.231386e-01 4.995869e-01 6.119708e-01 6.481953e-01 6.582130e-01 5.175434e-01 4.580318e-03 1.054429e-02 2.931719e-02 3.925046e-02 5.255959e-02 6.927887e-02 6.525355e-02 7.262933e-02 7.666527e-02 7.949498e-02 8.554268e-02 7.633410e-02 7.776009e-02 3.924757e-04
<GCONST> 5.266465e+01
<STATE> 4
<MEAN> 39
 -6.221151e+00 -3.176208e+00 -1.625349e+00 -1.203736e+01 -1.904264e+00 -4.487366e+00 -3.312866e+00 -1.019652e+01 -2.791319e+00 -8.221004e+00 -3.088249e+00 -6.512415e+00 1.789962e+01 3.932140e-01 8.500346e-01 1.536449e-01 -3.103672e-01 5.441906e-01 -4.756804e-01 -4.741769e-01 3.278362e-01 -1.989784e-01 5.498861e-02 9.731189e-02 5.328793e-02 -1.226464e-01 4.377919e-02 -1.234853e-01 -3.711534e-02 2.356496e-01 -1.473713e-02 -7.328555e-02 1.046890e-01 -3.507469e-02 -1.090625e-01 2.568150e-02 7.954184e-02 -2.940517e-02 -1.025523e-02
<VARIANCE> 39
 1.144793e+01 2.011440e+01 1.220186e+01 2.402714e+01 3.583270e+01 3.414217e+01 3.367299e+01 2.992299e+01 4.905748e+01 3.961938e+01 3.857226e+01 4.244663e+01 1.076445e+00 4.063210e-01 9.271563e-01 5.742633e-01 1.873687e+00 1.354139e+00 1.383404e+00 1.360612e+00 1.284713e+00 1.675638e+00 1.184944e+00 1.059289e+00 1.024189e+00 9.885054e-03 5.700450e-02 9.915978e-02 8.652527e-02 1.493956e-01 1.942057e-01 2.404368e-01 1.805288e-01 1.979235e-01 2.315823e-01 1.955680e-01 1.707098e-01 1.415160e-01 1.006842e-03
<GCONST> 7.866379e+01
<TRANSP> 5
 0.000000e+00 1.000000e+00 0.000000e+00 0.000000e+00 0.000000e+00
 0.000000e+00 8.955196e-01 1.044804e-01 0.000000e+00 0.000000e+00
 0.000000e+00 0.000000e+00 9.109041e-01 8.909593e-02 0.000000e+00
 0.000000e+00 0.000000e+00 0.000000e+00 8.980582e-01 1.019418e-01
 0.000000e+00 0.000000e+00 0.000000e+00 0.000000e+00 0.000000e+00
<ENDHMM>
~h "five"
<BEGINHMM>
<NUMSTATES> 5
<STATE> 2
<MEAN> 39
 -4.181571e+00 -1.133878e+01 -1.006434e+01 -8.264417e+00 4.860684e-01 -8.130571e+00 3.468300e-01 -4.677129e+00 -5.245259e+00 -7.946115e+00 -1.816033e+00 -4.904418e+00 1.797357e+01 3.626522e-01 -1.175034e+00 -7.174867e-01 7.819337e-01 5.138893e-01 -6.411626e-01 3.320238e-01 4.005016e-01 -7.478436e-01 -2.215598e-01 -3.009352e-01 -5.370934e-03 5.644389e-01 -1.906526e-01 2.464399e-02 1.746619e-01 9.183841e-02 -1.331313e-02 1.041216e-01 3.004213e-02 -2.034249e-01 2.540560e-02 1.382839e-01 1.590415e-01 4.962500e-02 -7.390027e-02
<VARIANCE> 39
 1.086439e+01 1.966196e+01 2.370532e+01 1.674300e+01 1.899952e+01 2.061417e+01 2.526290e+01 5.151709e+01 3.220882e+01 2.802435e+01 2.497396e+01 1.990364e+01 4.373098e+00 7.731660e-01 5.613397e-01 1.171883e+00 9.071927e-01 7.891741e-01 9.864908e-01 9.741875e-01 2.247268e+00 1.725080e+00 1.724234e+00 1.363220e+00 1.026814e+00 1.227537e-01 9.468314e-02 1.336015e-01 1.781126e-01 1.234602e-01 1.362048e-01 1.447459e-01 1.544394e-01 3.008572e-01 2.737376e-01 1.933344e-01 1.760572e-01 1.403615e-01 2.822589e-02
<GCONST> 8.435510e+01
<STATE> 3
<MEAN> 39
 -5.809279e+00 -1.545254e+01 -8.556610e+00 -3.643566e+00 1.426168e+00 -9.175721e+00 2.534745e+00 -7.496410e+00 -7.217786e+00 -5.455817e+00 -4.664863e-01 -4.503195e+00 1.904696e+01 -1.661496e-01 8.363547e-02 4.906859e-01 -2.573281e-01 -2.713195e-01 4.342551e-01 6.886432e-02 -3.989218e-01 2.705795e-02 3.039543e-01 6.119733e-02 -8.456554e-02 -4.852324e-02 4.020426e-02 1.144324e-01 1.145670e-02 -1.967211e-01 -5.496542e-02 9.330437e-02 -2.901250e-02 2.467689e-02 5.654002e-02 -4.896566e-02 -7.772787e-02 -1.876177e-02 -1.499130e-02
<VARIANCE> 39
 9.174331e+00 9.379272e+00 2.484704e+01 2.081323e+01 1.875025e+01 2.311575e+01 1.751933e+01 3.905624e+01 4.700408e+01 4.450366e+01 2.689261e+01 2.552075e+01 1.356909e+00 8.788617e-02 1.530492e-01 2.696451e-01 6.339173e-01 4.959629e-01 5.513856e-01 4.976264e-01 4.932899e-01 6.132994e-01 5.706466e-01 5.685108e-01 4.732192e-01 5.857766e-03 1.174293e-02 2.421231e-02 3.031234e-02 4.809470e-02 5.121350e-02 5.160344e-02 5.703702e-02 6.415310e-02 8.527713e-02 8.423606e-02 6.651407e-02 7.042793e-02 9.080963e-04
<GCONST> 4.963742e+01
<STATE> 4
<MEAN> 39
 -5.754162e+00 -9.414306e+00 -3.943599e+00 -1.391114e+01 -3.277880e+00 -2.810660e+00 1.871590e+00 -8.424414e+00 -4.207162e+00 -5.238625e+00 -2.267489e+00 -5.519495e+00 1.830366e+01 2.172471e-01 1.207241e+00 3.704436e-01 -6.431550e-01 -3.928789e-01 -1.021141e-01 -3.097049e-01 2.570975e-01 5.543383e-01 -2.125263e-01 -7.263564e-02 -8.922241e-02 -2.458400e-01 -1.732720e-02 -2.137909e-02 -5.252695e-02 3.437963e-01 1.400819e-01 -1.806712e-01 -6.294364e-02 -9.906499e-03 -4.278501e-02 1.681690e-02 1.217704e-01 3.977054e-02 -4.836319e-02
<VARIANCE> 39
 7.868186e+00 2.308578e+01 1.220490e+01 3.192663e+01 4.212524e+01 1.955467e+01 2.462595e+01 3.667057e+01 5.314851e+01 2.795164e+01 2.708461e+01 3.009331e+01 1.835203e+00 2.145515e-01 4.980864e-01 5.735516e-01 2.636420e+00 1.470330e+00 1.621451e+00 9.743436e-01 1.330656e+00 1.638665e+00 1.337505e+00 1.268718e+00 9.160311e-01 4.131531e-02 4.301334e-02 9.682447e-02 7.577255e-02 2.404420e-01 2.362132e-01 2.298043e-01 1.662932e-01 2.294828e-01 2.226211e-01 1.790361e-01 2.066634e-01 1.646825e-01 4.441984e-03
<GCONST> 8.034705e+01
<TRANSP> 5
 0.000000e+00 1.000000e+00 0.000000e+00 0.000000e+00 0.000000e+00
 0.000000e+00 8.482206e-01 1.517794e-01 0.000000e+00 0.000000e+00
 0.000000e+00 0.000000e+00 9.124637e-01 8.753625e-02 0.000000e+00
 0.000000e+00 0.000000e+00 0.000000e+00 8.641327e-01 1.358673e-01
 0.000000e+00 0.000000e+00 0.000000e+00 0.000000e+00 0.000000e+00
<ENDHMM>
~h "four"
<BEGINHMM>
<NUMSTATES> 5
<STATE> 2
<MEAN> 39
 -6.753429e+00 -6.550249e+00 -5.530702e+00 -9.756626e+00 -1.577201e+00 -5.554288e+00 -1.214584e+00 -8.397278e+00 -2.003149e+00 -5.574913e+00 9.742131e-01 -4.271835e+00 1.535928e+01 1.569201e+00 5.364946e-01 -9.025858e-01 -8.576311e-01 -3.061953e-01 -5.344977e-01 -6.941149e-01 -1.920317e-01 1.942226e-01 2.014422e-01 -3.436358e-01 -4.869693e-01 6.435250e-01 3.504006e-01 1.256454e-01 -3.368651e-01 -3.172974e-01 -5.855430e-02 -7.190522e-03 -8.061411e-02 -1.788097e-02 2.313218e-03 5.408973e-02 -7.905364e-02 -1.321311e-01 1.431896e-01
<VARIANCE> 39
 7.586175e+00 5.407956e+00 5.414988e+00 7.826887e+00 1.003205e+01 1.244834e+01 1.451023e+01 1.363954e+01 1.606255e+01 1.350021e+01 1.608721e+01 1.222008e+01 1.725897e+00 5.139968e-01 4.335843e-01 6.025249e-01 7.387406e-01 7.129209e-01 9.067560e-01 7.513599e-01 8.221304e-01 1.016027e+00 1.086397e+00 1.523512e+00 1.226785e+00 5.795212e-02 6.770814e-02 5.344129e-02 6.066887e-02 8.255283e-02 1.013033e-01 1.526376e-01 1.211823e-01 1.517245e-01 1.399052e-01 1.608946e-01 1.994231e-01 1.871729e-01 7.146515e-03
<GCONST> 6.399998e+01
<STATE> 3
<MEAN> 39
 1.596335e+00 -3.480278e+00 -1.216635e+01 -1.704930e+01 -4.000673e+00 -6.177486e+00 -3.167142e+00 -8.953185e+00 -1.398794e+00 -3.856141e+00 4.293684e-01 -6.775813e+00 1.891417e+01 3.038780e-01 -1.866808e-01 -3.247733e-01 -3.706822e-02 7.408179e-02 -1.822652e-02 -2.192677e-01 1.749448e-01 3.532009e-01 9.302222e-02 -2.297059e-01 -2.202131e-01 1.429019e-01 -1.735061e-01 -1.541998e-01 1.499032e-01 2.361031e-01 3.833209e-02 -3.651574e-02 3.801047e-02 1.109167e-01 4.729338e-02 -8.560168e-02 -5.579464e-02 5.674789e-02 -6.754335e-02
<VARIANCE> 39
 4.139298e+00 1.026466e+01 9.601001e+00 1.373099e+01 2.439289e+01 1.715081e+01 1.857335e+01 1.714529e+01 2.362385e+01 2.482036e+01 3.809517e+01 3.756931e+01 1.087551e+00 5.223867e-01 7.271777e-01 6.852466e-01 1.213959e+00 9.698312e-01 7.718781e-01 9.086651e-01 9.568017e-01 1.309417e+00 1.175286e+00 1.338275e+00 1.242018e+00 9.290057e-02 4.948950e-02 4.573176e-02 9.588320e-02 8.015101e-02 1.358037e-01 1.434415e-01 1.560642e-01 1.411933e-01 1.814879e-01 1.920443e-01 1.991470e-01 1.869938e-01 7.207538e-03
<GCONST> 7.252082e+01
<STATE> 4
<MEAN> 39
 -2.648956e-01 -1.131203e+01 -7.981751e+00 -8.559434e+00 -5.376232e+00 -8.947090e+00 -2.202602e+00 -4.227335e+00 6.490347e-01 -7.567253e+00 -3.909070e+00 -7.360720e+00 1.854951e+01 -5.526849e-01 -3.313395e-02 1.189067e+00 5.181862e-01 -5.930043e-01 2.926581e-02 6.839521e-01 -1.585888e-01 -6.808564e-01 -3.920847e-01 1.341859e-01 2.573139e-01 -2.038089e-01 -8.727434e-02 3.022596e-01 8.788464e-04 -2.181477e-01 1.357449e-01 2.156741e-01 1.405476e-02 -2.461959e-01 -1.510499e-01 1.214718e-01 1.773380e-01 3.053471e-02 -5.096904e-02
<VARIANCE> 39
 6.989771e+00 1.430658e+01 2.848126e+01 1.840668e+01 4.718429e+01 3.736866e+01 3.525694e+01 3.887960e+01 4.502841e+01 3.449154e+01 3.469003e+01 3.194513e+01 1.578494e+00 2.192321e-01 1.522761e+00 6.624942e-01 1.663369e+00 2.088246e+00 2.163576e+00 1.565137e+00 2.597306e+00 1.819990e+00 1.726217e+00 1.796381e+00 1.076339e+00 4.091406e-02 2.919482e-02 9.469628e-02 1.878015e-01 1.660732e-01 4.426409e-01 3.013735e-01 3.550605e-01 3.381569e-01 3.791471e-01 2.796332e-01 3.072999e-01 2.166616e-01 3.209013e-03
<GCONST> 8.838776e+01
<TRANSP> 5
 0.000000e+00 1.000000e+00 0.000000e+00 0.000000e+00 0.000000e+00
 0.000000e+00 7.028633e-01 2.971367e-01 0.000000e+00 0.000000e+00
 0.000000e+00 0.000000e+00 9.182619e-01 8.173810e-02 0.000000e+00
 0.000000e+00 0.000000e+00 0.000000e+00 8.713186e-01 1.286814e-01
 0.000000e+00 0.000000e+00 0.000000e+00 0.000000e+00 0.000000e+00
<ENDHMM>
~h "zero"
<BEGINHMM>
<NUMSTATES> 5
<STATE> 2
<MEAN> 39
 -6.855922e+00 -1.901638e+00 -4.590736e+00 -7.677653e+00 -2.510650e+00 -4.665817e+00 -2.827687e+00 -8.904282e+00 -3.635815e+00 -4.172913e+00 1.352869e-01 -4.374253e+00 1.565041e+01 2.805003e-01 1.044906e+00 9.701424e-01 -1.153892e+00 -8.266708e-01 -1.403210e+00 -6.263204e-01 -6.004768e-01 3.205976e-01 3.345172e-01 -1.325081e-01 -2.388683e-01 4.901448e-01 3.820641e-02 9.732320e-02 1.847553e-01 -3.604156e-01 -1.737487e-01 -2.338311e-01 2.970694e-03 -2.423193e-02 1.691567e-01 1.622455e-03 3.096176e-02 -8.991897e-02 9.295076e-02
<VARIANCE> 39
 6.899276e+00 1.045638e+01 1.552911e+01 1.460774e+01 2.097305e+01 2.208452e+01 1.923930e+01 1.977000e+01 2.955998e+01 2.442893e+01 2.236756e+01 1.989632e+01 1.479758e+00 3.156249e-01 4.247681e-01 7.567453e-01 9.351048e-01 8.448632e-01 1.288864e+00 9.697782e-01 1.180376e+00 1.340501e+00 9.782492e-01 1.203518e+00 1.526879e+00 4.254698e-02 4.659006e-02 1.026938e-01 1.271564e-01 1.079578e-01 1.311521e-01 2.168916e-01 1.590120e-01 1.927254e-01 1.621620e-01 1.500945e-01 1.803334e-01 1.680652e-01 6.419016e-03
<GCONST> 7.318280e+01
<STATE> 3
<MEAN> 39
 -5.560853e+00 3.159322e-01 9.434925e-01 -1.693309e+01 -7.856434e+00 -9.191128e+00 -4.572375e+00 -8.445109e+00 1.725916e-01 -3.747102e+00 1.708887e-01 -6.829354e+00 1.840677e+01 3.373691e-01 -7.418243e-01 4.422914e-01 -1.719734e-01 -1.080039e+00 2.620334e-01 2.049770e-01 1.946837e-01 3.211162e-01 -7.708626e-02 4.329306e-02 -1.248319e-01 1.665405e-01 5.141968e-02 -2.690666e-01 -1.736299e-01 3.714913e-01 1.652242e-02 1.357408e-01 1.949020e-01 5.563513e-02 -8.654705e-02 -4.437597e-02 -1.243850e-02 7.144075e-02 -6.441406e-02
<VARIANCE> 39
 7.430915e+00 2.060796e+01 1.739039e+01 2.629480e+01 5.927313e+01 4.049340e+01 3.221421e+01 4.420467e+01 3.111596e+01 3.033711e+01 3.453063e+01 5.111573e+01 1.093855e+00 4.425111e-01 1.627908e+00 8.042544e-01 2.616449e+00 1.741986e+00 2.530554e+00 1.684947e+00 1.421220e+00 1.341236e+00 1.178584e+00 1.107648e+00 1.320969e+00 6.309941e-02 5.152760e-02 1.128809e-01 1.260467e-01 1.803246e-01 2.453759e-01 4.090380e-01 2.257377e-01 2.478899e-01 2.120932e-01 1.747019e-01 1.724527e-01 2.174431e-01 4.556701e-03
<GCONST> 8.705903e+01
<STATE> 4
<MEAN> 39
 -1.604464e+00 -1.051626e+01 -4.388161e+00 -9.814890e+00 -9.691331e+00 -8.038015e+00 5.612696e-01 -4.103663e+00 -1.752779e-01 -6.699215e+00 -1.003969e+00 -5.666065e+00 1.854294e+01 8.308690e-02 1.046431e-02 -5.502204e-01 1.635115e-01 6.666824e-01 -1.771242e-01 -1.639436e-02 2.077124e-01 -6.408171e-02 -1.488567e-01 -9.278367e-02 -7.518270e-03 -5.356396e-02 -5.977224e-02 1.433051e-01 6.300596e-02 -8.630513e-02 8.702169e-02 4.101665e-02 -9.770175e-02 -8.209123e-02 -2.049392e-02 3.428935e-02 2.047140e-02 -8.817797e-03 -1.774610e-02
<VARIANCE> 39
 6.465832e+00 1.773096e+01 2.653526e+01 2.679967e+01 6.269497e+01 5.438227e+01 3.557984e+01 3.642836e+01 4.419458e+01 3.496038e+01 2.490628e+01 3.292091e+01 1.494312e+00 2.247076e-01 8.379347e-01 6.299429e-01 1.038345e+00 1.227416e+00 1.670129e+00 1.529580e+00 1.766499e+00 1.573539e+00 1.377324e+00 1.023270e+00 9.266537e-01 1.574846e-02 2.390697e-02 3.498313e-02 7.642881e-02 1.110086e-01 1.911982e-01 2.326756e-01 1.870301e-01 1.959557e-01 2.165484e-01 1.822923e-01 1.466499e-01 1.334417e-01 1.765052e-03
<GCONST> 7.714751e+01
<TRANSP> 5
 0.000000e+00 1.000000e+00 0.000000e+00 0.000000e+00 0.000000e+00
 0.000000e+00 7.340965e-01 2.659035e-01 0.000000e+00 0.000000e+00
 0.000000e+00 0.000000e+00 8.922700e-01 1.077300e-01 0.000000e+00
 0.000000e+00 0.000000e+00 0.000000e+00 9.397540e-01 6.024605e-02
 0.000000e+00 0.000000e+00 0.000000e+00 0.000000e+00 0.000000e+00
<ENDHMM>
