~o
<STREAMINFO> 1 39
<VECSIZE> 39<NULLD><MFCC_E_D_A><DIAGC>
~s "silst"
<MEAN> 39
 -5.239122e+00 -3.785025e+00 -3.316730e+00 -8.805609e+00 -1.229424e+00 -5.676769e+00 -1.786178e+00 -9.468147e+00 -3.485476e+00 -6.400016e+00 -3.137768e-01 -5.558561e+00 1.579151e+01 -6.838540e-01 -4.666995e-01 -4.835470e-01 1.465680e-01 2.978432e-01 7.094221e-01 3.874886e-01 1.243998e-01 1.573882e-01 1.505262e-01 3.384264e-01 3.846501e-01 -3.676811e-01 -1.508888e-02 -6.418677e-02 -1.019397e-01 -1.312902e-01 -1.001211e-01 -8.251262e-02 -8.522252e-03 7.284778e-02 3.595939e-02 1.013138e-02 -2.041483e-02 -3.327686e-03 3.128986e-02
<VARIANCE> 39
 1.118132e+01 1.083719e+01 1.320283e+01 1.307723e+01 2.024721e+01 2.410930e+01 2.346509e+01 2.459109e+01 2.728370e+01 2.684516e+01 2.541241e+01 2.310243e+01 1.957287e+00 3.625219e-01 7.083218e-01 8.012687e-01 8.055000e-01 1.145691e+00 1.280936e+00 1.242370e+00 1.289077e+00 1.399606e+00 1.284777e+00 1.259295e+00 1.105286e+00 4.910953e-02 7.073276e-02 9.996495e-02 1.080377e-01 1.123581e-01 1.569599e-01 2.154315e-01 1.930715e-01 1.893720e-01 2.097689e-01 1.843524e-01 1.820370e-01 1.517637e-01 9.158531e-03
<GCONST> 7.718483e+01
~h "eight"
<BEGINHMM>
<NUMSTATES> 5
<STATE> 2
<MEAN> 39
 -8.236106e+00 -2.649866e+00 -5.871658e+00 -1.846418e+01 7.060556e-02 -5.096335e+00 8.372626e-01 -6.631312e+00 -1.467373e+00 -7.404989e+00 -1.708817e+00 -5.802656e+00 1.746688e+01 -1.573250e-01 1.030901e+00 -8.073566e-02 -9.833090e-01 -6.696352e-02 -6.540289e-01 4.755796e-02 4.311366e-01 3.828032e-01 4.064576e-02 -1.340231e-01 -2.233145e-01 3.132641e-01 2.862835e-02 7.817492e-02 8.040667e-03 1.532863e-01 -5.652915e-02 -1.884110e-01 -8.618784e-02 -3.690846e-02 1.594409e-02 9.667069e-02 1.153941e-01 7.441792e-03 -1.927882e-02
<VARIANCE> 39
 7.993767e+00 2.093766e+01 1.933403e+01 3.181945e+01 4.153085e+01 2.214772e+01 2.553635e+01 2.285394e+01 3.087364e+01 2.280726e+01 2.481057e+01 2.536532e+01 3.214630e+00 3.339657e-01 7.202781e-01 6.389301e-01 1.323290e+00 1.192650e+00 1.371099e+00 1.450265e+00 9.836001e-01 1.313986e+00 1.141887e+00 1.127071e+00 9.519721e-01 1.035755e-01 4.048422e-02 7.930898e-02 7.505998e-02 1.904982e-01 1.343290e-01 1.622935e-01 1.463502e-01 1.677939e-01 2.265603e-01 1.579631e-01 1.686322e-01 1.450131e-01 1.243134e-02
<GCONST> 7.909509e+01
<STATE> 3
<MEAN> 39
 -8.348564e+00 6.138330e+00 -5.452977e+00 -1.847483e+01 -2.871520e+00 -1.445998e+01 -2.070548e+00 -6.701933e+00 3.886478e-01 -3.818250e+00 1.099402e+00 -5.423931e+00 1.848660e+01 1.434991e-01 2.914607e-01 2.201764e-01 9.247215e-01 4.507915e-02 -7.071277e-01 -5.942072e-01 -8.888119e-01 -4.901941e-01 1.853875e-01 3.850794e-01 2.349866e-01 -1.102355e-01 5.177156e-02 -3.347450e-01 1.808091e-02 1.558945e-01 9.165905e-02 3.472363e-01 5.361721e-02 -9.495853e-02 -1.707286e-01 -1.673612e-01 -9.938397e-02 1.592517e-02 -6.685473e-02
<VARIANCE> 39
 9.856901e+00 1.098842e+01 2.404196e+01 2.776166e+01 1.969806e+01 2.223806e+01 5.709630e+01 2.894651e+01 3.292170e+01 2.295099e+01 3.278957e+01 2.676745e+01 1.520725e+00 1.964763e-01 7.150884e-01 2.724138e-01 6.183380e-01 7.946857e-01 1.190581e+00 7.464230e-01 7.849019e-01 1.732643e+00 1.078452e+00 1.219483e+00 8.838459e-01 3.145340e-02 2.860485e-02 7.929586e-02 4.898460e-02 1.033962e-01 8.333276e-02 1.637469e-01 1.487457e-01 1.537859e-01 1.899481e-01 1.429407e-01 1.855214e-01 1.492924e-01 3.567235e-03
<GCONST> 7.081433e+01
<STATE> 4
<MEAN> 39
 -6.724020e+00 -2.494567e-01 -3.951303e+00 -1.163050e+01 -9.244585e-01 -1.050428e+01 -3.851012e+00 -1.168225e+01 -4.760478e+00 -6.064801e+00 6.427457e-01 -4.595004e+00 1.618924e+01 1.557169e-01 -1.970898e+00 -8.416674e-02 7.988053e-01 1.891636e-01 1.746735e+00 4.664314e-01 1.879876e-01 -1.667990e-01 -3.254841e-01 -1.005795e-01 9.603475e-02 -4.875126e-01 -9.866069e-02 2.186993e-02 -1.141885e-01 -1.628004e-01 -7.362116e-02 3.026358e-02 1.697489e-01 2.584602e-01 2.298016e-01 1.113391e-01 5.375304e-02 -2.070682e-02 1.637769e-02
<VARIANCE> 39
 5.399505e+00 3.102805e+01 1.381119e+01 1.712202e+01 1.535147e+01 3.733767e+01 2.943570e+01 2.356245e+01 3.587145e+01 2.561136e+01 2.377497e+01 2.133576e+01 2.598605e+00 3.686769e-01 6.785284e-01 6.570672e-01 1.064061e+00 6.598456e-01 1.186514e+00 1.795711e+00 1.404273e+00 2.096234e+00 1.267890e+00 1.392341e+00 1.154330e+00 3.517597e-02 3.922530e-02 2.428759e-01 7.015042e-02 1.164912e-01 9.224264e-02 3.135807e-01 1.897677e-01 2.033290e-01 2.792202e-01 1.625889e-01 1.920448e-01 1.863547e-01 1.046278e-02
<GCONST> 7.896462e+01
<TRANSP> 5
 0.000000e+00 1.000000e+00 0.000000e+00 0.000000e+00 0.000000e+00
 0.000000e+00 8.756822e-01 1.243178e-01 0.000000e+00 0.000000e+00
 0.000000e+00 0.000000e+00 8.613367e-01 1.386632e-01 0.000000e+00
 0.000000e+00 0.000000e+00 0.000000e+00 8.043050e-01 1.956949e-01
 0.000000e+00 0.000000e+00 0.000000e+00 0.000000e+00 0.000000e+00
<ENDHMM>
~h "oh"
<BEGINHMM>
<NUMSTATES> 5
<STATE> 2
<MEAN> 39
 -4.369398e+00 -1.039624e+01 -8.427077e+00 -8.549933e+00 -2.573033e+00 -7.714947e+00 3.594484e+00 -7.360330e+00 -5.230628e+00 -7.144883e+00 -2.446415e+00 -5.326476e+00 1.780799e+01 5.492244e-01 -1.976741e-01 -6.025265e-01 1.560466e-01 8.314266e-02 -7.034477e-01 1.268129e-01 7.183412e-01 -1.089305e-03 -4.240827e-01 -4.233718e-01 -1.466934e-01 3.569799e-01 1.052768e-02 1.016019e-01 1.408550e-03 -5.120990e-02 3.368577e-02 -1.165225e-02 -1.504179e-01 9.019726e-03 1.330513e-01 2.796505e-02 -1.226376e-02 -3.249335e-02 -2.098982e-02
<VARIANCE> 39
 8.859494e+00 1.220891e+01 1.621807e+01 1.725580e+01 2.246426e+01 2.463346e+01 3.042321e+01 6.424761e+01 3.810458e+01 3.398472e+01 2.717249e+01 3.090066e+01 3.060522e+00 3.006912e-01 5.753317e-01 6.368650e-01 6.430736e-01 6.904358e-01 9.311589e-01 1.327929e+00 1.777614e+00 1.558784e+00 1.270152e+00 1.247928e+00 1.049982e+00 9.511620e-02 4.044657e-02 6.374815e-02 7.546048e-02 7.906408e-02 9.163496e-02 1.295520e-01 1.544680e-01 2.146367e-01 1.865058e-01 1.985262e-01 1.852586e-01 1.393281e-01 1.358730e-02
<GCONST> 7.710344e+01
<STATE> 3
<MEAN> 39
 -5.407180e-01 -8.187037e+00 -1.325920e+01 -1.000084e+01 -6.998314e-01 -1.211579e+01 -9.281368e-01 -6.782548e-01 1.817310e-01 -8.175421e+00 -5.136855e+00 -6.578582e+00 1.904294e+01 2.207462e-01 4.062408e-01 -1.760759e-02 -3.509887e-01 -4.054701e-02 4.069002e-03 -6.818066e-01 -2.664153e-01 6.603735e-01 6.100199e-01 -2.098805e-02 -3.583285e-01 -1.046610e-02 -4.159557e-02 2.392897e-02 1.030153e-01 -2.058780e-02 -5.829108e-02 9.414628e-02 1.600118e-02 -1.573828e-01 -8.415066e-02 9.055422e-02 1.237307e-01 1.174763e-02 -2.535332e-02
<VARIANCE> 39
 6.120825e+00 8.449021e+00 1.491527e+01 1.474375e+01 1.910317e+01 2.200516e+01 4.203123e+01 2.884457e+01 3.914439e+01 3.609451e+01 3.207856e+01 4.000247e+01 1.217085e+00 8.110394e-02 1.379252e-01 2.663076e-01 2.775388e-01 3.881589e-01 5.151067e-01 7.175201e-01 1.018183e+00 7.343209e-01 8.487841e-01 8.073496e-01 6.959182e-01 1.326107e-02 1.117458e-02 1.428676e-02 3.335502e-02 3.320481e-02 4.662168e-02 6.842896e-02 7.842993e-02 9.602363e-02 1.060411e-01 1.011214e-01 9.216356e-02 8.871992e-02 1.198953e-03
<GCONST> 5.211816e+01
<STATE> 4
<MEAN> 39
 1.866332e-01 -3.677496e+00 -9.771497e+00 -1.347908e+01 -3.471589e+00 -1.009305e+01 -4.927321e+00 -7.473912e+00 9.157494e-01 -2.413235e+00 -1.047758e-01 -6.931406e+00 1.844198e+01 -3.701594e-01 2.726575e-01 8.552692e-01 1.815858e-01 -1.895749e-01 3.855686e-01 2.312550e-01 -5.501886e-01 -5.809022e-01 -1.186796e-01 4.878599e-01 4.177847e-01 -2.391678e-01 -1.353842e-01 -1.100142e-01 4.622381e-02 1.407780e-01 1.139810e-01 9.161586e-02 1.856753e-01 8.517944e-02 -1.020239e-01 -1.780147e-01 -7.604575e-02 7.703088e-02 -4.606439e-02
<VARIANCE> 39
 6.216236e+00 7.092575e+00 1.884180e+01 1.571712e+01 1.922210e+01 2.821407e+01 3.106538e+01 2.754452e+01 3.083103e+01 3.708884e+01 3.929652e+01 3.699173e+01 1.725172e+00 2.466584e-01 3.663343e-01 4.234207e-01 6.037973e-01 7.291028e-01 9.020815e-01 1.179914e+00 1.243737e+00 1.215665e+00 1.281602e+00 1.207483e+00 1.029812e+00 3.221866e-02 2.325650e-02 3.361986e-02 6.600577e-02 6.619956e-02 9.868956e-02 1.599506e-01 1.646655e-01 1.869784e-01 2.031095e-01 1.919180e-01 1.720661e-01 1.641939e-01 2.753849e-03
<GCONST> 6.957162e+01
<TRANSP> 5
 0.000000e+00 1.000000e+00 0.000000e+00 0.000000e+00 0.000000e+00
 0.000000e+00 8.820697e-01 1.179303e-01 0.000000e+00 0.000000e+00
 0.000000e+00 0.000000e+00 8.920114e-01 1.079886e-01 0.000000e+00
 0.000000e+00 0.000000e+00 0.000000e+00 8.575931e-01 1.424068e-01
 0.000000e+00 0.000000e+00 0.000000e+00 0.000000e+00 0.000000e+00
<ENDHMM>
~h "sp"
<BEGINHMM>
<NUMSTATES> 5
<STATE> 2
~s "silst"
<STATE> 3
<MEAN> 39
 -7.697649e+00 -6.480694e+00 -6.091011e+00 -9.719559e+00 -1.335107e+00 -4.086199e+00 -6.317969e-01 -8.574507e+00 -2.843346e+00 -5.620837e+00 9.512423e-01 -4.095046e+00 1.480254e+01 -9.460108e-02 -1.445731e-02 -1.083273e-01 -3.561446e-03 -2.869231e-02 2.757129e-02 -1.033224e-02 3.157032e-02 -1.197925e-03 1.946639e-02 3.455403e-02 3.833384e-02 -1.223933e-02 5.922691e-02 8.082362e-02 5.969388e-02 -9.873544e-03 -8.468284e-03 -5.342367e-02 -3.982859e-02 -1.737393e-02 -8.016948e-03 -1.540569e-02 -3.209497e-02 -3.102201e-02 4.313603e-02
<VARIANCE> 39
 5.211445e+00 5.791706e+00 8.373755e+00 1.000739e+01 1.422957e+01 1.533480e+01 1.539543e+01 1.659918e+01 1.759805e+01 1.631984e+01 1.593230e+01 1.377066e+01 1.096031e+00 1.536446e-01 2.303684e-01 3.533114e-01 4.270072e-01 5.669730e-01 6.763957e-01 6.510263e-01 7.137396e-01 7.359678e-01 6.603857e-01 6.483981e-01 5.688509e-01 6.944808e-03 3.258665e-02 5.257414e-02 7.076640e-02 9.006396e-02 1.137373e-01 1.422833e-01 1.314113e-01 1.433647e-01 1.463871e-01 1.247245e-01 1.236210e-01 1.141452e-01 4.028729e-03
<GCONST> 5.463963e+01
<STATE> 4
<MEAN> 39
 -8.604136e+00 -4.938304e+00 -6.378312e+00 -8.955602e+00 -2.042783e+00 -3.714054e+00 -1.060990e+00 -8.391238e+00 -2.884145e+00 -5.451169e+00 6.216969e-01 -4.038295e+00 1.504643e+01 2.320964e-01 1.982571e-01 7.065658e-02 -1.425128e-01 -1.292602e-01 -2.574394e-01 -6.997076e-02 7.295217e-02 -3.682906e-02 -4.846510e-02 -2.021555e-01 -6.171184e-02 2.051379e-01 2.169758e-01 1.266788e-02 6.346339e-02 -1.567414e-01 -1.140610e-01 -2.098214e-01 -1.092313e-02 1.609013e-02 6.578913e-03 -5.329611e-03 -1.026087e-01 -8.449495e-02 1.099551e-01
<VARIANCE> 39
 1.205627e+01 1.139632e+01 1.722521e+01 1.560177e+01 1.928652e+01 1.863697e+01 1.814058e+01 2.043240e+01 2.093493e+01 1.985203e+01 1.884552e+01 1.712589e+01 1.511827e+00 5.624105e-01 5.215225e-01 7.051004e-01 7.796689e-01 8.814472e-01 9.480186e-01 8.416547e-01 1.147199e+00 1.031475e+00 9.162484e-01 9.251795e-01 7.414063e-01 5.021491e-02 6.955847e-02 1.110624e-01 1.696997e-01 1.414833e-01 1.923106e-01 1.893116e-01 1.674819e-01 2.238400e-01 2.025605e-01 1.787339e-01 1.813898e-01 1.536511e-01 9.452096e-03
<GCONST> 7.399969e+01
<TRANSP> 5
 0.000000e+00 8.049163e-01 1.950837e-01 0.000000e+00 0.000000e+00
 0.000000e+00 7.914886e-01 2.085114e-01 0.000000e+00 0.000000e+00
 0.000000e+00 0.000000e+00 8.478771e-01 1.521229e-01 0.000000e+00
 0.000000e+00 0.000000e+00 0.000000e+00 5.673110e-01 4.326890e-01
 0.000000e+00 0.000000e+00 0.000000e+00 0.000000e+00 0.000000e+00
<ENDHMM>
~h "seven"
<BEGINHMM>
<NUMSTATES> 5
<STATE> 2
<MEAN> 39
 -7.776557e+00 -4.441449e+00 -6.186505e+00 -9.466248e+00 -3.426948e+00 -4.666864e+00 -6.033046e-01 -8.154112e+00 -2.462417e+00 -4.344263e+00 -3.972391e-01 -3.798811e+00 1.540518e+01 8.746882e-01 1.165240e-01 7.203360e-01 -1.353758e+00 -1.089351e+00 -8.854491e-01 9.317813e-01 -1.076867e-01 3.484347e-01 4.306248e-02 -7.710396e-01 -6.763072e-01 6.647276e-01 3.628423e-02 -1.013348e-01 -4.581274e-02 -2.712822e-01 -1.993598e-01 6.085673e-02 2.611495e-01 6.210994e-02 -5.014542e-03 -1.334169e-01 -1.726037e-01 -1.643082e-01 1.386882e-01
<VARIANCE> 39
 9.265310e+00 6.317105e+00 1.255625e+01 1.178882e+01 1.897847e+01 2.111466e+01 1.795706e+01 1.839105e+01 1.821106e+01 2.516848e+01 1.755644e+01 1.595243e+01 2.183078e+00 4.552101e-01 4.285131e-01 6.406189e-01 9.591389e-01 1.280691e+00 1.569904e+00 1.334767e+00 1.155799e+00 1.202039e+00 2.298970e+00 1.082767e+00 1.174223e+00 7.697146e-02 8.103695e-02 5.407031e-02 9.919834e-02 1.174009e-01 2.107485e-01 2.140085e-01 1.554118e-01 1.575692e-01 1.644839e-01 1.964218e-01 1.391304e-01 1.842639e-01 1.042457e-02
<GCONST> 7.443215e+01
<STATE> 3
<MEAN> 39
 -5.719725e+00 -7.422886e+00 -5.335329e+00 -1.617891e+01 -6.180730e+00 -4.439544e+00 4.979238e+00 -8.662453e+00 -2.686754e+00 -7.083796e+00 -4.157056e+00 -6.584323e+00 1.903130e+01 1.399763e-01 -2.966766e-01 7.202758e-02 1.289165e-01 2.679739e-02 -3.429276e-02 1.975573e-01 2.599864e-01 -3.334152e-01 -4.972778e-02 -8.131117e-03 -5.377516e-02 8.866689e-02 -2.420540e-02 9.694027e-02 3.292544e-02 3.144655e-01 1.478628e-01 -6.733732e-02 -2.782919e-01 4.713683e-02 -1.946328e-02 3.451202e-02 1.991385e-01 6.613255e-02 -1.349346e-01
<VARIANCE> 39
 9.527643e+00 1.211735e+01 9.019505e+00 1.768484e+01 4.784778e+01 3.854699e+01 3.178642e+01 3.882636e+01 4.826998e+01 5.823756e+01 3.326670e+01 3.268645e+01 1.202008e+00 4.019731e-01 5.767220e-01 4.483349e-01 1.357677e+00 1.502071e+00 1.589028e+00 1.637598e+00 1.070864e+00 1.293481e+00 1.733150e+00 1.745863e+00 1.240416e+00 1.819037e-01 8.168285e-02 8.697837e-02 9.046160e-02 1.104107e-01 2.634332e-01 2.655150e-01 1.737913e-01 1.621688e-01 2.067632e-01 2.431450e-01 2.307546e-01 1.890557e-01 5.599965e-03
<GCONST> 8.351237e+01
<STATE> 4
<MEAN> 39
 -3.238310e+00 -4.110683e+00 -2.010930e+00 -9.784551e+00 -3.934550e+00 -7.934361e+00 -4.903558e-01 -7.919867e+00 -3.911711e+00 -6.638188e+00 -1.633221e+00 -6.930237e+00 1.713522e+01 1.018011e-01 3.604552e-01 2.229976e-01 2.343905e-01 3.743812e-01 -2.215809e-02 -4.174992e-01 -3.459568e-01 3.217088e-02 -7.150827e-02 8.596275e-02 -1.020266e-02 -8.870890e-02 -4.132776e-02 -5.874320e-02 -5.482507e-02 -7.327718e-02 1.603129e-03 1.106222e-01 9.108225e-02 -4.114532e-02 1.465504e-03 2.383295e-04 -4.195159e-02 3.038285e-02 1.877785e-02
<VARIANCE> 39
 4.917701e+00 1.046564e+01 1.005971e+01 1.372033e+01 2.823850e+01 3.226628e+01 2.618077e+01 4.093221e+01 3.239323e+01 3.545598e+01 3.231055e+01 2.892674e+01 1.674073e+00 1.922870e-01 4.176080e-01 4.809744e-01 9.004770e-01 1.385465e+00 1.176650e+00 1.647137e+00 1.271687e+00 1.386801e+00 1.389773e+00 1.260891e+00 9.349163e-01 8.894153e-02 3.499374e-02 7.904039e-02 8.600784e-02 1.526263e-01 2.472008e-01 2.051818e-01 2.859698e-01 2.260312e-01 2.302198e-01 2.387969e-01 2.137458e-01 1.485033e-01 1.489910e-02
<GCONST> 7.850784e+01
<TRANSP> 5
 0.000000e+00 1.000000e+00 0.000000e+00 0.000000e+00 0.000000e+00
 0.000000e+00 7.192369e-01 2.807631e-01 0.000000e+00 0.000000e+00
 0.000000e+00 0.000000e+00 8.936750e-01 1.063250e-01 0.000000e+00
 0.000000e+00 0.000000e+00 0.000000e+00 9.313343e-01 6.866569e-02
 0.000000e+00 0.000000e+00 0.000000e+00 0.000000e+00 0.000000e+00
<ENDHMM>
~h "three"
<BEGINHMM>
<NUMSTATES> 5
<STATE> 2
<MEAN> 39
 -3.819577e+00 -6.441190e+00 -1.520445e+00 -9.090816e+00 -7.679199e+00 -1.044544e+01 -1.563780e+00 -8.230045e+00 -2.252381e+00 -5.480427e+00 -1.845342e-01 -5.052241e+00 1.686492e+01 7.708455e-01 -2.960888e-01 8.711266e-01 1.944699e-01 -1.768891e+00 -6.988413e-01 -8.071236e-02 -1.564013e-01 2.282595e-01 1.006574e-01 -7.601091e-02 -2.474490e-01 4.159147e-01 -1.013662e-01 3.274024e-03 6.089264e-02 -1.878268e-01 -4.841308e-02 2.609232e-01 -3.246089e-02 -5.845212e-02 1.142422e-01 3.101598e-02 3.844335e-02 -1.437726e-03 -6.658575e-03
<VARIANCE> 39
 1.391569e+01 1.159611e+01 1.394988e+01 2.680244e+01 4.122386e+01 4.917914e+01 2.105732e+01 2.292231e+01 2.655050e+01 2.423771e+01 2.944720e+01 2.825930e+01 2.840070e+00 5.634551e-01 5.739982e-01 7.783166e-01 1.303552e+00 1.867678e+00 2.389100e+00 1.214525e+00 1.385506e+00 1.207638e+00 1.140610e+00 1.402849e+00 1.365359e+00 5.584517e-02 1.318555e-01 1.175622e-01 1.318733e-01 3.055387e-01 3.356074e-01 4.757143e-01 2.216009e-01 2.272235e-01 1.950006e-01 1.818405e-01 2.025778e-01 1.879364e-01 1.108594e-02
<GCONST> 8.638858e+01
<STATE> 3
<MEAN> 39
 -3.380668e+00 -6.497981e+00 5.289162e+00 -1.473889e+01 -1.622441e+01 -5.769704e+00 -4.796184e+00 -1.037907e+01 1.980214e+00 -5.010940e+00 9.804323e-01 -5.853348e+00 1.870642e+01 -8.034827e-01 1.340354e+00 5.096039e-01 -2.227773e+00 1.201405e+00 1.022747e+00 -1.684435e+00 4.659866e-01 2.995342e-01 -2.221902e-01 1.788715e-01 -1.012799e-01 7.494134e-02 -1.296210e-01 3.566956e-01 -4.187621e-01 7.040055e-02 8.213804e-01 -4.410710e-01 -3.437906e-02 2.728937e-01 -3.363136e-01 -3.721902e-02 -2.050614e-02 5.194282e-02 -7.158393e-02
<VARIANCE> 39
 6.891383e+00 1.744441e+01 1.265657e+01 4.990154e+01 4.464631e+01 4.738534e+01 4.791008e+01 5.026286e+01 2.367650e+01 2.816033e+01 3.913968e+01 3.263708e+01 1.218585e+00 3.202321e-01 9.913696e-01 1.056990e+00 1.096017e+00 3.525927e+00 3.066687e+00 1.526748e+00 2.207949e+00 1.430446e+00 8.601282e-01 8.854621e-01 8.536361e-01 3.291729e-02 6.606372e-02 9.923472e-02 1.198787e-01 4.460265e-01 3.041902e-01 5.127275e-01 5.370562e-01 2.630329e-01 1.840380e-01 1.633405e-01 1.474285e-01 1.377424e-01 2.689613e-03
<GCONST> 8.622946e+01
<STATE> 4
<MEAN> 39
 -6.810867e+00 3.598486e+00 -8.663331e-01 -1.735914e+01 -2.065999e+00 -1.170540e+01 -6.450050e+00 -7.666721e+00 -3.069147e+00 -5.176966e+00 -1.121557e-01 -6.334518e+00 1.800695e+01 3.854965e-02 1.869676e-01 -6.514437e-01 7.812619e-01 7.256089e-01 -3.498200e-01 5.913800e-01 -1.829965e-01 -4.360082e-01 -8.873392e-03 -1.893683e-01 -6.399638e-03 -1.618107e-01 8.622105e-02 -3.047623e-01 4.273605e-02 1.867423e-01 -2.447701e-01 2.208682e-01 1.440564e-01 -8.994775e-02 9.978966e-02 -1.052115e-02 1.004995e-02 1.359413e-02 -2.757809e-02
<VARIANCE> 39
 7.387605e+00 1.754784e+01 1.914369e+01 3.182273e+01 2.647585e+01 2.983481e+01 5.028411e+01 4.830648e+01 3.352077e+01 3.944004e+01 4.171062e+01 3.618689e+01 1.572803e+00 2.862532e-01 1.660990e+00 6.537821e-01 1.035306e+00 1.765017e+00 2.274650e+00 1.386572e+00 1.660926e+00 1.287614e+00 1.205170e+00 8.077250e-01 8.572894e-01 2.462791e-02 3.842835e-02 9.323507e-02 8.673187e-02 2.133060e-01 1.788881e-01 2.188606e-01 2.758013e-01 2.446923e-01 1.788985e-01 1.597670e-01 1.329934e-01 1.298464e-01 2.454011e-03
<GCONST> 8.065744e+01
<TRANSP> 5
 0.000000e+00 1.000000e+00 0.000000e+00 0.000000e+00 0.000000e+00
 0.000000e+00 8.597156e-01 1.402844e-01 0.000000e+00 0.000000e+00
 0.000000e+00 0.000000e+00 7.974920e-01 2.025080e-01 0.000000e+00
 0.000000e+00 0.000000e+00 0.000000e+00 9.043549e-01 9.564514e-02
 0.000000e+00 0.000000e+00 0.000000e+00 0.000000e+00 0.000000e+00
<ENDHMM>
~h "one"
<BEGINHMM>
<NUMSTATES> 5
<STATE> 2
<MEAN> 39
 -6.129456e-01 -3.805384e+00 -9.266829e+00 -1.279087e+01 -1.634646e+00 -5.562801e+00 -2.026720e+00 -8.869606e+00 -2.706868e+00 -6.732260e+00 -1.543970e+00 -7.290656e+00 1.772544e+01 2.815859e-01 -4.002463e-01 -8.648806e-01 4.563075e-01 4.842601e-01 3.502281e-02 -2.934542e-01 2.281054e-01 2.020107e-01 -3.077587e-01 -3.889858e-01 -2.685857e-01 2.386839e-01 -1.166066e-01 -1.439539e-01 5.504120e-02 2.620789e-01 5.617385e-03 -1.165017e-01 -1.258782e-02 9.304120e-02 -1.197600e-02 -9.097414e-02 1.110446e-02 8.200035e-02 -2.039896e-02
<VARIANCE> 39
 7.829540e+00 9.320004e+00 2.887733e+01 2.289445e+01 2.874647e+01 2.530372e+01 2.288014e+01 2.061835e+01 2.826758e+01 2.394160e+01 2.962696e+01 2.860441e+01 2.316221e+00 4.583462e-01 8.039887e-01 8.786411e-01 2.247121e+00 1.371561e+00 1.446442e+00 1.265903e+00 1.068318e+00 1.134356e+00 1.026330e+00 1.097457e+00 1.043682e+00 4.786408e-02 4.584970e-02 6.228611e-02 1.902046e-01 2.177731e-01 2.626982e-01 2.513454e-01 2.375483e-01 1.811343e-01 2.009626e-01 1.700436e-01 1.891433e-01 1.836526e-01 5.091289e-03
<GCONST> 8.030152e+01
<STATE> 3
<MEAN> 39
 -2.408723e+00 -1.072069e+01 -1.081016e+01 -1.676448e+00 -5.560015e-01 -9.478567e+00 -2.334073e+00 -4.275930e+00 -3.626179e+00 -1.169333e+01 -2.340767e+00 -6.094944e+00 1.853765e+01 -6.068115e-01 -3.554091e-01 1.348378e+00 5.365031e-01 -1.351779e+00 -2.972420e-01 1.184680e+00 -1.188649e-01 -9.102018e-01 -6.793138e-02 5.769082e-01 1.059049e-01 -5.059836e-02 2.670633e-02 3.155175e-01 2.449340e-01 -5.816784e-01 -1.199073e-01 3.741898e-01 7.715368e-02 -4.327085e-01 1.066828e-02 3.739966e-01 3.691187e-02 -1.718795e-01 -2.969398e-02
<VARIANCE> 39
 6.213419e+00 9.682645e+00 1.889102e+01 2.365735e+01 2.742040e+01 1.740808e+01 3.808559e+01 3.191949e+01 4.646053e+01 3.759130e+01 3.396396e+01 3.350196e+01 1.543053e+00 1.553127e-01 5.274022e-01 6.052188e-01 1.866303e+00 7.349743e-01 1.750617e+00 1.005432e+00 2.265401e+00 1.186378e+00 1.880350e+00 1.033720e+00 1.294203e+00 8.546170e-03 2.409584e-02 5.263118e-02 1.017954e-01 1.219699e-01 2.924013e-01 1.533688e-01 3.833456e-01 1.798124e-01 3.382084e-01 2.032780e-01 2.674564e-01 1.701590e-01 8.599488e-04
<GCONST> 7.544612e+01
<STATE> 4
<MEAN> 39
 -4.069773e+00 -5.267601e+00 -1.575058e+00 -8.855361e+00 -3.867257e+00 -5.923015e+00 -1.816585e+00 -1.198773e+01 -4.578707e+00 -8.606679e+00 -2.617027e+00 -8.312603e+00 1.776944e+01 1.493010e-01 9.105115e-01 5.624698e-01 -6.708584e-01 4.252540e-01 -5.613794e-02 -5.922834e-01 -4.177221e-01 8.470272e-02 2.144421e-01 -1.668828e-01 5.920495e-02 -1.265352e-01 3.656650e-02 -7.631337e-02 -2.107199e-01 1.684800e-01 1.422046e-01 -5.817952e-02 -4.863433e-02 1.654056e-01 6.178455e-03 -1.135574e-01 1.846231e-02 7.513449e-02 -6.125784e-03
<VARIANCE> 39
 6.833758e+00 2.302241e+01 1.084732e+01 2.051654e+01 2.000560e+01 4.621332e+01 3.553809e+01 3.495533e+01 4.131667e+01 4.597639e+01 3.305017e+01 3.732024e+01 1.292125e+00 2.678488e-01 6.829283e-01 8.209348e-01 1.216038e+00 8.921189e-01 1.925835e+00 1.161680e+00 1.404595e+00 1.594824e+00 1.505635e+00 9.315305e-01 9.451041e-01 1.263083e-02 4.865840e-02 1.168573e-01 8.274657e-02 1.279949e-01 1.988116e-01 3.108230e-01 2.667125e-01 1.828163e-01 2.258170e-01 2.218525e-01 1.662902e-01 1.660634e-01 1.696355e-03
<GCONST> 7.824057e+01
<TRANSP> 5
 0.000000e+00 1.000000e+00 0.000000e+00 0.000000e+00 0.000000e+00
 0.000000e+00 8.988313e-01 1.011687e-01 0.000000e+00 0.000000e+00
 0.000000e+00 0.000000e+00 8.273066e-01 1.726934e-01 0.000000e+00
 0.000000e+00 0.000000e+00 0.000000e+00 8.889772e-01 1.110228e-01
 0.000000e+00 0.000000e+00 0.000000e+00 0.000000e+00 0.000000e+00
<ENDHMM>
~h "sil"
<BEGINHMM>
<NUMSTATES> 5
<STATE> 2
<MEAN> 39
 -6.758381e+00 -6.647880e+00 -5.001606e+00 -8.921360e+00 1.054344e-01 -3.318958e+00 1.330015e-01 -8.639583e+00 -2.666812e+00 -5.717600e+00 5.985301e-01 -4.306078e+00 1.463791e+01 -4.676111e-02 -6.744253e-03 -7.513087e-03 3.551172e-02 5.211116e-02 3.656264e-02 5.225632e-02 2.078566e-03 -1.865861e-02 1.295677e-02 1.270538e-02 4.482742e-03 -1.517183e-02 -3.029362e-02 -4.062906e-02 -8.482095e-02 -1.257387e-01 -1.324274e-01 -1.256206e-01 -5.851160e-02 -5.577543e-04 -1.797329e-02 5.941708e-03 3.426860e-02 3.049294e-02 1.347980e-03
<VARIANCE> 39
 3.877522e+00 4.513570e+00 6.120054e+00 7.565330e+00 1.188615e+01 1.375617e+01 1.508007e+01 1.650728e+01 1.574520e+01 1.390998e+01 1.603304e+01 1.321144e+01 1.178335e+00 8.496652e-02 1.660367e-01 2.815112e-01 3.846185e-01 5.033390e-01 6.637074e-01 6.887879e-01 7.272711e-01 7.123573e-01 5.902688e-01 6.434385e-01 5.574591e-01 5.787364e-03 1.134091e-02 2.423150e-02 4.074520e-02 4.933787e-02 6.997412e-02 1.008649e-01 1.072213e-01 1.325291e-01 1.122608e-01 9.357288e-02 1.067718e-01 9.750129e-02 6.642015e-04
<GCONST> 4.452795e+01
<STATE> 3
~s "silst"
<STATE> 4
<MEAN> 39
 -7.519633e+00 -7.359125e+00 -6.535440e+00 -1.111913e+01 -2.044347e+00 -5.235817e+00 -8.295158e-01 -8.543287e+00 -2.648479e+00 -5.478215e+00 1.323746e+00 -3.897961e+00 1.448324e+01 3.871173e-05 9.792619e-03 -1.990520e-02 -2.162194e-02 -5.175954e-02 -2.259069e-02 -5.114592e-02 -5.145843e-03 -5.403116e-03 -1.043570e-02 -1.316314e-02 -9.414501e-03 1.516298e-04 3.376860e-02 5.334282e-02 8.675150e-02 1.164066e-01 1.176465e-01 1.093788e-01 4.648062e-02 6.247065e-03 1.784639e-02 -1.086382e-02 -4.307721e-02 -3.251041e-02 7.715496e-03
<VARIANCE> 39
 3.388620e+00 3.999530e+00 6.272488e+00 7.605160e+00 1.139983e+01 1.275749e+01 1.484640e+01 1.580004e+01 1.752693e+01 1.505520e+01 1.513122e+01 1.332243e+01 1.002486e+00 7.162102e-02 1.608870e-01 2.767651e-01 4.032762e-01 4.982919e-01 6.691794e-01 6.001364e-01 7.287078e-01 6.918244e-01 5.908653e-01 6.865750e-01 6.144470e-01 2.986444e-03 1.323661e-02 2.773962e-02 4.095660e-02 5.536295e-02 7.352748e-02 1.097908e-01 1.058244e-01 1.263876e-01 1.308558e-01 1.030978e-01 1.159298e-01 1.107658e-01 9.403586e-04
<GCONST> 4.455512e+01
<TRANSP> 5
 0.000000e+00 1.000000e+00 0.000000e+00 0.000000e+00 0.000000e+00
 0.000000e+00 7.438548e-01 2.632000e-02 2.298252e-01 0.000000e+00
 0.000000e+00 0.000000e+00 8.211860e-01 1.788140e-01 0.000000e+00
 0.000000e+00 1.678964e-01 0.000000e+00 7.693682e-01 6.273533e-02
 0.000000e+00 0.000000e+00 0.000000e+00 0.000000e+00 0.000000e+00
<ENDHMM>
~h "six"
<BEGINHMM>
<NUMSTATES> 5
<STATE> 2
<MEAN> 39
 -8.710793e+00 -4.281370e+00 -7.032401e+00 -8.703730e+00 -3.061898e+00 -4.181787e+00 -1.950863e+00 -8.221152e+00 -3.558446e+00 -4.037952e+00 1.312438e-01 -3.135281e+00 1.493576e+01 6.739115e-01 6.717992e-01 1.190177e+00 -1.358532e+00 -1.140263e+00 -1.196748e+00 3.843457e-02 -1.362029e-01 4.127469e-01 3.470455e-01 -5.111540e-01 -4.612069e-01 6.224768e-01 7.040006e-02 1.163556e-01 2.304187e-01 -4.784103e-01 -2.813102e-01 -1.749489e-01 4.258880e-02 7.331964e-02 2.023108e-01 2.733774e-03 -1.367472e-01 -2.343705e-01 1.460226e-01
<VARIANCE> 39
 7.386714e+00 7.757405e+00 1.262120e+01 1.145969e+01 1.881405e+01 1.971673e+01 1.510973e+01 1.821799e+01 1.998966e+01 2.929603e+01 1.912859e+01 1.704047e+01 1.843554e+00 3.599176e-01 4.701043e-01 8.859649e-01 1.166228e+00 1.077858e+00 1.328558e+00 9.938520e-01 8.075612e-01 1.410807e+00 2.224313e+00 1.071435e+00 1.313071e+00 7.888906e-02 6.178289e-02 5.634768e-02 1.157948e-01 9.743130e-02 2.025506e-01 2.066172e-01 1.475893e-01 1.762808e-01 1.851933e-01 2.371728e-01 1.704952e-01 1.688472e-01 8.643642e-03
<GCONST> 7.395356e+01
<STATE> 3
<MEAN> 39
 -6.468027e+00 -1.100407e+00 -8.584509e-01 -2.010813e+01 -7.864196e+00 -8.739972e+00 -2.435833e+00 -6.384336e+00 2.406384e-01 -3.792505e+00 -2.521809e+00 -7.319240e+00 1.832708e+01 2.497716e-02 -8.553699e-02 2.226770e-01 -2.848525e-01 3.720860e-01 2.101416e-01 -2.744029e-01 1.719558e-01 3.863047e-02 -1.954384e-01 1.693781e-01 5.285502e-03 -4.642197e-02 -5.698432e-02 -2.050115e-01 -2.668234e-01 4.865754e-01 2.880013e-01 2.216977e-01 6.784762e-02 -9.078036e-02 -1.462074e-01 -5.884921e-02 1.513229e-01 1.654237e-01 -1.668786e-01
<VARIANCE> 39
 7.690335e+00 9.739148e+00 1.661224e+01 2.315056e+01 5.844633e+01 3.109915e+01 3.717149e+01 2.459889e+01 3.462306e+01 5.835281e+01 3.540781e+01 3.740087e+01 1.433810e+00 3.499850e-01 6.535627e-01 1.076840e+00 3.232183e+00 2.403501e+00 1.766188e+00 1.734260e+00 1.341018e+00 1.888225e+00 2.010189e+00 1.867587e+00 1.899394e+00 2.946435e-01 6.816015e-02 6.605309e-02 1.607487e-01 2.263720e-01 3.058786e-01 3.192698e-01 3.832030e-01 2.241885e-01 2.867651e-01 3.401620e-01 2.633901e-01 2.552447e-01 1.166869e-02
<GCONST> 9.189347e+01
<STATE> 4
<MEAN> 39
 -6.560692e+00 -6.249408e+00 -4.683949e+00 -1.081442e+01 -9.998139e-01 -3.983400e+00 -1.437726e+00 -8.747249e+00 -2.159563e+00 -5.866589e+00 1.165637e+00 -4.219997e+00 1.475334e+01 -2.326554e-01 -9.113054e-01 -1.005832e+00 1.462554e+00 4.143115e-01 4.078548e-01 9.072632e-01 -4.579798e-01 -2.806495e-01 -4.173421e-02 2.009427e-01 2.980922e-01 -4.646122e-01 -1.054979e-01 1.690824e-01 2.076371e-01 -4.380607e-01 -3.790882e-01 -1.602397e-01 -8.471447e-02 1.720065e-01 1.160081e-01 1.038461e-01 -1.793452e-01 -1.435485e-01 1.500501e-01
<VARIANCE> 39
 3.283721e+00 5.445381e+00 9.443159e+00 1.107807e+01 1.464233e+01 1.561681e+01 1.947626e+01 1.858568e+01 1.685739e+01 1.704255e+01 1.861765e+01 1.490760e+01 1.492257e+00 2.664815e-01 4.858805e-01 8.967338e-01 1.309627e+00 2.112298e+00 1.652047e+00 1.603121e+00 1.248883e+00 1.214906e+00 1.202491e+00 1.177124e+00 1.023081e+00 7.932453e-02 3.876328e-02 6.529150e-02 1.380263e-01 1.470056e-01 2.331250e-01 1.807423e-01 2.655701e-01 1.919830e-01 1.854296e-01 1.734140e-01 1.976763e-01 1.825250e-01 5.795327e-03
<GCONST> 7.238339e+01
<TRANSP> 5
 0.000000e+00 1.000000e+00 0.000000e+00 0.000000e+00 0.000000e+00
 0.000000e+00 7.217240e-01 2.782760e-01 0.000000e+00 0.000000e+00
 0.000000e+00 0.000000e+00 8.893171e-01 1.106829e-01 0.000000e+00
 0.000000e+00 0.000000e+00 0.000000e+00 7.501463e-01 2.498537e-01
 0.000000e+00 0.000000e+00 0.000000e+00 0.000000e+00 0.000000e+00
<ENDHMM>
~h "two"
<BEGINHMM>
<NUMSTATES> 5
<STATE> 2
<MEAN> 39
 -1.091055e+01 -3.339368e+00 -6.707484e+00 -1.064916e+01 -9.902741e-01 -3.902894e+00 -1.933057e+00 -7.504969e+00 -2.328338e+00 -5.671990e+00 1.138821e+00 -3.365892e+00 1.504998e+01 4.979046e-01 6.216743e-01 1.001567e+00 -5.853587e-01 -2.777770e-01 -3.718382e-01 -4.671240e-01 -2.082975e-01 7.560562e-02 -4.970587e-02 -2.209219e-01 -3.601885e-01 3.242238e-01 2.911745e-01 6.976546e-02 2.851510e-01 -1.291071e-01 -2.121967e-01 -2.402177e-01 -1.191025e-01 -1.266279e-01 -2.514602e-02 2.422204e-03 -8.131929e-02 -1.710804e-01 9.424708e-02
<VARIANCE> 39
 8.897544e+00 8.227882e+00 1.256756e+01 1.221253e+01 1.844461e+01 2.270799e+01 1.912781e+01 2.100005e+01 2.138897e+01 2.387640e+01 2.465026e+01 1.971830e+01 9.078352e-01 1.375948e+00 5.569791e-01 1.294314e+00 8.320895e-01 1.343841e+00 1.284109e+00 9.914155e-01 1.189696e+00 1.174147e+00 1.293607e+00 1.870271e+00 1.104862e+00 7.238816e-02 1.280585e-01 1.086410e-01 1.335798e-01 1.310605e-01 2.280409e-01 1.991759e-01 1.758714e-01 2.221884e-01 2.279074e-01 2.022511e-01 3.586768e-01 1.590689e-01 7.794390e-03
<GCONST> 7.895018e+01
<STATE> 3
<MEAN> 39
 -4.606872e+00 1.266555e+00 1.864020e+00 -1.550329e+01 -6.934932e+00 -9.928548e+00 -6.702135e+00 -1.044980e+01 -2.419070e+00 -5.174562e+00 -1.112333e+00 -7.285713e+00 1.840232e+01 6.693645e-01 5.499649e-01 7.524475e-01 -5.491979e-01 -1.171256e+00 -1.114283e+00 -5.746526e-01 -2.879918e-01 -6.660297e-02 1.245511e-01 -2.223875e-01 -6.311339e-01 4.551433e-01 -2.514119e-01 -2.347007e-01 -4.277399e-01 2.980875e-01 2.710281e-01 2.313578e-01 2.362617e-01 1.474036e-01 -1.824440e-02 -9.051821e-03 1.527191e-01 1.819967e-01 -1.448498e-01
<VARIANCE> 39
 7.473217e+00 8.086576e+00 1.363164e+01 2.232979e+01 3.965354e+01 2.561349e+01 2.816655e+01 2.449953e+01 3.156307e+01 5.519014e+01 4.382719e+01 4.836232e+01 1.042582e+00 5.695189e-01 6.281157e-01 9.849666e-01 1.460628e+00 1.288085e+00 1.196559e+00 1.679682e+00 1.517737e+00 1.853064e+00 1.996441e+00 2.400982e+00 1.870097e+00 8.874482e-02 6.143733e-02 5.375659e-02 8.107713e-02 1.254455e-01 2.054877e-01 1.811548e-01 2.037978e-01 1.911501e-01 2.126706e-01 2.734447e-01 2.895097e-01 2.220812e-01 6.586699e-03
<GCONST> 8.376385e+01
<STATE> 4
<MEAN> 39
 -3.217171e+00 -7.508273e-02 -5.603297e-02 -1.360529e+01 -7.103395e+00 -1.160129e+01 -5.679464e+00 -9.650662e+00 -2.753382e+00 -5.352776e+00 -2.044670e-01 -7.623153e+00 1.823466e+01 1.659706e-01 -2.250608e-01 -2.428823e-01 5.380946e-01 3.416870e-01 9.091056e-02 1.023093e-01 -5.068686e-02 -1.823288e-01 -7.975261e-02 8.483689e-02 1.662030e-01 -1.218493e-01 -4.616158e-02 -3.974507e-02 -2.688150e-02 2.257418e-02 9.610298e-02 1.149449e-01 5.787858e-02 6.035736e-03 2.175350e-02 3.791774e-03 -3.058170e-03 4.756706e-02 -3.641651e-02
<VARIANCE> 39
 5.903557e+00 8.040020e+00 1.253395e+01 2.994431e+01 3.375177e+01 2.183609e+01 3.323716e+01 3.353414e+01 4.008211e+01 4.311642e+01 5.477217e+01 4.167065e+01 1.362801e+00 1.373974e-01 1.557023e-01 3.790281e-01 6.287751e-01 9.105455e-01 8.664867e-01 8.867407e-01 1.039499e+00 9.160107e-01 9.957312e-01 1.049593e+00 9.460958e-01 1.501960e-02 2.221194e-02 2.590149e-02 5.154239e-02 8.956908e-02 1.059418e-01 1.268677e-01 1.327288e-01 1.609524e-01 1.509477e-01 1.557806e-01 1.607113e-01 1.469408e-01 2.432498e-03
<GCONST> 6.617736e+01
<TRANSP> 5
 0.000000e+00 1.000000e+00 0.000000e+00 0.000000e+00 0.000000e+00
 0.000000e+00 8.212397e-01 1.787604e-01 0.000000e+00 0.000000e+00
 0.000000e+00 0.000000e+00 7.656454e-01 2.343545e-01 0.000000e+00
 0.000000e+00 0.000000e+00 0.000000e+00 9.031432e-01 9.685684e-02
 0.000000e+00 0.000000e+00 0.000000e+00 0.000000e+00 0.000000e+00
<ENDHMM>
~h "nine"
<BEGINHMM>
<NUMSTATES> 5
<STATE> 2
<MEAN> 39
 -4.473057e+00 -4.308620e+00 -2.073967e+00 -8.921314e+00 -2.999829e+00 -6.186134e+00 -1.510370e+00 -1.114611e+01 -5.011668e+00 -8.054996e+00 -2.918334e+00 -7.785951e+00 1.754674e+01 -1.363435e-01 -6.681968e-01 -2.212640e-01 4.928242e-01 -4.932514e-01 1.773912e-01 3.866184e-01 -1.985722e-01 -4.216207e-02 -1.548637e-01 -1.802472e-01 -1.423501e-01 2.485646e-01 -3.773408e-02 -1.260129e-01 -7.438476e-02 1.148180e-01 1.652000e-02 -6.825150e-03 3.819891e-02 3.037430e-02 8.965404e-03 4.457051e-03 7.723822e-02 3.459898e-02 -9.618098e-03
<VARIANCE> 39
 8.948558e+00 2.019622e+01 1.532858e+01 1.679373e+01 2.860731e+01 2.882757e+01 3.197229e+01 2.754005e+01 4.715366e+01 3.538741e+01 3.013499e+01 3.267924e+01 2.333701e+00 5.326508e-01 1.574861e+00 1.150194e+00 1.111279e+00 1.137111e+00 1.430965e+00 1.639256e+00 1.275346e+00 1.524581e+00 1.150170e+00 1.239093e+00 1.037277e+00 3.754975e-02 6.519436e-02 1.806115e-01 1.346973e-01 1.397074e-01 2.020953e-01 2.214809e-01 2.425068e-01 1.859141e-01 1.994757e-01 1.620937e-01 1.741187e-01 1.451052e-01 5.004560e-03
<GCONST> 8.287690e+01
<STATE> 3
<MEAN> 39
 -6.298204e+00 -1.166152e+01 -4.968064e+00 -2.526489e+00 -5.662841e+00 -5.404619e+00 1.783691e+00 -1.128414e+01 -5.661718e+00 -9.057630e+00 -1.621839e+00 -7.681710e+00 1.862079e+01 -1.088721e-01 7.091324e-02 2.332798e-01 -2.120233e-01 -4.340271e-02 2.082939e-01 -7.786971e-02 -9.953044e-02 1.766070e-01 6.740681e-02 -4.309173e-02 3.409617e-02 -2.005675e-02 -2.191481e-03 1.888914e-01 7.611706e-02 -2.475533e-01 3.509545e-02 7.823732e-02 -1.023897e-01 3.384344e-04 8.229915e-02 -6.904087e-03 -7.756235e-02 2.516301e-02 -1.445943e-02
<VARIANCE> 39
 7.206340e+00 8.467802e+00 2.460012e+01 3.147993e+01 1.882994e+01 3.045720e+01 3.087566e+01 3.412587e+01 4.319547e+01 4.179913e+01 2.808949e+01 3.033979e+01 1.012412e+00 8.160170e-02 3.317665e-01 4.038939e-01 1.050468e+00 4.674154e-01 6.147996e-01 5.273801e-01 5.014533e-01 6.189607e-01 6.521788e-01 6.623520e-01 5.238430e-01 4.622444e-03 1.064241e-02 2.947835e-02 3.958395e-02 5.294434e-02 6.991103e-02 6.627569e-02 7.294032e-02 7.751084e-02 8.001243e-02 8.597006e-02 7.677369e-02 7.796168e-02 3.934079e-04
<GCONST> 5.290177e+01
<STATE> 4
<MEAN> 39
 -6.091495e+00 -3.058793e+00 -1.584745e+00 -1.201346e+01 -1.857169e+00 -4.625710e+00 -3.356304e+00 -1.016355e+01 -2.830989e+00 -8.156912e+00 -3.042448e+00 -6.475206e+00 1.788733e+01 3.932948e-01 8.190746e-01 1.482422e-01 -2.728136e-01 5.328671e-01 -4.700806e-01 -4.518436e-01 3.122055e-01 -2.106474e-01 5.182921e-02 1.094477e-01 5.387806e-02 -1.235608e-01 3.473207e-02 -1.274958e-01 -4.129084e-02 2.270923e-01 -1.700667e-02 -6.106376e-02 1.065925e-01 -3.444256e-02 -1.037161e-01 2.516608e-02 7.874046e-02 -2.677242e-02 -1.078312e-02
<VARIANCE> 39
 1.177670e+01 1.958851e+01 1.212925e+01 2.356690e+01 3.523868e+01 3.417995e+01 3.304971e+01 2.974494e+01 4.885242e+01 3.963497e+01 3.866923e+01 4.290429e+01 1.070323e+00 3.999617e-01 9.419273e-01 5.692060e-01 1.868505e+00 1.349385e+00 1.367977e+00 1.366345e+00 1.285312e+00 1.655451e+00 1.171835e+00 1.059566e+00 1.017300e+00 1.004231e-02 5.966483e-02 9.742548e-02 8.725699e-02 1.531326e-01 1.922797e-01 2.429452e-01 1.804009e-01 1.970875e-01 2.322900e-01 1.955425e-01 1.722246e-01 1.427379e-01 1.105048e-03
<GCONST> 7.873818e+01
<TRANSP> 5
 0.000000e+00 1.000000e+00 0.000000e+00 0.000000e+00 0.000000e+00
 0.000000e+00 8.963569e-01 1.036431e-01 0.000000e+00 0.000000e+00
 0.000000e+00 0.000000e+00 9.116555e-01 8.834451e-02 0.000000e+00
 0.000000e+00 0.000000e+00 0.000000e+00 9.001950e-01 9.980503e-02
 0.000000e+00 0.000000e+00 0.000000e+00 0.000000e+00 0.000000e+00
<ENDHMM>
~h "five"
<BEGINHMM>
<NUMSTATES> 5
<STATE> 2
<MEAN> 39
 -4.255854e+00 -1.124905e+01 -9.985247e+00 -8.311028e+00 4.539792e-01 -8.056880e+00 3.506483e-01 -4.748555e+00 -5.197611e+00 -7.905207e+00 -1.745089e+00 -4.873052e+00 1.791384e+01 3.757713e-01 -1.168875e+00 -7.228619e-01 7.696203e-01 5.067406e-01 -6.458510e-01 3.245556e-01 4.118739e-01 -7.432173e-01 -2.284669e-01 -3.092501e-01 -8.889600e-03 5.667271e-01 -1.840072e-01 1.725537e-02 1.660021e-01 9.395379e-02 -1.028576e-02 9.936205e-02 3.091354e-02 -1.958983e-01 2.103302e-02 1.347676e-01 1.513717e-01 4.796654e-02 -6.940263e-02
<VARIANCE> 39
 1.104088e+01 1.969483e+01 2.367938e+01 1.663320e+01 1.888130e+01 2.068928e+01 2.508543e+01 5.117060e+01 3.208785e+01 2.789016e+01 2.494026e+01 1.984986e+01 4.483745e+00 7.747361e-01 5.629899e-01 1.161420e+00 9.100795e-01 7.890434e-01 9.849812e-01 9.759943e-01 2.273621e+00 1.719857e+00 1.715477e+00 1.356290e+00 1.024699e+00 1.221264e-01 9.666935e-02 1.347609e-01 1.811492e-01 1.230219e-01 1.355750e-01 1.452481e-01 1.546351e-01 3.028852e-01 2.732484e-01 1.947785e-01 1.789801e-01 1.404570e-01 2.892400e-02
<GCONST> 8.444855e+01
<STATE> 3
<MEAN> 39
 -5.811400e+00 -1.544876e+01 -8.545373e+00 -3.659011e+00 1.419998e+00 -9.153985e+00 2.528776e+00 -7.510227e+00 -7.220599e+00 -5.453667e+00 -4.764232e-01 -4.511483e+00 1.904668e+01 -1.661300e-01 8.623539e-02 4.910608e-01 -2.623082e-01 -2.719674e-01 4.381939e-01 6.800109e-02 -3.984117e-01 2.912473e-02 3.013777e-01 5.959791e-02 -8.336002e-02 -4.862311e-02 4.036920e-02 1.153997e-01 1.118402e-02 -1.972183e-01 -5.526111e-02 9.247287e-02 -2.919353e-02 2.574961e-02 5.731376e-02 -4.996096e-02 -7.724876e-02 -1.863699e-02 -1.512483e-02
<VARIANCE> 39
 9.177357e+00 9.394304e+00 2.487898e+01 2.084181e+01 1.877065e+01 2.317567e+01 1.754236e+01 3.917437e+01 4.719044e+01 4.452576e+01 2.691861e+01 2.550906e+01 1.359785e+00 8.836597e-02 1.556283e-01 2.706759e-01 6.453158e-01 5.013510e-01 5.565717e-01 5.002398e-01 4.964449e-01 6.161298e-01 5.765865e-01 5.729485e-01 4.751778e-01 5.882824e-03 1.177942e-02 2.437462e-02 3.046500e-02 4.841970e-02 5.134669e-02 5.175166e-02 5.721478e-02 6.454033e-02 8.640909e-02 8.472015e-02 6.705138e-02 7.054321e-02 9.188513e-04
<GCONST> 4.984031e+01
<STATE> 4
<MEAN> 39
 -5.700119e+00 -9.264983e+00 -3.873161e+00 -1.400279e+01 -3.328870e+00 -2.856161e+00 1.815224e+00 -8.379873e+00 -4.123652e+00 -5.268803e+00 -2.295262e+00 -5.533419e+00 1.827108e+01 2.176786e-01 1.199758e+00 3.693482e-01 -6.073575e-01 -3.894776e-01 -1.267370e-01 -3.196301e-01 2.586414e-01 5.427724e-01 -2.071277e-01 -5.535535e-02 -9.615279e-02 -2.486862e-01 -2.197629e-02 -2.885384e-02 -5.702283e-02 3.515320e-01 1.451049e-01 -1.745959e-01 -5.907119e-02 -1.874529e-02 -4.508350e-02 1.941817e-02 1.236211e-01 4.327836e-02 -4.937372e-02
<VARIANCE> 39
 7.864818e+00 2.321952e+01 1.234741e+01 3.119720e+01 4.232425e+01 1.998775e+01 2.465673e+01 3.624194e+01 5.228420e+01 2.804206e+01 2.675527e+01 3.017794e+01 1.850683e+00 2.115404e-01 5.107304e-01 5.738301e-01 2.670497e+00 1.449552e+00 1.599583e+00 9.747061e-01 1.321677e+00 1.652800e+00 1.337959e+00 1.275410e+00 9.289466e-01 4.235896e-02 4.386847e-02 9.783615e-02 7.700529e-02 2.347216e-01 2.352542e-01 2.356224e-01 1.676603e-01 2.254479e-01 2.204202e-01 1.812002e-01 2.049608e-01 1.661602e-01 4.336396e-03
<GCONST> 8.039821e+01
<TRANSP> 5
 0.000000e+00 1.000000e+00 0.000000e+00 0.000000e+00 0.000000e+00
 0.000000e+00 8.505347e-01 1.494654e-01 0.000000e+00 0.000000e+00
 0.000000e+00 0.000000e+00 9.130180e-01 8.698200e-02 0.000000e+00
 0.000000e+00 0.000000e+00 0.000000e+00 8.658444e-01 1.341556e-01
 0.000000e+00 0.000000e+00 0.000000e+00 0.000000e+00 0.000000e+00
<ENDHMM>
~h "four"
<BEGINHMM>
<NUMSTATES> 5
<STATE> 2
<MEAN> 39
 -6.811213e+00 -6.579663e+00 -5.520626e+00 -9.740207e+00 -1.564439e+00 -5.519757e+00 -1.178120e+00 -8.367512e+00 -2.008029e+00 -5.564362e+00 9.929757e-01 -4.262870e+00 1.533739e+01 1.548351e+00 5.288690e-01 -8.837469e-01 -8.367969e-01 -3.020600e-01 -5.296071e-01 -6.885572e-01 -1.866250e-01 1.975442e-01 2.008324e-01 -3.353239e-01 -4.807965e-01 6.352724e-01 3.549826e-01 1.275643e-01 -3.368356e-01 -3.177935e-01 -5.972106e-02 -1.076625e-02 -8.461993e-02 -2.080553e-02 3.299011e-03 5.486993e-02 -7.859345e-02 -1.314345e-01 1.447360e-01
<VARIANCE> 39
 7.313222e+00 5.362252e+00 5.454813e+00 7.753695e+00 1.000531e+01 1.240932e+01 1.455808e+01 1.369430e+01 1.608352e+01 1.350958e+01 1.599678e+01 1.216941e+01 1.698691e+00 5.310407e-01 4.301549e-01 6.137486e-01 7.451219e-01 7.061766e-01 9.053777e-01 7.527497e-01 8.199313e-01 9.999447e-01 1.072176e+00 1.513478e+00 1.210527e+00 6.079797e-02 6.594808e-02 5.364130e-02 6.066931e-02 8.247522e-02 1.010160e-01 1.529594e-01 1.210210e-01 1.529752e-01 1.402531e-01 1.609089e-01 1.990324e-01 1.871803e-01 6.910905e-03
<GCONST> 6.391906e+01
<STATE> 3
<MEAN> 39
 1.594659e+00 -3.478558e+00 -1.215624e+01 -1.704358e+01 -3.998306e+00 -6.185089e+00 -3.166342e+00 -8.953534e+00 -1.403260e+00 -3.862846e+00 4.264377e-01 -6.770543e+00 1.891164e+01 3.065200e-01 -1.840174e-01 -3.261418e-01 -4.041600e-02 7.285897e-02 -1.868421e-02 -2.199142e-01 1.734596e-01 3.514051e-01 9.325258e-02 -2.292504e-01 -2.207768e-01 1.438672e-01 -1.734619e-01 -1.540309e-01 1.493403e-01 2.354631e-01 3.837758e-02 -3.580856e-02 3.796535e-02 1.105290e-01 4.747505e-02 -8.502239e-02 -5.552616e-02 5.639231e-02 -6.750249e-02
<VARIANCE> 39
 4.138928e+00 1.026109e+01 9.638510e+00 1.374057e+01 2.440021e+01 1.714200e+01 1.853899e+01 1.713216e+01 2.359235e+01 2.478277e+01 3.805054e+01 3.753127e+01 1.089311e+00 5.271127e-01 7.279832e-01 6.871897e-01 1.215956e+00 9.699967e-01 7.724857e-01 9.087718e-01 9.562978e-01 1.310712e+00 1.175570e+00 1.338275e+00 1.243296e+00 9.356075e-02 4.943702e-02 4.569608e-02 9.582646e-02 8.026384e-02 1.355162e-01 1.432922e-01 1.557360e-01 1.409479e-01 1.812956e-01 1.917382e-01 1.991426e-01 1.867156e-01 7.195710e-03
<GCONST> 7.252937e+01
<STATE> 4
<MEAN> 39
 -3.020060e-01 -1.125385e+01 -7.867758e+00 -8.587780e+00 -5.427579e+00 -8.863970e+00 -2.153019e+00 -4.345223e+00 5.712631e-01 -7.571398e+00 -3.897125e+00 -7.381186e+00 1.852873e+01 -5.540692e-01 -7.919908e-03 1.174397e+00 5.089220e-01 -5.572770e-01 3.966126e-02 6.596209e-01 -1.755655e-01 -6.693782e-01 -3.814170e-01 1.279740e-01 2.555025e-01 -2.073125e-01 -8.711230e-02 2.949670e-01 -6.105781e-03 -2.106979e-01 1.397301e-01 2.069002e-01 1.097109e-02 -2.352730e-01 -1.482632e-01 1.161700e-01 1.764029e-01 3.506305e-02 -5.106926e-02
<VARIANCE> 39
 7.007508e+00 1.445718e+01 2.894875e+01 1.867613e+01 4.685544e+01 3.815472e+01 3.537106e+01 3.946576e+01 4.528449e+01 3.468880e+01 3.466587e+01 3.191754e+01 1.595369e+00 2.212341e-01 1.546128e+00 6.807076e-01 1.654378e+00 2.150369e+00 2.159173e+00 1.595361e+00 2.589486e+00 1.828299e+00 1.718231e+00 1.797749e+00 1.092957e+00 4.213044e-02 2.922428e-02 9.780209e-02 1.900183e-01 1.699323e-01 4.390812e-01 3.059728e-01 3.555191e-01 3.423712e-01 3.795859e-01 2.814545e-01 3.062015e-01 2.173522e-01 3.194895e-03
<GCONST> 8.871033e+01
<TRANSP> 5
 0.000000e+00 1.000000e+00 0.000000e+00 0.000000e+00 0.000000e+00
 0.000000e+00 7.059882e-01 2.940118e-01 0.000000e+00 0.000000e+00
 0.000000e+00 0.000000e+00 9.184054e-01 8.159464e-02 0.000000e+00
 0.000000e+00 0.000000e+00 0.000000e+00 8.735847e-01 1.264153e-01
 0.000000e+00 0.000000e+00 0.000000e+00 0.000000e+00 0.000000e+00
<ENDHMM>
~h "zero"
<BEGINHMM>
<NUMSTATES> 5
<STATE> 2
<MEAN> 39
 -6.735662e+00 -1.887503e+00 -4.381715e+00 -7.740688e+00 -2.433279e+00 -4.868769e+00 -2.713179e+00 -8.862044e+00 -3.541593e+00 -4.185303e+00 2.484649e-01 -4.521672e+00 1.562955e+01 2.634077e-01 9.930505e-01 9.201486e-01 -1.072245e+00 -7.683735e-01 -1.303668e+00 -5.661845e-01 -5.478102e-01 3.159345e-01 3.038895e-01 -1.073265e-01 -2.350123e-01 4.621146e-01 2.660043e-02 7.951532e-02 1.571674e-01 -3.247535e-01 -1.548536e-01 -1.985147e-01 1.446121e-03 -1.421526e-02 1.514960e-01 -6.016368e-03 2.203435e-02 -8.329178e-02 8.147631e-02
<VARIANCE> 39
 7.229624e+00 1.124246e+01 1.578041e+01 1.483031e+01 2.208289e+01 2.294611e+01 1.924685e+01 2.031791e+01 3.002325e+01 2.491078e+01 2.282177e+01 2.056296e+01 1.607341e+00 3.663369e-01 4.951855e-01 8.337939e-01 1.054590e+00 9.007267e-01 1.426469e+00 9.813184e-01 1.201736e+00 1.353648e+00 9.860690e-01 1.186810e+00 1.497854e+00 5.960428e-02 5.568377e-02 1.075156e-01 1.348197e-01 1.117966e-01 1.325398e-01 2.248073e-01 1.537866e-01 1.958034e-01 1.698769e-01 1.543417e-01 1.789298e-01 1.700175e-01 8.229784e-03
<GCONST> 7.533118e+01
<STATE> 3
<MEAN> 39
 -5.536438e+00 1.751144e-01 1.004248e+00 -1.697156e+01 -8.026321e+00 -9.080153e+00 -4.531041e+00 -8.427733e+00 2.168758e-01 -3.775237e+00 1.704057e-01 -6.848146e+00 1.842790e+01 3.424895e-01 -7.767426e-01 4.155200e-01 -1.150002e-01 -1.079083e+00 2.799250e-01 2.340403e-01 1.953889e-01 3.052286e-01 -8.516064e-02 3.963571e-02 -1.161398e-01 1.575186e-01 5.220874e-02 -2.618392e-01 -1.763937e-01 3.707209e-01 2.437826e-02 1.229776e-01 1.943043e-01 5.557088e-02 -9.093935e-02 -4.111672e-02 -1.441866e-02 7.345233e-02 -6.370122e-02
<VARIANCE> 39
 7.479802e+00 2.169853e+01 1.737116e+01 2.632893e+01 6.052511e+01 4.158201e+01 3.232292e+01 4.432753e+01 3.081888e+01 3.005115e+01 3.442885e+01 5.090579e+01 1.079620e+00 4.419566e-01 1.586393e+00 8.050571e-01 2.634706e+00 1.739199e+00 2.488939e+00 1.714820e+00 1.434484e+00 1.333505e+00 1.165830e+00 1.096522e+00 1.310869e+00 6.016735e-02 5.088010e-02 1.159870e-01 1.256714e-01 1.806669e-01 2.508721e-01 4.147722e-01 2.252011e-01 2.471363e-01 2.105621e-01 1.726688e-01 1.712255e-01 2.164137e-01 4.590182e-03
<GCONST> 8.705978e+01
<STATE> 4
<MEAN> 39
 -1.584802e+00 -1.044781e+01 -4.505713e+00 -9.814545e+00 -9.544050e+00 -8.101839e+00 5.107629e-01 -4.088440e+00 -1.686269e-01 -6.726355e+00 -1.012833e+00 -5.685773e+00 1.853059e+01 7.182918e-02 3.568044e-02 -5.275983e-01 1.531039e-01 6.736999e-01 -1.705796e-01 -3.126797e-02 1.953797e-01 -7.367441e-02 -1.403473e-01 -8.854841e-02 -8.649602e-03 -5.769928e-02 -6.089227e-02 1.381802e-01 6.724137e-02 -8.279601e-02 8.360580e-02 4.855743e-02 -9.453578e-02 -8.460009e-02 -2.075195e-02 3.313550e-02 2.027581e-02 -8.146156e-03 -1.860118e-02
<VARIANCE> 39
 6.432295e+00 1.811404e+01 2.618610e+01 2.649592e+01 6.236831e+01 5.373788e+01 3.598249e+01 3.621834e+01 4.436897e+01 3.526010e+01 2.500928e+01 3.280735e+01 1.503050e+00 2.220085e-01 8.205227e-01 6.560737e-01 1.006199e+00 1.205815e+00 1.655449e+00 1.505014e+00 1.774354e+00 1.580050e+00 1.388575e+00 1.026725e+00 9.225386e-01 1.672329e-02 2.396731e-02 3.615610e-02 7.556104e-02 1.120001e-01 1.878819e-01 2.302199e-01 1.886850e-01 1.952856e-01 2.174221e-01 1.847464e-01 1.482467e-01 1.339417e-01 1.835939e-03
<GCONST> 7.723695e+01
<TRANSP> 5
 0.000000e+00 1.000000e+00 0.000000e+00 0.000000e+00 0.000000e+00
 0.000000e+00 7.619764e-01 2.380236e-01 0.000000e+00 0.000000e+00
 0.000000e+00 0.000000e+00 8.924360e-01 1.075640e-01 0.000000e+00
 0.000000e+00 0.000000e+00 0.000000e+00 9.402608e-01 5.973921e-02
 0.000000e+00 0.000000e+00 0.000000e+00 0.000000e+00 0.000000e+00
<ENDHMM>
