~o
<STREAMINFO> 1 39
<VECSIZE> 39<NULLD><MFCC_E_D_A><DIAGC>
~h "eight"
<BEGINHMM>
<NUMSTATES> 5
<STATE> 2
<MEAN> 39
 -7.524249e+00 -3.425484e+00 -5.693404e+00 -1.668126e+01 -6.472213e-01 -5.182418e+00 5.464623e-01 -6.746665e+00 -1.554759e+00 -6.763822e+00 -1.027578e+00 -5.331581e+00 1.714911e+01 -1.900203e-01 7.575282e-01 -8.186729e-02 -7.814764e-01 3.923825e-02 -4.145827e-01 5.498393e-02 2.968002e-01 3.011548e-01 4.553773e-02 -9.449646e-02 -9.567289e-02 2.139843e-01 3.509382e-02 8.254608e-02 1.092657e-02 8.963258e-02 -4.104016e-02 -1.680771e-01 -8.082499e-02 -2.284059e-02 2.705585e-02 6.061812e-02 5.858052e-02 -4.580981e-03 3.466699e-03
<VARIANCE> 39
 1.075577e+01 2.305831e+01 1.835776e+01 3.944754e+01 4.045812e+01 2.353714e+01 2.441501e+01 2.433812e+01 3.137295e+01 2.547065e+01 2.575901e+01 2.447311e+01 3.380899e+00 3.360930e-01 9.651093e-01 6.847410e-01 1.411190e+00 1.254019e+00 1.634325e+00 1.348157e+00 1.128212e+00 1.374385e+00 1.216731e+00 1.140043e+00 1.007759e+00 1.229797e-01 4.082866e-02 8.491871e-02 8.461758e-02 2.011359e-01 1.478592e-01 1.778297e-01 1.529719e-01 1.814239e-01 2.320960e-01 1.695075e-01 1.833576e-01 1.573081e-01 1.323970e-02
<GCONST> 8.183727e+01
<STATE> 3
<MEAN> 39
 -7.935270e+00 5.475980e+00 -4.908610e+00 -1.664729e+01 -2.357275e+00 -1.441935e+01 -3.035203e+00 -8.590777e+00 -1.333268e+00 -4.426887e+00 9.894333e-01 -5.287225e+00 1.807283e+01 2.038409e-01 -4.290124e-01 1.808105e-01 9.720475e-01 1.361365e-01 6.933602e-02 -3.419807e-01 -6.694541e-01 -5.148320e-01 -4.112864e-02 2.100351e-01 1.945938e-01 -2.363271e-01 1.021295e-02 -3.328926e-01 -3.043232e-02 6.396200e-02 4.254456e-02 3.532499e-01 1.234168e-01 5.585646e-02 -2.347423e-02 -9.194011e-02 -6.257255e-02 3.917775e-03 -6.257654e-02
<VARIANCE> 39
 9.284453e+00 1.350717e+01 2.250879e+01 3.248521e+01 1.967650e+01 2.420525e+01 5.254561e+01 3.438114e+01 4.415729e+01 2.637298e+01 3.191333e+01 2.703312e+01 1.959813e+00 2.642206e-01 1.895689e+00 4.088292e-01 7.647223e-01 7.868132e-01 2.502151e+00 1.307327e+00 1.116771e+00 1.804252e+00 1.195110e+00 1.398759e+00 1.008693e+00 6.759372e-02 3.641362e-02 9.029842e-02 5.905559e-02 1.265767e-01 9.250864e-02 1.745033e-01 1.630073e-01 2.078774e-01 2.767938e-01 1.690441e-01 1.958872e-01 1.643070e-01 4.024225e-03
<GCONST> 7.874339e+01
<STATE> 4
<MEAN> 39
 -7.116768e+00 -6.541066e+00 -5.514879e+00 -1.004293e+01 -1.215374e+00 -4.682481e+00 -8.409405e-01 -8.921489e+00 -3.019660e+00 -5.935845e+00 9.428731e-01 -4.004976e+00 1.468662e+01 -7.179794e-02 -3.660488e-01 -1.176299e-01 1.204243e-01 -4.112493e-02 3.696103e-01 1.855421e-01 1.810012e-01 1.167377e-01 8.797230e-03 1.649066e-02 9.387985e-03 -9.300600e-02 -5.685292e-03 1.757349e-01 1.040002e-02 -6.684017e-02 -1.211832e-02 -1.464314e-01 -4.599061e-02 -1.503951e-02 -6.331504e-03 2.179368e-02 -5.186095e-03 -1.391517e-02 4.871765e-02
<VARIANCE> 39
 4.560895e+00 6.159154e+00 8.314760e+00 9.574124e+00 1.262567e+01 1.589434e+01 1.697651e+01 1.696682e+01 1.732072e+01 1.627313e+01 1.523353e+01 1.399439e+01 1.034502e+00 2.099295e-01 8.405249e-01 4.288091e-01 5.955234e-01 4.862397e-01 1.170447e+00 9.931202e-01 8.546667e-01 9.812967e-01 7.909761e-01 7.432476e-01 7.057065e-01 4.874193e-02 3.460034e-02 9.647740e-02 7.128510e-02 1.091524e-01 9.177045e-02 1.887646e-01 1.756934e-01 1.504275e-01 1.623781e-01 1.354730e-01 1.324254e-01 1.272722e-01 4.818405e-03
<GCONST> 6.216208e+01
<TRANSP> 5
 0.000000e+00 1.000000e+00 0.000000e+00 0.000000e+00 0.000000e+00
 0.000000e+00 9.121923e-01 8.780774e-02 0.000000e+00 0.000000e+00
 0.000000e+00 0.000000e+00 8.976275e-01 1.023725e-01 0.000000e+00
 0.000000e+00 0.000000e+00 0.000000e+00 9.213891e-01 7.861090e-02
 0.000000e+00 0.000000e+00 0.000000e+00 0.000000e+00 0.000000e+00
<ENDHMM>
~h "oh"
<BEGINHMM>
<NUMSTATES> 5
<STATE> 2
<MEAN> 39
 -5.072907e+00 -9.817537e+00 -7.833376e+00 -8.759861e+00 -2.347718e+00 -7.078434e+00 2.847755e+00 -7.616876e+00 -4.773004e+00 -6.878153e+00 -1.687973e+00 -4.955315e+00 1.721407e+01 4.015585e-01 -2.821496e-01 -5.485501e-01 2.171546e-01 1.401627e-01 -4.945688e-01 2.322911e-01 5.781038e-01 -1.037488e-01 -3.932610e-01 -3.404421e-01 -6.349497e-02 2.903815e-01 6.013423e-02 8.892393e-02 -1.210268e-02 -5.544874e-02 1.547173e-02 -6.012474e-02 -1.276604e-01 1.861857e-02 1.092551e-01 1.494691e-03 -5.272239e-02 -5.050194e-02 1.424377e-02
<VARIANCE> 39
 8.382301e+00 1.228220e+01 1.538582e+01 1.591971e+01 2.185688e+01 2.340160e+01 2.846191e+01 5.757657e+01 3.748622e+01 3.054210e+01 2.663983e+01 2.711323e+01 3.812013e+00 4.045049e-01 5.595050e-01 6.603169e-01 6.405977e-01 7.460980e-01 1.180177e+00 1.235327e+00 1.815302e+00 1.533159e+00 1.309645e+00 1.311777e+00 1.082004e+00 1.254167e-01 4.813059e-02 7.023269e-02 8.521729e-02 8.555456e-02 1.118070e-01 1.482320e-01 1.609972e-01 2.226749e-01 2.095436e-01 1.953586e-01 2.000352e-01 1.548820e-01 1.713554e-02
<GCONST> 7.894449e+01
<STATE> 3
<MEAN> 39
 -4.965999e-01 -8.085562e+00 -1.303811e+01 -1.018378e+01 -8.909656e-01 -1.201037e+01 -8.892368e-01 -1.284799e+00 1.939140e-01 -7.884273e+00 -5.009706e+00 -6.855097e+00 1.903839e+01 2.239072e-01 4.083353e-01 -6.301408e-03 -3.375470e-01 -6.150923e-02 -1.964765e-02 -6.569722e-01 -2.515007e-01 6.164272e-01 5.838702e-01 3.178524e-02 -3.234859e-01 -1.058153e-02 -4.688027e-02 2.213278e-02 1.000644e-01 -1.014051e-02 -5.009493e-02 8.897689e-02 1.630273e-02 -1.447877e-01 -8.520338e-02 7.581966e-02 1.148444e-01 2.391839e-02 -2.662399e-02
<VARIANCE> 39
 6.028923e+00 9.347389e+00 1.555832e+01 1.589685e+01 1.975420e+01 2.333681e+01 4.428233e+01 3.314378e+01 4.055783e+01 3.755699e+01 3.123152e+01 3.914725e+01 1.183734e+00 8.543305e-02 1.427004e-01 2.976721e-01 2.936641e-01 3.913099e-01 5.535884e-01 7.245919e-01 1.116325e+00 7.998047e-01 8.947312e-01 8.656510e-01 6.944234e-01 1.391792e-02 1.175631e-02 1.537127e-02 3.537053e-02 3.572029e-02 4.852976e-02 7.178195e-02 8.156147e-02 1.012436e-01 1.109302e-01 1.074998e-01 9.628423e-02 9.289262e-02 1.245802e-03
<GCONST> 5.396381e+01
<STATE> 4
<MEAN> 39
 -7.418168e-01 -3.730195e+00 -8.383333e+00 -1.248796e+01 -3.622056e+00 -9.300146e+00 -4.000160e+00 -8.066671e+00 -2.979418e-01 -3.366244e+00 3.569726e-01 -6.248672e+00 1.795417e+01 -5.069020e-01 1.203026e-01 7.350002e-01 2.727177e-01 1.213532e-02 5.559241e-01 3.365019e-01 -4.405237e-01 -5.363585e-01 -1.885735e-01 3.968890e-01 4.349113e-01 -2.802318e-01 -1.126523e-01 -1.140014e-01 -2.907858e-02 7.595480e-02 9.950968e-02 8.985824e-02 1.345923e-01 9.031345e-02 -3.953857e-02 -1.066727e-01 -6.855579e-02 5.315385e-02 -3.464306e-02
<VARIANCE> 39
 9.361489e+00 7.810179e+00 2.079552e+01 1.825480e+01 1.941330e+01 2.692007e+01 3.110311e+01 2.683558e+01 3.199028e+01 4.008419e+01 3.906120e+01 3.790242e+01 2.412501e+00 3.826953e-01 4.593656e-01 5.507361e-01 6.217663e-01 8.842406e-01 1.264738e+00 1.251874e+00 1.298648e+00 1.305791e+00 1.263465e+00 1.279160e+00 1.245753e+00 5.453463e-02 3.299578e-02 4.469837e-02 8.896653e-02 8.728106e-02 1.096993e-01 1.661356e-01 1.871798e-01 1.997285e-01 2.127136e-01 2.068777e-01 1.755926e-01 1.748504e-01 4.194856e-03
<GCONST> 7.532735e+01
<TRANSP> 5
 0.000000e+00 1.000000e+00 0.000000e+00 0.000000e+00 0.000000e+00
 0.000000e+00 9.027607e-01 9.723925e-02 0.000000e+00 0.000000e+00
 0.000000e+00 0.000000e+00 9.042472e-01 9.575281e-02 0.000000e+00
 0.000000e+00 0.000000e+00 0.000000e+00 8.838429e-01 1.161571e-01
 0.000000e+00 0.000000e+00 0.000000e+00 0.000000e+00 0.000000e+00
<ENDHMM>
~h "seven"
<BEGINHMM>
<NUMSTATES> 5
<STATE> 2
<MEAN> 39
 -8.806629e+00 -4.769281e+00 -7.050015e+00 -8.596655e+00 -2.107393e+00 -3.131448e+00 -1.276509e+00 -8.136147e+00 -2.909429e+00 -5.214479e+00 6.799276e-01 -3.793395e+00 1.484347e+01 4.741050e-02 -4.084799e-02 -4.356888e-02 -3.256978e-01 -2.671272e-01 -1.353341e-01 2.667654e-01 1.513753e-02 1.375777e-01 -7.738493e-04 -2.047791e-01 -6.332354e-02 1.080877e-01 1.303974e-01 9.204489e-03 8.983017e-02 -1.476355e-01 -1.309363e-01 -1.120194e-01 8.732990e-02 -1.238425e-02 2.002498e-02 -2.644502e-02 -8.712243e-02 -9.269763e-02 9.199265e-02
<VARIANCE> 39
 8.340019e+00 1.013035e+01 1.380078e+01 1.310764e+01 1.612601e+01 1.582008e+01 1.759687e+01 1.745255e+01 1.826360e+01 1.723364e+01 1.706742e+01 1.463344e+01 9.047274e-01 7.144133e-01 4.608479e-01 8.613429e-01 9.991095e-01 9.701378e-01 1.283293e+00 9.959621e-01 8.575956e-01 1.029544e+00 1.155908e+00 9.210114e-01 9.517400e-01 1.512428e-01 5.368434e-02 6.783887e-02 9.750189e-02 1.360510e-01 1.662412e-01 1.770663e-01 1.648983e-01 1.456985e-01 1.700096e-01 1.546173e-01 1.450090e-01 1.504834e-01 8.093955e-03
<GCONST> 7.123421e+01
<STATE> 3
<MEAN> 39
 -5.558075e+00 -7.172778e+00 -5.193472e+00 -1.591174e+01 -6.355659e+00 -4.897009e+00 4.772487e+00 -8.475010e+00 -2.770160e+00 -6.761119e+00 -3.975050e+00 -6.626519e+00 1.896182e+01 1.894532e-01 -2.722632e-01 1.233811e-01 3.882812e-02 -6.137381e-02 -1.088002e-01 2.446589e-01 2.681849e-01 -2.807252e-01 -5.543001e-02 -6.964493e-02 -1.107269e-01 1.236368e-01 -4.177998e-02 7.839748e-02 1.111910e-02 2.926458e-01 1.553699e-01 -2.480877e-02 -2.548968e-01 3.867893e-02 -2.091178e-02 1.592024e-02 1.771704e-01 7.159714e-02 -1.270850e-01
<VARIANCE> 39
 9.614646e+00 1.303329e+01 9.436706e+00 1.827779e+01 4.580248e+01 3.937847e+01 3.187668e+01 3.950835e+01 4.652962e+01 5.849231e+01 3.255419e+01 3.130153e+01 1.240813e+00 4.410259e-01 5.954198e-01 4.993327e-01 1.548395e+00 1.671524e+00 1.672649e+00 1.827650e+00 1.089302e+00 1.392667e+00 1.776832e+00 1.809613e+00 1.326400e+00 2.114268e-01 8.204690e-02 9.001198e-02 9.646609e-02 1.114838e-01 2.523419e-01 2.721471e-01 1.781217e-01 1.666769e-01 2.018927e-01 2.407534e-01 2.262372e-01 1.834979e-01 6.062320e-03
<GCONST> 8.474816e+01
<STATE> 4
<MEAN> 39
 -3.244347e+00 -3.881844e+00 -1.891207e+00 -9.521953e+00 -3.365988e+00 -8.015697e+00 -1.088914e+00 -8.732973e+00 -4.324260e+00 -7.120053e+00 -1.906875e+00 -7.105270e+00 1.713248e+01 1.768525e-02 2.205678e-01 1.049622e-01 2.065503e-01 3.193776e-01 1.039528e-01 -2.925326e-01 -2.637353e-01 8.569294e-02 -1.439437e-02 1.277888e-01 4.227576e-02 -1.184133e-01 -5.595603e-02 -7.367291e-02 -7.384454e-02 -8.778007e-02 -2.233356e-02 9.372204e-02 1.106988e-01 -4.596859e-03 1.866151e-02 1.745090e-02 -3.220638e-02 2.023126e-02 1.415730e-02
<VARIANCE> 39
 4.974843e+00 1.019478e+01 9.926721e+00 1.395349e+01 2.822470e+01 3.043305e+01 2.586529e+01 4.089540e+01 3.293282e+01 3.570398e+01 3.328820e+01 2.974881e+01 1.533693e+00 2.533935e-01 5.250466e-01 5.539055e-01 8.538671e-01 1.339955e+00 1.253491e+00 1.628739e+00 1.363172e+00 1.438485e+00 1.411172e+00 1.273564e+00 9.896297e-01 9.358776e-02 3.738632e-02 7.812217e-02 8.698367e-02 1.507716e-01 2.341878e-01 2.027751e-01 2.726199e-01 2.366434e-01 2.360256e-01 2.409610e-01 2.174079e-01 1.500708e-01 1.437088e-02
<GCONST> 7.928017e+01
<TRANSP> 5
 0.000000e+00 1.000000e+00 0.000000e+00 0.000000e+00 0.000000e+00
 0.000000e+00 9.125739e-01 8.742607e-02 0.000000e+00 0.000000e+00
 0.000000e+00 0.000000e+00 9.003658e-01 9.963417e-02 0.000000e+00
 0.000000e+00 0.000000e+00 0.000000e+00 9.365581e-01 6.344187e-02
 0.000000e+00 0.000000e+00 0.000000e+00 0.000000e+00 0.000000e+00
<ENDHMM>
~h "three"
<BEGINHMM>
<NUMSTATES> 5
<STATE> 2
<MEAN> 39
 -7.753081e+00 -6.035266e+00 -4.949138e+00 -1.011976e+01 -8.176886e-01 -4.845855e+00 -5.887951e-01 -8.498262e+00 -2.602043e+00 -5.425550e+00 9.830298e-01 -3.779383e+00 1.488863e+01 1.181815e-01 -8.363589e-02 2.207187e-01 -4.797695e-02 -4.167401e-01 -2.858674e-01 -6.849111e-02 1.494106e-02 7.425299e-02 3.189590e-02 1.361449e-02 4.315933e-04 9.208670e-02 1.742197e-01 2.254014e-02 1.428289e-01 1.951397e-03 -2.577676e-01 -1.755563e-01 -7.574131e-02 -1.877701e-02 1.537909e-02 -9.218423e-03 -3.924777e-02 -7.054538e-02 8.471630e-02
<VARIANCE> 39
 5.400871e+00 6.329596e+00 9.779341e+00 1.060192e+01 1.435538e+01 1.431225e+01 1.606517e+01 1.761143e+01 1.951330e+01 1.776078e+01 1.686058e+01 1.459231e+01 1.170456e+00 7.019923e-01 5.235445e-01 8.963120e-01 7.510097e-01 1.499185e+00 1.312559e+00 9.016345e-01 1.036179e+00 9.999576e-01 9.323084e-01 9.825643e-01 9.153205e-01 1.193093e-01 5.916817e-02 9.076454e-02 9.846702e-02 1.380230e-01 2.011592e-01 1.855362e-01 1.564496e-01 2.030749e-01 1.781607e-01 1.662449e-01 1.641534e-01 1.611113e-01 4.958382e-03
<GCONST> 7.052038e+01
<STATE> 3
<MEAN> 39
 -2.518136e+00 -6.783542e+00 2.449297e+00 -1.140186e+01 -1.369865e+01 -9.363333e+00 -3.152535e+00 -9.428355e+00 -9.455435e-03 -5.130504e+00 1.270091e-01 -5.735047e+00 1.823541e+01 -6.862364e-02 4.227089e-01 6.951849e-01 -1.049856e+00 -3.996585e-01 3.060279e-01 -8.254074e-01 1.096436e-01 3.076176e-01 -2.807258e-02 6.153156e-02 -1.674224e-01 2.367505e-01 -2.156734e-01 2.146464e-01 -2.005197e-01 -1.428207e-01 5.230277e-01 4.712705e-02 -5.942078e-02 1.143477e-01 -1.140713e-01 -2.023172e-02 2.135187e-02 3.956065e-02 -6.774375e-02
<VARIANCE> 39
 6.507144e+00 1.457567e+01 2.008426e+01 4.937634e+01 4.245367e+01 6.100884e+01 3.522878e+01 3.826531e+01 3.064140e+01 2.820659e+01 3.707788e+01 3.334342e+01 1.447084e+00 9.619800e-01 1.476627e+00 9.228621e-01 2.725314e+00 4.895080e+00 3.382431e+00 2.206999e+00 1.969151e+00 1.296618e+00 1.095892e+00 1.152278e+00 1.164600e+00 6.899488e-02 6.798207e-02 1.290743e-01 1.773856e-01 3.907519e-01 3.806304e-01 6.812700e-01 3.772544e-01 2.755092e-01 2.400974e-01 1.746557e-01 1.705918e-01 1.637535e-01 3.908585e-03
<GCONST> 9.265435e+01
<STATE> 4
<MEAN> 39
 -6.590557e+00 3.298167e+00 -7.802998e-01 -1.672949e+01 -2.106746e+00 -1.135582e+01 -6.399230e+00 -7.962148e+00 -3.159433e+00 -5.505670e+00 -3.370676e-01 -6.525783e+00 1.789480e+01 -2.820239e-02 6.330497e-02 -6.391546e-01 7.253036e-01 7.234870e-01 -1.648799e-01 5.492603e-01 -8.268330e-02 -3.564616e-01 1.203123e-02 -7.059455e-02 5.073443e-02 -1.956445e-01 5.814854e-02 -2.881118e-01 2.508507e-03 1.697360e-01 -2.211513e-01 1.819721e-01 1.647822e-01 -6.734949e-02 9.742323e-02 8.240818e-03 2.041601e-02 2.496870e-02 -3.092091e-02
<VARIANCE> 39
 7.580465e+00 1.700897e+01 1.909992e+01 3.484707e+01 2.704762e+01 2.948793e+01 4.823343e+01 4.778473e+01 3.321849e+01 3.976925e+01 4.240161e+01 3.677536e+01 1.619883e+00 3.151346e-01 1.882924e+00 6.700020e-01 1.043735e+00 1.834893e+00 2.559862e+00 1.467143e+00 1.693774e+00 1.384672e+00 1.287924e+00 1.031998e+00 9.705021e-01 3.582554e-02 4.748388e-02 9.098799e-02 9.640408e-02 2.205423e-01 1.814731e-01 2.352882e-01 2.696373e-01 2.497845e-01 1.837021e-01 1.709959e-01 1.443272e-01 1.353044e-01 2.469564e-03
<GCONST> 8.276379e+01
<TRANSP> 5
 0.000000e+00 1.000000e+00 0.000000e+00 0.000000e+00 0.000000e+00
 0.000000e+00 9.016224e-01 9.837765e-02 0.000000e+00 0.000000e+00
 0.000000e+00 0.000000e+00 8.936676e-01 1.063324e-01 0.000000e+00
 0.000000e+00 0.000000e+00 0.000000e+00 9.153334e-01 8.466650e-02
 0.000000e+00 0.000000e+00 0.000000e+00 0.000000e+00 0.000000e+00
<ENDHMM>
~h "one"
<BEGINHMM>
<NUMSTATES> 5
<STATE> 2
<MEAN> 39
 -4.518804e-01 -3.402783e+00 -8.443932e+00 -1.270263e+01 -1.875606e+00 -5.987662e+00 -2.275723e+00 -8.867911e+00 -2.601642e+00 -6.646011e+00 -1.475402e+00 -7.365994e+00 1.769859e+01 2.103998e-01 -3.606903e-01 -7.771859e-01 3.866608e-01 4.274688e-01 9.435689e-02 -2.048137e-01 2.134635e-01 1.819849e-01 -2.419250e-01 -3.084223e-01 -2.085046e-01 1.796984e-01 -1.118917e-01 -1.460598e-01 2.928778e-02 2.153362e-01 1.225150e-02 -9.389172e-02 -2.919361e-03 1.044305e-01 5.143874e-03 -7.578692e-02 2.515496e-03 7.602514e-02 -1.570835e-02
<VARIANCE> 39
 5.495453e+00 8.375301e+00 3.133023e+01 2.276518e+01 2.856287e+01 2.622848e+01 2.260917e+01 2.060509e+01 2.743981e+01 2.315636e+01 3.019645e+01 3.007906e+01 2.038592e+00 4.331115e-01 7.311463e-01 9.486062e-01 2.139369e+00 1.343967e+00 1.366098e+00 1.271947e+00 1.039806e+00 1.139393e+00 9.681922e-01 1.111005e+00 9.685554e-01 5.947196e-02 3.949683e-02 5.502413e-02 1.856310e-01 2.318593e-01 2.499857e-01 2.470844e-01 2.300211e-01 1.749950e-01 1.963440e-01 1.583900e-01 1.854133e-01 1.750183e-01 4.527906e-03
<GCONST> 7.904117e+01
<STATE> 3
<MEAN> 39
 -2.465531e+00 -1.063755e+01 -1.057806e+01 -1.816900e+00 -8.205509e-01 -9.426733e+00 -2.030191e+00 -4.359922e+00 -3.708465e+00 -1.158850e+01 -2.280304e+00 -6.159983e+00 1.852691e+01 -5.923280e-01 -3.130909e-01 1.360808e+00 4.865198e-01 -1.327708e+00 -2.683873e-01 1.140204e+00 -1.565536e-01 -8.915408e-01 -1.471429e-02 5.522612e-01 9.288768e-02 -5.213565e-02 3.157374e-02 3.182564e-01 2.336369e-01 -5.691901e-01 -9.458848e-02 3.616264e-01 5.219153e-02 -4.228625e-01 2.293650e-02 3.597822e-01 2.881064e-02 -1.620904e-01 -2.971558e-02
<VARIANCE> 39
 6.425571e+00 9.764833e+00 1.981017e+01 2.419558e+01 2.885874e+01 1.776315e+01 3.884036e+01 3.255223e+01 4.659213e+01 3.887000e+01 3.430858e+01 3.411104e+01 1.525048e+00 1.633406e-01 5.914711e-01 6.367460e-01 1.980046e+00 7.715698e-01 1.823207e+00 1.053304e+00 2.307828e+00 1.240626e+00 1.946858e+00 1.064869e+00 1.293228e+00 8.977591e-03 2.596245e-02 5.244817e-02 1.077559e-01 1.227773e-01 3.162030e-01 1.590554e-01 4.062644e-01 1.859148e-01 3.425929e-01 2.133325e-01 2.683239e-01 1.720577e-01 8.707186e-04
<GCONST> 7.673698e+01
<STATE> 4
<MEAN> 39
 -3.841181e+00 -4.380181e+00 -1.380853e+00 -8.920088e+00 -3.196716e+00 -6.281982e+00 -2.462188e+00 -1.221242e+01 -5.214604e+00 -8.497525e+00 -2.664975e+00 -8.175471e+00 1.759471e+01 -3.696568e-03 5.640363e-01 2.622680e-01 -4.548995e-01 4.116559e-01 1.698911e-01 -3.735679e-01 -2.333217e-01 1.575200e-01 1.861188e-01 -2.807069e-02 1.649841e-01 -1.759987e-01 -2.107769e-02 -1.171216e-01 -2.145142e-01 1.096547e-01 8.704751e-02 -2.722271e-02 2.045596e-02 1.849961e-01 4.517071e-02 -7.363624e-02 3.749548e-02 8.076188e-02 -1.677500e-02
<VARIANCE> 39
 6.725617e+00 2.077661e+01 9.946257e+00 1.740464e+01 2.093879e+01 4.195580e+01 3.341083e+01 3.282931e+01 4.008434e+01 4.409938e+01 3.259619e+01 3.568712e+01 1.337939e+00 3.443299e-01 1.010751e+00 9.863703e-01 1.216704e+00 8.805144e-01 1.865042e+00 1.353861e+00 1.411843e+00 1.573529e+00 1.478437e+00 1.085055e+00 1.050133e+00 2.735216e-02 5.694392e-02 1.045753e-01 8.382144e-02 1.278463e-01 1.951443e-01 2.806748e-01 2.505354e-01 1.784449e-01 2.218370e-01 2.216928e-01 1.661903e-01 1.590880e-01 2.928950e-03
<GCONST> 7.987356e+01
<TRANSP> 5
 0.000000e+00 1.000000e+00 0.000000e+00 0.000000e+00 0.000000e+00
 0.000000e+00 9.096045e-01 9.039542e-02 0.000000e+00 0.000000e+00
 0.000000e+00 0.000000e+00 8.314074e-01 1.685926e-01 0.000000e+00
 0.000000e+00 0.000000e+00 0.000000e+00 9.086884e-01 9.131163e-02
 0.000000e+00 0.000000e+00 0.000000e+00 0.000000e+00 0.000000e+00
<ENDHMM>
~h "sil"
<BEGINHMM>
<NUMSTATES> 5
<STATE> 2
<MEAN> 39
 -5.629632e+00 -5.381874e+00 -3.959649e+00 -9.043993e+00 -2.191861e-01 -4.181956e+00 -1.412931e-01 -8.546724e+00 -2.498073e+00 -5.830971e+00 5.865698e-01 -4.487365e+00 1.512058e+01 -2.989975e-01 -2.485851e-01 -1.857899e-01 -5.062516e-02 6.953710e-02 1.348624e-01 8.168895e-02 -1.643731e-03 1.418131e-02 1.866474e-02 1.135567e-01 5.824588e-02 -1.518558e-01 2.366595e-02 -7.472937e-03 -3.844212e-02 -6.360456e-02 -7.384089e-02 -6.419972e-02 -4.217725e-02 -1.949024e-03 -3.811236e-03 -6.769951e-03 -1.693798e-02 -5.217371e-03 2.531347e-02
<VARIANCE> 39
 6.971167e+00 8.607544e+00 9.564890e+00 1.168489e+01 1.486953e+01 1.538818e+01 1.765946e+01 1.877708e+01 2.046501e+01 1.954522e+01 1.858399e+01 1.638754e+01 1.209582e+00 1.686662e-01 3.746081e-01 4.430746e-01 5.866196e-01 7.339925e-01 8.284987e-01 8.455018e-01 9.076107e-01 9.109301e-01 8.356503e-01 9.046675e-01 7.998174e-01 2.155280e-02 2.201154e-02 4.568587e-02 6.338260e-02 7.749975e-02 1.032745e-01 1.189167e-01 1.186156e-01 1.276629e-01 1.369568e-01 1.216473e-01 1.281471e-01 1.153789e-01 2.526401e-03
<GCONST> 5.922258e+01
<STATE> 3
<MEAN> 39
 -7.156939e+00 -7.236734e+00 -5.866395e+00 -1.018522e+01 -1.012347e+00 -4.339154e+00 -3.654398e-01 -8.603598e+00 -2.680011e+00 -5.571365e+00 1.005066e+00 -4.037417e+00 1.452098e+01 -3.584280e-03 4.973437e-03 -6.192484e-03 3.801505e-03 1.879179e-03 4.715777e-03 1.254839e-03 -9.876001e-03 -4.555669e-03 1.094670e-02 -2.631515e-04 2.492721e-03 -1.193121e-03 -2.367584e-04 4.887869e-03 2.877427e-03 5.286388e-03 1.315748e-03 2.870239e-03 5.485895e-04 5.853304e-03 2.717671e-03 -8.293838e-04 -4.062811e-03 -3.430434e-03 1.585008e-03
<VARIANCE> 39
 3.027166e+00 3.564784e+00 6.172709e+00 8.254449e+00 1.253747e+01 1.387374e+01 1.474216e+01 1.582845e+01 1.623779e+01 1.398252e+01 1.548318e+01 1.300188e+01 1.028432e+00 5.842908e-02 1.319094e-01 2.563354e-01 3.600306e-01 4.751973e-01 6.449598e-01 6.224144e-01 6.900987e-01 6.643437e-01 5.534237e-01 6.422849e-01 5.676932e-01 2.417421e-03 1.073370e-02 2.426564e-02 4.638901e-02 6.443689e-02 8.854955e-02 1.218526e-01 1.105602e-01 1.289115e-01 1.215520e-01 9.644403e-02 1.150024e-01 1.070999e-01 5.051139e-04
<GCONST> 4.276596e+01
<STATE> 4
<MEAN> 39
 -8.044108e+00 -6.369843e+00 -6.079112e+00 -1.016943e+01 -1.188544e+00 -4.700867e+00 -5.106549e-01 -8.720682e+00 -2.519547e+00 -5.941778e+00 9.985307e-01 -4.417085e+00 1.453677e+01 3.423434e-03 1.545876e-01 2.794383e-02 1.227883e-02 -7.638057e-02 -6.393965e-02 -6.564824e-02 4.920999e-02 -5.532666e-02 -8.987805e-02 -1.027088e-01 -6.833789e-02 4.891995e-02 4.561828e-02 5.645913e-02 2.690601e-02 -6.750881e-03 -2.035761e-03 -2.716312e-02 -1.659573e-02 -1.573690e-02 -1.398931e-02 -1.821265e-02 -3.889872e-02 -1.456905e-02 3.347782e-02
<VARIANCE> 39
 5.361447e+00 5.850629e+00 7.452226e+00 1.031433e+01 1.202342e+01 1.461873e+01 1.655215e+01 1.791416e+01 1.851074e+01 1.737204e+01 1.645255e+01 1.416318e+01 1.276580e+00 2.534415e-01 3.365529e-01 3.772618e-01 5.664121e-01 6.053328e-01 7.375283e-01 7.088112e-01 9.202845e-01 8.939196e-01 7.990488e-01 7.762736e-01 6.718946e-01 2.073159e-02 3.954313e-02 5.724537e-02 6.069193e-02 9.818350e-02 9.287859e-02 1.226492e-01 1.060877e-01 1.502724e-01 1.416596e-01 1.225172e-01 1.118091e-01 9.929998e-02 4.412926e-03
<GCONST> 5.788789e+01
<TRANSP> 5
 0.000000e+00 1.000000e+00 0.000000e+00 0.000000e+00 0.000000e+00
 0.000000e+00 7.692421e-01 2.307579e-01 0.000000e+00 0.000000e+00
 0.000000e+00 0.000000e+00 9.590835e-01 4.091651e-02 0.000000e+00
 0.000000e+00 0.000000e+00 0.000000e+00 7.109240e-01 2.890759e-01
 0.000000e+00 0.000000e+00 0.000000e+00 0.000000e+00 0.000000e+00
<ENDHMM>
~h "six"
<BEGINHMM>
<NUMSTATES> 5
<STATE> 2
<MEAN> 39
 -9.124295e+00 -4.836953e+00 -7.749949e+00 -8.266639e+00 -2.438857e+00 -2.834769e+00 -1.487292e+00 -7.798928e+00 -3.116518e+00 -4.969313e+00 3.618689e-01 -3.493940e+00 1.461232e+01 2.726809e-02 1.591592e-01 1.185998e-01 -3.531423e-01 -3.868237e-01 -2.528210e-01 -1.307454e-02 8.920195e-03 1.418941e-01 1.896524e-01 -1.204983e-01 9.512924e-03 1.277529e-01 1.224179e-01 8.574615e-02 1.920704e-01 -2.156928e-01 -1.443492e-01 -1.911087e-01 -1.348149e-02 -1.142857e-02 4.335985e-02 1.788300e-02 -7.846189e-02 -1.185633e-01 9.579257e-02
<VARIANCE> 39
 5.881856e+00 7.824515e+00 1.145771e+01 1.170149e+01 1.691563e+01 1.670037e+01 1.585943e+01 1.681437e+01 1.957148e+01 2.023768e+01 1.844873e+01 1.536604e+01 1.012899e+00 5.537620e-01 4.715973e-01 1.205764e+00 1.010492e+00 1.007775e+00 1.470687e+00 8.038238e-01 8.137797e-01 1.030869e+00 1.294180e+00 9.459645e-01 9.358562e-01 1.411679e-01 4.636098e-02 5.967520e-02 9.845393e-02 1.366894e-01 1.730452e-01 1.833199e-01 1.418879e-01 1.549592e-01 1.804593e-01 1.774092e-01 1.522813e-01 1.540163e-01 7.503505e-03
<GCONST> 7.075549e+01
<STATE> 3
<MEAN> 39
 -6.389795e+00 -1.255084e+00 -8.810620e-01 -1.937228e+01 -7.577194e+00 -8.493302e+00 -2.595068e+00 -6.569140e+00 3.325132e-02 -3.820272e+00 -2.226168e+00 -7.108535e+00 1.817332e+01 6.033787e-02 -1.004580e-01 1.973094e-01 -2.318162e-01 3.399071e-01 1.645808e-01 -1.732649e-01 1.224701e-01 4.917456e-02 -1.716383e-01 1.772009e-01 -6.580709e-03 -4.431786e-02 -7.081279e-02 -1.914884e-01 -2.624974e-01 4.212634e-01 2.477778e-01 2.067547e-01 8.841415e-02 -7.030384e-02 -1.214316e-01 -5.252285e-02 1.186420e-01 1.339913e-01 -1.487445e-01
<VARIANCE> 39
 7.367367e+00 9.635596e+00 1.569742e+01 2.776346e+01 5.692443e+01 3.167277e+01 3.629292e+01 2.495915e+01 3.438403e+01 5.661712e+01 3.469410e+01 3.674877e+01 1.645047e+00 3.757044e-01 7.674609e-01 1.271301e+00 3.640179e+00 2.695807e+00 1.950655e+00 1.896175e+00 1.366034e+00 1.928482e+00 2.033426e+00 1.879827e+00 2.011310e+00 3.396145e-01 6.646573e-02 6.525156e-02 1.520792e-01 2.585391e-01 3.130457e-01 3.120062e-01 3.695939e-01 2.303203e-01 2.922210e-01 3.375136e-01 2.687100e-01 2.614650e-01 1.433633e-02
<GCONST> 9.337854e+01
<STATE> 4
<MEAN> 39
 -8.222576e+00 -6.451437e+00 -6.277395e+00 -9.275581e+00 -2.415956e+00 -3.256268e+00 -9.182802e-01 -8.615625e+00 -2.795307e+00 -5.153826e+00 7.408615e-01 -4.248632e+00 1.464348e+01 -7.442144e-02 -1.118081e-01 -2.389876e-01 2.870741e-01 3.500228e-02 6.666957e-02 1.390738e-01 -4.188100e-02 -8.121281e-02 -2.483506e-03 7.366251e-03 3.130437e-02 -6.889641e-02 2.173761e-02 7.154373e-02 7.432567e-02 -1.248943e-01 -5.118542e-02 -6.603871e-02 -5.131234e-02 3.815523e-02 2.469897e-02 6.733110e-03 -2.995414e-02 -2.922750e-02 4.497594e-02
<VARIANCE> 39
 7.836407e+00 8.036999e+00 1.202002e+01 1.253897e+01 1.775489e+01 1.684577e+01 1.688476e+01 1.718217e+01 1.742179e+01 1.762554e+01 1.547864e+01 1.427368e+01 1.310077e+00 3.471871e-01 5.518961e-01 7.463472e-01 9.087880e-01 9.875026e-01 1.059264e+00 1.026785e+00 9.108875e-01 8.760955e-01 8.051557e-01 7.558445e-01 6.350734e-01 5.456961e-02 4.509160e-02 7.355038e-02 1.100384e-01 1.327705e-01 1.825924e-01 1.706938e-01 1.655958e-01 1.667245e-01 1.581869e-01 1.441439e-01 1.370199e-01 1.246721e-01 7.388053e-03
<GCONST> 6.779649e+01
<TRANSP> 5
 0.000000e+00 1.000000e+00 0.000000e+00 0.000000e+00 0.000000e+00
 0.000000e+00 9.049472e-01 9.505278e-02 0.000000e+00 0.000000e+00
 0.000000e+00 0.000000e+00 8.983328e-01 1.016671e-01 0.000000e+00
 0.000000e+00 0.000000e+00 0.000000e+00 9.437304e-01 5.626968e-02
 0.000000e+00 0.000000e+00 0.000000e+00 0.000000e+00 0.000000e+00
<ENDHMM>
~h "two"
<BEGINHMM>
<NUMSTATES> 5
<STATE> 2
<MEAN> 39
 -9.639380e+00 -4.513416e+00 -6.580733e+00 -9.863549e+00 -9.720722e-01 -4.070689e+00 -1.373343e+00 -8.179422e+00 -2.537152e+00 -5.722523e+00 1.014189e+00 -3.721768e+00 1.495430e+01 -3.758498e-02 2.631131e-01 2.263374e-01 -3.008481e-01 -8.029145e-02 -1.059091e-02 -1.952108e-01 2.048009e-02 1.192919e-01 3.786821e-02 -4.394494e-03 -2.839592e-02 9.347267e-02 1.950326e-01 9.726065e-02 2.115304e-01 -1.064899e-01 -1.587307e-01 -1.867033e-01 -1.174412e-01 -6.690829e-02 -2.515927e-02 -1.346557e-03 -7.481465e-02 -1.170505e-01 8.904146e-02
<VARIANCE> 39
 9.732289e+00 8.411866e+00 1.057139e+01 1.130263e+01 1.669864e+01 1.858915e+01 1.761610e+01 1.993474e+01 2.015008e+01 2.109536e+01 2.063022e+01 1.756303e+01 9.683682e-01 1.154743e+00 7.385865e-01 1.484535e+00 7.320565e-01 1.243841e+00 1.212138e+00 9.533132e-01 1.050649e+00 1.054677e+00 1.129718e+00 1.398422e+00 9.929962e-01 1.174519e-01 1.107616e-01 1.110961e-01 1.232448e-01 1.199814e-01 2.136392e-01 1.859784e-01 1.655751e-01 1.895574e-01 1.984027e-01 1.764034e-01 2.621551e-01 1.380706e-01 7.422639e-03
<GCONST> 7.620221e+01
<STATE> 3
<MEAN> 39
 -4.756927e+00 1.149320e+00 1.778226e+00 -1.527068e+01 -6.598805e+00 -9.672951e+00 -6.598327e+00 -1.044179e+01 -2.516045e+00 -5.320361e+00 -1.030022e+00 -7.239760e+00 1.830119e+01 7.193317e-01 5.999754e-01 8.360484e-01 -6.091871e-01 -1.201094e+00 -1.150002e+00 -6.212714e-01 -3.241048e-01 -7.638559e-02 1.074630e-01 -2.783293e-01 -6.924760e-01 4.804431e-01 -2.461664e-01 -2.219688e-01 -4.234547e-01 2.838059e-01 2.397684e-01 2.108274e-01 2.293689e-01 1.474371e-01 -1.436217e-02 5.922101e-03 1.442221e-01 1.762003e-01 -1.356786e-01
<VARIANCE> 39
 7.637055e+00 8.201179e+00 1.359603e+01 2.286913e+01 4.094154e+01 2.664878e+01 2.842986e+01 2.392865e+01 3.044523e+01 5.369549e+01 4.334023e+01 4.700751e+01 1.220934e+00 6.002335e-01 6.134157e-01 9.871255e-01 1.413978e+00 1.245543e+00 1.154155e+00 1.636978e+00 1.535898e+00 1.877875e+00 2.038629e+00 2.554883e+00 1.859359e+00 8.416653e-02 6.196135e-02 5.703236e-02 8.188549e-02 1.318223e-01 2.159619e-01 1.828538e-01 2.050726e-01 1.926454e-01 2.096131e-01 2.724445e-01 2.909154e-01 2.224142e-01 8.053108e-03
<GCONST> 8.427509e+01
<STATE> 4
<MEAN> 39
 -3.074160e+00 -2.498491e-01 -1.582080e-01 -1.281029e+01 -6.631963e+00 -1.135589e+01 -5.742244e+00 -1.003087e+01 -3.079259e+00 -5.508292e+00 -1.510182e-01 -7.402942e+00 1.806439e+01 2.856465e-02 -3.108900e-01 -3.225634e-01 4.777231e-01 4.160338e-01 2.897199e-01 2.823395e-01 6.164468e-02 -7.978725e-02 -2.571164e-03 1.468313e-01 2.523625e-01 -1.813450e-01 -7.879075e-02 -6.534902e-02 -4.715161e-02 -2.746935e-03 8.374643e-02 1.333992e-01 8.168760e-02 3.501742e-02 2.799208e-02 -2.889499e-03 -1.431953e-02 4.589159e-02 -4.147517e-02
<VARIANCE> 39
 6.126971e+00 7.980872e+00 1.202322e+01 3.019344e+01 3.252042e+01 2.281901e+01 3.197464e+01 3.246533e+01 4.006977e+01 4.282232e+01 5.143120e+01 4.045086e+01 1.492822e+00 2.866624e-01 2.399527e-01 4.425735e-01 6.655245e-01 9.312072e-01 1.150722e+00 1.105539e+00 1.194716e+00 1.057023e+00 1.124071e+00 1.145987e+00 1.082553e+00 3.967651e-02 3.091886e-02 3.306122e-02 5.466451e-02 9.506745e-02 1.114157e-01 1.450114e-01 1.389046e-01 1.749011e-01 1.699729e-01 1.672947e-01 1.672982e-01 1.557807e-01 3.008824e-03
<GCONST> 7.111190e+01
<TRANSP> 5
 0.000000e+00 1.000000e+00 0.000000e+00 0.000000e+00 0.000000e+00
 0.000000e+00 9.084745e-01 9.152547e-02 0.000000e+00 0.000000e+00
 0.000000e+00 0.000000e+00 7.698596e-01 2.301404e-01 0.000000e+00
 0.000000e+00 0.000000e+00 0.000000e+00 9.201574e-01 7.984259e-02
 0.000000e+00 0.000000e+00 0.000000e+00 0.000000e+00 0.000000e+00
<ENDHMM>
~h "nine"
<BEGINHMM>
<NUMSTATES> 5
<STATE> 2
<MEAN> 39
 -4.077330e+00 -3.898045e+00 -1.677265e+00 -8.971156e+00 -2.804490e+00 -6.378210e+00 -1.642722e+00 -1.116134e+01 -5.117402e+00 -8.041975e+00 -2.887749e+00 -7.734881e+00 1.762904e+01 -1.811326e-01 -6.858032e-01 -2.834640e-01 4.408269e-01 -4.285430e-01 2.355705e-01 4.030291e-01 -1.731195e-01 -1.880392e-02 -1.236191e-01 -8.592725e-02 -8.366856e-02 2.069311e-01 -5.922493e-02 -1.590376e-01 -1.030369e-01 1.132272e-01 -5.453410e-03 -1.169205e-03 5.204877e-02 4.893638e-02 3.952456e-02 9.370368e-03 7.326269e-02 3.877673e-02 -9.215205e-03
<VARIANCE> 39
 8.090952e+00 1.916342e+01 1.444466e+01 1.669296e+01 2.834809e+01 2.875756e+01 3.145666e+01 2.650791e+01 4.734473e+01 3.538876e+01 3.033126e+01 3.281607e+01 1.829772e+00 4.871427e-01 1.494062e+00 1.080494e+00 1.097170e+00 1.264090e+00 1.393836e+00 1.627391e+00 1.205140e+00 1.553539e+00 1.157374e+00 1.183340e+00 1.006628e+00 4.894994e-02 6.265619e-02 1.682044e-01 1.288502e-01 1.425366e-01 2.181607e-01 2.178717e-01 2.447257e-01 1.814127e-01 2.032964e-01 1.691315e-01 1.711285e-01 1.443605e-01 4.463008e-03
<GCONST> 8.221024e+01
<STATE> 3
<MEAN> 39
 -6.347526e+00 -1.160442e+01 -4.860511e+00 -2.734689e+00 -5.693743e+00 -5.250024e+00 1.736060e+00 -1.135922e+01 -5.539679e+00 -9.015328e+00 -1.699770e+00 -7.646741e+00 1.861514e+01 -1.102202e-01 9.686045e-02 2.307477e-01 -2.420473e-01 -2.305194e-02 2.140791e-01 -1.050663e-01 -8.696253e-02 1.959000e-01 5.474265e-02 -5.526765e-02 4.596737e-02 -2.113688e-02 2.517101e-03 1.935468e-01 6.929508e-02 -2.402585e-01 4.426288e-02 6.240289e-02 -1.060978e-01 1.121201e-02 7.537673e-02 -1.084898e-02 -6.778221e-02 2.441987e-02 -1.480030e-02
<VARIANCE> 39
 7.253240e+00 8.472351e+00 2.450037e+01 3.236936e+01 1.900658e+01 3.083622e+01 3.095136e+01 3.397373e+01 4.391690e+01 4.150163e+01 2.842894e+01 3.075454e+01 1.006125e+00 8.384607e-02 3.840279e-01 4.111280e-01 1.132712e+00 5.000369e-01 6.241730e-01 5.587698e-01 5.153651e-01 6.511034e-01 6.707067e-01 6.806691e-01 5.420507e-01 4.827252e-03 1.133340e-02 3.005360e-02 4.127556e-02 5.547936e-02 7.264968e-02 7.246985e-02 7.391030e-02 8.095073e-02 8.281075e-02 8.716505e-02 7.873287e-02 7.922962e-02 3.983415e-04
<GCONST> 5.405603e+01
<STATE> 4
<MEAN> 39
 -5.408941e+00 -2.488683e+00 -1.320186e+00 -1.141012e+01 -1.443081e+00 -5.341778e+00 -3.676828e+00 -1.048140e+01 -3.509034e+00 -8.117120e+00 -2.930948e+00 -6.527740e+00 1.769447e+01 2.317154e-01 5.105916e-01 -3.092594e-03 -1.016935e-01 4.411196e-01 -2.479254e-01 -2.011425e-01 2.756166e-01 -1.277939e-01 8.107465e-02 2.108437e-01 1.169407e-01 -1.723584e-01 -2.715087e-02 -1.583066e-01 -8.625385e-02 1.474570e-01 -3.839134e-02 -6.090594e-03 1.204325e-01 1.985708e-02 -5.447898e-02 4.231457e-02 7.832303e-02 -9.554844e-03 -2.023010e-02
<VARIANCE> 39
 1.166846e+01 1.632530e+01 1.132170e+01 2.321636e+01 3.171843e+01 3.320292e+01 3.064791e+01 2.993113e+01 4.733531e+01 3.817848e+01 3.626936e+01 3.985385e+01 1.211660e+00 5.065152e-01 1.171872e+00 6.359947e-01 1.643075e+00 1.303741e+00 1.550629e+00 1.528432e+00 1.269756e+00 1.658819e+00 1.184173e+00 1.105880e+00 1.068939e+00 2.538141e-02 7.071383e-02 8.681953e-02 9.031530e-02 1.779845e-01 1.819096e-01 2.449437e-01 1.820611e-01 2.039852e-01 2.436527e-01 1.943311e-01 1.735394e-01 1.451956e-01 2.221677e-03
<GCONST> 8.083681e+01
<TRANSP> 5
 0.000000e+00 1.000000e+00 0.000000e+00 0.000000e+00 0.000000e+00
 0.000000e+00 9.012508e-01 9.874914e-02 0.000000e+00 0.000000e+00
 0.000000e+00 0.000000e+00 9.153502e-01 8.464979e-02 0.000000e+00
 0.000000e+00 0.000000e+00 0.000000e+00 9.176028e-01 8.239716e-02
 0.000000e+00 0.000000e+00 0.000000e+00 0.000000e+00 0.000000e+00
<ENDHMM>
~h "five"
<BEGINHMM>
<NUMSTATES> 5
<STATE> 2
<MEAN> 39
 -6.145298e+00 -8.579066e+00 -7.592478e+00 -9.225046e+00 -4.230645e-01 -6.121465e+00 6.969605e-03 -6.825413e+00 -3.778208e+00 -6.490660e+00 -3.219455e-01 -4.546302e+00 1.643808e+01 1.117977e-01 -6.872110e-01 -4.785918e-01 3.255060e-01 2.195612e-01 -2.712114e-01 2.421209e-01 2.802691e-01 -3.435879e-01 -1.302721e-01 -1.266204e-01 1.667050e-02 2.472797e-01 -1.688008e-03 -5.660910e-03 5.737719e-02 4.688830e-02 -1.725685e-02 -3.236450e-02 -1.989580e-02 -4.941050e-02 -1.732893e-02 2.411527e-02 1.546303e-02 -1.459347e-02 2.061847e-02
<VARIANCE> 39
 1.125222e+01 1.815386e+01 1.972012e+01 1.332428e+01 1.796993e+01 2.025480e+01 1.944230e+01 3.697229e+01 2.612189e+01 2.326820e+01 2.203223e+01 1.616225e+01 4.948136e+00 7.423183e-01 6.844243e-01 8.868372e-01 8.866003e-01 8.226770e-01 1.096099e+00 9.428283e-01 1.701124e+00 1.496833e+00 1.271831e+00 1.231869e+00 8.357615e-01 2.129118e-01 1.004225e-01 1.065271e-01 1.570923e-01 1.148708e-01 1.338450e-01 1.695190e-01 1.473376e-01 2.760081e-01 2.348385e-01 1.802754e-01 1.906100e-01 1.286198e-01 2.516605e-02
<GCONST> 8.141045e+01
<STATE> 3
<MEAN> 39
 -5.829909e+00 -1.543208e+01 -8.489592e+00 -3.791502e+00 1.364196e+00 -9.061790e+00 2.480586e+00 -7.543463e+00 -7.266443e+00 -5.482923e+00 -5.596445e-01 -4.576599e+00 1.903887e+01 -1.610333e-01 9.881295e-02 4.891212e-01 -2.808345e-01 -2.718478e-01 4.465794e-01 6.804519e-02 -3.852472e-01 3.469787e-02 2.820537e-01 5.019211e-02 -7.338865e-02 -4.962920e-02 4.119490e-02 1.198990e-01 1.074241e-02 -1.944130e-01 -5.746677e-02 8.541078e-02 -2.819498e-02 2.903879e-02 6.260717e-02 -5.057392e-02 -7.345671e-02 -1.855369e-02 -1.597167e-02
<VARIANCE> 39
 9.235519e+00 9.516522e+00 2.487405e+01 2.134832e+01 1.890436e+01 2.361058e+01 1.802779e+01 4.020387e+01 4.783451e+01 4.513331e+01 2.691066e+01 2.542698e+01 1.368736e+00 9.077754e-02 1.726025e-01 2.727430e-01 6.954149e-01 5.202825e-01 5.777696e-01 5.082269e-01 5.121689e-01 6.401091e-01 6.122527e-01 5.999653e-01 4.835856e-01 5.997585e-03 1.192115e-02 2.521031e-02 3.123388e-02 4.833079e-02 5.224699e-02 5.349388e-02 5.804964e-02 6.689398e-02 9.045377e-02 8.805466e-02 6.807323e-02 7.103812e-02 9.688300e-04
<GCONST> 5.083685e+01
<STATE> 4
<MEAN> 39
 -5.452402e+00 -7.798196e+00 -3.664724e+00 -1.292934e+01 -3.057851e+00 -3.760870e+00 1.120415e+00 -8.346091e+00 -3.888038e+00 -5.631059e+00 -1.734033e+00 -5.653007e+00 1.761938e+01 6.896122e-02 9.293824e-01 2.307979e-01 -1.987883e-01 -1.315930e-01 -8.908901e-02 -2.932282e-01 7.891063e-02 3.928496e-01 -1.370573e-01 7.672822e-02 1.233715e-02 -2.762189e-01 -4.002637e-02 -7.254063e-02 -8.900335e-02 1.945954e-01 1.092603e-01 -8.830163e-02 -1.665553e-02 -4.516158e-03 -4.075463e-02 1.309687e-02 7.345111e-02 3.240537e-02 -1.782533e-02
<VARIANCE> 39
 7.533138e+00 2.308251e+01 1.185585e+01 2.986160e+01 3.748623e+01 2.150838e+01 2.415422e+01 3.057126e+01 4.223595e+01 2.629448e+01 2.688212e+01 2.787959e+01 2.629519e+00 3.400311e-01 7.374029e-01 6.409166e-01 2.733146e+00 1.682087e+00 1.393089e+00 9.393056e-01 1.417222e+00 1.594574e+00 1.266554e+00 1.316848e+00 1.013080e+00 6.819273e-02 5.715516e-02 1.022110e-01 9.524719e-02 3.009314e-01 2.342666e-01 2.509229e-01 1.675266e-01 2.084453e-01 2.011775e-01 1.717467e-01 2.163429e-01 1.726192e-01 9.082112e-03
<GCONST> 8.298357e+01
<TRANSP> 5
 0.000000e+00 1.000000e+00 0.000000e+00 0.000000e+00 0.000000e+00
 0.000000e+00 9.300392e-01 6.996083e-02 0.000000e+00 0.000000e+00
 0.000000e+00 0.000000e+00 9.152319e-01 8.476811e-02 0.000000e+00
 0.000000e+00 0.000000e+00 0.000000e+00 8.980054e-01 1.019946e-01
 0.000000e+00 0.000000e+00 0.000000e+00 0.000000e+00 0.000000e+00
<ENDHMM>
~h "four"
<BEGINHMM>
<NUMSTATES> 5
<STATE> 2
<MEAN> 39
 -7.667614e+00 -6.677808e+00 -5.470642e+00 -9.688792e+00 -1.112550e+00 -4.543476e+00 -5.189729e-01 -8.559962e+00 -2.271121e+00 -5.732479e+00 1.121440e+00 -4.080835e+00 1.494338e+01 3.138357e-01 1.474962e-02 -3.778507e-01 -2.939831e-01 -1.125255e-01 -9.205812e-02 -1.320306e-01 -8.569794e-03 1.231802e-01 1.055109e-01 -1.625142e-02 -4.077194e-02 1.258386e-01 2.438173e-01 9.813482e-02 -1.170318e-01 -1.288143e-01 -5.303990e-02 -1.112579e-01 -1.097985e-01 -1.808096e-02 -8.184089e-03 7.009545e-03 -7.390758e-02 -1.029496e-01 1.065350e-01
<VARIANCE> 39
 4.657703e+00 4.193451e+00 6.876488e+00 8.704023e+00 1.156782e+01 1.418993e+01 1.488090e+01 1.611071e+01 1.489992e+01 1.410061e+01 1.539704e+01 1.167687e+01 9.116803e-01 1.047066e+00 4.639238e-01 5.766307e-01 6.437171e-01 6.049649e-01 9.842695e-01 9.577667e-01 8.519984e-01 8.544641e-01 7.821125e-01 1.037500e+00 8.674546e-01 1.654569e-01 5.929432e-02 5.711766e-02 1.015155e-01 1.069120e-01 1.041819e-01 1.638891e-01 1.311690e-01 1.613808e-01 1.551103e-01 1.347689e-01 1.544513e-01 1.329648e-01 6.555352e-03
<GCONST> 6.410861e+01
<STATE> 3
<MEAN> 39
 1.545542e+00 -3.506071e+00 -1.204609e+01 -1.693926e+01 -4.004881e+00 -6.246487e+00 -3.255047e+00 -8.958976e+00 -1.451340e+00 -3.992062e+00 3.068371e-01 -6.856420e+00 1.889500e+01 3.433107e-01 -1.623348e-01 -3.558477e-01 -7.217044e-02 6.820399e-02 -2.290274e-02 -2.270717e-01 1.736721e-01 3.472252e-01 1.047986e-01 -2.364447e-01 -2.329478e-01 1.594964e-01 -1.728062e-01 -1.511379e-01 1.446060e-01 2.267973e-01 4.013357e-02 -2.949183e-02 4.305372e-02 1.087216e-01 4.690733e-02 -7.877222e-02 -5.253191e-02 5.703616e-02 -6.698091e-02
<VARIANCE> 39
 4.227960e+00 1.022245e+01 1.029036e+01 1.432916e+01 2.460276e+01 1.721146e+01 1.818636e+01 1.709347e+01 2.334695e+01 2.481169e+01 3.750479e+01 3.594286e+01 1.115800e+00 5.912058e-01 7.438594e-01 7.231893e-01 1.240829e+00 9.895772e-01 7.948632e-01 9.115145e-01 9.642963e-01 1.307602e+00 1.180656e+00 1.372135e+00 1.243437e+00 1.038316e-01 4.871598e-02 4.642923e-02 9.628294e-02 8.305278e-02 1.340594e-01 1.435021e-01 1.544317e-01 1.396360e-01 1.799932e-01 1.932645e-01 2.021902e-01 1.820074e-01 7.090521e-03
<GCONST> 7.298954e+01
<STATE> 4
<MEAN> 39
 -5.429463e-01 -1.072220e+01 -7.323119e+00 -8.565816e+00 -5.391745e+00 -8.704766e+00 -2.323944e+00 -4.895527e+00 1.832082e-01 -7.540123e+00 -3.910874e+00 -7.426217e+00 1.840887e+01 -6.129126e-01 7.465036e-02 1.055966e+00 4.896527e-01 -3.433497e-01 7.616239e-02 5.981668e-01 -1.811751e-01 -6.240199e-01 -3.440996e-01 1.658253e-01 3.014710e-01 -2.432765e-01 -9.001639e-02 2.380780e-01 -4.453148e-02 -1.996030e-01 1.165281e-01 1.960449e-01 3.099992e-02 -1.858955e-01 -1.287930e-01 1.032562e-01 1.745549e-01 4.439850e-02 -4.962718e-02
<VARIANCE> 39
 7.333424e+00 1.779958e+01 3.181578e+01 1.828339e+01 4.522201e+01 3.700929e+01 3.509687e+01 4.319407e+01 4.621205e+01 3.482880e+01 3.460003e+01 3.076935e+01 1.741629e+00 2.971708e-01 1.587486e+00 9.179294e-01 1.626264e+00 2.564564e+00 2.221741e+00 1.718492e+00 2.564770e+00 1.885271e+00 1.705947e+00 1.829050e+00 1.123808e+00 5.832913e-02 2.926799e-02 1.346432e-01 2.064868e-01 1.690598e-01 4.288346e-01 2.940586e-01 3.516556e-01 3.668474e-01 3.851870e-01 2.816707e-01 3.092501e-01 2.124644e-01 3.411653e-03
<GCONST> 9.085587e+01
<TRANSP> 5
 0.000000e+00 1.000000e+00 0.000000e+00 0.000000e+00 0.000000e+00
 0.000000e+00 9.011176e-01 9.888238e-02 0.000000e+00 0.000000e+00
 0.000000e+00 0.000000e+00 9.186853e-01 8.131473e-02 0.000000e+00
 0.000000e+00 0.000000e+00 0.000000e+00 8.810120e-01 1.189880e-01
 0.000000e+00 0.000000e+00 0.000000e+00 0.000000e+00 0.000000e+00
<ENDHMM>
~h "zero"
<BEGINHMM>
<NUMSTATES> 5
<STATE> 2
<MEAN> 39
 -6.758173e+00 -3.060533e+00 -4.886794e+00 -7.466863e+00 -1.265788e+00 -3.807552e+00 -1.414098e+00 -8.519994e+00 -3.457348e+00 -5.106208e+00 5.901266e-01 -4.556122e+00 1.523185e+01 -8.170493e-02 3.317760e-01 1.413686e-01 -3.041170e-01 -2.133193e-01 -2.737594e-01 -1.777332e-01 -1.205095e-01 1.233098e-01 2.201353e-01 -1.254921e-02 -1.798758e-04 1.060412e-01 6.806260e-02 1.068907e-01 1.512870e-01 -2.256985e-01 -1.459333e-01 -2.462533e-01 -6.497090e-02 -7.538819e-02 6.202345e-02 1.080061e-02 -2.262778e-02 -5.403140e-02 8.252073e-02
<VARIANCE> 39
 7.745603e+00 1.028858e+01 1.429242e+01 1.360914e+01 1.783327e+01 1.930373e+01 1.877950e+01 1.949848e+01 2.377083e+01 2.085608e+01 1.977659e+01 1.678326e+01 1.208742e+00 4.211672e-01 7.290789e-01 1.003664e+00 9.500194e-01 8.893788e-01 1.750820e+00 9.589455e-01 1.102061e+00 1.068043e+00 8.963279e-01 1.006095e+00 1.001623e+00 1.192539e-01 5.258035e-02 9.179004e-02 1.144091e-01 1.198336e-01 1.237963e-01 1.946422e-01 1.597987e-01 1.730609e-01 1.607243e-01 1.399859e-01 1.706397e-01 1.584596e-01 7.959140e-03
<GCONST> 7.320310e+01
<STATE> 3
<MEAN> 39
 -5.592326e+00 3.955287e-01 8.077538e-01 -1.662427e+01 -7.707253e+00 -9.225019e+00 -4.660081e+00 -8.628914e+00 -4.997056e-02 -3.802484e+00 1.258471e-01 -6.759883e+00 1.834422e+01 3.379151e-01 -6.247945e-01 4.887853e-01 -2.657172e-01 -1.102035e+00 1.290305e-01 1.548047e-01 1.538521e-01 3.349332e-01 -5.399708e-02 2.665092e-02 -1.553152e-01 1.949302e-01 4.521534e-02 -2.660767e-01 -1.692013e-01 3.433269e-01 9.396387e-03 1.403283e-01 1.908157e-01 7.234603e-02 -7.128284e-02 -4.766161e-02 -7.064943e-03 6.281437e-02 -6.165054e-02
<VARIANCE> 39
 7.281285e+00 1.915914e+01 1.718733e+01 2.744014e+01 5.847330e+01 3.936475e+01 3.189042e+01 4.336215e+01 3.246246e+01 3.001805e+01 3.379705e+01 4.995004e+01 1.156448e+00 4.295123e-01 1.775875e+00 8.555179e-01 2.664615e+00 1.664700e+00 2.654130e+00 1.727384e+00 1.475448e+00 1.340086e+00 1.175761e+00 1.141518e+00 1.379974e+00 7.314243e-02 5.099222e-02 1.107145e-01 1.223853e-01 1.857534e-01 2.375446e-01 3.918630e-01 2.244570e-01 2.434572e-01 2.200194e-01 1.773840e-01 1.724213e-01 2.131544e-01 4.550987e-03
<GCONST> 8.729033e+01
<STATE> 4
<MEAN> 39
 -1.649558e+00 -9.930118e+00 -4.550302e+00 -9.837089e+00 -9.202919e+00 -8.373465e+00 4.404363e-02 -4.373058e+00 -3.070278e-01 -6.662805e+00 -1.066608e+00 -5.913484e+00 1.846300e+01 -1.717803e-03 4.104607e-02 -4.249462e-01 2.122241e-01 6.903460e-01 -3.667703e-02 1.310278e-02 7.659421e-02 -1.453036e-01 -9.953742e-02 -4.259003e-02 5.561097e-02 -9.980541e-02 -8.147389e-02 1.027286e-01 5.154665e-02 -8.308211e-02 8.996800e-02 7.159729e-02 -5.898284e-02 -6.223081e-02 -2.369929e-02 2.519722e-02 2.527993e-02 8.757419e-03 -2.410393e-02
<VARIANCE> 39
 6.049095e+00 2.022753e+01 2.591801e+01 2.576328e+01 6.116905e+01 5.180338e+01 3.776207e+01 3.636257e+01 4.391717e+01 3.594053e+01 2.597993e+01 3.311923e+01 1.509333e+00 3.012060e-01 8.277461e-01 7.833850e-01 1.013892e+00 1.236915e+00 1.841354e+00 1.590090e+00 1.897714e+00 1.647464e+00 1.476163e+00 1.053238e+00 9.581063e-01 3.797204e-02 2.902777e-02 5.182398e-02 8.361209e-02 1.130989e-01 1.905690e-01 2.371269e-01 2.060659e-01 2.034619e-01 2.219543e-01 2.011818e-01 1.522516e-01 1.418979e-01 2.415668e-03
<GCONST> 8.034365e+01
<TRANSP> 5
 0.000000e+00 1.000000e+00 0.000000e+00 0.000000e+00 0.000000e+00
 0.000000e+00 8.903301e-01 1.096699e-01 0.000000e+00 0.000000e+00
 0.000000e+00 0.000000e+00 8.972680e-01 1.027320e-01 0.000000e+00
 0.000000e+00 0.000000e+00 0.000000e+00 9.447610e-01 5.523903e-02
 0.000000e+00 0.000000e+00 0.000000e+00 0.000000e+00 0.000000e+00
<ENDHMM>
