~o
<STREAMINFO> 1 39
<VECSIZE> 39<NULLD><MFCC_E_D_A><DIAGC>
~s "silst"
<MEAN> 39
 -5.081989e+00 -3.741500e+00 -3.212907e+00 -8.847621e+00 -1.252524e+00 -5.759441e+00 -1.829752e+00 -9.464955e+00 -3.499104e+00 -6.422853e+00 -3.677855e-01 -5.636454e+00 1.585785e+01 -6.625985e-01 -4.416896e-01 -4.511687e-01 1.675392e-01 3.062902e-01 7.047200e-01 3.742432e-01 1.085707e-01 1.439936e-01 1.505686e-01 3.341580e-01 3.716804e-01 -3.628122e-01 -2.688662e-02 -6.981069e-02 -1.091410e-01 -1.269052e-01 -9.578623e-02 -7.199796e-02 7.861755e-04 7.276770e-02 3.781735e-02 9.264420e-03 -1.483487e-02 4.144668e-03 2.659568e-02
<VARIANCE> 39
 1.121953e+01 1.075147e+01 1.340865e+01 1.342453e+01 2.080119e+01 2.469223e+01 2.383932e+01 2.476917e+01 2.791855e+01 2.732755e+01 2.581988e+01 2.360625e+01 2.026370e+00 3.755623e-01 7.440185e-01 8.203449e-01 8.121570e-01 1.145631e+00 1.290198e+00 1.256707e+00 1.301355e+00 1.409291e+00 1.272827e+00 1.246382e+00 1.114818e+00 5.123990e-02 6.989775e-02 1.002890e-01 1.068253e-01 1.141078e-01 1.565056e-01 2.205707e-01 1.943993e-01 1.871659e-01 2.096878e-01 1.845120e-01 1.821685e-01 1.531098e-01 9.221111e-03
<GCONST> 7.761975e+01
~h "eight"
<BEGINHMM>
<NUMSTATES> 5
<STATE> 2
<MEAN> 39
 -8.238423e+00 -2.988855e+00 -5.885581e+00 -1.822725e+01 2.076551e-01 -4.908700e+00 8.338453e-01 -6.809746e+00 -1.624215e+00 -7.443223e+00 -1.711237e+00 -5.722131e+00 1.740546e+01 -1.690931e-01 1.034684e+00 -9.499302e-02 -1.072628e+00 -5.186520e-02 -5.849044e-01 9.136244e-02 4.699695e-01 3.854697e-01 -9.664094e-03 -1.824437e-01 -2.422658e-01 3.339929e-01 2.895038e-02 8.966001e-02 5.233579e-03 1.398885e-01 -6.256086e-02 -1.923316e-01 -8.336593e-02 -1.790923e-02 2.600666e-02 9.255766e-02 1.131038e-01 -6.625517e-04 -1.707157e-02
<VARIANCE> 39
 7.937426e+00 2.034697e+01 1.877715e+01 3.168722e+01 4.180630e+01 2.219823e+01 2.468151e+01 2.262887e+01 3.070093e+01 2.346727e+01 2.466183e+01 2.550197e+01 3.282729e+00 3.464170e-01 7.498663e-01 6.580765e-01 1.287558e+00 1.208545e+00 1.363487e+00 1.443264e+00 9.979307e-01 1.349340e+00 1.119697e+00 1.071488e+00 9.606662e-01 1.026008e-01 4.196144e-02 8.030495e-02 7.526410e-02 1.955523e-01 1.374558e-01 1.689862e-01 1.484147e-01 1.685835e-01 2.269056e-01 1.636741e-01 1.704246e-01 1.470569e-01 1.303980e-02
<GCONST> 7.935519e+01
<STATE> 3
<MEAN> 39
 -8.392484e+00 5.777796e+00 -5.515471e+00 -1.922648e+01 -2.893549e+00 -1.375771e+01 -1.649196e+00 -5.963050e+00 7.364416e-01 -4.027375e+00 7.577278e-01 -5.692588e+00 1.854556e+01 1.009095e-01 4.994570e-01 2.029206e-01 8.269596e-01 -1.006464e-02 -9.329494e-01 -6.091418e-01 -8.117067e-01 -3.611935e-01 3.241565e-01 4.629132e-01 2.253945e-01 -7.235185e-02 4.937967e-02 -2.814714e-01 2.279924e-02 1.888981e-01 8.659936e-02 2.727485e-01 2.116155e-02 -1.575284e-01 -1.936994e-01 -1.398064e-01 -7.130662e-02 3.671743e-02 -6.167095e-02
<VARIANCE> 39
 1.001244e+01 1.133656e+01 2.485625e+01 2.646909e+01 2.098661e+01 2.368005e+01 5.644637e+01 2.716544e+01 2.959581e+01 2.185354e+01 3.278280e+01 2.505283e+01 1.477906e+00 1.827960e-01 5.080094e-01 2.621183e-01 6.266986e-01 8.208883e-01 1.017202e+00 7.509900e-01 8.245544e-01 1.766804e+00 1.024066e+00 1.190827e+00 8.486174e-01 2.544775e-02 2.770765e-02 7.083104e-02 4.949658e-02 9.913394e-02 8.112608e-02 1.529894e-01 1.405942e-01 1.341859e-01 1.678146e-01 1.386665e-01 1.859125e-01 1.362265e-01 3.383151e-03
<GCONST> 6.906966e+01
<STATE> 4
<MEAN> 39
 -6.978688e+00 1.082055e+00 -4.082037e+00 -1.219894e+01 -1.196970e+00 -1.169022e+01 -4.070434e+00 -1.160142e+01 -4.454062e+00 -5.781441e+00 8.195710e-01 -4.544609e+00 1.651487e+01 2.166071e-01 -1.858085e+00 -2.223789e-03 8.864459e-01 2.200916e-01 1.607608e+00 3.234102e-01 -2.443541e-02 -3.239556e-01 -3.975354e-01 -1.441619e-01 9.594195e-02 -4.698638e-01 -7.067123e-02 -9.739595e-02 -9.856159e-02 -1.314422e-01 -4.647291e-02 1.567072e-01 1.918637e-01 2.719344e-01 2.065658e-01 6.521876e-02 2.249036e-02 -3.131065e-02 -5.907419e-03
<VARIANCE> 39
 6.037770e+00 3.360570e+01 1.483248e+01 1.930163e+01 1.612345e+01 3.824070e+01 3.276943e+01 2.457175e+01 3.932878e+01 2.735725e+01 2.582206e+01 2.410832e+01 2.804905e+00 3.518295e-01 7.416121e-01 6.188337e-01 1.035089e+00 6.516646e-01 1.241225e+00 1.758517e+00 1.480615e+00 2.024439e+00 1.219267e+00 1.375857e+00 1.140085e+00 3.557966e-02 4.194460e-02 2.595027e-01 6.980940e-02 1.186242e-01 9.754976e-02 3.277108e-01 1.811352e-01 1.964614e-01 2.991639e-01 1.794699e-01 1.978339e-01 1.935629e-01 1.059486e-02
<GCONST> 8.035450e+01
<TRANSP> 5
 0.000000e+00 1.000000e+00 0.000000e+00 0.000000e+00 0.000000e+00
 0.000000e+00 8.674502e-01 1.325498e-01 0.000000e+00 0.000000e+00
 0.000000e+00 0.000000e+00 8.558035e-01 1.441965e-01 0.000000e+00
 0.000000e+00 0.000000e+00 0.000000e+00 8.207977e-01 1.792023e-01
 0.000000e+00 0.000000e+00 0.000000e+00 0.000000e+00 0.000000e+00
<ENDHMM>
~h "oh"
<BEGINHMM>
<NUMSTATES> 5
<STATE> 2
<MEAN> 39
 -4.367532e+00 -1.037281e+01 -8.315866e+00 -8.588499e+00 -2.637146e+00 -7.653397e+00 3.573178e+00 -7.384533e+00 -5.235592e+00 -7.112261e+00 -2.438327e+00 -5.426209e+00 1.781758e+01 5.458251e-01 -2.066287e-01 -6.072888e-01 1.665375e-01 9.175143e-02 -6.958051e-01 1.448070e-01 7.350786e-01 -1.619080e-02 -4.300370e-01 -4.108995e-01 -1.517313e-01 3.520042e-01 1.018030e-02 1.036654e-01 2.046272e-03 -5.227645e-02 3.821943e-02 -1.091403e-02 -1.517099e-01 8.355432e-03 1.328546e-01 2.589406e-02 -9.906659e-03 -2.756986e-02 -2.141768e-02
<VARIANCE> 39
 8.669013e+00 1.234028e+01 1.667317e+01 1.820622e+01 2.296064e+01 2.453335e+01 3.068876e+01 6.477158e+01 3.832958e+01 3.399101e+01 2.704443e+01 3.143676e+01 3.006379e+00 2.971413e-01 5.785137e-01 6.307455e-01 6.407353e-01 6.856042e-01 9.315048e-01 1.329912e+00 1.790513e+00 1.557390e+00 1.263131e+00 1.250196e+00 1.053033e+00 9.569973e-02 3.986289e-02 6.292244e-02 7.493442e-02 7.989956e-02 9.174472e-02 1.301434e-01 1.558876e-01 2.154468e-01 1.873690e-01 1.965386e-01 1.842071e-01 1.403201e-01 1.335395e-02
<GCONST> 7.716903e+01
<STATE> 3
<MEAN> 39
 -5.720677e-01 -8.249940e+00 -1.317402e+01 -9.923762e+00 -7.035736e-01 -1.204563e+01 -7.919898e-01 -7.824768e-01 1.198109e-01 -8.238264e+00 -5.127341e+00 -6.597207e+00 1.903776e+01 2.234660e-01 4.043776e-01 -2.911983e-02 -3.466421e-01 -3.570333e-02 -5.234484e-03 -6.741262e-01 -2.427088e-01 6.664946e-01 6.019962e-01 -3.379784e-02 -3.510657e-01 -9.513979e-03 -4.125388e-02 2.449852e-02 1.010871e-01 -2.066713e-02 -5.711193e-02 9.296475e-02 1.121423e-02 -1.583014e-01 -8.079077e-02 9.205175e-02 1.209217e-01 1.104224e-02 -2.524685e-02
<VARIANCE> 39
 6.094870e+00 8.380328e+00 1.534641e+01 1.468791e+01 1.922471e+01 2.240844e+01 4.167064e+01 3.077748e+01 3.926327e+01 3.570483e+01 3.180258e+01 4.017300e+01 1.214727e+00 8.015184e-02 1.367466e-01 2.625358e-01 2.767631e-01 3.851452e-01 5.151423e-01 7.298219e-01 1.010646e+00 7.299027e-01 8.554351e-01 7.848002e-01 6.994178e-01 1.316779e-02 1.111188e-02 1.421432e-02 3.349856e-02 3.311027e-02 4.701359e-02 6.864435e-02 7.736198e-02 9.583680e-02 1.049777e-01 1.013412e-01 9.156152e-02 8.861512e-02 1.198194e-03
<GCONST> 5.210316e+01
<STATE> 4
<MEAN> 39
 1.795181e-01 -3.751507e+00 -9.941659e+00 -1.348700e+01 -3.315413e+00 -1.007871e+01 -4.952098e+00 -7.352290e+00 1.055566e+00 -2.360994e+00 -1.943646e-01 -7.012106e+00 1.844953e+01 -3.472649e-01 2.893297e-01 8.516250e-01 1.487002e-01 -2.201865e-01 3.714189e-01 2.085035e-01 -5.774099e-01 -5.860592e-01 -1.017797e-01 5.105863e-01 4.119658e-01 -2.303500e-01 -1.309657e-01 -1.053478e-01 5.232178e-02 1.420384e-01 1.057649e-01 8.428068e-02 1.856265e-01 8.522537e-02 -1.058537e-01 -1.825744e-01 -7.767398e-02 8.033267e-02 -4.423825e-02
<VARIANCE> 39
 6.300179e+00 7.051132e+00 1.857507e+01 1.556064e+01 1.889883e+01 2.848825e+01 3.124549e+01 2.745613e+01 3.055395e+01 3.707817e+01 3.966755e+01 3.644145e+01 1.764332e+00 2.382997e-01 3.537691e-01 4.245861e-01 5.880505e-01 6.843885e-01 8.677593e-01 1.174334e+00 1.223481e+00 1.192490e+00 1.308830e+00 1.200828e+00 1.026361e+00 3.040410e-02 2.292381e-02 3.290095e-02 6.536382e-02 6.518978e-02 9.778723e-02 1.568385e-01 1.651746e-01 1.869871e-01 2.024329e-01 1.902384e-01 1.711280e-01 1.627961e-01 2.730800e-03
<GCONST> 6.915495e+01
<TRANSP> 5
 0.000000e+00 1.000000e+00 0.000000e+00 0.000000e+00 0.000000e+00
 0.000000e+00 8.830880e-01 1.169120e-01 0.000000e+00 0.000000e+00
 0.000000e+00 0.000000e+00 8.920897e-01 1.079103e-01 0.000000e+00
 0.000000e+00 0.000000e+00 0.000000e+00 8.563600e-01 1.436400e-01
 0.000000e+00 0.000000e+00 0.000000e+00 0.000000e+00 0.000000e+00
<ENDHMM>
~h "sp"
<BEGINHMM>
<NUMSTATES> 5
<STATE> 2
~s "silst"
<STATE> 3
<MEAN> 39
 -7.708652e+00 -6.473432e+00 -6.100482e+00 -9.708940e+00 -1.335090e+00 -4.071935e+00 -6.359981e-01 -8.568448e+00 -2.837524e+00 -5.609596e+00 9.603129e-01 -4.089230e+00 1.480020e+01 -9.974439e-02 -1.791776e-02 -1.134520e-01 -5.451653e-03 -2.989091e-02 2.998137e-02 -6.736536e-03 3.508950e-02 2.826075e-03 2.048944e-02 3.515638e-02 4.025121e-02 -1.360480e-02 6.153166e-02 8.251113e-02 6.161200e-02 -1.142335e-02 -9.631718e-03 -5.707092e-02 -4.125027e-02 -1.853852e-02 -9.226909e-03 -1.625216e-02 -3.380932e-02 -3.257599e-02 4.434381e-02
<VARIANCE> 39
 5.199505e+00 5.808804e+00 8.375530e+00 1.000532e+01 1.421431e+01 1.533874e+01 1.546688e+01 1.657178e+01 1.760895e+01 1.635712e+01 1.593737e+01 1.372219e+01 1.090857e+00 1.560691e-01 2.339049e-01 3.574027e-01 4.283765e-01 5.671235e-01 6.773404e-01 6.516364e-01 7.187452e-01 7.407912e-01 6.608427e-01 6.508232e-01 5.695455e-01 7.397294e-03 3.307204e-02 5.306650e-02 7.091138e-02 9.036994e-02 1.138609e-01 1.431980e-01 1.320921e-01 1.439303e-01 1.467098e-01 1.252122e-01 1.241715e-01 1.145248e-01 4.108123e-03
<GCONST> 5.484745e+01
<STATE> 4
<MEAN> 39
 -8.549155e+00 -4.939361e+00 -6.263587e+00 -8.993928e+00 -2.031916e+00 -3.801263e+00 -1.070206e+00 -8.416475e+00 -2.905604e+00 -5.484113e+00 6.379612e-01 -4.050691e+00 1.505820e+01 2.804144e-01 1.767727e-01 9.918536e-02 -1.326512e-01 -1.930791e-01 -3.071389e-01 -8.163901e-02 7.422826e-02 -3.605455e-02 -5.248571e-02 -2.030490e-01 -8.295862e-02 2.201540e-01 2.163501e-01 4.038748e-03 6.057025e-02 -1.467852e-01 -1.312089e-01 -2.127397e-01 -6.358798e-03 1.886004e-02 6.958732e-03 -1.530848e-03 -1.015151e-01 -8.335278e-02 1.104130e-01
<VARIANCE> 39
 1.197624e+01 1.156920e+01 1.733344e+01 1.580733e+01 1.928666e+01 1.880064e+01 1.807709e+01 2.027057e+01 2.112272e+01 1.993225e+01 1.872303e+01 1.701990e+01 1.498447e+00 5.895843e-01 5.340297e-01 7.454327e-01 7.906721e-01 9.725464e-01 1.006427e+00 8.536963e-01 1.188678e+00 1.046384e+00 9.277006e-01 9.477292e-01 7.691757e-01 5.362153e-02 7.113414e-02 1.106743e-01 1.694016e-01 1.487887e-01 2.006131e-01 1.929745e-01 1.682185e-01 2.262623e-01 2.044058e-01 1.795802e-01 1.803060e-01 1.552314e-01 9.426968e-03
<GCONST> 7.467719e+01
<TRANSP> 5
 0.000000e+00 8.223197e-01 1.776803e-01 0.000000e+00 0.000000e+00
 0.000000e+00 7.941093e-01 2.058907e-01 0.000000e+00 0.000000e+00
 0.000000e+00 0.000000e+00 8.500785e-01 1.499214e-01 0.000000e+00
 0.000000e+00 0.000000e+00 0.000000e+00 5.806423e-01 4.193576e-01
 0.000000e+00 0.000000e+00 0.000000e+00 0.000000e+00 0.000000e+00
<ENDHMM>
~h "seven"
<BEGINHMM>
<NUMSTATES> 5
<STATE> 2
<MEAN> 39
 -7.451684e+00 -4.362482e+00 -5.894274e+00 -9.831817e+00 -3.728801e+00 -4.981247e+00 -5.210060e-01 -8.218124e+00 -2.357917e+00 -4.354844e+00 -4.355232e-01 -3.950566e+00 1.556830e+01 8.768478e-01 1.051680e-01 6.951755e-01 -1.404688e+00 -1.110304e+00 -8.376786e-01 9.576667e-01 -1.010027e-01 3.699703e-01 1.641466e-03 -7.847580e-01 -6.928328e-01 6.908957e-01 6.937188e-03 -1.169575e-01 -7.399122e-02 -2.417042e-01 -1.596297e-01 9.516357e-02 2.455196e-01 6.182305e-02 -1.559589e-02 -1.423886e-01 -1.630447e-01 -1.445562e-01 1.259400e-01
<VARIANCE> 39
 1.012384e+01 6.283825e+00 1.230879e+01 1.257750e+01 2.031459e+01 2.222996e+01 1.823557e+01 1.892928e+01 1.811506e+01 2.671105e+01 1.803160e+01 1.638037e+01 2.444515e+00 4.609196e-01 4.442388e-01 6.458312e-01 9.588860e-01 1.282248e+00 1.639149e+00 1.352716e+00 1.242056e+00 1.249615e+00 2.361682e+00 1.103666e+00 1.212807e+00 7.077877e-02 8.314193e-02 5.438258e-02 9.802017e-02 1.260894e-01 2.239258e-01 2.097078e-01 1.571598e-01 1.524478e-01 1.603977e-01 1.972520e-01 1.400280e-01 1.866154e-01 1.225687e-02
<GCONST> 7.543336e+01
<STATE> 3
<MEAN> 39
 -5.779750e+00 -7.519417e+00 -5.386486e+00 -1.621848e+01 -6.129597e+00 -4.336640e+00 5.067735e+00 -8.665292e+00 -2.722918e+00 -7.118348e+00 -4.214980e+00 -6.595972e+00 1.905369e+01 1.277004e-01 -3.021891e-01 6.864800e-02 1.635263e-01 4.556433e-02 -3.129899e-02 1.835928e-01 2.626198e-01 -3.531890e-01 -3.892542e-02 2.199257e-03 -4.349401e-02 7.502773e-02 -1.803136e-02 1.048917e-01 4.020584e-02 3.171989e-01 1.422371e-01 -7.818273e-02 -2.836487e-01 4.943605e-02 -1.616657e-02 3.808997e-02 2.032407e-01 6.398599e-02 -1.364759e-01
<VARIANCE> 39
 9.455364e+00 1.177613e+01 8.957364e+00 1.779219e+01 4.835150e+01 3.843876e+01 3.165706e+01 3.894873e+01 4.879915e+01 5.841376e+01 3.336246e+01 3.292666e+01 1.184575e+00 3.922471e-01 5.716265e-01 4.497943e-01 1.293290e+00 1.490044e+00 1.582264e+00 1.624927e+00 1.043136e+00 1.267342e+00 1.718772e+00 1.744946e+00 1.226559e+00 1.726516e-01 8.113939e-02 8.488006e-02 8.828251e-02 1.111638e-01 2.649629e-01 2.633011e-01 1.734951e-01 1.627354e-01 2.086961e-01 2.424562e-01 2.327214e-01 1.902049e-01 5.532490e-03
<GCONST> 8.323325e+01
<STATE> 4
<MEAN> 39
 -3.257730e+00 -4.144493e+00 -2.039234e+00 -9.794704e+00 -3.963523e+00 -7.898762e+00 -4.609596e-01 -7.896408e+00 -3.870670e+00 -6.628741e+00 -1.622305e+00 -6.940614e+00 1.713497e+01 1.048041e-01 3.675468e-01 2.305671e-01 2.343252e-01 3.760789e-01 -3.287532e-02 -4.252909e-01 -3.490080e-01 3.213059e-02 -6.871310e-02 8.006816e-02 -1.524234e-02 -8.801662e-02 -3.979050e-02 -5.788048e-02 -5.448811e-02 -7.394372e-02 1.525581e-03 1.087147e-01 9.037617e-02 -4.298998e-02 -1.091837e-03 -7.654008e-04 -4.318209e-02 3.121234e-02 1.962146e-02
<VARIANCE> 39
 4.897730e+00 1.045337e+01 1.000073e+01 1.377126e+01 2.821176e+01 3.248808e+01 2.626190e+01 4.098748e+01 3.228535e+01 3.545504e+01 3.234125e+01 2.883586e+01 1.690676e+00 1.922281e-01 4.149075e-01 4.779553e-01 9.059858e-01 1.392420e+00 1.173980e+00 1.648113e+00 1.272372e+00 1.389941e+00 1.389917e+00 1.265052e+00 9.329956e-01 8.939667e-02 3.491054e-02 7.891826e-02 8.610940e-02 1.530667e-01 2.484846e-01 2.056786e-01 2.860642e-01 2.267865e-01 2.302700e-01 2.389866e-01 2.142710e-01 1.482304e-01 1.490650e-02
<GCONST> 7.853419e+01
<TRANSP> 5
 0.000000e+00 1.000000e+00 0.000000e+00 0.000000e+00 0.000000e+00
 0.000000e+00 7.205693e-01 2.794308e-01 0.000000e+00 0.000000e+00
 0.000000e+00 0.000000e+00 8.913192e-01 1.086808e-01 0.000000e+00
 0.000000e+00 0.000000e+00 0.000000e+00 9.308048e-01 6.919526e-02
 0.000000e+00 0.000000e+00 0.000000e+00 0.000000e+00 0.000000e+00
<ENDHMM>
~h "three"
<BEGINHMM>
<NUMSTATES> 5
<STATE> 2
<MEAN> 39
 -3.097954e+00 -6.928927e+00 -4.003285e-01 -8.979600e+00 -1.025918e+01 -1.090359e+01 -1.259120e+00 -8.734193e+00 -1.847928e+00 -5.128405e+00 -2.701827e-01 -5.329582e+00 1.736870e+01 4.962766e-01 -1.547642e-01 9.476137e-01 -2.403887e-01 -1.605421e+00 -1.330458e-01 -2.290448e-01 -2.377208e-01 3.987831e-01 1.013068e-01 -3.925806e-02 -2.417238e-01 3.728122e-01 -1.750122e-01 1.120775e-01 1.061771e-02 -2.903461e-01 1.995017e-01 3.107828e-01 -1.579236e-01 9.753056e-03 8.702420e-02 -1.539128e-02 4.859705e-02 8.781273e-03 -3.030626e-02
<VARIANCE> 39
 1.177617e+01 1.267593e+01 1.670532e+01 2.978938e+01 5.238636e+01 4.904091e+01 2.345430e+01 2.614391e+01 2.812957e+01 2.588515e+01 3.381807e+01 3.193901e+01 2.765360e+00 7.751840e-01 6.744730e-01 8.038793e-01 2.044112e+00 1.909517e+00 3.431323e+00 1.395659e+00 1.546751e+00 1.261968e+00 1.076280e+00 1.378914e+00 1.289422e+00 6.014583e-02 1.142758e-01 1.455412e-01 1.324849e-01 3.025551e-01 4.623664e-01 4.279187e-01 2.904889e-01 2.389890e-01 1.926512e-01 1.823187e-01 1.986888e-01 1.946347e-01 1.005032e-02
<GCONST> 8.952090e+01
<STATE> 3
<MEAN> 39
 -4.993728e+00 -3.752392e+00 5.622104e+00 -1.883422e+01 -1.262840e+01 -4.181649e+00 -8.558578e+00 -8.851666e+00 1.966557e+00 -5.743411e+00 1.138298e+00 -5.928074e+00 1.865809e+01 -8.484451e-01 1.781866e+00 -2.294581e-01 -1.756198e+00 2.331474e+00 -6.968155e-02 -1.496366e+00 9.090596e-01 -3.915041e-01 -2.331466e-01 1.294756e-01 1.986074e-02 -1.886450e-02 3.674378e-02 1.351195e-01 -4.667647e-01 5.000074e-01 4.206882e-01 -6.733693e-01 4.120277e-01 7.160993e-02 -3.779233e-01 7.100779e-02 -5.814963e-02 3.940558e-02 -5.518097e-02
<VARIANCE> 39
 7.824028e+00 2.355437e+01 1.139093e+01 3.292736e+01 5.972267e+01 2.843509e+01 4.262985e+01 6.324458e+01 2.575512e+01 2.794766e+01 3.831563e+01 2.949567e+01 1.287190e+00 2.543950e-01 6.154094e-01 1.037883e+00 1.753436e+00 1.445218e+00 3.670490e+00 1.979412e+00 1.402587e+00 1.426008e+00 1.066100e+00 7.315577e-01 8.010797e-01 2.109911e-02 5.308191e-02 1.574122e-01 9.144533e-02 2.545117e-01 5.014976e-01 2.344179e-01 4.048703e-01 3.743771e-01 1.627536e-01 1.498611e-01 1.328306e-01 1.099920e-01 2.274967e-03
<GCONST> 8.288130e+01
<STATE> 4
<MEAN> 39
 -6.754754e+00 4.075178e+00 -1.686738e+00 -1.641833e+01 -1.339508e+00 -1.252841e+01 -5.506921e+00 -8.105191e+00 -3.424474e+00 -4.971077e+00 -2.516310e-01 -6.249524e+00 1.787575e+01 1.416913e-01 -7.275426e-02 -5.712308e-01 9.651496e-01 4.340219e-01 -1.460061e-01 7.102228e-01 -3.686741e-01 -3.157518e-01 -1.845645e-02 -1.991111e-01 1.420055e-03 -1.786150e-01 6.627247e-02 -3.146809e-01 9.310795e-02 8.841248e-02 -2.335710e-01 3.079669e-01 4.181540e-02 -3.793457e-02 1.386508e-01 -3.248201e-02 2.131398e-02 1.212543e-02 -2.592110e-02
<VARIANCE> 39
 7.413732e+00 1.532056e+01 1.630697e+01 3.051762e+01 2.266269e+01 2.573272e+01 4.769483e+01 4.541669e+01 3.207225e+01 4.069333e+01 4.078590e+01 3.683340e+01 1.618654e+00 2.210276e-01 1.368226e+00 6.437011e-01 8.485441e-01 1.228357e+00 2.068902e+00 1.284305e+00 1.475497e+00 1.223794e+00 1.183078e+00 8.471825e-01 8.632441e-01 2.454244e-02 3.722798e-02 9.101363e-02 7.203721e-02 1.641137e-01 1.832177e-01 1.726676e-01 2.138157e-01 2.228131e-01 1.721258e-01 1.647725e-01 1.336821e-01 1.302096e-01 2.655384e-03
<GCONST> 7.759274e+01
<TRANSP> 5
 0.000000e+00 1.000000e+00 0.000000e+00 0.000000e+00 0.000000e+00
 0.000000e+00 8.772750e-01 1.227250e-01 0.000000e+00 0.000000e+00
 0.000000e+00 0.000000e+00 7.873268e-01 2.126733e-01 0.000000e+00
 0.000000e+00 0.000000e+00 0.000000e+00 8.911514e-01 1.088485e-01
 0.000000e+00 0.000000e+00 0.000000e+00 0.000000e+00 0.000000e+00
<ENDHMM>
~h "one"
<BEGINHMM>
<NUMSTATES> 5
<STATE> 2
<MEAN> 39
 -5.710712e-01 -3.777767e+00 -9.273211e+00 -1.281571e+01 -1.656724e+00 -5.564156e+00 -2.020903e+00 -8.864621e+00 -2.706152e+00 -6.730861e+00 -1.544880e+00 -7.287482e+00 1.774431e+01 2.782457e-01 -4.045114e-01 -8.715962e-01 4.565776e-01 4.868765e-01 3.910655e-02 -2.918817e-01 2.269480e-01 2.031134e-01 -3.067546e-01 -3.899765e-01 -2.718798e-01 2.375627e-01 -1.187603e-01 -1.460568e-01 5.392128e-02 2.644828e-01 7.744581e-03 -1.161312e-01 -1.486688e-02 9.374020e-02 -1.099115e-02 -9.035123e-02 1.101320e-02 8.280235e-02 -2.093723e-02
<VARIANCE> 39
 7.594020e+00 9.252247e+00 2.887151e+01 2.285282e+01 2.888098e+01 2.532472e+01 2.281157e+01 2.064083e+01 2.828094e+01 2.393654e+01 2.967228e+01 2.876072e+01 2.273746e+00 4.574381e-01 7.999868e-01 8.728985e-01 2.244798e+00 1.372372e+00 1.442826e+00 1.267431e+00 1.065922e+00 1.134438e+00 1.022118e+00 1.095253e+00 1.044780e+00 4.811320e-02 4.489565e-02 6.140893e-02 1.907956e-01 2.175052e-01 2.626364e-01 2.523235e-01 2.367193e-01 1.810073e-01 2.006627e-01 1.693377e-01 1.888744e-01 1.838972e-01 5.013639e-03
<GCONST> 8.018163e+01
<STATE> 3
<MEAN> 39
 -2.365803e+00 -1.071527e+01 -1.090173e+01 -1.688919e+00 -4.441165e-01 -9.494847e+00 -2.447008e+00 -4.207189e+00 -3.536200e+00 -1.172781e+01 -2.378117e+00 -6.055866e+00 1.853596e+01 -6.083274e-01 -3.738108e-01 1.339272e+00 5.725507e-01 -1.353444e+00 -3.279923e-01 1.195684e+00 -8.913001e-02 -9.245644e-01 -9.229670e-02 5.862048e-01 1.197371e-01 -4.917125e-02 2.359726e-02 3.139527e-01 2.517610e-01 -5.823263e-01 -1.342328e-01 3.766205e-01 9.198225e-02 -4.376779e-01 -1.646344e-04 3.805009e-01 4.404092e-02 -1.768106e-01 -2.978578e-02
<VARIANCE> 39
 6.138938e+00 9.607578e+00 1.865602e+01 2.375415e+01 2.701125e+01 1.740270e+01 3.766991e+01 3.139096e+01 4.646062e+01 3.755461e+01 3.383981e+01 3.321749e+01 1.544138e+00 1.544851e-01 5.159774e-01 6.043772e-01 1.832169e+00 7.393249e-01 1.711960e+00 1.007480e+00 2.247559e+00 1.165805e+00 1.864543e+00 1.028576e+00 1.293560e+00 8.478007e-03 2.364776e-02 5.254844e-02 1.008129e-01 1.224757e-01 2.853216e-01 1.528311e-01 3.760068e-01 1.781920e-01 3.358950e-01 2.003638e-01 2.674426e-01 1.680921e-01 8.554417e-04
<GCONST> 7.513241e+01
<STATE> 4
<MEAN> 39
 -4.106154e+00 -5.418985e+00 -1.637886e+00 -8.750862e+00 -4.068263e+00 -5.851715e+00 -1.670197e+00 -1.194717e+01 -4.644268e+00 -8.687948e+00 -2.577913e+00 -8.293840e+00 1.778439e+01 1.512387e-01 9.705167e-01 6.248435e-01 -7.286506e-01 4.271764e-01 -6.593598e-02 -6.304587e-01 -4.446155e-01 8.188675e-02 2.297453e-01 -1.767077e-01 5.038520e-02 -1.278658e-01 4.439631e-02 -6.854466e-02 -2.143151e-01 1.673124e-01 1.612148e-01 -6.885435e-02 -6.819815e-02 1.653537e-01 1.352727e-02 -1.166017e-01 1.010261e-02 7.497732e-02 -5.497583e-03
<VARIANCE> 39
 6.949055e+00 2.328851e+01 1.104366e+01 2.143832e+01 1.960274e+01 4.666196e+01 3.617259e+01 3.532674e+01 4.120798e+01 4.572886e+01 3.326787e+01 3.778351e+01 1.325668e+00 2.764923e-01 6.141806e-01 8.078654e-01 1.205757e+00 9.140266e-01 1.967572e+00 1.137492e+00 1.444572e+00 1.607758e+00 1.541233e+00 9.443420e-01 9.593258e-01 1.267606e-02 4.882235e-02 1.199896e-01 8.184806e-02 1.339610e-01 2.006897e-01 3.081736e-01 2.741597e-01 1.858215e-01 2.301998e-01 2.258034e-01 1.685400e-01 1.675315e-01 1.602342e-03
<GCONST> 7.851346e+01
<TRANSP> 5
 0.000000e+00 1.000000e+00 0.000000e+00 0.000000e+00 0.000000e+00
 0.000000e+00 8.983528e-01 1.016472e-01 0.000000e+00 0.000000e+00
 0.000000e+00 0.000000e+00 8.248872e-01 1.751128e-01 0.000000e+00
 0.000000e+00 0.000000e+00 0.000000e+00 8.842352e-01 1.157648e-01
 0.000000e+00 0.000000e+00 0.000000e+00 0.000000e+00 0.000000e+00
<ENDHMM>
~h "sil"
<BEGINHMM>
<NUMSTATES> 5
<STATE> 2
<MEAN> 39
 -6.786454e+00 -6.747677e+00 -5.116306e+00 -9.104483e+00 6.497954e-03 -3.357563e+00 1.866299e-01 -8.528508e+00 -2.602087e+00 -5.762470e+00 5.564859e-01 -4.312523e+00 1.461699e+01 -3.787094e-02 -2.621385e-03 -4.463002e-03 3.137869e-02 3.930660e-02 2.537165e-02 4.934892e-02 5.080346e-03 -1.791035e-02 5.834575e-03 1.444492e-02 1.125087e-02 -1.229445e-02 -2.565275e-02 -3.306353e-02 -7.298685e-02 -1.092972e-01 -1.215911e-01 -1.195912e-01 -6.282915e-02 -1.005854e-02 -2.356896e-02 1.054349e-02 3.814847e-02 3.118681e-02 1.943572e-03
<VARIANCE> 39
 3.633266e+00 4.358144e+00 6.036766e+00 7.599485e+00 1.189421e+01 1.363239e+01 1.466105e+01 1.634767e+01 1.579633e+01 1.373363e+01 1.579377e+01 1.313435e+01 1.165365e+00 7.878962e-02 1.592989e-01 2.713903e-01 3.726532e-01 4.939050e-01 6.567430e-01 6.819390e-01 7.149459e-01 6.944493e-01 5.758923e-01 6.361351e-01 5.642461e-01 5.038289e-03 1.100578e-02 2.414972e-02 4.056005e-02 5.009034e-02 7.009865e-02 1.009865e-01 1.066252e-01 1.306808e-01 1.118860e-01 9.213760e-02 1.050185e-01 9.907033e-02 6.375643e-04
<GCONST> 4.380145e+01
<STATE> 3
~s "silst"
<STATE> 4
<MEAN> 39
 -7.591100e+00 -7.338058e+00 -6.595833e+00 -1.116823e+01 -2.182917e+00 -5.408841e+00 -1.003613e+00 -8.652449e+00 -2.714688e+00 -5.405929e+00 1.453450e+00 -3.837232e+00 1.448378e+01 -3.416555e-03 7.341330e-03 -2.577799e-02 -2.615602e-02 -5.132074e-02 -1.895738e-02 -6.051069e-02 -7.938010e-03 -3.338518e-03 -6.106738e-03 -1.854865e-02 -1.808404e-02 -1.922029e-04 3.763050e-02 5.703588e-02 9.383889e-02 1.255203e-01 1.334069e-01 1.276389e-01 6.225805e-02 1.706250e-02 2.738439e-02 -1.731100e-02 -5.650253e-02 -4.107308e-02 8.477701e-03
<VARIANCE> 39
 3.521496e+00 4.144798e+00 6.414512e+00 7.833470e+00 1.125734e+01 1.253626e+01 1.496350e+01 1.591967e+01 1.763427e+01 1.532672e+01 1.513402e+01 1.337300e+01 9.994667e-01 7.668498e-02 1.678525e-01 2.874922e-01 4.165082e-01 5.053902e-01 6.756420e-01 5.943567e-01 7.405237e-01 7.095591e-01 6.066046e-01 6.994087e-01 6.113424e-01 3.234786e-03 1.426275e-02 2.888233e-02 4.232321e-02 5.697363e-02 7.260513e-02 1.079952e-01 1.039435e-01 1.277268e-01 1.327744e-01 1.059617e-01 1.175159e-01 1.097801e-01 1.078192e-03
<GCONST> 4.537102e+01
<TRANSP> 5
 0.000000e+00 1.000000e+00 0.000000e+00 0.000000e+00 0.000000e+00
 0.000000e+00 7.677087e-01 2.420323e-02 2.080880e-01 0.000000e+00
 0.000000e+00 0.000000e+00 8.281780e-01 1.718219e-01 0.000000e+00
 0.000000e+00 1.868885e-01 0.000000e+00 7.437136e-01 6.939789e-02
 0.000000e+00 0.000000e+00 0.000000e+00 0.000000e+00 0.000000e+00
<ENDHMM>
~h "six"
<BEGINHMM>
<NUMSTATES> 5
<STATE> 2
<MEAN> 39
 -8.685777e+00 -4.259536e+00 -6.994055e+00 -8.730310e+00 -3.094743e+00 -4.229543e+00 -1.958578e+00 -8.231640e+00 -3.553265e+00 -4.009359e+00 1.247402e-01 -3.143579e+00 1.495124e+01 6.791643e-01 6.784235e-01 1.200760e+00 -1.379870e+00 -1.155713e+00 -1.210925e+00 4.091717e-02 -1.337240e-01 4.200225e-01 3.495303e-01 -5.165144e-01 -4.718559e-01 6.293084e-01 6.723408e-02 1.150120e-01 2.271208e-01 -4.788414e-01 -2.794874e-01 -1.699338e-01 4.325039e-02 7.573837e-02 2.038213e-01 8.159630e-04 -1.366765e-01 -2.376115e-01 1.451046e-01
<VARIANCE> 39
 7.471744e+00 7.795817e+00 1.269659e+01 1.147700e+01 1.899752e+01 1.999815e+01 1.517353e+01 1.808041e+01 2.003293e+01 2.960479e+01 1.917424e+01 1.708531e+01 1.865301e+00 3.583524e-01 4.709542e-01 8.831102e-01 1.148726e+00 1.075080e+00 1.323520e+00 1.003001e+00 8.098767e-01 1.418192e+00 2.235902e+00 1.074993e+00 1.322270e+00 7.694910e-02 6.202773e-02 5.632278e-02 1.156983e-01 9.790215e-02 2.032214e-01 2.090167e-01 1.477560e-01 1.766342e-01 1.850883e-01 2.378701e-01 1.708479e-01 1.683269e-01 8.837486e-03
<GCONST> 7.405689e+01
<STATE> 3
<MEAN> 39
 -6.470689e+00 -1.099836e+00 -8.570323e-01 -2.012036e+01 -7.861088e+00 -8.735938e+00 -2.436652e+00 -6.380657e+00 2.462005e-01 -3.794985e+00 -2.524358e+00 -7.321620e+00 1.832887e+01 2.415541e-02 -8.671885e-02 2.210433e-01 -2.819973e-01 3.751464e-01 2.128669e-01 -2.749842e-01 1.720276e-01 3.754276e-02 -1.961379e-01 1.701966e-01 7.039289e-03 -4.767222e-02 -5.676429e-02 -2.052299e-01 -2.669418e-01 4.875551e-01 2.882003e-01 2.212501e-01 6.795666e-02 -9.105578e-02 -1.466607e-01 -5.878171e-02 1.515818e-01 1.659244e-01 -1.670474e-01
<VARIANCE> 39
 7.692050e+00 9.747270e+00 1.662842e+01 2.306497e+01 5.850273e+01 3.110663e+01 3.719344e+01 2.460373e+01 3.462886e+01 5.833939e+01 3.542830e+01 3.742870e+01 1.432470e+00 3.496067e-01 6.526702e-01 1.075644e+00 3.229606e+00 2.397674e+00 1.761161e+00 1.734439e+00 1.341306e+00 1.887794e+00 2.010809e+00 1.867489e+00 1.897321e+00 2.938512e-01 6.819689e-02 6.606872e-02 1.609139e-01 2.259387e-01 3.061599e-01 3.193460e-01 3.835679e-01 2.241351e-01 2.868477e-01 3.401678e-01 2.636097e-01 2.553107e-01 1.166339e-02
<GCONST> 9.188376e+01
<STATE> 4
<MEAN> 39
 -6.563004e+00 -6.248310e+00 -4.680408e+00 -1.081173e+01 -1.002023e+00 -3.979529e+00 -1.436381e+00 -8.754683e+00 -2.165220e+00 -5.868356e+00 1.164354e+00 -4.220444e+00 1.475304e+01 -2.337320e-01 -9.113129e-01 -1.005304e+00 1.462054e+00 4.138684e-01 4.088420e-01 9.077917e-01 -4.570867e-01 -2.819611e-01 -4.042201e-02 2.005669e-01 2.988980e-01 -4.646045e-01 -1.053125e-01 1.689057e-01 2.070500e-01 -4.381293e-01 -3.787657e-01 -1.608233e-01 -8.504633e-02 1.722393e-01 1.161476e-01 1.035239e-01 -1.796698e-01 -1.430118e-01 1.499722e-01
<VARIANCE> 39
 3.292884e+00 5.440563e+00 9.448709e+00 1.107183e+01 1.464406e+01 1.565276e+01 1.950661e+01 1.858654e+01 1.688327e+01 1.706731e+01 1.862017e+01 1.491418e+01 1.491691e+00 2.674633e-01 4.864608e-01 8.967479e-01 1.309138e+00 2.110317e+00 1.651637e+00 1.602921e+00 1.249623e+00 1.214361e+00 1.205159e+00 1.178055e+00 1.023225e+00 7.931349e-02 3.889041e-02 6.515050e-02 1.378322e-01 1.468649e-01 2.331550e-01 1.805165e-01 2.655280e-01 1.923084e-01 1.854334e-01 1.735797e-01 1.976765e-01 1.824791e-01 5.797365e-03
<GCONST> 7.239911e+01
<TRANSP> 5
 0.000000e+00 1.000000e+00 0.000000e+00 0.000000e+00 0.000000e+00
 0.000000e+00 7.188429e-01 2.811571e-01 0.000000e+00 0.000000e+00
 0.000000e+00 0.000000e+00 8.891567e-01 1.108433e-01 0.000000e+00
 0.000000e+00 0.000000e+00 0.000000e+00 7.504218e-01 2.495782e-01
 0.000000e+00 0.000000e+00 0.000000e+00 0.000000e+00 0.000000e+00
<ENDHMM>
~h "two"
<BEGINHMM>
<NUMSTATES> 5
<STATE> 2
<MEAN> 39
 -1.095320e+01 -3.273412e+00 -6.718907e+00 -1.062663e+01 -9.776214e-01 -3.867889e+00 -1.960026e+00 -7.506803e+00 -2.326189e+00 -5.679468e+00 1.128532e+00 -3.370908e+00 1.506349e+01 5.073174e-01 6.189569e-01 1.014872e+00 -5.888885e-01 -2.673577e-01 -3.654844e-01 -4.634620e-01 -2.131208e-01 7.216491e-02 -5.500488e-02 -2.282561e-01 -3.625990e-01 3.247321e-01 2.966512e-01 6.470697e-02 2.876522e-01 -1.311428e-01 -2.123528e-01 -2.433441e-01 -1.187520e-01 -1.273302e-01 -2.631816e-02 2.674056e-03 -7.930079e-02 -1.704497e-01 9.406402e-02
<VARIANCE> 39
 8.842403e+00 8.098246e+00 1.268422e+01 1.230570e+01 1.844293e+01 2.274247e+01 1.921474e+01 2.111342e+01 2.144606e+01 2.400300e+01 2.472555e+01 1.985292e+01 9.041184e-01 1.367653e+00 5.602289e-01 1.276875e+00 8.307704e-01 1.348755e+00 1.287902e+00 9.893234e-01 1.189584e+00 1.172525e+00 1.294444e+00 1.876137e+00 1.105502e+00 7.280698e-02 1.265308e-01 1.093110e-01 1.343452e-01 1.308556e-01 2.276279e-01 1.981268e-01 1.761364e-01 2.233322e-01 2.275761e-01 2.033370e-01 3.598318e-01 1.595503e-01 7.829969e-03
<GCONST> 7.898026e+01
<STATE> 3
<MEAN> 39
 -4.601766e+00 1.270251e+00 1.861126e+00 -1.552203e+01 -6.952572e+00 -9.944312e+00 -6.701590e+00 -1.043935e+01 -2.407961e+00 -5.177049e+00 -1.125005e+00 -7.308254e+00 1.840706e+01 6.634866e-01 5.434291e-01 7.422747e-01 -5.411053e-01 -1.162621e+00 -1.105547e+00 -5.667716e-01 -2.811749e-01 -6.590414e-02 1.260198e-01 -2.155275e-01 -6.236665e-01 4.513122e-01 -2.501048e-01 -2.350987e-01 -4.262223e-01 2.990460e-01 2.730111e-01 2.326050e-01 2.359172e-01 1.460770e-01 -1.898607e-02 -9.869603e-03 1.533086e-01 1.829084e-01 -1.451288e-01
<VARIANCE> 39
 7.462785e+00 8.105842e+00 1.363418e+01 2.232648e+01 3.964146e+01 2.560940e+01 2.822093e+01 2.453658e+01 3.158243e+01 5.527876e+01 4.393715e+01 4.852429e+01 1.036272e+00 5.675962e-01 6.280484e-01 9.857224e-01 1.463968e+00 1.293399e+00 1.206361e+00 1.681453e+00 1.515825e+00 1.844668e+00 1.989324e+00 2.389961e+00 1.875547e+00 8.955762e-02 6.150752e-02 5.346530e-02 8.132151e-02 1.249965e-01 2.044122e-01 1.804757e-01 2.040847e-01 1.909894e-01 2.120923e-01 2.734933e-01 2.892109e-01 2.222144e-01 6.515074e-03
<GCONST> 8.375352e+01
<STATE> 4
<MEAN> 39
 -3.234545e+00 -5.821158e-02 -4.445545e-02 -1.366111e+01 -7.121596e+00 -1.157282e+01 -5.644957e+00 -9.636698e+00 -2.712044e+00 -5.307161e+00 -1.551228e-01 -7.594676e+00 1.823935e+01 1.668222e-01 -2.231162e-01 -2.385910e-01 5.387688e-01 3.378124e-01 8.624507e-02 9.887868e-02 -5.482503e-02 -1.918845e-01 -8.673669e-02 7.733118e-02 1.592829e-01 -1.201202e-01 -4.350509e-02 -3.783444e-02 -2.657227e-02 2.438775e-02 9.543618e-02 1.092007e-01 5.172940e-02 5.186120e-03 2.032009e-02 1.286872e-03 -5.857309e-03 4.433054e-02 -3.515936e-02
<VARIANCE> 39
 5.896456e+00 7.956833e+00 1.253758e+01 2.982117e+01 3.401167e+01 2.156581e+01 3.314758e+01 3.370460e+01 3.983797e+01 4.292380e+01 5.471024e+01 4.154652e+01 1.360277e+00 1.337163e-01 1.529618e-01 3.768853e-01 6.207318e-01 9.144856e-01 8.562132e-01 8.806553e-01 1.028890e+00 9.057399e-01 9.872897e-01 1.045196e+00 9.307526e-01 1.452380e-02 2.161084e-02 2.513496e-02 5.071621e-02 8.850971e-02 1.057176e-01 1.240637e-01 1.290899e-01 1.603607e-01 1.487365e-01 1.526506e-01 1.591913e-01 1.458480e-01 2.343104e-03
<GCONST> 6.574989e+01
<TRANSP> 5
 0.000000e+00 1.000000e+00 0.000000e+00 0.000000e+00 0.000000e+00
 0.000000e+00 8.205606e-01 1.794394e-01 0.000000e+00 0.000000e+00
 0.000000e+00 0.000000e+00 7.671221e-01 2.328779e-01 0.000000e+00
 0.000000e+00 0.000000e+00 0.000000e+00 9.013956e-01 9.860436e-02
 0.000000e+00 0.000000e+00 0.000000e+00 0.000000e+00 0.000000e+00
<ENDHMM>
~h "nine"
<BEGINHMM>
<NUMSTATES> 5
<STATE> 2
<MEAN> 39
 -4.470927e+00 -4.322436e+00 -2.081859e+00 -8.923669e+00 -3.034064e+00 -6.192755e+00 -1.516393e+00 -1.117488e+01 -5.007045e+00 -8.077200e+00 -2.944673e+00 -7.808711e+00 1.756707e+01 -1.370782e-01 -6.727293e-01 -2.211267e-01 4.957525e-01 -4.927683e-01 1.728256e-01 3.879501e-01 -1.973317e-01 -3.951978e-02 -1.525071e-01 -1.781554e-01 -1.449168e-01 2.491238e-01 -3.832752e-02 -1.261058e-01 -7.476909e-02 1.144884e-01 1.827647e-02 -6.608225e-03 3.847140e-02 3.133837e-02 9.654532e-03 6.279571e-03 7.977010e-02 3.479795e-02 -1.051397e-02
<VARIANCE> 39
 8.942441e+00 2.037945e+01 1.533191e+01 1.683210e+01 2.862679e+01 2.886068e+01 3.200906e+01 2.750784e+01 4.718811e+01 3.539032e+01 3.016383e+01 3.277546e+01 2.307388e+00 5.318258e-01 1.578645e+00 1.144759e+00 1.117387e+00 1.137646e+00 1.424149e+00 1.645309e+00 1.277518e+00 1.528703e+00 1.154154e+00 1.245866e+00 1.038367e+00 3.757107e-02 6.494055e-02 1.814307e-01 1.346313e-01 1.401163e-01 2.019675e-01 2.218254e-01 2.431089e-01 1.863482e-01 1.997534e-01 1.612353e-01 1.739269e-01 1.449660e-01 4.945682e-03
<GCONST> 8.288978e+01
<STATE> 3
<MEAN> 39
 -6.290444e+00 -1.167332e+01 -4.987629e+00 -2.492399e+00 -5.655430e+00 -5.432331e+00 1.785321e+00 -1.126482e+01 -5.679283e+00 -9.068807e+00 -1.604459e+00 -7.685280e+00 1.862179e+01 -1.082454e-01 6.573884e-02 2.330345e-01 -2.052569e-01 -4.697395e-02 2.054103e-01 -7.328335e-02 -1.009644e-01 1.715992e-01 6.977393e-02 -3.994438e-02 3.036278e-02 -1.979414e-02 -3.009959e-03 1.878522e-01 7.744242e-02 -2.486472e-01 3.299501e-02 8.104874e-02 -1.011865e-01 -1.983505e-03 8.309235e-02 -5.357116e-03 -7.945717e-02 2.507469e-02 -1.439702e-02
<VARIANCE> 39
 7.197816e+00 8.450995e+00 2.463113e+01 3.136701e+01 1.880420e+01 3.042508e+01 3.088274e+01 3.410170e+01 4.310251e+01 4.184208e+01 2.805822e+01 3.031887e+01 1.011826e+00 8.113948e-02 3.210694e-01 4.020487e-01 1.031622e+00 4.633012e-01 6.109272e-01 5.231196e-01 4.995795e-01 6.119392e-01 6.481764e-01 6.581913e-01 5.175013e-01 4.580125e-03 1.054388e-02 2.931671e-02 3.924876e-02 5.255757e-02 6.927616e-02 6.524864e-02 7.262840e-02 7.666136e-02 7.949276e-02 8.554074e-02 7.633224e-02 7.775895e-02 3.924730e-04
<GCONST> 5.266352e+01
<STATE> 4
<MEAN> 39
 -6.222293e+00 -3.177187e+00 -1.625758e+00 -1.203776e+01 -1.904625e+00 -4.485924e+00 -3.312483e+00 -1.019649e+01 -2.790657e+00 -8.221724e+00 -3.088437e+00 -6.512496e+00 1.789972e+01 3.932401e-01 8.503474e-01 1.536685e-01 -3.106965e-01 5.443410e-01 -4.757954e-01 -4.744101e-01 3.280607e-01 -1.989257e-01 5.501718e-02 9.723085e-02 5.327867e-02 -1.226352e-01 4.387520e-02 -1.234542e-01 -3.706161e-02 2.357417e-01 -1.472255e-02 -7.341582e-02 1.046768e-01 -3.510831e-02 -1.091414e-01 2.571214e-02 7.953629e-02 -2.944391e-02 -1.024789e-02
<VARIANCE> 39
 1.144569e+01 2.011788e+01 1.220188e+01 2.403083e+01 3.583743e+01 3.413907e+01 3.367851e+01 2.992428e+01 4.905814e+01 3.961962e+01 3.857303e+01 4.244531e+01 1.076512e+00 4.063769e-01 9.269909e-01 5.743160e-01 1.873757e+00 1.354140e+00 1.383488e+00 1.360541e+00 1.284649e+00 1.675778e+00 1.185073e+00 1.059262e+00 1.024266e+00 9.884004e-03 5.697955e-02 9.917288e-02 8.651570e-02 1.493690e-01 1.942180e-01 2.403958e-01 1.805270e-01 1.979257e-01 2.315641e-01 1.955723e-01 1.707083e-01 1.415089e-01 1.005920e-03
<GCONST> 7.866270e+01
<TRANSP> 5
 0.000000e+00 1.000000e+00 0.000000e+00 0.000000e+00 0.000000e+00
 0.000000e+00 8.955283e-01 1.044717e-01 0.000000e+00 0.000000e+00
 0.000000e+00 0.000000e+00 9.109002e-01 8.909982e-02 0.000000e+00
 0.000000e+00 0.000000e+00 0.000000e+00 8.980324e-01 1.019676e-01
 0.000000e+00 0.000000e+00 0.000000e+00 0.000000e+00 0.000000e+00
<ENDHMM>
~h "five"
<BEGINHMM>
<NUMSTATES> 5
<STATE> 2
<MEAN> 39
 -4.182462e+00 -1.133777e+01 -1.006350e+01 -8.264946e+00 4.857440e-01 -8.129776e+00 3.468720e-01 -4.678039e+00 -5.244792e+00 -7.945659e+00 -1.815288e+00 -4.904056e+00 1.797289e+01 3.627856e-01 -1.174956e+00 -7.175484e-01 7.817909e-01 5.138164e-01 -6.412012e-01 3.319349e-01 4.006139e-01 -7.477875e-01 -2.216433e-01 -3.010320e-01 -5.410677e-03 5.644588e-01 -1.905713e-01 2.456500e-02 1.745710e-01 9.186909e-02 -1.327816e-02 1.040746e-01 3.005296e-02 -2.033347e-01 2.535647e-02 1.382461e-01 1.589631e-01 4.959961e-02 -7.384906e-02
<VARIANCE> 39
 1.086672e+01 1.966267e+01 2.370439e+01 1.674183e+01 1.899843e+01 2.061498e+01 2.526134e+01 5.151379e+01 3.220678e+01 2.802301e+01 2.497343e+01 1.990318e+01 4.374437e+00 7.731729e-01 5.613761e-01 1.171775e+00 9.072576e-01 7.891694e-01 9.865046e-01 9.742141e-01 2.247539e+00 1.725012e+00 1.724118e+00 1.363137e+00 1.026792e+00 1.227507e-01 9.471092e-02 1.336145e-01 1.781392e-01 1.234591e-01 1.361984e-01 1.447471e-01 1.544393e-01 3.008826e-01 2.737303e-01 1.933499e-01 1.760796e-01 1.403623e-01 2.823382e-02
<GCONST> 8.435626e+01
<STATE> 3
<MEAN> 39
 -5.809227e+00 -1.545258e+01 -8.556746e+00 -3.643465e+00 1.426257e+00 -9.175898e+00 2.534714e+00 -7.496273e+00 -7.217773e+00 -5.455966e+00 -4.665250e-01 -4.503183e+00 1.904697e+01 -1.661591e-01 8.360978e-02 4.906872e-01 -2.572755e-01 -2.713099e-01 4.342267e-01 6.887015e-02 -3.989263e-01 2.704352e-02 3.039705e-01 6.122112e-02 -8.456787e-02 -4.852134e-02 4.020219e-02 1.144312e-01 1.146176e-02 -1.967221e-01 -5.496760e-02 9.331143e-02 -2.901475e-02 2.466914e-02 5.653933e-02 -4.895698e-02 -7.772412e-02 -1.876395e-02 -1.499233e-02
<VARIANCE> 39
 9.174356e+00 9.379128e+00 2.484741e+01 2.081286e+01 1.875014e+01 2.311482e+01 1.751965e+01 3.905611e+01 4.700254e+01 4.450414e+01 2.689302e+01 2.552093e+01 1.356904e+00 8.788647e-02 1.530402e-01 2.696418e-01 6.338843e-01 4.959505e-01 5.513656e-01 4.976194e-01 4.932840e-01 6.133102e-01 5.706272e-01 5.685010e-01 4.732101e-01 5.857846e-03 1.174295e-02 2.421259e-02 3.031289e-02 4.809466e-02 5.121473e-02 5.160258e-02 5.703766e-02 6.415126e-02 8.527359e-02 8.423509e-02 6.651459e-02 7.042935e-02 9.082064e-04
<GCONST> 4.963723e+01
<STATE> 4
<MEAN> 39
 -5.754766e+00 -9.416042e+00 -3.944403e+00 -1.391131e+01 -3.276736e+00 -2.809446e+00 1.872266e+00 -8.425076e+00 -4.207877e+00 -5.238518e+00 -2.268055e+00 -5.519152e+00 1.830419e+01 2.173488e-01 1.207397e+00 3.704732e-01 -6.436463e-01 -3.931148e-01 -1.019233e-01 -3.095161e-01 2.572590e-01 5.543599e-01 -2.125851e-01 -7.282987e-02 -8.930640e-02 -2.457896e-01 -1.727194e-02 -2.128846e-02 -5.245819e-02 3.438295e-01 1.400038e-01 -1.808252e-01 -6.301732e-02 -9.854610e-03 -4.274734e-02 1.683217e-02 1.218475e-01 3.974662e-02 -4.836887e-02
<VARIANCE> 39
 7.868262e+00 2.308244e+01 1.220298e+01 3.193049e+01 4.212733e+01 1.954645e+01 2.462435e+01 3.667346e+01 5.315871e+01 2.794805e+01 2.708573e+01 3.009432e+01 1.834439e+00 2.145230e-01 4.978715e-01 5.734907e-01 2.636032e+00 1.470088e+00 1.621627e+00 9.743128e-01 1.330430e+00 1.638700e+00 1.337495e+00 1.268721e+00 9.159344e-01 4.129650e-02 4.299939e-02 9.681013e-02 7.574856e-02 2.404933e-01 2.362279e-01 2.297081e-01 1.662739e-01 2.295006e-01 2.226404e-01 1.790141e-01 2.066716e-01 1.646792e-01 4.441653e-03
<GCONST> 8.034356e+01
<TRANSP> 5
 0.000000e+00 1.000000e+00 0.000000e+00 0.000000e+00 0.000000e+00
 0.000000e+00 8.482481e-01 1.517519e-01 0.000000e+00 0.000000e+00
 0.000000e+00 0.000000e+00 9.124627e-01 8.753736e-02 0.000000e+00
 0.000000e+00 0.000000e+00 0.000000e+00 8.640952e-01 1.359048e-01
 0.000000e+00 0.000000e+00 0.000000e+00 0.000000e+00 0.000000e+00
<ENDHMM>
~h "four"
<BEGINHMM>
<NUMSTATES> 5
<STATE> 2
<MEAN> 39
 -6.754509e+00 -6.550943e+00 -5.530637e+00 -9.756181e+00 -1.576895e+00 -5.553693e+00 -1.214013e+00 -8.396879e+00 -2.003217e+00 -5.574879e+00 9.746733e-01 -4.271541e+00 1.535894e+01 1.568883e+00 5.363796e-01 -9.023039e-01 -8.573336e-01 -3.061268e-01 -5.343761e-01 -6.939853e-01 -1.919399e-01 1.942879e-01 2.014516e-01 -3.435047e-01 -4.868561e-01 6.433995e-01 3.504867e-01 1.256924e-01 -3.368634e-01 -3.173225e-01 -5.857895e-02 -7.248923e-03 -8.067501e-02 -1.792450e-02 2.325415e-03 5.410126e-02 -7.907002e-02 -1.321435e-01 1.432192e-01
<VARIANCE> 39
 7.580637e+00 5.406705e+00 5.415674e+00 7.825337e+00 1.003150e+01 1.244668e+01 1.451037e+01 1.364009e+01 1.606265e+01 1.349990e+01 1.608551e+01 1.221976e+01 1.725421e+00 5.142438e-01 4.335199e-01 6.026955e-01 7.387200e-01 7.127960e-01 9.067411e-01 7.514979e-01 8.220807e-01 1.015770e+00 1.086161e+00 1.523330e+00 1.226542e+00 5.799421e-02 6.767523e-02 5.344215e-02 6.067408e-02 8.255047e-02 1.013032e-01 1.526489e-01 1.211761e-01 1.517540e-01 1.399081e-01 1.608999e-01 1.994205e-01 1.871641e-01 7.142158e-03
<GCONST> 6.399804e+01
<STATE> 3
<MEAN> 39
 1.596284e+00 -3.480273e+00 -1.216621e+01 -1.704919e+01 -4.000614e+00 -6.177559e+00 -3.167150e+00 -8.953221e+00 -1.398757e+00 -3.856174e+00 4.292850e-01 -6.775805e+00 1.891412e+01 3.039329e-01 -1.866561e-01 -3.248055e-01 -3.710981e-02 7.407180e-02 -1.826052e-02 -2.192875e-01 1.749407e-01 3.531866e-01 9.302057e-02 -2.297167e-01 -2.202302e-01 1.429230e-01 -1.735068e-01 -1.541976e-01 1.498981e-01 2.360935e-01 3.832480e-02 -3.650975e-02 3.801591e-02 1.109160e-01 4.728777e-02 -8.560693e-02 -5.578941e-02 5.675010e-02 -6.754270e-02
<VARIANCE> 39
 4.139319e+00 1.026440e+01 9.601581e+00 1.373109e+01 2.439241e+01 1.715093e+01 1.857343e+01 1.714521e+01 2.362365e+01 2.482044e+01 3.809508e+01 3.756897e+01 1.087621e+00 5.224778e-01 7.272168e-01 6.852752e-01 1.214059e+00 9.698507e-01 7.719214e-01 9.086749e-01 9.568309e-01 1.309476e+00 1.175306e+00 1.338307e+00 1.242059e+00 9.291288e-02 4.948806e-02 4.573129e-02 9.588335e-02 8.015262e-02 1.358058e-01 1.434415e-01 1.560652e-01 1.411922e-01 1.814888e-01 1.920453e-01 1.991461e-01 1.869925e-01 7.207343e-03
<GCONST> 7.252159e+01
<STATE> 4
<MEAN> 39
 -2.644242e-01 -1.131296e+01 -7.983397e+00 -8.558595e+00 -5.375833e+00 -8.948082e+00 -2.202889e+00 -4.225153e+00 6.503570e-01 -7.567270e+00 -3.908929e+00 -7.360174e+00 1.854973e+01 -5.526453e-01 -3.346634e-02 1.189309e+00 5.184172e-01 -5.934923e-01 2.914565e-02 6.843132e-01 -1.584909e-01 -6.810420e-01 -3.921477e-01 1.342402e-01 2.572179e-01 -2.037576e-01 -8.728266e-02 3.023809e-01 9.883123e-04 -2.182740e-01 1.357117e-01 2.157985e-01 1.406880e-02 -2.463865e-01 -1.510897e-01 1.215605e-01 1.773320e-01 3.047446e-02 -5.097006e-02
<VARIANCE> 39
 6.989692e+00 1.430336e+01 2.847418e+01 1.840045e+01 4.718671e+01 3.736464e+01 3.526132e+01 3.886176e+01 4.502028e+01 3.448846e+01 3.469312e+01 3.194613e+01 1.578530e+00 2.191789e-01 1.522449e+00 6.621878e-01 1.663256e+00 2.087116e+00 2.163681e+00 1.564812e+00 2.597543e+00 1.819931e+00 1.726393e+00 1.796489e+00 1.076234e+00 4.089406e-02 2.919248e-02 9.463717e-02 1.877587e-01 1.659863e-01 4.426881e-01 3.013422e-01 3.550984e-01 3.380611e-01 3.791703e-01 2.796130e-01 3.073315e-01 2.166678e-01 3.208797e-03
<GCONST> 8.838282e+01
<TRANSP> 5
 0.000000e+00 1.000000e+00 0.000000e+00 0.000000e+00 0.000000e+00
 0.000000e+00 7.029005e-01 2.970995e-01 0.000000e+00 0.000000e+00
 0.000000e+00 0.000000e+00 9.182647e-01 8.173535e-02 0.000000e+00
 0.000000e+00 0.000000e+00 0.000000e+00 8.712840e-01 1.287160e-01
 0.000000e+00 0.000000e+00 0.000000e+00 0.000000e+00 0.000000e+00
<ENDHMM>
~h "zero"
<BEGINHMM>
<NUMSTATES> 5
<STATE> 2
<MEAN> 39
 -6.856203e+00 -1.902197e+00 -4.591105e+00 -7.677619e+00 -2.510398e+00 -4.665439e+00 -2.827167e+00 -8.903881e+00 -3.635662e+00 -4.173189e+00 1.355278e-01 -4.374189e+00 1.565018e+01 2.804574e-01 1.044838e+00 9.700081e-01 -1.153741e+00 -8.265978e-01 -1.403031e+00 -6.263140e-01 -6.003705e-01 3.205705e-01 3.345027e-01 -1.325431e-01 -2.388965e-01 4.900961e-01 3.823659e-02 9.736884e-02 1.847911e-01 -3.604110e-01 -1.737592e-01 -2.338715e-01 2.928999e-03 -2.429472e-02 1.691042e-01 1.639835e-03 3.095355e-02 -8.991600e-02 9.296304e-02
<VARIANCE> 39
 6.899776e+00 1.045728e+01 1.552896e+01 1.460670e+01 2.097195e+01 2.208354e+01 1.924008e+01 1.976981e+01 2.955747e+01 2.442694e+01 2.236680e+01 1.989508e+01 1.479888e+00 3.156374e-01 4.247866e-01 7.568009e-01 9.351118e-01 8.448195e-01 1.289033e+00 9.697199e-01 1.180394e+00 1.340407e+00 9.782473e-01 1.203457e+00 1.526696e+00 4.255718e-02 4.659058e-02 1.026927e-01 1.271514e-01 1.079559e-01 1.311448e-01 2.168833e-01 1.590137e-01 1.927382e-01 1.621910e-01 1.500895e-01 1.803329e-01 1.680662e-01 6.418705e-03
<GCONST> 7.318282e+01
<STATE> 3
<MEAN> 39
 -5.560373e+00 3.147015e-01 9.436784e-01 -1.693248e+01 -7.857326e+00 -9.190336e+00 -4.571837e+00 -8.445140e+00 1.726878e-01 -3.746875e+00 1.709247e-01 -6.829044e+00 1.840675e+01 3.374032e-01 -7.419203e-01 4.421394e-01 -1.717216e-01 -1.080014e+00 2.619664e-01 2.051768e-01 1.946308e-01 3.210425e-01 -7.707874e-02 4.324399e-02 -1.247700e-01 1.665167e-01 5.139242e-02 -2.689880e-01 -1.736450e-01 3.714152e-01 1.660543e-02 1.356531e-01 1.948750e-01 5.565592e-02 -8.655993e-02 -4.436876e-02 -1.244933e-02 7.144221e-02 -6.440263e-02
<VARIANCE> 39
 7.431751e+00 2.061537e+01 1.738963e+01 2.629788e+01 5.927934e+01 4.049864e+01 3.221322e+01 4.420257e+01 3.111435e+01 3.033730e+01 3.452909e+01 5.111445e+01 1.093873e+00 4.425136e-01 1.627787e+00 8.043625e-01 2.616814e+00 1.741908e+00 2.530573e+00 1.685154e+00 1.421288e+00 1.341183e+00 1.178536e+00 1.107638e+00 1.320938e+00 6.309830e-02 5.152761e-02 1.129030e-01 1.260400e-01 1.803464e-01 2.454152e-01 4.090627e-01 2.257221e-01 2.478780e-01 2.120792e-01 1.747112e-01 1.724444e-01 2.174366e-01 4.557189e-03
<GCONST> 8.706019e+01
<STATE> 4
<MEAN> 39
 -1.604270e+00 -1.051783e+01 -4.388206e+00 -9.813766e+00 -9.692798e+00 -8.038556e+00 5.623665e-01 -4.102211e+00 -1.755382e-01 -6.699416e+00 -1.004169e+00 -5.665845e+00 1.854320e+01 8.310126e-02 1.039308e-02 -5.505042e-01 1.633423e-01 6.670266e-01 -1.771545e-01 -1.657521e-02 2.079066e-01 -6.392056e-02 -1.489022e-01 -9.283994e-02 -7.571897e-03 -5.353034e-02 -5.976474e-02 1.433618e-01 6.303055e-02 -8.636706e-02 8.697958e-02 4.103851e-02 -9.776693e-02 -8.213574e-02 -2.044957e-02 3.431750e-02 2.051027e-02 -8.839918e-03 -1.774251e-02
<VARIANCE> 39
 6.466228e+00 1.772512e+01 2.653496e+01 2.679702e+01 6.268540e+01 5.438433e+01 3.557971e+01 3.642100e+01 4.419818e+01 3.495521e+01 2.490572e+01 3.292194e+01 1.494160e+00 2.246602e-01 8.377504e-01 6.296570e-01 1.038186e+00 1.227107e+00 1.670252e+00 1.529466e+00 1.766428e+00 1.573638e+00 1.377435e+00 1.023241e+00 9.266992e-01 1.574011e-02 2.390552e-02 3.496613e-02 7.642310e-02 1.109932e-01 1.911946e-01 2.326553e-01 1.870384e-01 1.959604e-01 2.165601e-01 1.822811e-01 1.466358e-01 1.334381e-01 1.764292e-03
<GCONST> 7.714363e+01
<TRANSP> 5
 0.000000e+00 1.000000e+00 0.000000e+00 0.000000e+00 0.000000e+00
 0.000000e+00 7.341356e-01 2.658644e-01 0.000000e+00 0.000000e+00
 0.000000e+00 0.000000e+00 8.922886e-01 1.077113e-01 0.000000e+00
 0.000000e+00 0.000000e+00 0.000000e+00 9.397340e-01 6.026602e-02
 0.000000e+00 0.000000e+00 0.000000e+00 0.000000e+00 0.000000e+00
<ENDHMM>
