~o
<STREAMINFO> 1 39
<VECSIZE> 39<NULLD><MFCC_E_D_A><DIAGC>
~h "eight"
<BEGINHMM>
<NUMSTATES> 5
<STATE> 2
<MEAN> 39
 -7.526279e+00 -3.416489e+00 -5.694128e+00 -1.668871e+01 -6.488895e-01 -5.187796e+00 5.474299e-01 -6.741315e+00 -1.551997e+00 -6.761923e+00 -1.028288e+00 -5.332427e+00 1.715072e+01 -1.897139e-01 7.578298e-01 -8.167218e-02 -7.805359e-01 3.895631e-02 -4.155253e-01 5.451122e-02 2.963357e-01 3.012740e-01 4.652855e-02 -9.405071e-02 -9.559638e-02 2.139441e-01 3.513466e-02 8.230340e-02 1.103615e-02 9.002373e-02 -4.095581e-02 -1.679605e-01 -8.088407e-02 -2.319857e-02 2.689230e-02 6.058341e-02 5.871530e-02 -4.429090e-03 3.368540e-03
<VARIANCE> 39
 1.075415e+01 2.308600e+01 1.838104e+01 3.944849e+01 4.045511e+01 2.355786e+01 2.444806e+01 2.432833e+01 3.137449e+01 2.545866e+01 2.575470e+01 2.446759e+01 3.380489e+00 3.361083e-01 9.647175e-01 6.844474e-01 1.411402e+00 1.253906e+00 1.634781e+00 1.347866e+00 1.127821e+00 1.373963e+00 1.217003e+00 1.140965e+00 1.007564e+00 1.228965e-01 4.081518e-02 8.494673e-02 8.462000e-02 2.010328e-01 1.478370e-01 1.777838e-01 1.528903e-01 1.814080e-01 2.320688e-01 1.694391e-01 1.832815e-01 1.573049e-01 1.323684e-02
<GCONST> 8.183656e+01
<STATE> 3
<MEAN> 39
 -7.934365e+00 5.477991e+00 -4.906691e+00 -1.664114e+01 -2.357654e+00 -1.442410e+01 -3.039832e+00 -8.596894e+00 -1.336346e+00 -4.425499e+00 9.933290e-01 -5.285254e+00 1.807243e+01 2.039915e-01 -4.307380e-01 1.808900e-01 9.729178e-01 1.365159e-01 7.094723e-02 -3.417116e-01 -6.699007e-01 -5.156835e-01 -4.212385e-02 2.096147e-01 1.948801e-01 -2.367089e-01 1.014793e-02 -3.330711e-01 -3.057360e-02 6.358914e-02 4.254469e-02 3.536707e-01 1.236538e-01 5.623242e-02 -2.331411e-02 -9.205341e-02 -6.282878e-02 3.750443e-03 -6.256581e-02
<VARIANCE> 39
 9.286037e+00 1.351410e+01 2.248869e+01 3.247449e+01 1.966994e+01 2.419465e+01 5.251809e+01 3.436979e+01 4.417322e+01 2.638843e+01 3.191515e+01 2.703832e+01 1.960801e+00 2.642565e-01 1.895513e+00 4.089604e-01 7.645108e-01 7.866216e-01 2.501837e+00 1.307925e+00 1.117332e+00 1.804589e+00 1.194596e+00 1.398459e+00 1.008988e+00 6.752943e-02 3.643006e-02 9.033191e-02 5.901551e-02 1.265167e-01 9.249069e-02 1.744220e-01 1.630324e-01 2.078709e-01 2.769068e-01 1.691226e-01 1.959496e-01 1.643472e-01 4.023828e-03
<GCONST> 7.874297e+01
<STATE> 4
<MEAN> 39
 -7.116852e+00 -6.541292e+00 -5.515007e+00 -1.004291e+01 -1.215397e+00 -4.682197e+00 -8.408065e-01 -8.921421e+00 -3.019619e+00 -5.935796e+00 9.428364e-01 -4.005000e+00 1.468657e+01 -7.182045e-02 -3.659407e-01 -1.176270e-01 1.203873e-01 -4.111755e-02 3.695376e-01 1.855052e-01 1.809929e-01 1.167283e-01 8.825435e-03 1.650026e-02 9.387362e-03 -9.298379e-02 -5.674842e-03 1.757390e-01 1.040413e-02 -6.683497e-02 -1.211532e-02 -1.464358e-01 -4.599763e-02 -1.505172e-02 -6.342438e-03 2.178560e-02 -5.192813e-03 -1.391110e-02 4.871929e-02
<VARIANCE> 39
 4.560752e+00 6.157901e+00 8.314499e+00 9.574210e+00 1.262557e+01 1.589235e+01 1.697564e+01 1.696645e+01 1.731967e+01 1.627311e+01 1.523357e+01 1.399422e+01 1.034450e+00 2.099112e-01 8.403491e-01 4.288095e-01 5.954638e-01 4.862538e-01 1.170319e+00 9.930548e-01 8.546442e-01 9.812279e-01 7.909350e-01 7.432181e-01 7.056595e-01 4.873076e-02 3.459655e-02 9.647784e-02 7.128982e-02 1.091546e-01 9.177271e-02 1.887686e-01 1.756964e-01 1.504266e-01 1.623689e-01 1.354752e-01 1.324271e-01 1.272724e-01 4.818684e-03
<GCONST> 6.216053e+01
<TRANSP> 5
 0.000000e+00 1.000000e+00 0.000000e+00 0.000000e+00 0.000000e+00
 0.000000e+00 9.122468e-01 8.775325e-02 0.000000e+00 0.000000e+00
 0.000000e+00 0.000000e+00 8.975119e-01 1.024881e-01 0.000000e+00
 0.000000e+00 0.000000e+00 0.000000e+00 9.213877e-01 7.861234e-02
 0.000000e+00 0.000000e+00 0.000000e+00 0.000000e+00 0.000000e+00
<ENDHMM>
~h "oh"
<BEGINHMM>
<NUMSTATES> 5
<STATE> 2
<MEAN> 39
 -5.072841e+00 -9.817667e+00 -7.833520e+00 -8.759790e+00 -2.347746e+00 -7.078531e+00 2.847889e+00 -7.616780e+00 -4.773148e+00 -6.878181e+00 -1.688101e+00 -4.955348e+00 1.721416e+01 4.015974e-01 -2.821167e-01 -5.485526e-01 2.171418e-01 1.401541e-01 -4.946331e-01 2.322356e-01 5.781287e-01 -1.037370e-01 -3.932838e-01 -3.404732e-01 -6.353090e-02 2.904004e-01 6.013279e-02 8.892558e-02 -1.209939e-02 -5.545104e-02 1.547203e-02 -6.011713e-02 -1.276622e-01 1.861322e-02 1.092660e-01 1.499957e-03 -5.271852e-02 -5.050173e-02 1.423967e-02
<VARIANCE> 39
 8.382589e+00 1.228170e+01 1.538581e+01 1.591973e+01 2.185724e+01 2.340204e+01 2.846174e+01 5.757802e+01 3.748593e+01 3.054276e+01 2.664050e+01 2.711355e+01 3.812004e+00 4.044680e-01 5.594840e-01 6.603013e-01 6.405903e-01 7.460863e-01 1.180070e+00 1.235310e+00 1.815318e+00 1.533161e+00 1.309630e+00 1.311741e+00 1.081978e+00 1.254035e-01 4.813008e-02 7.023087e-02 8.521642e-02 8.555248e-02 1.118056e-01 1.482311e-01 1.609940e-01 2.226765e-01 2.095399e-01 1.953565e-01 2.000385e-01 1.548795e-01 1.713546e-02
<GCONST> 7.894402e+01
<STATE> 3
<MEAN> 39
 -4.965144e-01 -8.085395e+00 -1.303818e+01 -1.018394e+01 -8.909167e-01 -1.201039e+01 -8.895179e-01 -1.284857e+00 1.941552e-01 -7.883982e+00 -5.009621e+00 -6.855157e+00 1.903839e+01 2.238946e-01 4.083422e-01 -6.269862e-03 -3.375557e-01 -6.152474e-02 -1.961184e-02 -6.569630e-01 -2.515599e-01 6.163860e-01 5.838968e-01 3.183126e-02 -3.234753e-01 -1.058704e-02 -4.688165e-02 2.212890e-02 1.000678e-01 -1.013565e-02 -5.009585e-02 8.897567e-02 1.631429e-02 -1.447807e-01 -8.521416e-02 7.580534e-02 1.148447e-01 2.392884e-02 -2.662400e-02
<VARIANCE> 39
 6.028906e+00 9.347602e+00 1.555796e+01 1.589718e+01 1.975362e+01 2.333693e+01 4.428273e+01 3.314256e+01 4.055710e+01 3.755882e+01 3.123184e+01 3.914700e+01 1.183752e+00 8.543219e-02 1.427021e-01 2.976814e-01 2.936641e-01 3.913147e-01 5.535824e-01 7.245798e-01 1.116331e+00 7.998289e-01 8.947103e-01 8.656934e-01 6.944254e-01 1.391763e-02 1.175621e-02 1.537105e-02 3.537040e-02 3.572033e-02 4.852973e-02 7.178122e-02 8.156399e-02 1.012440e-01 1.109311e-01 1.075034e-01 9.628425e-02 9.289362e-02 1.245761e-03
<GCONST> 5.396387e+01
<STATE> 4
<MEAN> 39
 -7.423577e-01 -3.730351e+00 -8.382783e+00 -1.248758e+01 -3.621803e+00 -9.299523e+00 -3.999646e+00 -8.066885e+00 -2.982866e-01 -3.366554e+00 3.572253e-01 -6.248305e+00 1.795391e+01 -5.069711e-01 1.202364e-01 7.349913e-01 2.727641e-01 1.221354e-02 5.559896e-01 3.365349e-01 -4.404819e-01 -5.363775e-01 -1.886141e-01 3.968332e-01 4.349373e-01 -2.802522e-01 -1.126347e-01 -1.139981e-01 -2.910171e-02 7.593124e-02 9.949384e-02 8.983266e-02 1.345539e-01 9.031443e-02 -3.950066e-02 -1.066376e-01 -6.857318e-02 5.312390e-02 -3.463396e-02
<VARIANCE> 39
 9.363018e+00 7.810977e+00 2.079540e+01 1.825555e+01 1.941283e+01 2.692064e+01 3.110409e+01 2.683613e+01 3.198913e+01 4.008322e+01 3.905970e+01 3.790016e+01 2.412846e+00 3.826987e-01 4.593782e-01 5.507610e-01 6.217618e-01 8.842726e-01 1.264777e+00 1.251923e+00 1.298722e+00 1.305816e+00 1.263438e+00 1.279152e+00 1.245752e+00 5.453422e-02 3.299934e-02 4.470074e-02 8.896982e-02 8.728419e-02 1.097024e-01 1.661359e-01 1.872023e-01 1.997311e-01 2.127198e-01 2.068789e-01 1.755911e-01 1.748515e-01 4.195733e-03
<GCONST> 7.532856e+01
<TRANSP> 5
 0.000000e+00 1.000000e+00 0.000000e+00 0.000000e+00 0.000000e+00
 0.000000e+00 9.027590e-01 9.724103e-02 0.000000e+00 0.000000e+00
 0.000000e+00 0.000000e+00 9.042482e-01 9.575169e-02 0.000000e+00
 0.000000e+00 0.000000e+00 0.000000e+00 8.838502e-01 1.161499e-01
 0.000000e+00 0.000000e+00 0.000000e+00 0.000000e+00 0.000000e+00
<ENDHMM>
~h "seven"
<BEGINHMM>
<NUMSTATES> 5
<STATE> 2
<MEAN> 39
 -8.806927e+00 -4.769411e+00 -7.050284e+00 -8.596689e+00 -2.107597e+00 -3.131320e+00 -1.276540e+00 -8.136192e+00 -2.909438e+00 -5.214600e+00 6.797998e-01 -3.793422e+00 1.484341e+01 4.741835e-02 -4.083806e-02 -4.357939e-02 -3.257227e-01 -2.671364e-01 -1.353622e-01 2.667475e-01 1.514422e-02 1.375964e-01 -7.685559e-04 -2.047707e-01 -6.334843e-02 1.081034e-01 1.304169e-01 9.210275e-03 8.984133e-02 -1.476394e-01 -1.309367e-01 -1.120381e-01 8.734251e-02 -1.238441e-02 2.001584e-02 -2.643595e-02 -8.712117e-02 -9.269844e-02 9.199809e-02
<VARIANCE> 39
 8.338737e+00 1.013025e+01 1.380016e+01 1.310794e+01 1.612536e+01 1.581990e+01 1.759670e+01 1.745250e+01 1.826384e+01 1.723320e+01 1.706720e+01 1.463340e+01 9.046994e-01 7.144061e-01 4.608371e-01 8.613158e-01 9.991065e-01 9.701418e-01 1.283291e+00 9.959773e-01 8.576112e-01 1.029537e+00 1.155920e+00 9.209955e-01 9.517277e-01 1.512396e-01 5.367727e-02 6.783955e-02 9.750064e-02 1.360536e-01 1.662460e-01 1.770631e-01 1.648988e-01 1.457021e-01 1.700140e-01 1.546197e-01 1.450111e-01 1.504824e-01 8.093633e-03
<GCONST> 7.123377e+01
<STATE> 3
<MEAN> 39
 -5.558021e+00 -7.172781e+00 -5.193479e+00 -1.591162e+01 -6.355690e+00 -4.897104e+00 4.772452e+00 -8.474816e+00 -2.770241e+00 -6.761076e+00 -3.974984e+00 -6.626545e+00 1.896180e+01 1.894624e-01 -2.722394e-01 1.233949e-01 3.884134e-02 -6.136359e-02 -1.088213e-01 2.446162e-01 2.681850e-01 -2.806911e-01 -5.543936e-02 -6.962333e-02 -1.107178e-01 1.236278e-01 -4.178292e-02 7.839765e-02 1.112023e-02 2.926394e-01 1.553713e-01 -2.480292e-02 -2.548938e-01 3.866689e-02 -2.090742e-02 1.591843e-02 1.771644e-01 7.159847e-02 -1.270836e-01
<VARIANCE> 39
 9.614629e+00 1.303318e+01 9.436818e+00 1.827805e+01 4.580203e+01 3.937865e+01 3.187651e+01 3.951022e+01 4.652942e+01 5.849158e+01 3.255408e+01 3.130154e+01 1.240833e+00 4.410237e-01 5.954388e-01 4.993400e-01 1.548405e+00 1.671523e+00 1.672658e+00 1.827748e+00 1.089300e+00 1.392725e+00 1.776837e+00 1.809631e+00 1.326403e+00 2.114318e-01 8.204577e-02 9.001123e-02 9.646557e-02 1.114838e-01 2.523391e-01 2.721451e-01 1.781212e-01 1.666859e-01 2.018928e-01 2.407506e-01 2.262364e-01 1.834967e-01 6.062411e-03
<GCONST> 8.474838e+01
<STATE> 4
<MEAN> 39
 -3.244350e+00 -3.881777e+00 -1.890992e+00 -9.521642e+00 -3.365683e+00 -8.015345e+00 -1.089242e+00 -8.732899e+00 -4.324115e+00 -7.119949e+00 -1.906588e+00 -7.104877e+00 1.713229e+01 1.763609e-02 2.205313e-01 1.049331e-01 2.065649e-01 3.193820e-01 1.039868e-01 -2.924712e-01 -2.637047e-01 8.568297e-02 -1.436817e-02 1.277589e-01 4.227446e-02 -1.184203e-01 -5.595930e-02 -7.367769e-02 -7.385952e-02 -8.779351e-02 -2.234858e-02 9.371646e-02 1.107193e-01 -4.585744e-03 1.865320e-02 1.744293e-02 -3.220788e-02 2.023170e-02 1.415824e-02
<VARIANCE> 39
 4.974968e+00 1.019463e+01 9.925779e+00 1.395402e+01 2.822449e+01 3.043283e+01 2.586545e+01 4.089041e+01 3.293357e+01 3.570293e+01 3.328867e+01 2.974812e+01 1.533705e+00 2.534212e-01 5.250542e-01 5.539305e-01 8.538319e-01 1.339951e+00 1.253445e+00 1.628684e+00 1.363175e+00 1.438503e+00 1.411141e+00 1.273519e+00 9.896260e-01 9.358321e-02 3.738606e-02 7.812030e-02 8.698469e-02 1.507715e-01 2.341847e-01 2.027763e-01 2.726080e-01 2.366355e-01 2.360227e-01 2.409545e-01 2.174047e-01 1.500706e-01 1.436997e-02
<GCONST> 7.927970e+01
<TRANSP> 5
 0.000000e+00 1.000000e+00 0.000000e+00 0.000000e+00 0.000000e+00
 0.000000e+00 9.125692e-01 8.743086e-02 0.000000e+00 0.000000e+00
 0.000000e+00 0.000000e+00 9.003685e-01 9.963147e-02 0.000000e+00
 0.000000e+00 0.000000e+00 0.000000e+00 9.365625e-01 6.343751e-02
 0.000000e+00 0.000000e+00 0.000000e+00 0.000000e+00 0.000000e+00
<ENDHMM>
~h "three"
<BEGINHMM>
<NUMSTATES> 5
<STATE> 2
<MEAN> 39
 -7.753221e+00 -6.035375e+00 -4.949194e+00 -1.011987e+01 -8.178329e-01 -4.845919e+00 -5.889021e-01 -8.498233e+00 -2.601902e+00 -5.425496e+00 9.830915e-01 -3.779214e+00 1.488860e+01 1.182173e-01 -8.361661e-02 2.207565e-01 -4.798852e-02 -4.167659e-01 -2.858808e-01 -6.850789e-02 1.493159e-02 7.424644e-02 3.189574e-02 1.358900e-02 3.889310e-04 9.211124e-02 1.742305e-01 2.255064e-02 1.428344e-01 1.965521e-03 -2.577666e-01 -1.755580e-01 -7.574178e-02 -1.878122e-02 1.537306e-02 -9.220165e-03 -3.924644e-02 -7.055651e-02 8.471882e-02
<VARIANCE> 39
 5.400180e+00 6.329374e+00 9.779527e+00 1.060173e+01 1.435540e+01 1.431245e+01 1.606410e+01 1.761132e+01 1.951236e+01 1.776054e+01 1.686078e+01 1.459190e+01 1.170425e+00 7.019969e-01 5.235332e-01 8.962935e-01 7.510005e-01 1.499213e+00 1.312642e+00 9.016158e-01 1.036192e+00 9.999409e-01 9.322732e-01 9.825653e-01 9.152766e-01 1.192994e-01 5.916584e-02 9.076198e-02 9.847008e-02 1.380192e-01 2.011618e-01 1.855386e-01 1.564508e-01 2.030752e-01 1.781590e-01 1.662446e-01 1.641558e-01 1.611095e-01 4.958323e-03
<GCONST> 7.051980e+01
<STATE> 3
<MEAN> 39
 -2.518521e+00 -6.782904e+00 2.449753e+00 -1.140341e+01 -1.369796e+01 -9.362556e+00 -3.153647e+00 -9.427798e+00 -9.291419e-03 -5.130697e+00 1.271271e-01 -5.735094e+00 1.823544e+01 -6.871677e-02 4.229291e-01 6.949786e-01 -1.049879e+00 -3.991793e-01 3.057896e-01 -8.254282e-01 1.097956e-01 3.074262e-01 -2.807669e-02 6.154992e-02 -1.673846e-01 2.367084e-01 -2.156287e-01 2.146176e-01 -2.005620e-01 -1.426814e-01 5.229582e-01 4.701706e-02 -5.929458e-02 1.142901e-01 -1.140970e-01 -2.020016e-02 2.133893e-02 3.955844e-02 -6.774109e-02
<VARIANCE> 39
 6.508037e+00 1.457799e+01 2.008395e+01 4.938900e+01 4.245555e+01 6.100785e+01 3.523600e+01 3.827156e+01 3.064130e+01 2.820703e+01 3.707739e+01 3.334410e+01 1.447034e+00 9.619260e-01 1.476823e+00 9.230984e-01 2.724988e+00 4.896172e+00 3.382586e+00 2.206882e+00 1.969158e+00 1.296832e+00 1.095926e+00 1.152193e+00 1.164514e+00 6.899948e-02 6.799076e-02 1.290701e-01 1.773797e-01 3.908550e-01 3.806266e-01 6.812869e-01 3.773452e-01 2.755264e-01 2.400884e-01 1.746557e-01 1.705888e-01 1.637510e-01 3.908303e-03
<GCONST> 9.265632e+01
<STATE> 4
<MEAN> 39
 -6.589368e+00 3.297159e+00 -7.820370e-01 -1.672632e+01 -2.106169e+00 -1.135622e+01 -6.397484e+00 -7.963631e+00 -3.160562e+00 -5.505707e+00 -3.378575e-01 -6.526065e+00 1.789417e+01 -2.807840e-02 6.281048e-02 -6.388575e-01 7.255354e-01 7.230641e-01 -1.643394e-01 5.495244e-01 -8.281863e-02 -3.560869e-01 1.194816e-02 -7.060990e-02 5.080986e-02 -1.956513e-01 5.806340e-02 -2.880149e-01 2.551241e-03 1.695314e-01 -2.210122e-01 1.820413e-01 1.646638e-01 -6.724494e-02 9.744514e-02 8.217809e-03 2.045096e-02 2.497010e-02 -3.090950e-02
<VARIANCE> 39
 7.582861e+00 1.700801e+01 1.909543e+01 3.485093e+01 2.703725e+01 2.947412e+01 4.822447e+01 4.777564e+01 3.321341e+01 3.976149e+01 4.239419e+01 3.677405e+01 1.620256e+00 3.150644e-01 1.882252e+00 6.701980e-01 1.043283e+00 1.834188e+00 2.559413e+00 1.466785e+00 1.693361e+00 1.384760e+00 1.287760e+00 1.031977e+00 9.705312e-01 3.582453e-02 4.748967e-02 9.100773e-02 9.637220e-02 2.204875e-01 1.815262e-01 2.351519e-01 2.695301e-01 2.497270e-01 1.836970e-01 1.709844e-01 1.443316e-01 1.353321e-01 2.469448e-03
<GCONST> 8.275948e+01
<TRANSP> 5
 0.000000e+00 1.000000e+00 0.000000e+00 0.000000e+00 0.000000e+00
 0.000000e+00 9.016187e-01 9.838129e-02 0.000000e+00 0.000000e+00
 0.000000e+00 0.000000e+00 8.936820e-01 1.063181e-01 0.000000e+00
 0.000000e+00 0.000000e+00 0.000000e+00 9.153602e-01 8.463985e-02
 0.000000e+00 0.000000e+00 0.000000e+00 0.000000e+00 0.000000e+00
<ENDHMM>
~h "one"
<BEGINHMM>
<NUMSTATES> 5
<STATE> 2
<MEAN> 39
 -4.522327e-01 -3.394215e+00 -8.435426e+00 -1.271633e+01 -1.886701e+00 -5.988941e+00 -2.266203e+00 -8.870977e+00 -2.608411e+00 -6.644218e+00 -1.471841e+00 -7.363235e+00 1.769731e+01 2.117687e-01 -3.596113e-01 -7.788998e-01 3.834112e-01 4.280083e-01 9.686395e-02 -2.041026e-01 2.118306e-01 1.820352e-01 -2.406618e-01 -3.088543e-01 -2.100186e-01 1.800537e-01 -1.118997e-01 -1.466529e-01 2.837038e-02 2.162309e-01 1.355290e-02 -9.382935e-02 -4.157264e-03 1.044503e-01 5.902398e-03 -7.577920e-02 1.935982e-03 7.582758e-02 -1.568405e-02
<VARIANCE> 39
 5.497199e+00 8.331633e+00 3.125390e+01 2.268280e+01 2.851622e+01 2.625006e+01 2.255364e+01 2.060031e+01 2.740452e+01 2.315424e+01 3.018690e+01 3.008429e+01 2.037235e+00 4.327043e-01 7.312096e-01 9.478559e-01 2.135185e+00 1.345672e+00 1.363290e+00 1.271752e+00 1.038462e+00 1.139507e+00 9.672335e-01 1.110947e+00 9.680632e-01 5.950580e-02 3.953079e-02 5.488755e-02 1.852389e-01 2.317044e-01 2.492751e-01 2.473415e-01 2.293478e-01 1.750317e-01 1.959993e-01 1.584367e-01 1.853231e-01 1.750689e-01 4.535093e-03
<GCONST> 7.900878e+01
<STATE> 3
<MEAN> 39
 -2.459225e+00 -1.063206e+01 -1.059088e+01 -1.829521e+00 -8.070076e-01 -9.413050e+00 -2.043666e+00 -4.372093e+00 -3.696196e+00 -1.157371e+01 -2.283818e+00 -6.170821e+00 1.852754e+01 -5.923040e-01 -3.150692e-01 1.357736e+00 4.915133e-01 -1.323490e+00 -2.714022e-01 1.134616e+00 -1.532664e-01 -8.877981e-01 -1.757099e-02 5.496100e-01 9.403402e-02 -5.190716e-02 3.117930e-02 3.178238e-01 2.346170e-01 -5.681042e-01 -9.633595e-02 3.597745e-01 5.388490e-02 -4.209788e-01 2.180762e-02 3.580730e-01 2.959814e-02 -1.607666e-01 -2.972631e-02
<VARIANCE> 39
 6.437088e+00 9.780067e+00 1.986757e+01 2.421334e+01 2.892522e+01 1.781538e+01 3.890820e+01 3.256805e+01 4.661790e+01 3.890180e+01 3.430985e+01 3.413403e+01 1.524883e+00 1.631348e-01 5.928230e-01 6.393080e-01 1.988800e+00 7.758461e-01 1.825568e+00 1.062937e+00 2.310209e+00 1.244022e+00 1.947026e+00 1.066957e+00 1.291937e+00 9.000838e-03 2.601528e-02 5.245265e-02 1.082522e-01 1.229440e-01 3.170525e-01 1.598478e-01 4.069233e-01 1.868193e-01 3.428908e-01 2.140701e-01 2.682004e-01 1.725259e-01 8.701176e-04
<GCONST> 7.681428e+01
<STATE> 4
<MEAN> 39
 -3.839251e+00 -4.376583e+00 -1.378705e+00 -8.920794e+00 -3.193667e+00 -6.282066e+00 -2.463608e+00 -1.220965e+01 -5.211808e+00 -8.496922e+00 -2.664296e+00 -8.172913e+00 1.759364e+01 -3.763502e-03 5.633872e-01 2.615427e-01 -4.540467e-01 4.118287e-01 1.694102e-01 -3.733256e-01 -2.324367e-01 1.571366e-01 1.859123e-01 -2.770980e-02 1.652076e-01 -1.759754e-01 -2.116919e-02 -1.172381e-01 -2.144109e-01 1.095755e-01 8.680882e-02 -2.708005e-02 2.071965e-02 1.848259e-01 4.503436e-02 -7.346700e-02 3.756993e-02 8.065341e-02 -1.676097e-02
<VARIANCE> 39
 6.727133e+00 2.075324e+01 9.942863e+00 1.740099e+01 2.093538e+01 4.193749e+01 3.338482e+01 3.282523e+01 4.007672e+01 4.407874e+01 3.259300e+01 3.567235e+01 1.338546e+00 3.442056e-01 1.010735e+00 9.857290e-01 1.216504e+00 8.799788e-01 1.863840e+00 1.353495e+00 1.410628e+00 1.572814e+00 1.477741e+00 1.084659e+00 1.049739e+00 2.734842e-02 5.691287e-02 1.044895e-01 8.380453e-02 1.278584e-01 1.950310e-01 2.806027e-01 2.503061e-01 1.784250e-01 2.216711e-01 2.215848e-01 1.661195e-01 1.589987e-01 2.928316e-03
<GCONST> 7.985876e+01
<TRANSP> 5
 0.000000e+00 1.000000e+00 0.000000e+00 0.000000e+00 0.000000e+00
 0.000000e+00 9.094402e-01 9.055983e-02 0.000000e+00 0.000000e+00
 0.000000e+00 0.000000e+00 8.319711e-01 1.680289e-01 0.000000e+00
 0.000000e+00 0.000000e+00 0.000000e+00 9.087511e-01 9.124886e-02
 0.000000e+00 0.000000e+00 0.000000e+00 0.000000e+00 0.000000e+00
<ENDHMM>
~h "sil"
<BEGINHMM>
<NUMSTATES> 5
<STATE> 2
<MEAN> 39
 -5.631304e+00 -5.382765e+00 -3.960186e+00 -9.043469e+00 -2.184936e-01 -4.180513e+00 -1.402587e-01 -8.545765e+00 -2.497051e+00 -5.829948e+00 5.879991e-01 -4.486497e+00 1.511976e+01 -2.990165e-01 -2.486854e-01 -1.859348e-01 -5.088614e-02 6.921171e-02 1.346807e-01 8.165780e-02 -1.591872e-03 1.411838e-02 1.868198e-02 1.135570e-01 5.826632e-02 -1.518158e-01 2.373562e-02 -7.415867e-03 -3.842025e-02 -6.358596e-02 -7.387906e-02 -6.428041e-02 -4.227321e-02 -2.020725e-03 -3.865082e-03 -6.804031e-03 -1.697982e-02 -5.215428e-03 2.533468e-02
<VARIANCE> 39
 6.969094e+00 8.599348e+00 9.563225e+00 1.168161e+01 1.486633e+01 1.538157e+01 1.765695e+01 1.876679e+01 2.046270e+01 1.954238e+01 1.857792e+01 1.638274e+01 1.208940e+00 1.686547e-01 3.744965e-01 4.430125e-01 5.865024e-01 7.337702e-01 8.284701e-01 8.454472e-01 9.075560e-01 9.108468e-01 8.356597e-01 9.047601e-01 7.998074e-01 2.155079e-02 2.200861e-02 4.568195e-02 6.338187e-02 7.749979e-02 1.032607e-01 1.189149e-01 1.186104e-01 1.276523e-01 1.369461e-01 1.216590e-01 1.281381e-01 1.153766e-01 2.525882e-03
<GCONST> 5.921609e+01
<STATE> 3
<MEAN> 39
 -7.156931e+00 -7.236741e+00 -5.866410e+00 -1.018525e+01 -1.012373e+00 -4.339195e+00 -3.654630e-01 -8.603616e+00 -2.680042e+00 -5.571385e+00 1.005060e+00 -4.037409e+00 1.452098e+01 -3.579460e-03 4.979914e-03 -6.182409e-03 3.810420e-03 1.885548e-03 4.719952e-03 1.258077e-03 -9.879778e-03 -4.556145e-03 1.094778e-02 -2.645947e-04 2.490315e-03 -1.192151e-03 -2.390403e-04 4.885704e-03 2.876603e-03 5.287183e-03 1.318130e-03 2.873602e-03 5.521137e-04 5.856244e-03 2.720714e-03 -8.275650e-04 -4.062752e-03 -3.431837e-03 1.584159e-03
<VARIANCE> 39
 3.027154e+00 3.564770e+00 6.172688e+00 8.254463e+00 1.253755e+01 1.387378e+01 1.474221e+01 1.582845e+01 1.623776e+01 1.398251e+01 1.548325e+01 1.300192e+01 1.028440e+00 5.842772e-02 1.319092e-01 2.563317e-01 3.600274e-01 4.751974e-01 6.449599e-01 6.224096e-01 6.900943e-01 6.643440e-01 5.534155e-01 6.422814e-01 5.676922e-01 2.417371e-03 1.073332e-02 2.426532e-02 4.638847e-02 6.443666e-02 8.854996e-02 1.218528e-01 1.105601e-01 1.289105e-01 1.215512e-01 9.644261e-02 1.150020e-01 1.070994e-01 5.050753e-04
<GCONST> 4.276572e+01
<STATE> 4
<MEAN> 39
 -8.044011e+00 -6.369617e+00 -6.078920e+00 -1.016910e+01 -1.188410e+00 -4.700614e+00 -5.107812e-01 -8.720656e+00 -2.519537e+00 -5.941652e+00 9.985709e-01 -4.416959e+00 1.453681e+01 3.396673e-03 1.545877e-01 2.792650e-02 1.228385e-02 -7.637729e-02 -6.393195e-02 -6.565607e-02 4.923088e-02 -5.528722e-02 -8.980145e-02 -1.026819e-01 -6.830373e-02 4.891908e-02 4.560490e-02 5.645851e-02 2.689919e-02 -6.777768e-03 -2.049973e-03 -2.718616e-02 -1.658833e-02 -1.573332e-02 -1.399127e-02 -1.820453e-02 -3.889892e-02 -1.456945e-02 3.347982e-02
<VARIANCE> 39
 5.361462e+00 5.851169e+00 7.452436e+00 1.031474e+01 1.202324e+01 1.461820e+01 1.655236e+01 1.791364e+01 1.851081e+01 1.737181e+01 1.645258e+01 1.416299e+01 1.276473e+00 2.534408e-01 3.365437e-01 3.772728e-01 5.664239e-01 6.053070e-01 7.375462e-01 7.088215e-01 9.202503e-01 8.939100e-01 7.990839e-01 7.762479e-01 6.718712e-01 2.073106e-02 3.954531e-02 5.724769e-02 6.069138e-02 9.819089e-02 9.287572e-02 1.226523e-01 1.060965e-01 1.502714e-01 1.416606e-01 1.225188e-01 1.118098e-01 9.929529e-02 4.413371e-03
<GCONST> 5.788809e+01
<TRANSP> 5
 0.000000e+00 1.000000e+00 0.000000e+00 0.000000e+00 0.000000e+00
 0.000000e+00 7.691580e-01 2.308420e-01 0.000000e+00 0.000000e+00
 0.000000e+00 0.000000e+00 9.590824e-01 4.091759e-02 0.000000e+00
 0.000000e+00 0.000000e+00 0.000000e+00 7.109488e-01 2.890512e-01
 0.000000e+00 0.000000e+00 0.000000e+00 0.000000e+00 0.000000e+00
<ENDHMM>
~h "six"
<BEGINHMM>
<NUMSTATES> 5
<STATE> 2
<MEAN> 39
 -9.124357e+00 -4.836966e+00 -7.750024e+00 -8.266649e+00 -2.438931e+00 -2.834799e+00 -1.487293e+00 -7.798863e+00 -3.116449e+00 -4.969230e+00 3.619073e-01 -3.493835e+00 1.461231e+01 2.727807e-02 1.591830e-01 1.186157e-01 -3.531315e-01 -3.868328e-01 -2.528154e-01 -1.307506e-02 8.916988e-03 1.418942e-01 1.896560e-01 -1.204961e-01 9.488268e-03 1.277592e-01 1.224215e-01 8.574466e-02 1.920734e-01 -2.156888e-01 -1.443477e-01 -1.911064e-01 -1.348267e-02 -1.142726e-02 4.335715e-02 1.787606e-02 -7.846314e-02 -1.185709e-01 9.579358e-02
<VARIANCE> 39
 5.881662e+00 7.824498e+00 1.145756e+01 1.170161e+01 1.691543e+01 1.670101e+01 1.585933e+01 1.681419e+01 1.957128e+01 2.023742e+01 1.844878e+01 1.536631e+01 1.012892e+00 5.537709e-01 4.715652e-01 1.205757e+00 1.010537e+00 1.007754e+00 1.470823e+00 8.038494e-01 8.137706e-01 1.030871e+00 1.294167e+00 9.459685e-01 9.358187e-01 1.411664e-01 4.636010e-02 5.967528e-02 9.845441e-02 1.366915e-01 1.730460e-01 1.833213e-01 1.418901e-01 1.549593e-01 1.804593e-01 1.774096e-01 1.522822e-01 1.540185e-01 7.503514e-03
<GCONST> 7.075552e+01
<STATE> 3
<MEAN> 39
 -6.389789e+00 -1.255071e+00 -8.810667e-01 -1.937228e+01 -7.577198e+00 -8.493308e+00 -2.595070e+00 -6.569146e+00 3.325024e-02 -3.820257e+00 -2.226184e+00 -7.108530e+00 1.817332e+01 6.033906e-02 -1.004551e-01 1.973137e-01 -2.318217e-01 3.399024e-01 1.645797e-01 -1.732637e-01 1.224722e-01 4.917602e-02 -1.716360e-01 1.772026e-01 -6.580593e-03 -4.431587e-02 -7.081238e-02 -1.914883e-01 -2.624979e-01 4.212640e-01 2.477787e-01 2.067552e-01 8.841362e-02 -7.030370e-02 -1.214312e-01 -5.252386e-02 1.186431e-01 1.339907e-01 -1.487447e-01
<VARIANCE> 39
 7.367389e+00 9.635619e+00 1.569747e+01 2.776342e+01 5.692442e+01 3.167283e+01 3.629300e+01 2.495929e+01 3.438407e+01 5.661708e+01 3.469411e+01 3.674877e+01 1.645035e+00 3.757043e-01 7.674589e-01 1.271294e+00 3.640166e+00 2.695807e+00 1.950652e+00 1.896173e+00 1.366036e+00 1.928483e+00 2.033424e+00 1.879830e+00 2.011312e+00 3.396138e-01 6.646574e-02 6.525154e-02 1.520788e-01 2.585382e-01 3.130449e-01 3.120054e-01 3.695940e-01 2.303202e-01 2.922212e-01 3.375134e-01 2.687097e-01 2.614647e-01 1.433625e-02
<GCONST> 9.337852e+01
<STATE> 4
<MEAN> 39
 -8.222600e+00 -6.451455e+00 -6.277418e+00 -9.275603e+00 -2.415898e+00 -3.256267e+00 -9.182318e-01 -8.615601e+00 -2.795314e+00 -5.153830e+00 7.408976e-01 -4.248684e+00 1.464352e+01 -7.442605e-02 -1.118028e-01 -2.389892e-01 2.870669e-01 3.501489e-02 6.667243e-02 1.390796e-01 -4.188062e-02 -8.120625e-02 -2.477517e-03 7.372792e-03 3.130641e-02 -6.889478e-02 2.173769e-02 7.154608e-02 7.433017e-02 -1.249014e-01 -5.119153e-02 -6.604173e-02 -5.131288e-02 3.815508e-02 2.469884e-02 6.733614e-03 -2.995733e-02 -2.922306e-02 4.497779e-02
<VARIANCE> 39
 7.836463e+00 8.036913e+00 1.201990e+01 1.253903e+01 1.775474e+01 1.684598e+01 1.688509e+01 1.718205e+01 1.742144e+01 1.762559e+01 1.547859e+01 1.427368e+01 1.310079e+00 3.471816e-01 5.519037e-01 7.463622e-01 9.088404e-01 9.875231e-01 1.059276e+00 1.026788e+00 9.108784e-01 8.760919e-01 8.051615e-01 7.558367e-01 6.350800e-01 5.457224e-02 4.509242e-02 7.355186e-02 1.100393e-01 1.327750e-01 1.825950e-01 1.706972e-01 1.655971e-01 1.667237e-01 1.581886e-01 1.441439e-01 1.370199e-01 1.246742e-01 7.388321e-03
<GCONST> 6.779684e+01
<TRANSP> 5
 0.000000e+00 1.000000e+00 0.000000e+00 0.000000e+00 0.000000e+00
 0.000000e+00 9.049456e-01 9.505442e-02 0.000000e+00 0.000000e+00
 0.000000e+00 0.000000e+00 8.983329e-01 1.016671e-01 0.000000e+00
 0.000000e+00 0.000000e+00 0.000000e+00 9.437298e-01 5.627020e-02
 0.000000e+00 0.000000e+00 0.000000e+00 0.000000e+00 0.000000e+00
<ENDHMM>
~h "two"
<BEGINHMM>
<NUMSTATES> 5
<STATE> 2
<MEAN> 39
 -9.639703e+00 -4.513546e+00 -6.581033e+00 -9.863685e+00 -9.719384e-01 -4.070475e+00 -1.373293e+00 -8.179332e+00 -2.537209e+00 -5.722490e+00 1.014351e+00 -3.721650e+00 1.495421e+01 -3.753116e-02 2.631672e-01 2.263741e-01 -3.008677e-01 -8.033112e-02 -1.065879e-02 -1.952278e-01 2.046650e-02 1.192856e-01 3.788275e-02 -4.424335e-03 -2.842297e-02 9.351200e-02 1.950523e-01 9.728680e-02 2.115571e-01 -1.064781e-01 -1.587358e-01 -1.867144e-01 -1.174520e-01 -6.692272e-02 -2.516415e-02 -1.349641e-03 -7.481600e-02 -1.170531e-01 8.904482e-02
<VARIANCE> 39
 9.730613e+00 8.411638e+00 1.056961e+01 1.130254e+01 1.669728e+01 1.858868e+01 1.761627e+01 1.993460e+01 2.014937e+01 2.109541e+01 2.062948e+01 1.756326e+01 9.682550e-01 1.154716e+00 7.385053e-01 1.484548e+00 7.320547e-01 1.243850e+00 1.212067e+00 9.533430e-01 1.050647e+00 1.054630e+00 1.129669e+00 1.398203e+00 9.928694e-01 1.174248e-01 1.107588e-01 1.110735e-01 1.232340e-01 1.199817e-01 2.136469e-01 1.859781e-01 1.655660e-01 1.895569e-01 1.983949e-01 1.764081e-01 2.621614e-01 1.380751e-01 7.422609e-03
<GCONST> 7.620049e+01
<STATE> 3
<MEAN> 39
 -4.756957e+00 1.149299e+00 1.778258e+00 -1.527072e+01 -6.598946e+00 -9.672962e+00 -6.598347e+00 -1.044184e+01 -2.516030e+00 -5.320366e+00 -1.030069e+00 -7.239794e+00 1.830122e+01 7.193100e-01 5.999233e-01 8.359847e-01 -6.091137e-01 -1.201035e+00 -1.149958e+00 -6.212012e-01 -3.240812e-01 -7.639611e-02 1.074599e-01 -2.783032e-01 -6.924541e-01 4.804156e-01 -2.461523e-01 -2.219644e-01 -4.234455e-01 2.838090e-01 2.397786e-01 2.108250e-01 2.293629e-01 1.474344e-01 -1.436742e-02 5.918851e-03 1.442254e-01 1.761999e-01 -1.356774e-01
<VARIANCE> 39
 7.637122e+00 8.201302e+00 1.359608e+01 2.286927e+01 4.094220e+01 2.664857e+01 2.843034e+01 2.392902e+01 3.044588e+01 5.369566e+01 4.334123e+01 4.700739e+01 1.220930e+00 6.002238e-01 6.134452e-01 9.871653e-01 1.414049e+00 1.245573e+00 1.154183e+00 1.637048e+00 1.535859e+00 1.877825e+00 2.038579e+00 2.554793e+00 1.859329e+00 8.417603e-02 6.196427e-02 5.703171e-02 8.188467e-02 1.318220e-01 2.159616e-01 1.828564e-01 2.050751e-01 1.926454e-01 2.096157e-01 2.724451e-01 2.909131e-01 2.224132e-01 8.052972e-03
<GCONST> 8.427541e+01
<STATE> 4
<MEAN> 39
 -3.074216e+00 -2.501274e-01 -1.583871e-01 -1.280980e+01 -6.631583e+00 -1.135565e+01 -5.741967e+00 -1.003088e+01 -3.079194e+00 -5.508160e+00 -1.507263e-01 -7.402715e+00 1.806421e+01 2.848836e-02 -3.109122e-01 -3.225601e-01 4.777394e-01 4.161034e-01 2.897911e-01 2.823667e-01 6.165479e-02 -7.978020e-02 -2.579783e-03 1.468083e-01 2.523853e-01 -1.813698e-01 -7.879759e-02 -6.534475e-02 -4.713899e-02 -2.774534e-03 8.371186e-02 1.333883e-01 8.168525e-02 3.502723e-02 2.799737e-02 -2.892986e-03 -1.433181e-02 4.588559e-02 -4.146905e-02
<VARIANCE> 39
 6.126087e+00 7.981025e+00 1.202276e+01 3.019311e+01 3.252039e+01 2.281969e+01 3.197481e+01 3.246455e+01 4.006809e+01 4.282065e+01 5.142847e+01 4.044902e+01 1.493135e+00 2.867004e-01 2.399634e-01 4.425746e-01 6.654648e-01 9.312070e-01 1.150757e+00 1.105552e+00 1.194728e+00 1.057034e+00 1.124091e+00 1.145970e+00 1.082550e+00 3.967756e-02 3.091879e-02 3.306065e-02 5.466291e-02 9.506286e-02 1.114156e-01 1.450082e-01 1.389022e-01 1.748949e-01 1.699661e-01 1.672909e-01 1.672962e-01 1.557754e-01 3.008853e-03
<GCONST> 7.111169e+01
<TRANSP> 5
 0.000000e+00 1.000000e+00 0.000000e+00 0.000000e+00 0.000000e+00
 0.000000e+00 9.084694e-01 9.153060e-02 0.000000e+00 0.000000e+00
 0.000000e+00 0.000000e+00 7.698749e-01 2.301251e-01 0.000000e+00
 0.000000e+00 0.000000e+00 0.000000e+00 9.201611e-01 7.983889e-02
 0.000000e+00 0.000000e+00 0.000000e+00 0.000000e+00 0.000000e+00
<ENDHMM>
~h "nine"
<BEGINHMM>
<NUMSTATES> 5
<STATE> 2
<MEAN> 39
 -4.077899e+00 -3.898542e+00 -1.677553e+00 -8.970698e+00 -2.805202e+00 -6.377287e+00 -1.642326e+00 -1.116193e+01 -5.117482e+00 -8.042694e+00 -2.887490e+00 -7.735112e+00 1.762893e+01 -1.811870e-01 -6.859427e-01 -2.835277e-01 4.408407e-01 -4.286635e-01 2.356365e-01 4.030509e-01 -1.731420e-01 -1.879052e-02 -1.237400e-01 -8.599903e-02 -8.375719e-02 2.070109e-01 -5.921703e-02 -1.590685e-01 -1.030603e-01 1.132587e-01 -5.407883e-03 -1.197038e-03 5.206370e-02 4.896061e-02 3.952410e-02 9.381327e-03 7.326376e-02 3.879398e-02 -9.220555e-03
<VARIANCE> 39
 8.091164e+00 1.916311e+01 1.444427e+01 1.669346e+01 2.834821e+01 2.875826e+01 3.145920e+01 2.650739e+01 4.734454e+01 3.538621e+01 3.032841e+01 3.281323e+01 1.830079e+00 4.872515e-01 1.494340e+00 1.080721e+00 1.097351e+00 1.264279e+00 1.394127e+00 1.627644e+00 1.205275e+00 1.553834e+00 1.157499e+00 1.183512e+00 1.006741e+00 4.894418e-02 6.266799e-02 1.682228e-01 1.288684e-01 1.425572e-01 2.181936e-01 2.179009e-01 2.447625e-01 1.814352e-01 2.033265e-01 1.691507e-01 1.711484e-01 1.443775e-01 4.464022e-03
<GCONST> 8.221402e+01
<STATE> 3
<MEAN> 39
 -6.347652e+00 -1.160423e+01 -4.860185e+00 -2.735302e+00 -5.693862e+00 -5.249686e+00 1.735932e+00 -1.135946e+01 -5.539339e+00 -9.015129e+00 -1.700031e+00 -7.646651e+00 1.861512e+01 -1.102283e-01 9.692076e-02 2.307431e-01 -2.421231e-01 -2.299745e-02 2.140972e-01 -1.051461e-01 -8.691700e-02 1.959433e-01 5.470923e-02 -5.529943e-02 4.600178e-02 -2.114008e-02 2.530653e-03 1.935651e-01 6.927429e-02 -2.402354e-01 4.429150e-02 6.235394e-02 -1.061108e-01 1.124561e-02 7.535481e-02 -1.086146e-02 -6.774855e-02 2.441653e-02 -1.480139e-02
<VARIANCE> 39
 7.253533e+00 8.472427e+00 2.449987e+01 3.237109e+01 1.900672e+01 3.083635e+01 3.095197e+01 3.397293e+01 4.391912e+01 4.150180e+01 2.843040e+01 3.075556e+01 1.006097e+00 8.385395e-02 3.842107e-01 4.111556e-01 1.132996e+00 5.001461e-01 6.242193e-01 5.588953e-01 5.154158e-01 6.511996e-01 6.707788e-01 6.807209e-01 5.420883e-01 4.828021e-03 1.133566e-02 3.005616e-02 4.128159e-02 5.548720e-02 7.265989e-02 7.249019e-02 7.391586e-02 8.096239e-02 8.282219e-02 8.717011e-02 7.874306e-02 7.923276e-02 3.983790e-04
<GCONST> 5.405999e+01
<STATE> 4
<MEAN> 39
 -5.407839e+00 -2.488288e+00 -1.320048e+00 -1.140910e+01 -1.441830e+00 -5.342237e+00 -3.676823e+00 -1.048015e+01 -3.509280e+00 -8.116240e+00 -2.930003e+00 -6.527215e+00 1.769391e+01 2.317118e-01 5.102820e-01 -3.252215e-03 -1.013436e-01 4.410898e-01 -2.478593e-01 -2.010729e-01 2.754714e-01 -1.278047e-01 8.103370e-02 2.108429e-01 1.169772e-01 -1.723595e-01 -2.720172e-02 -1.583091e-01 -8.626304e-02 1.473722e-01 -3.847001e-02 -5.999377e-03 1.204403e-01 1.980761e-02 -5.444436e-02 4.232081e-02 7.828206e-02 -9.577041e-03 -2.022218e-02
<VARIANCE> 39
 1.166817e+01 1.631915e+01 1.132080e+01 2.321316e+01 3.171038e+01 3.319682e+01 3.064223e+01 2.993400e+01 4.732789e+01 3.817506e+01 3.626870e+01 3.984929e+01 1.212226e+00 5.064783e-01 1.171842e+00 6.360329e-01 1.642630e+00 1.303560e+00 1.550391e+00 1.528317e+00 1.269604e+00 1.658642e+00 1.184030e+00 1.105748e+00 1.069003e+00 2.538442e-02 7.070953e-02 8.679966e-02 9.031661e-02 1.779913e-01 1.818781e-01 2.449126e-01 1.820419e-01 2.039605e-01 2.436338e-01 1.943191e-01 1.735412e-01 1.451988e-01 2.222037e-03
<GCONST> 8.083410e+01
<TRANSP> 5
 0.000000e+00 1.000000e+00 0.000000e+00 0.000000e+00 0.000000e+00
 0.000000e+00 9.012196e-01 9.878042e-02 0.000000e+00 0.000000e+00
 0.000000e+00 0.000000e+00 9.153616e-01 8.463842e-02 0.000000e+00
 0.000000e+00 0.000000e+00 0.000000e+00 9.176197e-01 8.238032e-02
 0.000000e+00 0.000000e+00 0.000000e+00 0.000000e+00 0.000000e+00
<ENDHMM>
~h "five"
<BEGINHMM>
<NUMSTATES> 5
<STATE> 2
<MEAN> 39
 -6.146060e+00 -8.579253e+00 -7.592628e+00 -9.225248e+00 -4.231842e-01 -6.121151e+00 7.090195e-03 -6.826002e+00 -3.778701e+00 -6.490899e+00 -3.214975e-01 -4.546289e+00 1.643800e+01 1.119193e-01 -6.873911e-01 -4.786828e-01 3.255051e-01 2.195718e-01 -2.713785e-01 2.420872e-01 2.805078e-01 -3.436258e-01 -1.303224e-01 -1.266494e-01 1.658172e-02 2.473889e-01 -1.646408e-03 -5.648255e-03 5.736129e-02 4.690696e-02 -1.721345e-02 -3.239141e-02 -1.990496e-02 -4.939219e-02 -1.731543e-02 2.415293e-02 1.541301e-02 -1.459847e-02 2.063262e-02
<VARIANCE> 39
 1.124907e+01 1.815408e+01 1.972066e+01 1.332508e+01 1.797136e+01 2.025499e+01 1.944337e+01 3.696891e+01 2.612042e+01 2.326903e+01 2.203073e+01 1.616216e+01 4.948559e+00 7.422809e-01 6.841167e-01 8.867876e-01 8.866643e-01 8.227401e-01 1.095991e+00 9.428688e-01 1.700777e+00 1.496757e+00 1.271798e+00 1.231835e+00 8.357019e-01 2.128602e-01 1.004203e-01 1.065315e-01 1.570963e-01 1.148739e-01 1.338418e-01 1.695245e-01 1.473389e-01 2.760213e-01 2.348426e-01 1.802687e-01 1.905827e-01 1.286266e-01 2.516764e-02
<GCONST> 8.140934e+01
<STATE> 3
<MEAN> 39
 -5.829900e+00 -1.543206e+01 -8.489614e+00 -3.791538e+00 1.364174e+00 -9.061769e+00 2.480585e+00 -7.543437e+00 -7.266479e+00 -5.482958e+00 -5.596609e-01 -4.576610e+00 1.903887e+01 -1.610341e-01 9.881517e-02 4.891239e-01 -2.808317e-01 -2.718556e-01 4.465799e-01 6.805074e-02 -3.852462e-01 3.469846e-02 2.820553e-01 5.019300e-02 -7.338942e-02 -4.962955e-02 4.119472e-02 1.199007e-01 1.074398e-02 -1.944115e-01 -5.746839e-02 8.540972e-02 -2.819627e-02 2.903869e-02 6.261046e-02 -5.057248e-02 -7.345551e-02 -1.855453e-02 -1.597225e-02
<VARIANCE> 39
 9.235534e+00 9.516570e+00 2.487400e+01 2.134843e+01 1.890445e+01 2.361062e+01 1.802795e+01 4.020399e+01 4.783441e+01 4.513320e+01 2.691065e+01 2.542688e+01 1.368738e+00 9.077942e-02 1.726061e-01 2.727452e-01 6.954238e-01 5.202908e-01 5.777745e-01 5.082271e-01 5.121748e-01 6.401216e-01 6.122612e-01 5.999714e-01 4.835916e-01 5.997713e-03 1.192125e-02 2.521066e-02 3.123440e-02 4.833049e-02 5.224732e-02 5.349461e-02 5.805054e-02 6.689402e-02 9.045503e-02 8.805507e-02 6.807385e-02 7.103846e-02 9.688761e-04
<GCONST> 5.083720e+01
<STATE> 4
<MEAN> 39
 -5.452343e+00 -7.797936e+00 -3.664531e+00 -1.292900e+01 -3.057745e+00 -3.760911e+00 1.120372e+00 -8.346209e+00 -3.887979e+00 -5.631052e+00 -1.734017e+00 -5.652876e+00 1.761923e+01 6.883179e-02 9.292570e-01 2.307582e-01 -1.986992e-01 -1.314535e-01 -8.906136e-02 -2.932190e-01 7.894086e-02 3.928788e-01 -1.370811e-01 7.680120e-02 1.240528e-02 -2.762560e-01 -4.005429e-02 -7.254593e-02 -8.900278e-02 1.945098e-01 1.092564e-01 -8.827965e-02 -1.661036e-02 -4.499082e-03 -4.075129e-02 1.307962e-02 7.343557e-02 3.239654e-02 -1.781837e-02
<VARIANCE> 39
 7.532957e+00 2.308227e+01 1.185605e+01 2.986161e+01 3.748551e+01 2.150761e+01 2.415381e+01 3.057003e+01 4.223452e+01 2.629461e+01 2.688158e+01 2.787900e+01 2.629673e+00 3.400083e-01 7.375223e-01 6.409140e-01 2.733264e+00 1.682199e+00 1.393107e+00 9.393060e-01 1.417219e+00 1.594533e+00 1.266509e+00 1.316770e+00 1.013066e+00 6.816831e-02 5.715315e-02 1.022115e-01 9.524430e-02 3.010293e-01 2.342657e-01 2.509307e-01 1.675228e-01 2.084460e-01 2.011731e-01 1.717509e-01 2.163382e-01 1.726064e-01 9.083106e-03
<GCONST> 8.298343e+01
<TRANSP> 5
 0.000000e+00 1.000000e+00 0.000000e+00 0.000000e+00 0.000000e+00
 0.000000e+00 9.300286e-01 6.997143e-02 0.000000e+00 0.000000e+00
 0.000000e+00 0.000000e+00 9.152327e-01 8.476726e-02 0.000000e+00
 0.000000e+00 0.000000e+00 0.000000e+00 8.980123e-01 1.019877e-01
 0.000000e+00 0.000000e+00 0.000000e+00 0.000000e+00 0.000000e+00
<ENDHMM>
~h "four"
<BEGINHMM>
<NUMSTATES> 5
<STATE> 2
<MEAN> 39
 -7.667979e+00 -6.677975e+00 -5.470885e+00 -9.688684e+00 -1.112669e+00 -4.543394e+00 -5.189195e-01 -8.560038e+00 -2.271115e+00 -5.732525e+00 1.121531e+00 -4.080844e+00 1.494331e+01 3.137405e-01 1.465394e-02 -3.778149e-01 -2.939549e-01 -1.125182e-01 -9.209529e-02 -1.320412e-01 -8.630992e-03 1.231682e-01 1.054418e-01 -1.629069e-02 -4.074615e-02 1.258061e-01 2.438252e-01 9.815275e-02 -1.170147e-01 -1.288217e-01 -5.304522e-02 -1.112783e-01 -1.098202e-01 -1.809408e-02 -8.173628e-03 7.020035e-03 -7.391341e-02 -1.029539e-01 1.065386e-01
<VARIANCE> 39
 4.655798e+00 4.193252e+00 6.876131e+00 8.703770e+00 1.156803e+01 1.419038e+01 1.488130e+01 1.611101e+01 1.490074e+01 1.410067e+01 1.539690e+01 1.167661e+01 9.116327e-01 1.046991e+00 4.637264e-01 5.766599e-01 6.437494e-01 6.049622e-01 9.842450e-01 9.577804e-01 8.519424e-01 8.544726e-01 7.821562e-01 1.037529e+00 8.674172e-01 1.654414e-01 5.929678e-02 5.711634e-02 1.015148e-01 1.069140e-01 1.041874e-01 1.639020e-01 1.311714e-01 1.613827e-01 1.551112e-01 1.347680e-01 1.544569e-01 1.329694e-01 6.555593e-03
<GCONST> 6.410790e+01
<STATE> 3
<MEAN> 39
 1.545431e+00 -3.506363e+00 -1.204597e+01 -1.693913e+01 -4.004430e+00 -6.246354e+00 -3.255014e+00 -8.958948e+00 -1.451413e+00 -3.992041e+00 3.066659e-01 -6.856392e+00 1.889493e+01 3.433287e-01 -1.623114e-01 -3.558492e-01 -7.215031e-02 6.821087e-02 -2.290608e-02 -2.270896e-01 1.736968e-01 3.472342e-01 1.048207e-01 -2.364336e-01 -2.329653e-01 1.595036e-01 -1.727927e-01 -1.511118e-01 1.446095e-01 2.267844e-01 4.010187e-02 -2.949842e-02 4.305803e-02 1.087351e-01 4.689660e-02 -7.877609e-02 -5.253276e-02 5.703017e-02 -6.697614e-02
<VARIANCE> 39
 4.228364e+00 1.022137e+01 1.029208e+01 1.432986e+01 2.460253e+01 1.721128e+01 1.818638e+01 1.709364e+01 2.334570e+01 2.481175e+01 3.750435e+01 3.594336e+01 1.116053e+00 5.912428e-01 7.439777e-01 7.231970e-01 1.240847e+00 9.895882e-01 7.948816e-01 9.115137e-01 9.643456e-01 1.307606e+00 1.180676e+00 1.372176e+00 1.243454e+00 1.038387e-01 4.872014e-02 4.641075e-02 9.628024e-02 8.305401e-02 1.340508e-01 1.434998e-01 1.544323e-01 1.396346e-01 1.799982e-01 1.932661e-01 2.021895e-01 1.820095e-01 7.091008e-03
<GCONST> 7.299009e+01
<STATE> 4
<MEAN> 39
 -5.434055e-01 -1.072200e+01 -7.322331e+00 -8.565515e+00 -5.391478e+00 -8.704334e+00 -2.324090e+00 -4.896393e+00 1.824586e-01 -7.540299e+00 -3.910475e+00 -7.426186e+00 1.840868e+01 -6.129223e-01 7.477230e-02 1.055906e+00 4.895397e-01 -3.433081e-01 7.619818e-02 5.980955e-01 -1.811596e-01 -6.239152e-01 -3.439851e-01 1.658498e-01 3.014289e-01 -2.432868e-01 -8.999572e-02 2.380639e-01 -4.458177e-02 -1.996195e-01 1.165044e-01 1.960433e-01 3.101460e-02 -1.858399e-01 -1.287498e-01 1.032576e-01 1.745590e-01 4.437444e-02 -4.961908e-02
<VARIANCE> 39
 7.333525e+00 1.779871e+01 3.181618e+01 1.828189e+01 4.521993e+01 3.700784e+01 3.509560e+01 4.319942e+01 4.621452e+01 3.482811e+01 3.460139e+01 3.076809e+01 1.741887e+00 2.972434e-01 1.587476e+00 9.178630e-01 1.626338e+00 2.564517e+00 2.221653e+00 1.718456e+00 2.564675e+00 1.885375e+00 1.705911e+00 1.828960e+00 1.123822e+00 5.834173e-02 2.926332e-02 1.346104e-01 2.064890e-01 1.690317e-01 4.287871e-01 2.940465e-01 3.516335e-01 3.668631e-01 3.851955e-01 2.816539e-01 3.092347e-01 2.124488e-01 3.411621e-03
<GCONST> 9.085535e+01
<TRANSP> 5
 0.000000e+00 1.000000e+00 0.000000e+00 0.000000e+00 0.000000e+00
 0.000000e+00 9.011111e-01 9.888886e-02 0.000000e+00 0.000000e+00
 0.000000e+00 0.000000e+00 9.186867e-01 8.131325e-02 0.000000e+00
 0.000000e+00 0.000000e+00 0.000000e+00 8.810222e-01 1.189778e-01
 0.000000e+00 0.000000e+00 0.000000e+00 0.000000e+00 0.000000e+00
<ENDHMM>
~h "zero"
<BEGINHMM>
<NUMSTATES> 5
<STATE> 2
<MEAN> 39
 -6.760769e+00 -3.059823e+00 -4.887753e+00 -7.467763e+00 -1.266960e+00 -3.807206e+00 -1.415545e+00 -8.520973e+00 -3.458880e+00 -5.106967e+00 5.882598e-01 -4.555988e+00 1.523170e+01 -8.133122e-02 3.322901e-01 1.420048e-01 -3.053631e-01 -2.142702e-01 -2.747509e-01 -1.778920e-01 -1.208700e-01 1.238079e-01 2.199521e-01 -1.239868e-02 -4.037301e-04 1.064593e-01 6.818934e-02 1.069801e-01 1.513710e-01 -2.258006e-01 -1.460090e-01 -2.463957e-01 -6.504369e-02 -7.540297e-02 6.217664e-02 1.083637e-02 -2.251669e-02 -5.417246e-02 8.256657e-02
<VARIANCE> 39
 7.737237e+00 1.029803e+01 1.429225e+01 1.362021e+01 1.784571e+01 1.929871e+01 1.878864e+01 1.950251e+01 2.378083e+01 2.086157e+01 1.977918e+01 1.678653e+01 1.209003e+00 4.214644e-01 7.292817e-01 1.004829e+00 9.504579e-01 8.893782e-01 1.751502e+00 9.594730e-01 1.103094e+00 1.068071e+00 8.961685e-01 1.006295e+00 1.002339e+00 1.193329e-01 5.257331e-02 9.181218e-02 1.144397e-01 1.198010e-01 1.238100e-01 1.945604e-01 1.597961e-01 1.731116e-01 1.607527e-01 1.399789e-01 1.706963e-01 1.584814e-01 7.956692e-03
<GCONST> 7.321236e+01
<STATE> 3
<MEAN> 39
 -5.573705e+00 3.294456e-01 8.216895e-01 -1.661497e+01 -7.764359e+00 -9.185186e+00 -4.633974e+00 -8.626534e+00 -3.967990e-02 -3.792792e+00 1.193299e-01 -6.765323e+00 1.834682e+01 3.392489e-01 -6.320665e-01 4.800168e-01 -2.521012e-01 -1.099763e+00 1.297129e-01 1.650894e-01 1.518378e-01 3.303332e-01 -5.505022e-02 2.430767e-02 -1.517857e-01 1.934683e-01 4.379826e-02 -2.622353e-01 -1.703789e-01 3.405152e-01 1.420530e-02 1.360727e-01 1.895488e-01 7.298790e-02 -7.238849e-02 -4.789592e-02 -7.714548e-03 6.366244e-02 -6.122874e-02
<VARIANCE> 39
 7.301600e+00 1.966170e+01 1.714658e+01 2.750525e+01 5.882372e+01 3.975512e+01 3.186746e+01 4.328087e+01 3.237472e+01 3.001298e+01 3.376411e+01 4.982933e+01 1.153686e+00 4.310025e-01 1.769845e+00 8.605468e-01 2.683279e+00 1.666146e+00 2.655616e+00 1.736626e+00 1.478235e+00 1.338572e+00 1.173705e+00 1.138466e+00 1.378577e+00 7.286795e-02 5.120080e-02 1.120447e-01 1.218753e-01 1.866131e-01 2.400152e-01 3.933011e-01 2.237905e-01 2.430729e-01 2.192661e-01 1.775501e-01 1.718539e-01 2.126421e-01 4.549954e-03
<GCONST> 8.735230e+01
<STATE> 4
<MEAN> 39
 -1.643713e+00 -9.935710e+00 -4.580702e+00 -9.814875e+00 -9.173366e+00 -8.390689e+00 4.875891e-02 -4.359023e+00 -3.134853e-01 -6.680724e+00 -1.068768e+00 -5.907994e+00 1.846132e+01 -4.055236e-03 4.785202e-02 -4.238938e-01 2.069167e-01 6.965806e-01 -3.707057e-02 6.893363e-03 7.720698e-02 -1.449269e-01 -9.912676e-02 -4.149020e-02 5.455412e-02 -1.004069e-01 -8.123232e-02 1.020381e-01 5.307720e-02 -8.320414e-02 8.762930e-02 7.366050e-02 -5.922805e-02 -6.305324e-02 -2.299036e-02 2.560160e-02 2.579050e-02 8.141386e-03 -2.418626e-02
<VARIANCE> 39
 6.046588e+00 2.025851e+01 2.577088e+01 2.559762e+01 6.109149e+01 5.166555e+01 3.783352e+01 3.633842e+01 4.399775e+01 3.589592e+01 2.596859e+01 3.310172e+01 1.513577e+00 2.988306e-01 8.197135e-01 7.849323e-01 1.002098e+00 1.224778e+00 1.835973e+00 1.582297e+00 1.897654e+00 1.650820e+00 1.478519e+00 1.054760e+00 9.574435e-01 3.802495e-02 2.895310e-02 5.189077e-02 8.322378e-02 1.129205e-01 1.893800e-01 2.359316e-01 2.064316e-01 2.033532e-01 2.222877e-01 2.010756e-01 1.524596e-01 1.417806e-01 2.419595e-03
<GCONST> 8.027855e+01
<TRANSP> 5
 0.000000e+00 1.000000e+00 0.000000e+00 0.000000e+00 0.000000e+00
 0.000000e+00 8.902798e-01 1.097203e-01 0.000000e+00 0.000000e+00
 0.000000e+00 0.000000e+00 8.980258e-01 1.019742e-01 0.000000e+00
 0.000000e+00 0.000000e+00 0.000000e+00 9.445652e-01 5.543474e-02
 0.000000e+00 0.000000e+00 0.000000e+00 0.000000e+00 0.000000e+00
<ENDHMM>
