~o
<STREAMINFO> 1 39
<VECSIZE> 39<NULLD><MFCC_E_D_A><DIAGC>
~h "eight"
<BEGINHMM>
<NUMSTATES> 5
<STATE> 2
<MEAN> 39
 -7.524317e+00 -3.425205e+00 -5.693413e+00 -1.668150e+01 -6.472559e-01 -5.182560e+00 5.464696e-01 -6.746518e+00 -1.554655e+00 -6.763754e+00 -1.027601e+00 -5.331610e+00 1.714916e+01 -1.900095e-01 7.575389e-01 -8.186409e-02 -7.814490e-01 3.923094e-02 -4.146148e-01 5.496939e-02 2.967902e-01 3.011605e-01 4.556450e-02 -9.448390e-02 -9.567140e-02 2.139851e-01 3.509511e-02 8.253909e-02 1.092919e-02 8.964472e-02 -4.103848e-02 -1.680748e-01 -8.082524e-02 -2.285111e-02 2.704931e-02 6.061703e-02 5.858488e-02 -4.576705e-03 3.463636e-03
<VARIANCE> 39
 1.075572e+01 2.305909e+01 1.835845e+01 3.944755e+01 4.045791e+01 2.353770e+01 2.441594e+01 2.433791e+01 3.137280e+01 2.547028e+01 2.575895e+01 2.447287e+01 3.380889e+00 3.360933e-01 9.650986e-01 6.847298e-01 1.411198e+00 1.254017e+00 1.634332e+00 1.348146e+00 1.128190e+00 1.374370e+00 1.216735e+00 1.140069e+00 1.007750e+00 1.229761e-01 4.082829e-02 8.491959e-02 8.461763e-02 2.011326e-01 1.478580e-01 1.778281e-01 1.529693e-01 1.814235e-01 2.320955e-01 1.695052e-01 1.833549e-01 1.573074e-01 1.323963e-02
<GCONST> 8.183716e+01
<STATE> 3
<MEAN> 39
 -7.935243e+00 5.476043e+00 -4.908555e+00 -1.664711e+01 -2.357284e+00 -1.441950e+01 -3.035341e+00 -8.590958e+00 -1.333359e+00 -4.426845e+00 9.895481e-01 -5.287167e+00 1.807282e+01 2.038456e-01 -4.290628e-01 1.808130e-01 9.720736e-01 1.361471e-01 6.938283e-02 -3.419730e-01 -6.694680e-01 -5.148569e-01 -4.115793e-02 2.100228e-01 1.946023e-01 -2.363383e-01 1.021105e-02 -3.328981e-01 -3.043637e-02 6.395087e-02 4.254457e-02 3.532627e-01 1.234235e-01 5.586749e-02 -2.346946e-02 -9.194362e-02 -6.258029e-02 3.912832e-03 -6.257625e-02
<VARIANCE> 39
 9.284509e+00 1.350736e+01 2.250821e+01 3.248485e+01 1.967629e+01 2.420489e+01 5.254483e+01 3.438078e+01 4.415774e+01 2.637344e+01 3.191341e+01 2.703328e+01 1.959839e+00 2.642214e-01 1.895682e+00 4.088328e-01 7.647151e-01 7.868074e-01 2.502140e+00 1.307343e+00 1.116786e+00 1.804264e+00 1.195095e+00 1.398751e+00 1.008702e+00 6.759168e-02 3.641409e-02 9.029929e-02 5.905445e-02 1.265749e-01 9.250815e-02 1.745006e-01 1.630082e-01 2.078771e-01 2.767968e-01 1.690466e-01 1.958891e-01 1.643084e-01 4.024217e-03
<GCONST> 7.874338e+01
<STATE> 4
<MEAN> 39
 -7.116769e+00 -6.541069e+00 -5.514881e+00 -1.004293e+01 -1.215375e+00 -4.682475e+00 -8.409383e-01 -8.921488e+00 -3.019660e+00 -5.935844e+00 9.428698e-01 -4.004979e+00 1.468662e+01 -7.179832e-02 -3.660454e-01 -1.176297e-01 1.204234e-01 -4.112467e-02 3.696086e-01 1.855408e-01 1.810013e-01 1.167376e-01 8.798152e-03 1.649081e-02 9.387753e-03 -9.300522e-02 -5.685047e-03 1.757348e-01 1.040011e-02 -6.684002e-02 -1.211833e-02 -1.464314e-01 -4.599063e-02 -1.503976e-02 -6.331793e-03 2.179342e-02 -5.186308e-03 -1.391502e-02 4.871768e-02
<VARIANCE> 39
 4.560894e+00 6.159129e+00 8.314757e+00 9.574128e+00 1.262566e+01 1.589429e+01 1.697649e+01 1.696684e+01 1.732070e+01 1.627313e+01 1.523353e+01 1.399439e+01 1.034502e+00 2.099293e-01 8.405216e-01 4.288101e-01 5.955224e-01 4.862405e-01 1.170443e+00 9.931189e-01 8.546670e-01 9.812949e-01 7.909753e-01 7.432471e-01 7.057054e-01 4.874180e-02 3.460023e-02 9.647738e-02 7.128526e-02 1.091524e-01 9.177048e-02 1.887647e-01 1.756934e-01 1.504276e-01 1.623779e-01 1.354730e-01 1.324255e-01 1.272722e-01 4.818409e-03
<GCONST> 6.216206e+01
<TRANSP> 5
 0.000000e+00 1.000000e+00 0.000000e+00 0.000000e+00 0.000000e+00
 0.000000e+00 9.121937e-01 8.780629e-02 0.000000e+00 0.000000e+00
 0.000000e+00 0.000000e+00 8.976240e-01 1.023760e-01 0.000000e+00
 0.000000e+00 0.000000e+00 0.000000e+00 9.213892e-01 7.861087e-02
 0.000000e+00 0.000000e+00 0.000000e+00 0.000000e+00 0.000000e+00
<ENDHMM>
~h "oh"
<BEGINHMM>
<NUMSTATES> 5
<STATE> 2
<MEAN> 39
 -5.072905e+00 -9.817541e+00 -7.833381e+00 -8.759858e+00 -2.347719e+00 -7.078438e+00 2.847757e+00 -7.616871e+00 -4.773008e+00 -6.878156e+00 -1.687977e+00 -4.955317e+00 1.721408e+01 4.015597e-01 -2.821488e-01 -5.485504e-01 2.171543e-01 1.401625e-01 -4.945706e-01 2.322898e-01 5.781047e-01 -1.037479e-01 -3.932616e-01 -3.404432e-01 -6.349606e-02 2.903820e-01 6.013409e-02 8.892407e-02 -1.210246e-02 -5.544884e-02 1.547179e-02 -6.012437e-02 -1.276605e-01 1.861831e-02 1.092554e-01 1.494945e-03 -5.272231e-02 -5.050197e-02 1.424360e-02
<VARIANCE> 39
 8.382317e+00 1.228219e+01 1.538582e+01 1.591972e+01 2.185691e+01 2.340164e+01 2.846191e+01 5.757666e+01 3.748623e+01 3.054214e+01 2.663988e+01 2.711326e+01 3.812016e+00 4.045039e-01 5.595050e-01 6.603165e-01 6.405977e-01 7.460980e-01 1.180174e+00 1.235328e+00 1.815303e+00 1.533160e+00 1.309645e+00 1.311777e+00 1.082004e+00 1.254163e-01 4.813061e-02 7.023267e-02 8.521728e-02 8.555454e-02 1.118070e-01 1.482320e-01 1.609972e-01 2.226751e-01 2.095435e-01 1.953586e-01 2.000354e-01 1.548820e-01 1.713555e-02
<GCONST> 7.894449e+01
<STATE> 3
<MEAN> 39
 -4.965963e-01 -8.085555e+00 -1.303811e+01 -1.018379e+01 -8.909636e-01 -1.201037e+01 -8.892481e-01 -1.284805e+00 1.939258e-01 -7.884261e+00 -5.009702e+00 -6.855102e+00 1.903839e+01 2.239067e-01 4.083356e-01 -6.300029e-03 -3.375473e-01 -6.150998e-02 -1.964617e-02 -6.569716e-01 -2.515029e-01 6.164253e-01 5.838713e-01 3.178721e-02 -3.234853e-01 -1.058179e-02 -4.688033e-02 2.213261e-02 1.000645e-01 -1.014027e-02 -5.009496e-02 8.897680e-02 1.630321e-02 -1.447874e-01 -8.520388e-02 7.581897e-02 1.148444e-01 2.391890e-02 -2.662399e-02
<VARIANCE> 39
 6.028928e+00 9.347401e+00 1.555831e+01 1.589687e+01 1.975417e+01 2.333683e+01 4.428235e+01 3.314376e+01 4.055780e+01 3.755706e+01 3.123154e+01 3.914727e+01 1.183735e+00 8.543303e-02 1.427005e-01 2.976727e-01 2.936641e-01 3.913104e-01 5.535883e-01 7.245918e-01 1.116326e+00 7.998059e-01 8.947303e-01 8.656528e-01 6.944235e-01 1.391791e-02 1.175630e-02 1.537126e-02 3.537055e-02 3.572029e-02 4.852976e-02 7.178195e-02 8.156161e-02 1.012436e-01 1.109302e-01 1.075000e-01 9.628420e-02 9.289263e-02 1.245801e-03
<GCONST> 5.396381e+01
<STATE> 4
<MEAN> 39
 -7.418374e-01 -3.730199e+00 -8.383308e+00 -1.248795e+01 -3.622053e+00 -9.300127e+00 -4.000137e+00 -8.066684e+00 -2.979610e-01 -3.366262e+00 3.569797e-01 -6.248657e+00 1.795416e+01 -5.069045e-01 1.202998e-01 7.349995e-01 2.727190e-01 1.213861e-02 5.559268e-01 3.365038e-01 -4.405217e-01 -5.363588e-01 -1.885753e-01 3.968873e-01 4.349125e-01 -2.802324e-01 -1.126514e-01 -1.140012e-01 -2.908004e-02 7.595345e-02 9.950937e-02 8.985754e-02 1.345904e-01 9.031347e-02 -3.953684e-02 -1.066714e-01 -6.855638e-02 5.315239e-02 -3.464257e-02
<VARIANCE> 39
 9.361532e+00 7.810210e+00 2.079552e+01 1.825481e+01 1.941331e+01 2.692004e+01 3.110313e+01 2.683562e+01 3.199021e+01 4.008413e+01 3.906113e+01 3.790233e+01 2.412509e+00 3.826952e-01 4.593659e-01 5.507371e-01 6.217659e-01 8.842404e-01 1.264739e+00 1.251874e+00 1.298651e+00 1.305792e+00 1.263463e+00 1.279159e+00 1.245754e+00 5.453467e-02 3.299595e-02 4.469847e-02 8.896676e-02 8.728142e-02 1.096995e-01 1.661355e-01 1.871807e-01 1.997286e-01 2.127137e-01 2.068777e-01 1.755924e-01 1.748504e-01 4.194911e-03
<GCONST> 7.532740e+01
<TRANSP> 5
 0.000000e+00 1.000000e+00 0.000000e+00 0.000000e+00 0.000000e+00
 0.000000e+00 9.027606e-01 9.723938e-02 0.000000e+00 0.000000e+00
 0.000000e+00 0.000000e+00 9.042473e-01 9.575280e-02 0.000000e+00
 0.000000e+00 0.000000e+00 0.000000e+00 8.838432e-01 1.161568e-01
 0.000000e+00 0.000000e+00 0.000000e+00 0.000000e+00 0.000000e+00
<ENDHMM>
~h "seven"
<BEGINHMM>
<NUMSTATES> 5
<STATE> 2
<MEAN> 39
 -8.806638e+00 -4.769283e+00 -7.050023e+00 -8.596655e+00 -2.107396e+00 -3.131442e+00 -1.276508e+00 -8.136147e+00 -2.909429e+00 -5.214482e+00 6.799245e-01 -3.793394e+00 1.484347e+01 4.741145e-02 -4.084793e-02 -4.356907e-02 -3.256984e-01 -2.671278e-01 -1.353354e-01 2.667650e-01 1.513745e-02 1.375781e-01 -7.733337e-04 -2.047788e-01 -6.332440e-02 1.080883e-01 1.303979e-01 9.204725e-03 8.983051e-02 -1.476357e-01 -1.309363e-01 -1.120200e-01 8.732999e-02 -1.238439e-02 2.002493e-02 -2.644497e-02 -8.712230e-02 -9.269783e-02 9.199277e-02
<VARIANCE> 39
 8.339975e+00 1.013035e+01 1.380077e+01 1.310765e+01 1.612600e+01 1.582006e+01 1.759686e+01 1.745255e+01 1.826358e+01 1.723363e+01 1.706741e+01 1.463344e+01 9.047267e-01 7.144123e-01 4.608472e-01 8.613420e-01 9.991090e-01 9.701372e-01 1.283293e+00 9.959630e-01 8.575956e-01 1.029544e+00 1.155907e+00 9.210109e-01 9.517394e-01 1.512426e-01 5.368415e-02 6.783885e-02 9.750181e-02 1.360509e-01 1.662413e-01 1.770662e-01 1.648983e-01 1.456986e-01 1.700096e-01 1.546174e-01 1.450091e-01 1.504833e-01 8.093943e-03
<GCONST> 7.123419e+01
<STATE> 3
<MEAN> 39
 -5.558074e+00 -7.172778e+00 -5.193472e+00 -1.591174e+01 -6.355660e+00 -4.897012e+00 4.772486e+00 -8.475005e+00 -2.770163e+00 -6.761119e+00 -3.975048e+00 -6.626519e+00 1.896182e+01 1.894534e-01 -2.722627e-01 1.233813e-01 3.882833e-02 -6.137351e-02 -1.088006e-01 2.446581e-01 2.681849e-01 -2.807244e-01 -5.543027e-02 -6.964449e-02 -1.107267e-01 1.236366e-01 -4.178003e-02 7.839750e-02 1.111914e-02 2.926457e-01 1.553700e-01 -2.480863e-02 -2.548967e-01 3.867865e-02 -2.091171e-02 1.592023e-02 1.771702e-01 7.159720e-02 -1.270850e-01
<VARIANCE> 39
 9.614647e+00 1.303329e+01 9.436711e+00 1.827780e+01 4.580248e+01 3.937848e+01 3.187668e+01 3.950840e+01 4.652962e+01 5.849231e+01 3.255421e+01 3.130153e+01 1.240814e+00 4.410261e-01 5.954201e-01 4.993331e-01 1.548395e+00 1.671524e+00 1.672650e+00 1.827652e+00 1.089302e+00 1.392669e+00 1.776832e+00 1.809613e+00 1.326401e+00 2.114269e-01 8.204690e-02 9.001200e-02 9.646612e-02 1.114839e-01 2.523419e-01 2.721471e-01 1.781218e-01 1.666771e-01 2.018927e-01 2.407534e-01 2.262372e-01 1.834979e-01 6.062323e-03
<GCONST> 8.474818e+01
<STATE> 4
<MEAN> 39
 -3.244348e+00 -3.881840e+00 -1.891206e+00 -9.521946e+00 -3.365974e+00 -8.015686e+00 -1.088918e+00 -8.732978e+00 -4.324251e+00 -7.120047e+00 -1.906865e+00 -7.105260e+00 1.713247e+01 1.768352e-02 2.205663e-01 1.049610e-01 2.065499e-01 3.193767e-01 1.039543e-01 -2.925300e-01 -2.637340e-01 8.569287e-02 -1.439318e-02 1.277885e-01 4.227526e-02 -1.184136e-01 -5.595607e-02 -7.367307e-02 -7.384492e-02 -8.778023e-02 -2.233400e-02 9.372146e-02 1.106989e-01 -4.596291e-03 1.866138e-02 1.745074e-02 -3.220642e-02 2.023119e-02 1.415735e-02
<VARIANCE> 39
 4.974840e+00 1.019478e+01 9.926708e+00 1.395348e+01 2.822468e+01 3.043305e+01 2.586526e+01 4.089526e+01 3.293279e+01 3.570391e+01 3.328816e+01 2.974877e+01 1.533694e+00 2.533943e-01 5.250472e-01 5.539064e-01 8.538653e-01 1.339953e+00 1.253489e+00 1.628736e+00 1.363170e+00 1.438484e+00 1.411169e+00 1.273560e+00 9.896283e-01 9.358753e-02 3.738626e-02 7.812200e-02 8.698363e-02 1.507713e-01 2.341873e-01 2.027749e-01 2.726192e-01 2.366428e-01 2.360251e-01 2.409603e-01 2.174073e-01 1.500706e-01 1.437083e-02
<GCONST> 7.928008e+01
<TRANSP> 5
 0.000000e+00 1.000000e+00 0.000000e+00 0.000000e+00 0.000000e+00
 0.000000e+00 9.125738e-01 8.742618e-02 0.000000e+00 0.000000e+00
 0.000000e+00 0.000000e+00 9.003658e-01 9.963413e-02 0.000000e+00
 0.000000e+00 0.000000e+00 0.000000e+00 9.365584e-01 6.344162e-02
 0.000000e+00 0.000000e+00 0.000000e+00 0.000000e+00 0.000000e+00
<ENDHMM>
~h "three"
<BEGINHMM>
<NUMSTATES> 5
<STATE> 2
<MEAN> 39
 -7.753094e+00 -6.035273e+00 -4.949142e+00 -1.011977e+01 -8.176937e-01 -4.845855e+00 -5.888023e-01 -8.498262e+00 -2.602038e+00 -5.425552e+00 9.830312e-01 -3.779374e+00 1.488863e+01 1.181834e-01 -8.363517e-02 2.207196e-01 -4.797838e-02 -4.167410e-01 -2.858680e-01 -6.849167e-02 1.494155e-02 7.425314e-02 3.189608e-02 1.361300e-02 4.292653e-04 9.208807e-02 1.742205e-01 2.254110e-02 1.428294e-01 1.952341e-03 -2.577673e-01 -1.755565e-01 -7.574128e-02 -1.877720e-02 1.537875e-02 -9.218111e-03 -3.924748e-02 -7.054614e-02 8.471647e-02
<VARIANCE> 39
 5.400803e+00 6.329585e+00 9.779351e+00 1.060191e+01 1.435538e+01 1.431225e+01 1.606510e+01 1.761143e+01 1.951323e+01 1.776077e+01 1.686061e+01 1.459229e+01 1.170451e+00 7.019904e-01 5.235446e-01 8.963112e-01 7.510084e-01 1.499184e+00 1.312559e+00 9.016348e-01 1.036179e+00 9.999556e-01 9.323065e-01 9.825648e-01 9.153183e-01 1.193085e-01 5.916798e-02 9.076422e-02 9.846707e-02 1.380229e-01 2.011593e-01 1.855363e-01 1.564497e-01 2.030751e-01 1.781605e-01 1.662449e-01 1.641536e-01 1.611112e-01 4.958376e-03
<GCONST> 7.052029e+01
<STATE> 3
<MEAN> 39
 -2.518146e+00 -6.783525e+00 2.449306e+00 -1.140190e+01 -1.369863e+01 -9.363313e+00 -3.152561e+00 -9.428341e+00 -9.451797e-03 -5.130508e+00 1.270109e-01 -5.735048e+00 1.823541e+01 -6.862534e-02 4.227138e-01 6.951800e-01 -1.049856e+00 -3.996476e-01 3.060213e-01 -8.254077e-01 1.096470e-01 3.076130e-01 -2.807260e-02 6.153185e-02 -1.674214e-01 2.367496e-01 -2.156723e-01 2.146456e-01 -2.005206e-01 -1.428174e-01 5.230258e-01 4.712452e-02 -5.941770e-02 1.143462e-01 -1.140719e-01 -2.023097e-02 2.135151e-02 3.956059e-02 -6.774365e-02
<VARIANCE> 39
 6.507164e+00 1.457572e+01 2.008424e+01 4.937663e+01 4.245373e+01 6.100880e+01 3.522891e+01 3.826548e+01 3.064139e+01 2.820659e+01 3.707787e+01 3.334343e+01 1.447084e+00 9.619792e-01 1.476630e+00 9.228677e-01 2.725306e+00 4.895105e+00 3.382435e+00 2.206995e+00 1.969151e+00 1.296624e+00 1.095892e+00 1.152276e+00 1.164598e+00 6.899498e-02 6.798224e-02 1.290742e-01 1.773856e-01 3.907538e-01 3.806301e-01 6.812707e-01 3.772565e-01 2.755094e-01 2.400971e-01 1.746555e-01 1.705917e-01 1.637533e-01 3.908579e-03
<GCONST> 9.265438e+01
<STATE> 4
<MEAN> 39
 -6.590529e+00 3.298147e+00 -7.803431e-01 -1.672942e+01 -2.106731e+00 -1.135583e+01 -6.399189e+00 -7.962182e+00 -3.159458e+00 -5.505672e+00 -3.370881e-01 -6.525791e+00 1.789478e+01 -2.819987e-02 6.329294e-02 -6.391472e-01 7.253089e-01 7.234766e-01 -1.648664e-01 5.492659e-01 -8.268673e-02 -3.564524e-01 1.202879e-02 -7.059456e-02 5.073605e-02 -1.956447e-01 5.814670e-02 -2.881097e-01 2.509474e-03 1.697313e-01 -2.211483e-01 1.819735e-01 1.647794e-01 -6.734701e-02 9.742368e-02 8.240453e-03 2.041686e-02 2.496875e-02 -3.092064e-02
<VARIANCE> 39
 7.580522e+00 1.700892e+01 1.909980e+01 3.484715e+01 2.704738e+01 2.948762e+01 4.823321e+01 4.778452e+01 3.321840e+01 3.976905e+01 4.240144e+01 3.677534e+01 1.619892e+00 3.151326e-01 1.882907e+00 6.700064e-01 1.043723e+00 1.834877e+00 2.559853e+00 1.467132e+00 1.693763e+00 1.384673e+00 1.287920e+00 1.031998e+00 9.705030e-01 3.582555e-02 4.748392e-02 9.098823e-02 9.640326e-02 2.205411e-01 1.814741e-01 2.352850e-01 2.696345e-01 2.497832e-01 1.837019e-01 1.709957e-01 1.443273e-01 1.353050e-01 2.469561e-03
<GCONST> 8.276369e+01
<TRANSP> 5
 0.000000e+00 1.000000e+00 0.000000e+00 0.000000e+00 0.000000e+00
 0.000000e+00 9.016222e-01 9.837784e-02 0.000000e+00 0.000000e+00
 0.000000e+00 0.000000e+00 8.936681e-01 1.063319e-01 0.000000e+00
 0.000000e+00 0.000000e+00 0.000000e+00 9.153341e-01 8.466588e-02
 0.000000e+00 0.000000e+00 0.000000e+00 0.000000e+00 0.000000e+00
<ENDHMM>
~h "one"
<BEGINHMM>
<NUMSTATES> 5
<STATE> 2
<MEAN> 39
 -4.518666e-01 -3.402732e+00 -8.443916e+00 -1.270273e+01 -1.875666e+00 -5.987652e+00 -2.275674e+00 -8.867922e+00 -2.601692e+00 -6.645993e+00 -1.475390e+00 -7.365986e+00 1.769859e+01 2.104080e-01 -3.606902e-01 -7.772001e-01 3.866484e-01 4.274730e-01 9.436943e-02 -2.048085e-01 2.134580e-01 1.819890e-01 -2.419201e-01 -3.084288e-01 -2.085138e-01 1.797018e-01 -1.118929e-01 -1.460641e-01 2.928353e-02 2.153442e-01 1.225968e-02 -9.389313e-02 -2.925490e-03 1.044307e-01 5.147739e-03 -7.578921e-02 2.511830e-03 7.602528e-02 -1.570868e-02
<VARIANCE> 39
 5.495381e+00 8.375053e+00 3.132986e+01 2.276472e+01 2.856272e+01 2.622866e+01 2.260895e+01 2.060508e+01 2.743953e+01 2.315652e+01 3.019636e+01 3.007917e+01 2.038566e+00 4.331098e-01 7.311475e-01 9.486021e-01 2.139357e+00 1.343985e+00 1.366087e+00 1.271953e+00 1.039799e+00 1.139389e+00 9.681859e-01 1.111000e+00 9.685575e-01 5.947195e-02 3.949691e-02 5.502319e-02 1.856300e-01 2.318585e-01 2.499826e-01 2.470869e-01 2.300187e-01 1.749955e-01 1.963422e-01 1.583915e-01 1.854127e-01 1.750195e-01 4.527940e-03
<GCONST> 7.904105e+01
<STATE> 3
<MEAN> 39
 -2.465500e+00 -1.063752e+01 -1.057810e+01 -1.816978e+00 -8.205023e-01 -9.426652e+00 -2.030224e+00 -4.360003e+00 -3.708408e+00 -1.158840e+01 -2.280308e+00 -6.160045e+00 1.852691e+01 -5.923263e-01 -3.130975e-01 1.360795e+00 4.865375e-01 -1.327682e+00 -2.683988e-01 1.140172e+00 -1.565437e-01 -8.915167e-01 -1.472338e-02 5.522435e-01 9.289159e-02 -5.213467e-02 3.157194e-02 3.182551e-01 2.336403e-01 -5.691834e-01 -9.459523e-02 3.616153e-01 5.219680e-02 -4.228510e-01 2.293302e-02 3.597718e-01 2.881308e-02 -1.620824e-01 -2.971566e-02
<VARIANCE> 39
 6.425665e+00 9.764920e+00 1.981049e+01 2.419565e+01 2.885913e+01 1.776341e+01 3.884073e+01 3.255232e+01 4.659225e+01 3.887030e+01 3.430856e+01 3.411116e+01 1.525043e+00 1.633397e-01 5.914845e-01 6.367595e-01 1.980105e+00 7.715959e-01 1.823230e+00 1.053354e+00 2.307847e+00 1.240649e+00 1.946862e+00 1.064880e+00 1.293221e+00 8.977748e-03 2.596296e-02 5.244816e-02 1.077591e-01 1.227780e-01 3.162093e-01 1.590595e-01 4.062695e-01 1.859195e-01 3.425943e-01 2.133382e-01 2.683232e-01 1.720602e-01 8.707159e-04
<GCONST> 7.673747e+01
<STATE> 4
<MEAN> 39
 -3.841148e+00 -4.380119e+00 -1.380825e+00 -8.920107e+00 -3.196662e+00 -6.281976e+00 -2.462203e+00 -1.221237e+01 -5.214549e+00 -8.497489e+00 -2.664946e+00 -8.175414e+00 1.759468e+01 -3.699180e-03 5.640243e-01 2.622541e-01 -4.548829e-01 4.116591e-01 1.698822e-01 -3.735639e-01 -2.333076e-01 1.575122e-01 1.861147e-01 -2.806522e-02 1.649860e-01 -1.759983e-01 -2.107980e-02 -1.171244e-01 -2.145119e-01 1.096537e-01 8.704246e-02 -2.722021e-02 2.046072e-02 1.849936e-01 4.516882e-02 -7.363483e-02 3.749605e-02 8.076089e-02 -1.677470e-02
<VARIANCE> 39
 6.725612e+00 2.077622e+01 9.946168e+00 1.740448e+01 2.093874e+01 4.195544e+01 3.341033e+01 3.282916e+01 4.008425e+01 4.409909e+01 3.259619e+01 3.568695e+01 1.337961e+00 3.443280e-01 1.010750e+00 9.863545e-01 1.216701e+00 8.805066e-01 1.865020e+00 1.353852e+00 1.411824e+00 1.573520e+00 1.478425e+00 1.085048e+00 1.050126e+00 2.735210e-02 5.694326e-02 1.045736e-01 8.382110e-02 1.278461e-01 1.951426e-01 2.806738e-01 2.505310e-01 1.784439e-01 2.218342e-01 2.216913e-01 1.661893e-01 1.590869e-01 2.928938e-03
<GCONST> 7.987330e+01
<TRANSP> 5
 0.000000e+00 1.000000e+00 0.000000e+00 0.000000e+00 0.000000e+00
 0.000000e+00 9.096031e-01 9.039687e-02 0.000000e+00 0.000000e+00
 0.000000e+00 0.000000e+00 8.314112e-01 1.685888e-01 0.000000e+00
 0.000000e+00 0.000000e+00 0.000000e+00 9.086896e-01 9.131033e-02
 0.000000e+00 0.000000e+00 0.000000e+00 0.000000e+00 0.000000e+00
<ENDHMM>
~h "sil"
<BEGINHMM>
<NUMSTATES> 5
<STATE> 2
<MEAN> 39
 -5.629682e+00 -5.381881e+00 -3.959651e+00 -9.043985e+00 -2.191673e-01 -4.181918e+00 -1.412738e-01 -8.546712e+00 -2.498047e+00 -5.830940e+00 5.866095e-01 -4.487345e+00 1.512055e+01 -2.989972e-01 -2.485915e-01 -1.857958e-01 -5.063173e-02 6.952570e-02 1.348577e-01 8.168900e-02 -1.639127e-03 1.418085e-02 1.866361e-02 1.135556e-01 5.824690e-02 -1.518541e-01 2.366803e-02 -7.471254e-03 -3.844200e-02 -6.360396e-02 -7.384113e-02 -6.420198e-02 -4.217936e-02 -1.951021e-03 -3.812985e-03 -6.770855e-03 -1.693940e-02 -5.217427e-03 2.531408e-02
<VARIANCE> 39
 6.971107e+00 8.607288e+00 9.564809e+00 1.168481e+01 1.486941e+01 1.538799e+01 1.765935e+01 1.877672e+01 2.046494e+01 1.954509e+01 1.858383e+01 1.638740e+01 1.209561e+00 1.686656e-01 3.746018e-01 4.430698e-01 5.866171e-01 7.339811e-01 8.284971e-01 8.454990e-01 9.076023e-01 9.109247e-01 8.356466e-01 9.046680e-01 7.998154e-01 2.155269e-02 2.201141e-02 4.568565e-02 6.338236e-02 7.749984e-02 1.032741e-01 1.189165e-01 1.186156e-01 1.276618e-01 1.369560e-01 1.216478e-01 1.281469e-01 1.153788e-01 2.526392e-03
<GCONST> 5.922230e+01
<STATE> 3
<MEAN> 39
 -7.156939e+00 -7.236735e+00 -5.866395e+00 -1.018523e+01 -1.012348e+00 -4.339155e+00 -3.654402e-01 -8.603598e+00 -2.680012e+00 -5.571366e+00 1.005066e+00 -4.037416e+00 1.452098e+01 -3.584089e-03 4.973666e-03 -6.192119e-03 3.801775e-03 1.879437e-03 4.715936e-03 1.254984e-03 -9.876123e-03 -4.555680e-03 1.094673e-02 -2.632249e-04 2.492629e-03 -1.193089e-03 -2.368225e-04 4.887828e-03 2.877430e-03 5.286452e-03 1.315838e-03 2.870351e-03 5.486798e-04 5.853374e-03 2.717769e-03 -8.293160e-04 -4.062810e-03 -3.430479e-03 1.584979e-03
<VARIANCE> 39
 3.027164e+00 3.564780e+00 6.172703e+00 8.254440e+00 1.253747e+01 1.387374e+01 1.474216e+01 1.582846e+01 1.623779e+01 1.398251e+01 1.548319e+01 1.300188e+01 1.028432e+00 5.842904e-02 1.319094e-01 2.563353e-01 3.600304e-01 4.751976e-01 6.449600e-01 6.224142e-01 6.900986e-01 6.643432e-01 5.534233e-01 6.422849e-01 5.676932e-01 2.417419e-03 1.073368e-02 2.426563e-02 4.638897e-02 6.443690e-02 8.854953e-02 1.218526e-01 1.105601e-01 1.289114e-01 1.215520e-01 9.644397e-02 1.150023e-01 1.070999e-01 5.051125e-04
<GCONST> 4.276595e+01
<STATE> 4
<MEAN> 39
 -8.044101e+00 -6.369825e+00 -6.079101e+00 -1.016941e+01 -1.188540e+00 -4.700856e+00 -5.106630e-01 -8.720682e+00 -2.519547e+00 -5.941769e+00 9.985312e-01 -4.417080e+00 1.453677e+01 3.422765e-03 1.545881e-01 2.794267e-02 1.227943e-02 -7.638165e-02 -6.394020e-02 -6.564984e-02 4.920997e-02 -5.532572e-02 -8.987440e-02 -1.027078e-01 -6.833626e-02 4.892002e-02 4.561752e-02 5.645866e-02 2.690551e-02 -6.752143e-03 -2.036768e-03 -2.716403e-02 -1.659548e-02 -1.573690e-02 -1.398948e-02 -1.821231e-02 -3.889857e-02 -1.456880e-02 3.347780e-02
<VARIANCE> 39
 5.361462e+00 5.850665e+00 7.452240e+00 1.031437e+01 1.202343e+01 1.461872e+01 1.655216e+01 1.791413e+01 1.851075e+01 1.737203e+01 1.645255e+01 1.416317e+01 1.276583e+00 2.534419e-01 3.365525e-01 3.772630e-01 5.664126e-01 6.053318e-01 7.375292e-01 7.088119e-01 9.202821e-01 8.939189e-01 7.990505e-01 7.762722e-01 6.718944e-01 2.073161e-02 3.954318e-02 5.724541e-02 6.069208e-02 9.818357e-02 9.287854e-02 1.226492e-01 1.060881e-01 1.502724e-01 1.416595e-01 1.225172e-01 1.118091e-01 9.929978e-02 4.412934e-03
<GCONST> 5.788789e+01
<TRANSP> 5
 0.000000e+00 1.000000e+00 0.000000e+00 0.000000e+00 0.000000e+00
 0.000000e+00 7.692397e-01 2.307603e-01 0.000000e+00 0.000000e+00
 0.000000e+00 0.000000e+00 9.590834e-01 4.091661e-02 0.000000e+00
 0.000000e+00 0.000000e+00 0.000000e+00 7.109259e-01 2.890741e-01
 0.000000e+00 0.000000e+00 0.000000e+00 0.000000e+00 0.000000e+00
<ENDHMM>
~h "six"
<BEGINHMM>
<NUMSTATES> 5
<STATE> 2
<MEAN> 39
 -9.124295e+00 -4.836953e+00 -7.749950e+00 -8.266639e+00 -2.438858e+00 -2.834773e+00 -1.487293e+00 -7.798926e+00 -3.116515e+00 -4.969311e+00 3.618712e-01 -3.493937e+00 1.461232e+01 2.726811e-02 1.591596e-01 1.186000e-01 -3.531419e-01 -3.868242e-01 -2.528200e-01 -1.307402e-02 8.920089e-03 1.418945e-01 1.896523e-01 -1.204979e-01 9.512195e-03 1.277529e-01 1.224180e-01 8.574616e-02 1.920704e-01 -2.156927e-01 -1.443492e-01 -1.911086e-01 -1.348163e-02 -1.142848e-02 4.335978e-02 1.788272e-02 -7.846197e-02 -1.185636e-01 9.579260e-02
<VARIANCE> 39
 5.881858e+00 7.824511e+00 1.145772e+01 1.170149e+01 1.691563e+01 1.670041e+01 1.585943e+01 1.681437e+01 1.957147e+01 2.023768e+01 1.844873e+01 1.536605e+01 1.012899e+00 5.537630e-01 4.715968e-01 1.205765e+00 1.010494e+00 1.007774e+00 1.470694e+00 8.038254e-01 8.137793e-01 1.030870e+00 1.294179e+00 9.459651e-01 9.358552e-01 1.411680e-01 4.636097e-02 5.967518e-02 9.845400e-02 1.366895e-01 1.730451e-01 1.833199e-01 1.418881e-01 1.549591e-01 1.804592e-01 1.774093e-01 1.522813e-01 1.540163e-01 7.503503e-03
<GCONST> 7.075551e+01
<STATE> 3
<MEAN> 39
 -6.389795e+00 -1.255084e+00 -8.810620e-01 -1.937228e+01 -7.577193e+00 -8.493302e+00 -2.595068e+00 -6.569140e+00 3.325138e-02 -3.820272e+00 -2.226169e+00 -7.108535e+00 1.817332e+01 6.033787e-02 -1.004580e-01 1.973094e-01 -2.318161e-01 3.399071e-01 1.645809e-01 -1.732648e-01 1.224701e-01 4.917453e-02 -1.716382e-01 1.772010e-01 -6.580626e-03 -4.431788e-02 -7.081278e-02 -1.914884e-01 -2.624974e-01 4.212634e-01 2.477778e-01 2.067547e-01 8.841413e-02 -7.030385e-02 -1.214316e-01 -5.252285e-02 1.186420e-01 1.339913e-01 -1.487445e-01
<VARIANCE> 39
 7.367369e+00 9.635597e+00 1.569742e+01 2.776346e+01 5.692444e+01 3.167277e+01 3.629293e+01 2.495916e+01 3.438404e+01 5.661711e+01 3.469410e+01 3.674877e+01 1.645047e+00 3.757045e-01 7.674609e-01 1.271301e+00 3.640178e+00 2.695807e+00 1.950656e+00 1.896175e+00 1.366034e+00 1.928482e+00 2.033425e+00 1.879827e+00 2.011311e+00 3.396144e-01 6.646574e-02 6.525157e-02 1.520792e-01 2.585392e-01 3.130457e-01 3.120063e-01 3.695940e-01 2.303204e-01 2.922211e-01 3.375136e-01 2.687100e-01 2.614650e-01 1.433633e-02
<GCONST> 9.337854e+01
<STATE> 4
<MEAN> 39
 -8.222577e+00 -6.451437e+00 -6.277396e+00 -9.275583e+00 -2.415953e+00 -3.256265e+00 -9.182772e-01 -8.615624e+00 -2.795307e+00 -5.153826e+00 7.408618e-01 -4.248634e+00 1.464349e+01 -7.442132e-02 -1.118075e-01 -2.389876e-01 2.870740e-01 3.500272e-02 6.666947e-02 1.390733e-01 -4.188129e-02 -8.121273e-02 -2.483324e-03 7.366335e-03 3.130453e-02 -6.889632e-02 2.173762e-02 7.154381e-02 7.432581e-02 -1.248945e-01 -5.118567e-02 -6.603899e-02 -5.131250e-02 3.815516e-02 2.469888e-02 6.733268e-03 -2.995417e-02 -2.922731e-02 4.497600e-02
<VARIANCE> 39
 7.836407e+00 8.036990e+00 1.202001e+01 1.253896e+01 1.775488e+01 1.684575e+01 1.688477e+01 1.718215e+01 1.742179e+01 1.762552e+01 1.547863e+01 1.427367e+01 1.310076e+00 3.471872e-01 5.518963e-01 7.463477e-01 9.087884e-01 9.875026e-01 1.059264e+00 1.026785e+00 9.108870e-01 8.760952e-01 8.051553e-01 7.558447e-01 6.350740e-01 5.456969e-02 4.509157e-02 7.355036e-02 1.100384e-01 1.327705e-01 1.825922e-01 1.706938e-01 1.655958e-01 1.667244e-01 1.581870e-01 1.441438e-01 1.370198e-01 1.246721e-01 7.388056e-03
<GCONST> 6.779649e+01
<TRANSP> 5
 0.000000e+00 1.000000e+00 0.000000e+00 0.000000e+00 0.000000e+00
 0.000000e+00 9.049472e-01 9.505282e-02 0.000000e+00 0.000000e+00
 0.000000e+00 0.000000e+00 8.983329e-01 1.016671e-01 0.000000e+00
 0.000000e+00 0.000000e+00 0.000000e+00 9.437304e-01 5.626967e-02
 0.000000e+00 0.000000e+00 0.000000e+00 0.000000e+00 0.000000e+00
<ENDHMM>
~h "two"
<BEGINHMM>
<NUMSTATES> 5
<STATE> 2
<MEAN> 39
 -9.639404e+00 -4.513428e+00 -6.580757e+00 -9.863557e+00 -9.720570e-01 -4.070671e+00 -1.373338e+00 -8.179419e+00 -2.537160e+00 -5.722521e+00 1.014199e+00 -3.721760e+00 1.495430e+01 -3.758134e-02 2.631157e-01 2.263391e-01 -3.008488e-01 -8.029457e-02 -1.059603e-02 -1.952115e-01 2.047996e-02 1.192920e-01 3.786972e-02 -4.395708e-03 -2.839689e-02 9.347523e-02 1.950340e-01 9.726297e-02 2.115324e-01 -1.064893e-01 -1.587311e-01 -1.867042e-01 -1.174422e-01 -6.690928e-02 -2.515952e-02 -1.346558e-03 -7.481495e-02 -1.170507e-01 8.904172e-02
<VARIANCE> 39
 9.732152e+00 8.411839e+00 1.057125e+01 1.130264e+01 1.669852e+01 1.858909e+01 1.761612e+01 1.993476e+01 2.015002e+01 2.109539e+01 2.063019e+01 1.756305e+01 9.683599e-01 1.154740e+00 7.385839e-01 1.484537e+00 7.320577e-01 1.243841e+00 1.212131e+00 9.533156e-01 1.050649e+00 1.054675e+00 1.129715e+00 1.398403e+00 9.929865e-01 1.174499e-01 1.107613e-01 1.110942e-01 1.232441e-01 1.199817e-01 2.136398e-01 1.859785e-01 1.655745e-01 1.895575e-01 1.984020e-01 1.764040e-01 2.621557e-01 1.380709e-01 7.422641e-03
<GCONST> 7.620207e+01
<STATE> 3
<MEAN> 39
 -4.756929e+00 1.149317e+00 1.778225e+00 -1.527068e+01 -6.598805e+00 -9.672947e+00 -6.598325e+00 -1.044178e+01 -2.516044e+00 -5.320363e+00 -1.030022e+00 -7.239760e+00 1.830119e+01 7.193313e-01 5.999740e-01 8.360470e-01 -6.091852e-01 -1.201092e+00 -1.150001e+00 -6.212693e-01 -3.241042e-01 -7.638580e-02 1.074629e-01 -2.783288e-01 -6.924757e-01 4.804424e-01 -2.461659e-01 -2.219685e-01 -4.234542e-01 2.838058e-01 2.397683e-01 2.108270e-01 2.293685e-01 1.474369e-01 -1.436246e-02 5.921969e-03 1.442221e-01 1.762002e-01 -1.356784e-01
<VARIANCE> 39
 7.637059e+00 8.201182e+00 1.359603e+01 2.286914e+01 4.094157e+01 2.664878e+01 2.842988e+01 2.392866e+01 3.044524e+01 5.369548e+01 4.334024e+01 4.700747e+01 1.220936e+00 6.002334e-01 6.134164e-01 9.871266e-01 1.413979e+00 1.245544e+00 1.154156e+00 1.636979e+00 1.535897e+00 1.877873e+00 2.038627e+00 2.554880e+00 1.859358e+00 8.416691e-02 6.196145e-02 5.703237e-02 8.188546e-02 1.318223e-01 2.159621e-01 1.828539e-01 2.050728e-01 1.926454e-01 2.096131e-01 2.724444e-01 2.909153e-01 2.224141e-01 8.053129e-03
<GCONST> 8.427509e+01
<STATE> 4
<MEAN> 39
 -3.074160e+00 -2.498575e-01 -1.582152e-01 -1.281027e+01 -6.631948e+00 -1.135588e+01 -5.742230e+00 -1.003087e+01 -3.079259e+00 -5.508289e+00 -1.510110e-01 -7.402934e+00 1.806439e+01 2.856229e-02 -3.108910e-01 -3.225635e-01 4.777228e-01 4.160357e-01 2.897233e-01 2.823408e-01 6.164509e-02 -7.978711e-02 -2.571248e-03 1.468309e-01 2.523631e-01 -1.813457e-01 -7.879090e-02 -6.534898e-02 -4.715130e-02 -2.747703e-03 8.374558e-02 1.333987e-01 8.168717e-02 3.501739e-02 2.799235e-02 -2.889677e-03 -1.432009e-02 4.589120e-02 -4.147493e-02
<VARIANCE> 39
 6.126957e+00 7.980886e+00 1.202320e+01 3.019340e+01 3.252042e+01 2.281904e+01 3.197463e+01 3.246527e+01 4.006971e+01 4.282223e+01 5.143113e+01 4.045082e+01 1.492831e+00 2.866640e-01 2.399531e-01 4.425736e-01 6.655242e-01 9.312068e-01 1.150724e+00 1.105539e+00 1.194717e+00 1.057024e+00 1.124071e+00 1.145986e+00 1.082552e+00 3.967656e-02 3.091888e-02 3.306120e-02 5.466446e-02 9.506731e-02 1.114157e-01 1.450113e-01 1.389045e-01 1.749011e-01 1.699728e-01 1.672946e-01 1.672981e-01 1.557807e-01 3.008827e-03
<GCONST> 7.111192e+01
<TRANSP> 5
 0.000000e+00 1.000000e+00 0.000000e+00 0.000000e+00 0.000000e+00
 0.000000e+00 9.084742e-01 9.152584e-02 0.000000e+00 0.000000e+00
 0.000000e+00 0.000000e+00 7.698603e-01 2.301397e-01 0.000000e+00
 0.000000e+00 0.000000e+00 0.000000e+00 9.201576e-01 7.984240e-02
 0.000000e+00 0.000000e+00 0.000000e+00 0.000000e+00 0.000000e+00
<ENDHMM>
~h "nine"
<BEGINHMM>
<NUMSTATES> 5
<STATE> 2
<MEAN> 39
 -4.077341e+00 -3.898060e+00 -1.677273e+00 -8.971146e+00 -2.804507e+00 -6.378191e+00 -1.642714e+00 -1.116136e+01 -5.117407e+00 -8.041989e+00 -2.887750e+00 -7.734889e+00 1.762904e+01 -1.811339e-01 -6.858076e-01 -2.834662e-01 4.408283e-01 -4.285456e-01 2.355714e-01 4.030299e-01 -1.731189e-01 -1.880329e-02 -1.236211e-01 -8.592809e-02 -8.366975e-02 2.069325e-01 -5.922475e-02 -1.590378e-01 -1.030371e-01 1.132279e-01 -5.452373e-03 -1.169723e-03 5.204888e-02 4.893670e-02 3.952445e-02 9.370453e-03 7.326279e-02 3.877711e-02 -9.215422e-03
<VARIANCE> 39
 8.090959e+00 1.916346e+01 1.444467e+01 1.669299e+01 2.834808e+01 2.875758e+01 3.145672e+01 2.650792e+01 4.734476e+01 3.538876e+01 3.033123e+01 3.281604e+01 1.829776e+00 4.871443e-01 1.494066e+00 1.080497e+00 1.097175e+00 1.264091e+00 1.393842e+00 1.627395e+00 1.205142e+00 1.553545e+00 1.157376e+00 1.183343e+00 1.006630e+00 4.894977e-02 6.265645e-02 1.682050e-01 1.288506e-01 1.425369e-01 2.181613e-01 2.178723e-01 2.447264e-01 1.814132e-01 2.032968e-01 1.691318e-01 1.711288e-01 1.443608e-01 4.463018e-03
<GCONST> 8.221033e+01
<STATE> 3
<MEAN> 39
 -6.347527e+00 -1.160442e+01 -4.860508e+00 -2.734695e+00 -5.693743e+00 -5.250022e+00 1.736059e+00 -1.135922e+01 -5.539677e+00 -9.015326e+00 -1.699772e+00 -7.646741e+00 1.861514e+01 -1.102202e-01 9.686125e-02 2.307478e-01 -2.420484e-01 -2.305149e-02 2.140793e-01 -1.050669e-01 -8.696233e-02 1.959005e-01 5.474239e-02 -5.526796e-02 4.596756e-02 -2.113692e-02 2.517171e-03 1.935469e-01 6.929490e-02 -2.402583e-01 4.426306e-02 6.240259e-02 -1.060979e-01 1.121223e-02 7.537659e-02 -1.084906e-02 -6.778201e-02 2.441987e-02 -1.480030e-02
<VARIANCE> 39
 7.253240e+00 8.472353e+00 2.450037e+01 3.236940e+01 1.900659e+01 3.083621e+01 3.095137e+01 3.397373e+01 4.391691e+01 4.150165e+01 2.842896e+01 3.075455e+01 1.006126e+00 8.384614e-02 3.840291e-01 4.111281e-01 1.132713e+00 5.000377e-01 6.241731e-01 5.587708e-01 5.153653e-01 6.511045e-01 6.707073e-01 6.806697e-01 5.420509e-01 4.827255e-03 1.133341e-02 3.005361e-02 4.127561e-02 5.547943e-02 7.264978e-02 7.246995e-02 7.391036e-02 8.095080e-02 8.281087e-02 8.716507e-02 7.873295e-02 7.922970e-02 3.983417e-04
<GCONST> 5.405607e+01
<STATE> 4
<MEAN> 39
 -5.408925e+00 -2.488680e+00 -1.320184e+00 -1.141010e+01 -1.443066e+00 -5.341784e+00 -3.676824e+00 -1.048139e+01 -3.509040e+00 -8.117105e+00 -2.930931e+00 -6.527733e+00 1.769446e+01 2.317144e-01 5.105867e-01 -3.094588e-03 -1.016892e-01 4.411187e-01 -2.479236e-01 -2.011411e-01 2.756140e-01 -1.277937e-01 8.107432e-02 2.108433e-01 1.169409e-01 -1.723585e-01 -2.715163e-02 -1.583066e-01 -8.625406e-02 1.474553e-01 -3.839220e-02 -6.089429e-03 1.204323e-01 1.985685e-02 -5.447827e-02 4.231440e-02 7.832238e-02 -9.554905e-03 -2.022999e-02
<VARIANCE> 39
 1.166846e+01 1.632522e+01 1.132168e+01 2.321631e+01 3.171831e+01 3.320281e+01 3.064783e+01 2.993112e+01 4.733521e+01 3.817845e+01 3.626937e+01 3.985378e+01 1.211669e+00 5.065149e-01 1.171871e+00 6.359949e-01 1.643070e+00 1.303738e+00 1.550624e+00 1.528429e+00 1.269753e+00 1.658815e+00 1.184171e+00 1.105878e+00 1.068939e+00 2.538148e-02 7.071370e-02 8.681925e-02 9.031522e-02 1.779846e-01 1.819092e-01 2.449429e-01 1.820609e-01 2.039846e-01 2.436523e-01 1.943308e-01 1.735394e-01 1.451955e-01 2.221683e-03
<GCONST> 8.083678e+01
<TRANSP> 5
 0.000000e+00 1.000000e+00 0.000000e+00 0.000000e+00 0.000000e+00
 0.000000e+00 9.012502e-01 9.874973e-02 0.000000e+00 0.000000e+00
 0.000000e+00 0.000000e+00 9.153503e-01 8.464974e-02 0.000000e+00
 0.000000e+00 0.000000e+00 0.000000e+00 9.176031e-01 8.239689e-02
 0.000000e+00 0.000000e+00 0.000000e+00 0.000000e+00 0.000000e+00
<ENDHMM>
~h "five"
<BEGINHMM>
<NUMSTATES> 5
<STATE> 2
<MEAN> 39
 -6.145353e+00 -8.579069e+00 -7.592476e+00 -9.225058e+00 -4.230740e-01 -6.121437e+00 6.975930e-03 -6.825466e+00 -3.778246e+00 -6.490678e+00 -3.219109e-01 -4.546301e+00 1.643807e+01 1.118050e-01 -6.872255e-01 -4.785998e-01 3.255054e-01 2.195621e-01 -2.712220e-01 2.421199e-01 2.802871e-01 -3.435884e-01 -1.302751e-01 -1.266218e-01 1.666449e-02 2.472865e-01 -1.684988e-03 -5.659994e-03 5.737546e-02 4.688897e-02 -1.725375e-02 -3.236704e-02 -1.989659e-02 -4.940865e-02 -1.732766e-02 2.411812e-02 1.545929e-02 -1.459381e-02 2.061958e-02
<VARIANCE> 39
 1.125198e+01 1.815391e+01 1.972021e+01 1.332434e+01 1.797001e+01 2.025478e+01 1.944238e+01 3.697205e+01 2.612179e+01 2.326823e+01 2.203213e+01 1.616224e+01 4.948160e+00 7.423168e-01 6.844003e-01 8.868324e-01 8.866049e-01 8.226811e-01 1.096092e+00 9.428326e-01 1.701096e+00 1.496829e+00 1.271828e+00 1.231867e+00 8.357584e-01 2.129087e-01 1.004223e-01 1.065273e-01 1.570926e-01 1.148711e-01 1.338447e-01 1.695193e-01 1.473376e-01 2.760091e-01 2.348386e-01 1.802747e-01 1.906077e-01 1.286203e-01 2.516611e-02
<GCONST> 8.141035e+01
<STATE> 3
<MEAN> 39
 -5.829910e+00 -1.543208e+01 -8.489589e+00 -3.791507e+00 1.364194e+00 -9.061784e+00 2.480585e+00 -7.543465e+00 -7.266443e+00 -5.482922e+00 -5.596477e-01 -4.576600e+00 1.903887e+01 -1.610333e-01 9.881370e-02 4.891213e-01 -2.808354e-01 -2.718482e-01 4.465803e-01 6.804511e-02 -3.852471e-01 3.469814e-02 2.820532e-01 5.019194e-02 -7.338834e-02 -4.962926e-02 4.119493e-02 1.198993e-01 1.074245e-02 -1.944129e-01 -5.746692e-02 8.541054e-02 -2.819501e-02 2.903901e-02 6.260742e-02 -5.057405e-02 -7.345657e-02 -1.855370e-02 -1.597173e-02
<VARIANCE> 39
 9.235529e+00 9.516533e+00 2.487408e+01 2.134836e+01 1.890437e+01 2.361060e+01 1.802782e+01 4.020392e+01 4.783456e+01 4.513334e+01 2.691068e+01 2.542699e+01 1.368737e+00 9.077780e-02 1.726035e-01 2.727435e-01 6.954185e-01 5.202843e-01 5.777712e-01 5.082278e-01 5.121700e-01 6.401109e-01 6.122549e-01 5.999664e-01 4.835865e-01 5.997600e-03 1.192116e-02 2.521040e-02 3.123396e-02 4.833082e-02 5.224708e-02 5.349403e-02 5.804975e-02 6.689408e-02 9.045407e-02 8.805484e-02 6.807338e-02 7.103819e-02 9.688347e-04
<GCONST> 5.083693e+01
<STATE> 4
<MEAN> 39
 -5.452395e+00 -7.798162e+00 -3.664714e+00 -1.292933e+01 -3.057845e+00 -3.760877e+00 1.120406e+00 -8.346092e+00 -3.888030e+00 -5.631060e+00 -1.734019e+00 -5.653002e+00 1.761937e+01 6.895837e-02 9.293768e-01 2.307939e-01 -1.987846e-01 -1.315877e-01 -8.908964e-02 -2.932274e-01 7.891084e-02 3.928485e-01 -1.370574e-01 7.673006e-02 1.233874e-02 -2.762189e-01 -4.002708e-02 -7.254163e-02 -8.900411e-02 1.945916e-01 1.092600e-01 -8.830055e-02 -1.665425e-02 -4.515225e-03 -4.075431e-02 1.309658e-02 7.344994e-02 3.240499e-02 -1.782472e-02
<VARIANCE> 39
 7.533107e+00 2.308245e+01 1.185583e+01 2.986153e+01 3.748614e+01 2.150834e+01 2.415419e+01 3.057111e+01 4.223576e+01 2.629441e+01 2.688216e+01 2.787953e+01 2.629525e+00 3.400326e-01 7.374076e-01 6.409184e-01 2.733144e+00 1.682089e+00 1.393086e+00 9.393048e-01 1.417220e+00 1.594572e+00 1.266551e+00 1.316848e+00 1.013080e+00 6.819296e-02 5.715520e-02 1.022107e-01 9.524719e-02 3.009346e-01 2.342663e-01 2.509228e-01 1.675267e-01 2.084450e-01 2.011770e-01 1.717466e-01 2.163433e-01 1.726194e-01 9.082177e-03
<GCONST> 8.298358e+01
<TRANSP> 5
 0.000000e+00 1.000000e+00 0.000000e+00 0.000000e+00 0.000000e+00
 0.000000e+00 9.300385e-01 6.996150e-02 0.000000e+00 0.000000e+00
 0.000000e+00 0.000000e+00 9.152320e-01 8.476802e-02 0.000000e+00
 0.000000e+00 0.000000e+00 0.000000e+00 8.980059e-01 1.019941e-01
 0.000000e+00 0.000000e+00 0.000000e+00 0.000000e+00 0.000000e+00
<ENDHMM>
~h "four"
<BEGINHMM>
<NUMSTATES> 5
<STATE> 2
<MEAN> 39
 -7.667621e+00 -6.677810e+00 -5.470648e+00 -9.688790e+00 -1.112553e+00 -4.543472e+00 -5.189699e-01 -8.559961e+00 -2.271116e+00 -5.732474e+00 1.121442e+00 -4.080832e+00 1.494338e+01 3.138338e-01 1.474724e-02 -3.778502e-01 -2.939823e-01 -1.125261e-01 -9.206010e-02 -1.320317e-01 -8.570917e-03 1.231804e-01 1.055084e-01 -1.625317e-02 -4.077226e-02 1.258381e-01 2.438174e-01 9.813516e-02 -1.170314e-01 -1.288146e-01 -5.304006e-02 -1.112586e-01 -1.097993e-01 -1.808145e-02 -8.184164e-03 7.009650e-03 -7.390776e-02 -1.029498e-01 1.065351e-01
<VARIANCE> 39
 4.657666e+00 4.193457e+00 6.876478e+00 8.704014e+00 1.156782e+01 1.418994e+01 1.488088e+01 1.611069e+01 1.489993e+01 1.410063e+01 1.539703e+01 1.167685e+01 9.116797e-01 1.047065e+00 4.639193e-01 5.766310e-01 6.437180e-01 6.049654e-01 9.842672e-01 9.577658e-01 8.519974e-01 8.544629e-01 7.821144e-01 1.037502e+00 8.674505e-01 1.654565e-01 5.929441e-02 5.711771e-02 1.015155e-01 1.069119e-01 1.041821e-01 1.638896e-01 1.311688e-01 1.613806e-01 1.551101e-01 1.347689e-01 1.544513e-01 1.329648e-01 6.555363e-03
<GCONST> 6.410857e+01
<STATE> 3
<MEAN> 39
 1.545540e+00 -3.506079e+00 -1.204608e+01 -1.693925e+01 -4.004871e+00 -6.246485e+00 -3.255047e+00 -8.958974e+00 -1.451340e+00 -3.992062e+00 3.068324e-01 -6.856421e+00 1.889500e+01 3.433107e-01 -1.623345e-01 -3.558470e-01 -7.216955e-02 6.820381e-02 -2.290293e-02 -2.270718e-01 1.736730e-01 3.472254e-01 1.047987e-01 -2.364448e-01 -2.329479e-01 1.594964e-01 -1.728058e-01 -1.511373e-01 1.446060e-01 2.267970e-01 4.013291e-02 -2.949192e-02 4.305387e-02 1.087218e-01 4.690696e-02 -7.877231e-02 -5.253179e-02 5.703611e-02 -6.698079e-02
<VARIANCE> 39
 4.227968e+00 1.022244e+01 1.029040e+01 1.432918e+01 2.460277e+01 1.721146e+01 1.818636e+01 1.709348e+01 2.334693e+01 2.481169e+01 3.750478e+01 3.594286e+01 1.115805e+00 5.912064e-01 7.438615e-01 7.231897e-01 1.240829e+00 9.895774e-01 7.948635e-01 9.115139e-01 9.642975e-01 1.307602e+00 1.180657e+00 1.372135e+00 1.243437e+00 1.038317e-01 4.871603e-02 4.642889e-02 9.628288e-02 8.305278e-02 1.340593e-01 1.435020e-01 1.544316e-01 1.396360e-01 1.799934e-01 1.932644e-01 2.021902e-01 1.820074e-01 7.090534e-03
<GCONST> 7.298955e+01
<STATE> 4
<MEAN> 39
 -5.429630e-01 -1.072219e+01 -7.323088e+00 -8.565809e+00 -5.391739e+00 -8.704754e+00 -2.323941e+00 -4.895565e+00 1.831755e-01 -7.540128e+00 -3.910859e+00 -7.426209e+00 1.840886e+01 -6.129137e-01 7.465564e-02 1.055962e+00 4.896477e-01 -3.433458e-01 7.616533e-02 5.981637e-01 -1.811751e-01 -6.240171e-01 -3.440964e-01 1.658262e-01 3.014699e-01 -2.432772e-01 -9.001570e-02 2.380764e-01 -4.453343e-02 -1.996030e-01 1.165277e-01 1.960443e-01 3.099982e-02 -1.858926e-01 -1.287909e-01 1.032560e-01 1.745545e-01 4.439764e-02 -4.962685e-02
<VARIANCE> 39
 7.333443e+00 1.779962e+01 3.181577e+01 1.828337e+01 4.522190e+01 3.700928e+01 3.509683e+01 4.319432e+01 4.621214e+01 3.482875e+01 3.460000e+01 3.076931e+01 1.741637e+00 2.971725e-01 1.587487e+00 9.179322e-01 1.626267e+00 2.564562e+00 2.221737e+00 1.718491e+00 2.564765e+00 1.885272e+00 1.705945e+00 1.829046e+00 1.123808e+00 5.832940e-02 2.926793e-02 1.346432e-01 2.064870e-01 1.690593e-01 4.288335e-01 2.940586e-01 3.516548e-01 3.668483e-01 3.851874e-01 2.816699e-01 3.092499e-01 2.124637e-01 3.411663e-03
<GCONST> 9.085587e+01
<TRANSP> 5
 0.000000e+00 1.000000e+00 0.000000e+00 0.000000e+00 0.000000e+00
 0.000000e+00 9.011174e-01 9.888253e-02 0.000000e+00 0.000000e+00
 0.000000e+00 0.000000e+00 9.186854e-01 8.131465e-02 0.000000e+00
 0.000000e+00 0.000000e+00 0.000000e+00 8.810125e-01 1.189875e-01
 0.000000e+00 0.000000e+00 0.000000e+00 0.000000e+00 0.000000e+00
<ENDHMM>
~h "zero"
<BEGINHMM>
<NUMSTATES> 5
<STATE> 2
<MEAN> 39
 -6.758293e+00 -3.060500e+00 -4.886817e+00 -7.466916e+00 -1.265840e+00 -3.807507e+00 -1.414177e+00 -8.520058e+00 -3.457424e+00 -5.106228e+00 5.900492e-01 -4.556101e+00 1.523185e+01 -8.168662e-02 3.317997e-01 1.414033e-01 -3.041795e-01 -2.133695e-01 -2.738178e-01 -1.777404e-01 -1.205281e-01 1.233318e-01 2.201246e-01 -1.253753e-02 -1.921666e-04 1.060632e-01 6.806816e-02 1.068937e-01 1.512911e-01 -2.257027e-01 -1.459392e-01 -2.462595e-01 -6.497382e-02 -7.538825e-02 6.203251e-02 1.080007e-02 -2.262196e-02 -5.403857e-02 8.252284e-02
<VARIANCE> 39
 7.745265e+00 1.028899e+01 1.429257e+01 1.360974e+01 1.783382e+01 1.930318e+01 1.877996e+01 1.949864e+01 2.377122e+01 2.085650e+01 1.977674e+01 1.678341e+01 1.208759e+00 4.211776e-01 7.290952e-01 1.003729e+00 9.500532e-01 8.893874e-01 1.750851e+00 9.589726e-01 1.102116e+00 1.068048e+00 8.963247e-01 1.006105e+00 1.001664e+00 1.192582e-01 5.258036e-02 9.179072e-02 1.144104e-01 1.198328e-01 1.237967e-01 1.946385e-01 1.597981e-01 1.730632e-01 1.607256e-01 1.399874e-01 1.706428e-01 1.584614e-01 7.959005e-03
<GCONST> 7.320366e+01
<STATE> 3
<MEAN> 39
 -5.591146e+00 3.917570e-01 8.087028e-01 -1.662342e+01 -7.711085e+00 -9.222486e+00 -4.658632e+00 -8.629051e+00 -4.914167e-02 -3.802341e+00 1.259200e-01 -6.759957e+00 1.834438e+01 3.380700e-01 -6.252465e-01 4.882431e-01 -2.647617e-01 -1.102010e+00 1.289033e-01 1.555113e-01 1.537437e-01 3.346791e-01 -5.403596e-02 2.654790e-02 -1.551296e-01 1.948334e-01 4.514191e-02 -2.658480e-01 -1.692767e-01 3.431545e-01 9.680495e-03 1.400496e-01 1.907454e-01 7.242645e-02 -7.137039e-02 -4.764464e-02 -7.112273e-03 6.284884e-02 -6.162456e-02
<VARIANCE> 39
 7.282690e+00 1.918609e+01 1.718559e+01 2.744479e+01 5.850109e+01 3.938869e+01 3.188895e+01 4.335891e+01 3.245802e+01 3.001469e+01 3.379271e+01 4.994255e+01 1.156337e+00 4.295423e-01 1.775552e+00 8.558571e-01 2.665974e+00 1.664479e+00 2.654013e+00 1.728143e+00 1.475641e+00 1.340019e+00 1.175537e+00 1.141325e+00 1.379818e+00 7.312821e-02 5.099408e-02 1.107919e-01 1.223589e-01 1.857833e-01 2.376809e-01 3.919583e-01 2.244132e-01 2.434279e-01 2.199800e-01 1.773719e-01 1.723915e-01 2.131139e-01 4.550999e-03
<GCONST> 8.729339e+01
<STATE> 4
<MEAN> 39
 -1.649234e+00 -9.930541e+00 -4.552165e+00 -9.835896e+00 -9.200993e+00 -8.374615e+00 4.441242e-02 -4.371987e+00 -3.075414e-01 -6.663610e+00 -1.066961e+00 -5.913270e+00 1.846289e+01 -1.900374e-03 4.145553e-02 -4.248698e-01 2.118396e-01 6.907777e-01 -3.660898e-02 1.268823e-02 7.661851e-02 -1.452941e-01 -9.952074e-02 -4.254968e-02 5.556691e-02 -9.983818e-02 -8.146657e-02 1.026889e-01 5.164108e-02 -8.308905e-02 8.983114e-02 7.173343e-02 -5.900233e-02 -6.230425e-02 -2.364394e-02 2.520524e-02 2.531512e-02 8.729131e-03 -2.410930e-02
<VARIANCE> 39
 6.049110e+00 2.022919e+01 2.590837e+01 2.575511e+01 6.116112e+01 5.179501e+01 3.776565e+01 3.635806e+01 4.392157e+01 3.594083e+01 2.597988e+01 3.311852e+01 1.509563e+00 3.010755e-01 8.272463e-01 7.834830e-01 1.013144e+00 1.236154e+00 1.841192e+00 1.589504e+00 1.897707e+00 1.647639e+00 1.476360e+00 1.053337e+00 9.581105e-01 3.797780e-02 2.902761e-02 5.182857e-02 8.358633e-02 1.131008e-01 1.905059e-01 2.370547e-01 2.060879e-01 2.034526e-01 2.219701e-01 2.011901e-01 1.522616e-01 1.418972e-01 2.415900e-03
<GCONST> 8.034023e+01
<TRANSP> 5
 0.000000e+00 1.000000e+00 0.000000e+00 0.000000e+00 0.000000e+00
 0.000000e+00 8.903279e-01 1.096721e-01 0.000000e+00 0.000000e+00
 0.000000e+00 0.000000e+00 8.973135e-01 1.026866e-01 0.000000e+00
 0.000000e+00 0.000000e+00 0.000000e+00 9.447491e-01 5.525089e-02
 0.000000e+00 0.000000e+00 0.000000e+00 0.000000e+00 0.000000e+00
<ENDHMM>
