~o
<STREAMINFO> 1 39
<VECSIZE> 39<NULLD><MFCC_E_D_A><DIAGC>
~s "silst"
<MEAN> 39
 -6.464922e+00 -5.052610e+00 -4.071423e+00 -8.711141e+00 -3.025093e-01 -3.995601e+00 -4.305199e-01 -8.710615e+00 -2.666308e+00 -5.897733e+00 4.810224e-01 -4.633548e+00 1.510948e+01 -5.665645e-01 -5.074729e-01 -5.190647e-01 -9.958594e-02 5.161510e-02 3.682460e-01 2.512575e-01 1.717112e-01 1.323807e-01 8.549421e-02 2.178293e-01 2.491265e-01 -2.567166e-01 9.212609e-02 4.985110e-02 -2.748511e-03 -1.062263e-01 -1.341879e-01 -1.853886e-01 -1.072332e-01 -1.878517e-02 -2.143247e-02 -1.570151e-02 -5.291264e-02 -4.634597e-02 6.840859e-02
<VARIANCE> 39
 8.747916e+00 7.993577e+00 1.076581e+01 1.083203e+01 1.563583e+01 1.623692e+01 1.789804e+01 1.849713e+01 2.106957e+01 1.932891e+01 1.862441e+01 1.646663e+01 1.106211e+00 3.168073e-01 4.031487e-01 5.787429e-01 6.018544e-01 8.507649e-01 1.033584e+00 9.666796e-01 9.651436e-01 1.114482e+00 1.035054e+00 1.021144e+00 9.054650e-01 4.369882e-02 4.696684e-02 7.641672e-02 9.085568e-02 9.698136e-02 1.308906e-01 1.605031e-01 1.564824e-01 1.634821e-01 1.788447e-01 1.564919e-01 1.511824e-01 1.341763e-01 5.647142e-03
<GCONST> 6.694167e+01
~h "eight"
<BEGINHMM>
<NUMSTATES> 5
<STATE> 2
<MEAN> 39
 -8.246265e+00 -2.357529e+00 -5.950531e+00 -1.845666e+01 -1.358445e-01 -5.415673e+00 8.189367e-01 -6.471015e+00 -1.308639e+00 -7.139317e+00 -1.539400e+00 -5.695353e+00 1.749537e+01 -1.557042e-01 1.017074e+00 -5.431975e-02 -9.249253e-01 -9.259962e-02 -7.006130e-01 2.052789e-02 3.809406e-01 3.838761e-01 8.236244e-02 -1.179636e-01 -2.085383e-01 3.056175e-01 3.049364e-02 6.725951e-02 1.569287e-02 1.451786e-01 -5.135076e-02 -1.742557e-01 -8.722696e-02 -4.470595e-02 1.090421e-02 8.197540e-02 1.048754e-01 6.843177e-03 -1.742001e-02
<VARIANCE> 39
 7.962577e+00 2.255103e+01 2.023065e+01 3.235603e+01 4.109685e+01 2.284403e+01 2.739518e+01 2.335323e+01 3.182766e+01 2.256310e+01 2.340949e+01 2.452892e+01 3.156294e+00 3.280868e-01 7.065071e-01 6.587738e-01 1.357319e+00 1.196247e+00 1.385563e+00 1.405290e+00 1.003062e+00 1.328253e+00 1.179130e+00 1.157268e+00 9.510174e-01 1.041251e-01 3.946260e-02 8.257999e-02 8.039783e-02 1.945746e-01 1.444398e-01 1.600739e-01 1.449876e-01 1.699104e-01 2.318152e-01 1.564358e-01 1.679456e-01 1.477083e-01 1.277593e-02
<GCONST> 7.956523e+01
<STATE> 3
<MEAN> 39
 -7.953307e+00 5.700513e+00 -4.905532e+00 -1.667120e+01 -2.375059e+00 -1.463157e+01 -3.009076e+00 -8.559467e+00 -1.253915e+00 -4.248538e+00 1.175859e+00 -5.253058e+00 1.810949e+01 2.121460e-01 -4.080122e-01 1.881383e-01 9.949684e-01 1.525481e-01 4.061265e-02 -3.775241e-01 -7.159401e-01 -5.767488e-01 -4.823026e-02 2.068322e-01 1.999104e-01 -2.341090e-01 1.536567e-02 -3.534057e-01 -3.011528e-02 6.632829e-02 4.527266e-02 3.769592e-01 1.249593e-01 5.519445e-02 -3.271899e-02 -1.062894e-01 -7.876185e-02 4.000093e-03 -6.562530e-02
<VARIANCE> 39
 9.275217e+00 1.282359e+01 2.204590e+01 3.175084e+01 1.930147e+01 2.336385e+01 5.205386e+01 3.468710e+01 4.351811e+01 2.705477e+01 3.199784e+01 2.737101e+01 1.915104e+00 2.559501e-01 1.767901e+00 3.977559e-01 7.412614e-01 7.815043e-01 2.354060e+00 1.222506e+00 1.086212e+00 1.724916e+00 1.188284e+00 1.382336e+00 1.004474e+00 6.311653e-02 3.547905e-02 8.269686e-02 5.665283e-02 1.204627e-01 9.201677e-02 1.676521e-01 1.637615e-01 2.092139e-01 2.738877e-01 1.688784e-01 1.941909e-01 1.677455e-01 3.711625e-03
<GCONST> 7.781681e+01
<STATE> 4
<MEAN> 39
 -7.061930e+00 -5.464924e+00 -4.815958e+00 -1.010563e+01 -8.859055e-01 -5.566573e+00 -1.731407e+00 -9.700211e+00 -3.652089e+00 -6.256203e+00 8.070335e-01 -4.077419e+00 1.489423e+01 -1.361457e-01 -1.344119e+00 -3.298445e-01 3.214549e-01 -5.466366e-02 1.185844e+00 6.248120e-01 5.142379e-01 3.463823e-01 9.062966e-03 7.608353e-02 9.980315e-02 -3.380516e-01 -5.405719e-02 4.271827e-01 -5.500216e-03 -1.828493e-01 -6.180941e-02 -3.645248e-01 -6.606625e-02 -1.671370e-02 3.995308e-02 9.132714e-02 2.744945e-02 -2.966852e-02 1.019226e-01
<VARIANCE> 39
 6.242558e+00 9.053254e+00 1.052144e+01 1.059580e+01 1.252468e+01 1.773617e+01 2.060788e+01 1.890723e+01 2.085727e+01 1.827327e+01 1.686244e+01 1.353921e+01 1.256919e+00 3.075063e-01 1.005044e+00 6.167372e-01 8.604760e-01 5.316749e-01 1.495383e+00 1.357270e+00 9.648442e-01 1.557950e+00 1.158385e+00 9.716116e-01 8.568733e-01 5.540007e-02 5.055754e-02 9.141412e-02 9.709106e-02 1.310649e-01 9.139204e-02 1.970943e-01 2.404780e-01 1.887882e-01 2.338935e-01 1.790132e-01 1.781826e-01 1.469697e-01 4.692950e-03
<GCONST> 7.011566e+01
<TRANSP> 5
 0.000000e+00 1.000000e+00 0.000000e+00 0.000000e+00 0.000000e+00
 0.000000e+00 8.852768e-01 1.147233e-01 0.000000e+00 0.000000e+00
 0.000000e+00 0.000000e+00 8.924839e-01 1.075161e-01 0.000000e+00
 0.000000e+00 0.000000e+00 0.000000e+00 7.734833e-01 2.265167e-01
 0.000000e+00 0.000000e+00 0.000000e+00 0.000000e+00 0.000000e+00
<ENDHMM>
~h "oh"
<BEGINHMM>
<NUMSTATES> 5
<STATE> 2
<MEAN> 39
 -4.634738e+00 -1.026267e+01 -8.365826e+00 -8.563053e+00 -2.443449e+00 -7.600531e+00 3.470241e+00 -7.281249e+00 -5.297745e+00 -7.086248e+00 -2.254968e+00 -5.040943e+00 1.766377e+01 5.623215e-01 -2.420178e-01 -6.105457e-01 1.717528e-01 6.360121e-02 -7.282160e-01 1.668422e-01 7.028711e-01 -2.306495e-02 -4.344047e-01 -4.367111e-01 -1.333766e-01 3.844398e-01 2.586263e-02 9.327240e-02 -1.223934e-02 -5.342395e-02 3.600057e-02 -2.138835e-02 -1.379338e-01 1.918964e-02 1.351920e-01 2.289532e-02 -1.782688e-02 -3.711722e-02 -1.233683e-02
<VARIANCE> 39
 9.172121e+00 1.272017e+01 1.626784e+01 1.709341e+01 2.241539e+01 2.425624e+01 2.995296e+01 6.297994e+01 3.620978e+01 3.364469e+01 2.719226e+01 2.970890e+01 3.342157e+00 3.116373e-01 5.854781e-01 6.642529e-01 6.697820e-01 7.607820e-01 9.495350e-01 1.329387e+00 1.885488e+00 1.588599e+00 1.354079e+00 1.264434e+00 1.096458e+00 9.313017e-02 4.424265e-02 7.042636e-02 8.255396e-02 8.394109e-02 1.021473e-01 1.359290e-01 1.659681e-01 2.262404e-01 1.955836e-01 2.058553e-01 1.911637e-01 1.482658e-01 1.545360e-02
<GCONST> 7.846510e+01
<STATE> 3
<MEAN> 39
 -4.596674e-01 -8.012642e+00 -1.317466e+01 -1.025988e+01 -8.301617e-01 -1.215160e+01 -1.054081e+00 -1.023198e+00 3.106782e-01 -7.868141e+00 -5.029909e+00 -6.795420e+00 1.905168e+01 2.157727e-01 4.080947e-01 7.542871e-03 -3.422041e-01 -6.248168e-02 2.655880e-03 -6.692465e-01 -2.959426e-01 6.186557e-01 6.068153e-01 3.759414e-02 -3.343763e-01 -1.319463e-02 -4.664535e-02 2.109862e-02 1.031291e-01 -1.052976e-02 -5.319722e-02 9.195768e-02 2.255432e-02 -1.484201e-01 -9.367813e-02 7.635611e-02 1.183368e-01 2.462170e-02 -2.659363e-02
<VARIANCE> 39
 6.090200e+00 9.343942e+00 1.507293e+01 1.589840e+01 1.951921e+01 2.263229e+01 4.403172e+01 2.993355e+01 4.021852e+01 3.785023e+01 3.197640e+01 3.948772e+01 1.194470e+00 8.528529e-02 1.441297e-01 2.941977e-01 2.961579e-01 3.935269e-01 5.391681e-01 7.117718e-01 1.071816e+00 7.690330e-01 8.739612e-01 8.714313e-01 6.930031e-01 1.353719e-02 1.171597e-02 1.516367e-02 3.442999e-02 3.577102e-02 4.763753e-02 7.049251e-02 8.282882e-02 9.953468e-02 1.092009e-01 1.058573e-01 9.614946e-02 9.234948e-02 1.220942e-03
<GCONST> 5.353279e+01
<STATE> 4
<MEAN> 39
 -3.045739e-01 -3.426898e+00 -8.472543e+00 -1.277341e+01 -3.805880e+00 -9.748100e+00 -4.479348e+00 -8.070996e+00 -1.729708e-01 -3.163177e+00 1.201394e-01 -6.711767e+00 1.820396e+01 -5.359129e-01 1.588207e-01 8.115509e-01 2.806761e-01 5.303292e-03 5.913702e-01 3.545242e-01 -4.964049e-01 -5.842844e-01 -1.956284e-01 4.357794e-01 4.778635e-01 -3.001715e-01 -1.323356e-01 -1.363201e-01 -2.750429e-02 9.961909e-02 1.221228e-01 9.898177e-02 1.555616e-01 1.125254e-01 -4.286426e-02 -1.294982e-01 -8.605675e-02 5.735157e-02 -4.319775e-02
<VARIANCE> 39
 7.443051e+00 7.173002e+00 2.213258e+01 1.784415e+01 1.896618e+01 2.597210e+01 3.092248e+01 2.774604e+01 3.277057e+01 4.158797e+01 4.013889e+01 3.714764e+01 1.826398e+00 3.421485e-01 4.526192e-01 5.082663e-01 6.421694e-01 9.107628e-01 1.260766e+00 1.278170e+00 1.332138e+00 1.278644e+00 1.258062e+00 1.281549e+00 1.165164e+00 4.535844e-02 2.834639e-02 4.248490e-02 9.117730e-02 8.481786e-02 1.057693e-01 1.663987e-01 1.862361e-01 2.044993e-01 2.208672e-01 2.080303e-01 1.801768e-01 1.665475e-01 3.320330e-03
<GCONST> 7.399738e+01
<TRANSP> 5
 0.000000e+00 1.000000e+00 0.000000e+00 0.000000e+00 0.000000e+00
 0.000000e+00 8.807107e-01 1.192894e-01 0.000000e+00 0.000000e+00
 0.000000e+00 0.000000e+00 9.010111e-01 9.898887e-02 0.000000e+00
 0.000000e+00 0.000000e+00 0.000000e+00 8.684227e-01 1.315773e-01
 0.000000e+00 0.000000e+00 0.000000e+00 0.000000e+00 0.000000e+00
<ENDHMM>
~h "sp"
<BEGINHMM>
<NUMSTATES> 5
<STATE> 2
~s "silst"
<STATE> 3
<MEAN> 39
 -7.449017e+00 -6.536842e+00 -6.145416e+00 -9.868519e+00 -1.289355e+00 -4.212930e+00 -6.759263e-01 -8.652238e+00 -2.899834e+00 -5.673126e+00 9.176919e-01 -4.084044e+00 1.483141e+01 -4.884275e-02 1.792884e-02 -6.564350e-02 1.227161e-02 -1.000886e-02 7.275261e-03 -2.570161e-02 -7.729333e-03 -2.416125e-02 5.565558e-03 3.212167e-02 2.679688e-02 -6.062696e-03 2.734716e-02 5.188804e-02 4.010235e-02 9.002426e-03 3.904888e-03 -1.867788e-02 -1.613523e-02 -4.555344e-03 -1.618578e-03 -1.085950e-02 -1.861211e-02 -2.351345e-02 2.857588e-02
<VARIANCE> 39
 5.115389e+00 5.655701e+00 7.775545e+00 9.819716e+00 1.335557e+01 1.522576e+01 1.514263e+01 1.689609e+01 1.804839e+01 1.584984e+01 1.655699e+01 1.410771e+01 1.181402e+00 1.232542e-01 1.933846e-01 3.112753e-01 4.030955e-01 5.310039e-01 6.703724e-01 6.274880e-01 7.008432e-01 7.296013e-01 6.191633e-01 6.466207e-01 5.642359e-01 4.523528e-03 2.322940e-02 4.144806e-02 6.076352e-02 8.369599e-02 1.058788e-01 1.326294e-01 1.204441e-01 1.392084e-01 1.407880e-01 1.125255e-01 1.200986e-01 1.126315e-01 2.956364e-03
<GCONST> 5.179250e+01
<STATE> 4
<MEAN> 39
 -7.828757e+00 -5.626207e+00 -5.849930e+00 -9.564133e+00 -1.614896e+00 -4.524593e+00 -1.028483e+00 -8.625838e+00 -2.938153e+00 -5.731512e+00 7.488694e-01 -4.333397e+00 1.511678e+01 1.739939e-02 1.850056e-01 -1.166100e-02 -5.549452e-02 -1.486084e-02 -7.843895e-02 -4.452713e-03 6.463010e-02 -2.948485e-02 -4.550515e-02 -8.179876e-02 -1.014551e-02 1.088584e-01 1.608437e-01 7.336339e-02 3.722319e-02 -1.105989e-01 -7.133774e-02 -1.271451e-01 -2.384810e-02 2.513518e-03 1.410587e-02 -2.557839e-02 -9.949712e-02 -6.271658e-02 9.645025e-02
<VARIANCE> 39
 9.582792e+00 8.169616e+00 1.220802e+01 1.207019e+01 1.586887e+01 1.736809e+01 1.724407e+01 1.926965e+01 1.872064e+01 1.886480e+01 1.798380e+01 1.741068e+01 1.620229e+00 3.685356e-01 3.773937e-01 4.721394e-01 6.185420e-01 6.825784e-01 7.041776e-01 7.385433e-01 8.985185e-01 9.236595e-01 7.173053e-01 7.824707e-01 6.649027e-01 2.274734e-02 6.105847e-02 8.299678e-02 1.111512e-01 1.200610e-01 1.438490e-01 1.607452e-01 1.436156e-01 1.925772e-01 1.716929e-01 1.524922e-01 1.621590e-01 1.367074e-01 7.126834e-03
<GCONST> 6.600489e+01
<TRANSP> 5
 0.000000e+00 7.329124e-01 2.670876e-01 0.000000e+00 0.000000e+00
 0.000000e+00 7.513787e-01 2.486213e-01 0.000000e+00 0.000000e+00
 0.000000e+00 0.000000e+00 7.883745e-01 2.116255e-01 0.000000e+00
 0.000000e+00 0.000000e+00 0.000000e+00 4.907646e-01 5.092354e-01
 0.000000e+00 0.000000e+00 0.000000e+00 0.000000e+00 0.000000e+00
<ENDHMM>
~h "seven"
<BEGINHMM>
<NUMSTATES> 5
<STATE> 2
<MEAN> 39
 -9.500121e+00 -3.833116e+00 -8.073576e+00 -8.013144e+00 -2.993756e+00 -3.119392e+00 -1.372086e+00 -7.902504e+00 -2.743575e+00 -4.892054e+00 -2.906887e-02 -3.532681e+00 1.501198e+01 6.896584e-01 1.451979e-01 5.634937e-01 -9.380437e-01 -7.216828e-01 -6.744363e-01 6.126713e-01 -1.342088e-01 2.722041e-01 5.922249e-02 -5.542465e-01 -4.020015e-01 4.786228e-01 1.426559e-01 -7.298467e-02 9.871152e-02 -3.266654e-01 -2.220563e-01 -9.325161e-02 2.669514e-01 3.684466e-02 2.858814e-02 -3.687840e-02 -1.620512e-01 -1.658457e-01 1.451727e-01
<VARIANCE> 39
 9.889536e+00 1.107388e+01 1.610981e+01 1.390676e+01 1.652768e+01 1.625356e+01 1.808794e+01 1.759067e+01 1.887651e+01 1.879199e+01 1.808656e+01 1.549721e+01 1.266915e+00 5.101069e-01 3.974723e-01 6.521848e-01 1.204076e+00 1.157626e+00 1.463271e+00 1.211990e+00 9.902294e-01 1.039058e+00 1.836313e+00 1.003065e+00 1.043442e+00 1.175614e-01 6.749273e-02 6.009881e-02 1.121329e-01 1.169192e-01 1.947591e-01 2.042272e-01 1.571333e-01 1.619523e-01 1.825688e-01 2.039014e-01 1.515863e-01 1.679399e-01 8.801692e-03
<GCONST> 7.387592e+01
<STATE> 3
<MEAN> 39
 -5.573894e+00 -7.182796e+00 -5.194045e+00 -1.596052e+01 -6.320065e+00 -4.784199e+00 4.828692e+00 -8.570891e+00 -2.704504e+00 -6.753012e+00 -4.000469e+00 -6.534019e+00 1.896646e+01 1.799243e-01 -2.793875e-01 1.068576e-01 4.226082e-02 -5.569020e-02 -8.976809e-02 2.525794e-01 2.622514e-01 -3.014983e-01 -4.260295e-02 -6.087955e-02 -1.057652e-01 1.227464e-01 -3.959522e-02 8.065794e-02 1.323140e-02 2.988158e-01 1.525308e-01 -3.459052e-02 -2.595458e-01 4.478472e-02 -2.398362e-02 1.619469e-02 1.826203e-01 6.654175e-02 -1.292484e-01
<VARIANCE> 39
 9.576818e+00 1.283116e+01 9.335571e+00 1.794010e+01 4.624866e+01 3.932293e+01 3.159662e+01 3.865619e+01 4.649160e+01 5.904396e+01 3.254031e+01 3.169989e+01 1.252443e+00 4.329330e-01 5.838568e-01 4.925612e-01 1.521592e+00 1.660513e+00 1.656491e+00 1.768625e+00 1.082876e+00 1.350055e+00 1.771147e+00 1.797859e+00 1.312908e+00 2.058265e-01 8.240856e-02 8.918241e-02 9.606082e-02 1.100694e-01 2.556160e-01 2.731721e-01 1.766573e-01 1.616810e-01 2.004941e-01 2.421997e-01 2.275350e-01 1.858007e-01 5.934372e-03
<GCONST> 8.445679e+01
<STATE> 4
<MEAN> 39
 -3.201613e+00 -3.912282e+00 -1.910082e+00 -9.668068e+00 -3.922654e+00 -8.288843e+00 -9.230406e-01 -8.413472e+00 -4.433624e+00 -7.075238e+00 -1.983346e+00 -7.371782e+00 1.725327e+01 6.023107e-02 3.013929e-01 1.736561e-01 2.411668e-01 3.777794e-01 5.736369e-02 -3.701529e-01 -3.034303e-01 6.181768e-02 -4.171811e-02 1.317440e-01 3.762091e-02 -1.135993e-01 -5.598854e-02 -7.614956e-02 -7.066581e-02 -8.490153e-02 -6.771121e-03 1.096284e-01 1.115284e-01 -1.492363e-02 2.906515e-02 2.533515e-02 -3.790525e-02 3.238449e-02 1.319566e-02
<VARIANCE> 39
 4.944629e+00 1.102799e+01 1.008763e+01 1.418817e+01 2.823358e+01 3.100952e+01 2.681744e+01 4.371250e+01 3.292065e+01 3.815636e+01 3.464383e+01 2.978129e+01 1.463496e+00 2.322313e-01 5.182218e-01 5.337054e-01 9.027959e-01 1.396584e+00 1.330603e+00 1.705996e+00 1.404683e+00 1.444813e+00 1.458974e+00 1.334708e+00 9.954442e-01 9.651742e-02 3.786408e-02 8.494560e-02 9.006782e-02 1.553004e-01 2.481267e-01 2.151098e-01 2.906184e-01 2.445410e-01 2.409279e-01 2.514735e-01 2.281287e-01 1.498035e-01 1.549229e-02
<GCONST> 8.034371e+01
<TRANSP> 5
 0.000000e+00 1.000000e+00 0.000000e+00 0.000000e+00 0.000000e+00
 0.000000e+00 7.722055e-01 2.277945e-01 0.000000e+00 0.000000e+00
 0.000000e+00 0.000000e+00 9.000045e-01 9.999555e-02 0.000000e+00
 0.000000e+00 0.000000e+00 0.000000e+00 9.307279e-01 6.927206e-02
 0.000000e+00 0.000000e+00 0.000000e+00 0.000000e+00 0.000000e+00
<ENDHMM>
~h "three"
<BEGINHMM>
<NUMSTATES> 5
<STATE> 2
<MEAN> 39
 -7.882761e+00 -5.657760e+00 -4.137105e+00 -1.039477e+01 -1.052374e+00 -5.487048e+00 -7.156533e-01 -8.259074e+00 -2.634721e+00 -5.374564e+00 8.675622e-01 -3.687587e+00 1.509888e+01 8.113716e-01 5.946828e-02 9.173036e-01 8.111450e-02 -1.255018e+00 -8.779011e-01 -3.848041e-01 -6.372783e-02 9.387873e-02 -4.786915e-02 -1.567638e-01 -2.816423e-01 4.040358e-01 2.818673e-01 -9.364659e-02 1.847437e-01 5.288925e-02 -5.164653e-01 -2.537170e-01 -5.347758e-02 -3.509037e-02 7.665543e-02 2.319891e-02 -3.298936e-02 -8.335440e-02 9.949613e-02
<VARIANCE> 39
 6.883600e+00 7.710930e+00 1.143703e+01 1.328590e+01 1.742031e+01 1.816418e+01 1.772112e+01 2.002283e+01 2.093404e+01 1.876280e+01 2.065095e+01 1.477504e+01 1.324986e+00 5.987635e-01 5.979015e-01 5.913768e-01 1.119912e+00 1.637242e+00 1.788111e+00 8.713762e-01 1.187694e+00 1.173432e+00 9.723129e-01 1.376441e+00 1.085115e+00 5.294053e-02 6.969322e-02 1.043247e-01 1.080716e-01 1.960196e-01 1.683895e-01 2.630479e-01 1.632644e-01 2.229496e-01 1.998041e-01 1.775494e-01 2.255784e-01 1.875188e-01 5.066514e-03
<GCONST> 7.454485e+01
<STATE> 3
<MEAN> 39
 -2.475831e+00 -6.847411e+00 2.547410e+00 -1.143006e+01 -1.391371e+01 -9.348372e+00 -3.138172e+00 -9.436649e+00 6.183000e-02 -5.106358e+00 1.361772e-01 -5.778236e+00 1.827671e+01 -1.072530e-01 4.397829e-01 6.866875e-01 -1.091878e+00 -3.513246e-01 3.603612e-01 -8.327335e-01 1.205864e-01 3.143195e-01 -2.904559e-02 7.267560e-02 -1.658642e-01 2.276016e-01 -2.206215e-01 2.255644e-01 -2.045323e-01 -1.502708e-01 5.443724e-01 4.760680e-02 -6.411375e-02 1.192330e-01 -1.161498e-01 -2.197619e-02 2.311642e-02 4.175553e-02 -6.951465e-02
<VARIANCE> 39
 6.416870e+00 1.448801e+01 1.993922e+01 5.006458e+01 4.134208e+01 6.169637e+01 3.561889e+01 3.832210e+01 3.058595e+01 2.837276e+01 3.719337e+01 3.374513e+01 1.395504e+00 9.150227e-01 1.477919e+00 9.264659e-01 2.681569e+00 4.882665e+00 3.285928e+00 2.233406e+00 1.972185e+00 1.277290e+00 1.087991e+00 1.125987e+00 1.140585e+00 6.678153e-02 6.720120e-02 1.254047e-01 1.782193e-01 3.920791e-01 3.680224e-01 6.895426e-01 3.806743e-01 2.754418e-01 2.426506e-01 1.748652e-01 1.681734e-01 1.636239e-01 3.807871e-03
<GCONST> 9.236815e+01
<STATE> 4
<MEAN> 39
 -6.496560e+00 3.168295e+00 -8.970520e-01 -1.657147e+01 -2.148517e+00 -1.132121e+01 -6.253838e+00 -8.037230e+00 -3.143726e+00 -5.460539e+00 -3.795952e-01 -6.497078e+00 1.786590e+01 -8.793018e-03 3.160617e-02 -6.280409e-01 7.345853e-01 7.077718e-01 -1.368567e-01 5.587577e-01 -8.760151e-02 -3.339853e-01 -1.647301e-03 -7.073772e-02 5.262345e-02 -1.927299e-01 5.205353e-02 -2.733755e-01 7.907449e-03 1.567956e-01 -2.061996e-01 1.787341e-01 1.578420e-01 -6.102238e-02 9.356450e-02 7.622476e-03 2.739498e-02 2.674439e-02 -2.943660e-02
<VARIANCE> 39
 8.070317e+00 1.714667e+01 1.932149e+01 3.513505e+01 2.672722e+01 2.943921e+01 4.839329e+01 4.738815e+01 3.321896e+01 3.974642e+01 4.180006e+01 3.703003e+01 1.662376e+00 3.172023e-01 1.878808e+00 6.851978e-01 1.057727e+00 1.809891e+00 2.518991e+00 1.475534e+00 1.682229e+00 1.395776e+00 1.295829e+00 1.026015e+00 9.712659e-01 3.560979e-02 4.805877e-02 9.629011e-02 9.463206e-02 2.238336e-01 1.851512e-01 2.312997e-01 2.670217e-01 2.460421e-01 1.841360e-01 1.736302e-01 1.461236e-01 1.375138e-01 2.521208e-03
<GCONST> 8.297575e+01
<TRANSP> 5
 0.000000e+00 1.000000e+00 0.000000e+00 0.000000e+00 0.000000e+00
 0.000000e+00 7.671108e-01 2.328892e-01 0.000000e+00 0.000000e+00
 0.000000e+00 0.000000e+00 8.909830e-01 1.090170e-01 0.000000e+00
 0.000000e+00 0.000000e+00 0.000000e+00 9.183599e-01 8.164010e-02
 0.000000e+00 0.000000e+00 0.000000e+00 0.000000e+00 0.000000e+00
<ENDHMM>
~h "one"
<BEGINHMM>
<NUMSTATES> 5
<STATE> 2
<MEAN> 39
 -4.258078e-01 -3.700582e+00 -9.306384e+00 -1.284623e+01 -1.637535e+00 -5.560560e+00 -2.062683e+00 -8.842807e+00 -2.744251e+00 -6.769772e+00 -1.604034e+00 -7.340264e+00 1.780173e+01 2.895291e-01 -4.265681e-01 -9.108562e-01 4.615577e-01 5.059878e-01 4.891487e-02 -3.061109e-01 2.349555e-01 2.200589e-01 -3.039310e-01 -3.966275e-01 -2.707806e-01 2.460448e-01 -1.289065e-01 -1.565548e-01 5.376740e-02 2.750557e-01 1.271858e-02 -1.127888e-01 -8.406173e-03 9.756906e-02 -3.563541e-03 -8.882903e-02 1.232786e-02 8.906728e-02 -2.493148e-02
<VARIANCE> 39
 6.506368e+00 9.103694e+00 2.990536e+01 2.337323e+01 2.907708e+01 2.581436e+01 2.284900e+01 2.067359e+01 2.876341e+01 2.396033e+01 2.984759e+01 2.908489e+01 2.066564e+00 4.870377e-01 8.090394e-01 8.518558e-01 2.311908e+00 1.402801e+00 1.482498e+00 1.291476e+00 1.073277e+00 1.139378e+00 1.032180e+00 1.125013e+00 1.052571e+00 5.071666e-02 4.125055e-02 5.861295e-02 1.968499e-01 2.181435e-01 2.693277e-01 2.549630e-01 2.418553e-01 1.832306e-01 2.017566e-01 1.687060e-01 1.918927e-01 1.847832e-01 4.457253e-03
<GCONST> 8.016887e+01
<STATE> 3
<MEAN> 39
 -2.463532e+00 -1.071465e+01 -1.065536e+01 -1.734107e+00 -7.427988e-01 -9.433352e+00 -2.134661e+00 -4.364776e+00 -3.730844e+00 -1.162090e+01 -2.280658e+00 -6.164461e+00 1.853300e+01 -5.969141e-01 -3.226530e-01 1.360252e+00 4.839323e-01 -1.330005e+00 -2.633937e-01 1.151560e+00 -1.629585e-01 -8.828093e-01 -2.835819e-02 5.580630e-01 8.487215e-02 -5.283739e-02 3.062578e-02 3.174710e-01 2.334708e-01 -5.741229e-01 -9.738621e-02 3.645694e-01 5.404799e-02 -4.235356e-01 2.493253e-02 3.610771e-01 2.732775e-02 -1.612099e-01 -2.944024e-02
<VARIANCE> 39
 6.319108e+00 9.749914e+00 1.955128e+01 2.361990e+01 2.836376e+01 1.751100e+01 3.895240e+01 3.220440e+01 4.627309e+01 3.802015e+01 3.399684e+01 3.368826e+01 1.533326e+00 1.593890e-01 5.660951e-01 6.186406e-01 1.932369e+00 7.531987e-01 1.798612e+00 1.023427e+00 2.300189e+00 1.222316e+00 1.917950e+00 1.039554e+00 1.289679e+00 8.704980e-03 2.513860e-02 5.240102e-02 1.051874e-01 1.223641e-01 3.078833e-01 1.567638e-01 3.960368e-01 1.825789e-01 3.394803e-01 2.093718e-01 2.663879e-01 1.729716e-01 8.594716e-04
<GCONST> 7.612984e+01
<STATE> 4
<MEAN> 39
 -3.849090e+00 -4.534483e+00 -1.397851e+00 -8.954169e+00 -3.438226e+00 -6.447314e+00 -2.609817e+00 -1.240443e+01 -5.219378e+00 -8.769785e+00 -2.959307e+00 -8.467598e+00 1.772052e+01 3.427792e-02 6.586442e-01 3.245136e-01 -5.046735e-01 4.258742e-01 1.293186e-01 -4.223678e-01 -2.657520e-01 1.769955e-01 2.266834e-01 -3.947388e-02 1.790427e-01 -1.694805e-01 -1.216543e-02 -1.165262e-01 -2.194130e-01 1.267236e-01 1.018360e-01 -1.912816e-02 1.430316e-02 1.882098e-01 4.126970e-02 -7.822405e-02 4.191041e-02 8.170880e-02 -1.803121e-02
<VARIANCE> 39
 6.854169e+00 2.229958e+01 1.039509e+01 1.867963e+01 2.022220e+01 4.382734e+01 3.393098e+01 3.408902e+01 4.081969e+01 4.550727e+01 3.348431e+01 3.613168e+01 1.244296e+00 3.362555e-01 9.714260e-01 9.865518e-01 1.256300e+00 8.792958e-01 1.952091e+00 1.337070e+00 1.448631e+00 1.583359e+00 1.526156e+00 1.135922e+00 1.045996e+00 2.751544e-02 5.904023e-02 1.131821e-01 8.585283e-02 1.328435e-01 1.960055e-01 2.994891e-01 2.576408e-01 1.843876e-01 2.334760e-01 2.248275e-01 1.732145e-01 1.618810e-01 2.969300e-03
<GCONST> 8.071359e+01
<TRANSP> 5
 0.000000e+00 1.000000e+00 0.000000e+00 0.000000e+00 0.000000e+00
 0.000000e+00 8.953364e-01 1.046636e-01 0.000000e+00 0.000000e+00
 0.000000e+00 0.000000e+00 8.329499e-01 1.670501e-01 0.000000e+00
 0.000000e+00 0.000000e+00 0.000000e+00 9.041444e-01 9.585562e-02
 0.000000e+00 0.000000e+00 0.000000e+00 0.000000e+00 0.000000e+00
<ENDHMM>
~h "sil"
<BEGINHMM>
<NUMSTATES> 5
<STATE> 2
<MEAN> 39
 -6.335898e+00 -6.405618e+00 -4.386430e+00 -8.942588e+00 -2.385426e-01 -3.629661e+00 7.002760e-02 -8.745074e+00 -2.738403e+00 -5.830873e+00 4.994622e-01 -4.193100e+00 1.488274e+01 -1.435141e-01 -9.186251e-02 -5.647696e-02 3.750913e-02 1.275681e-01 1.289687e-01 1.323484e-01 7.708534e-02 3.744592e-02 3.893421e-02 4.883326e-02 6.075086e-02 -4.313682e-02 -3.783529e-02 -5.853356e-02 -1.274387e-01 -1.287065e-01 -1.168816e-01 -9.895960e-02 -4.797515e-02 2.445959e-02 -8.607845e-03 3.660093e-03 3.506827e-02 2.378017e-02 2.959424e-03
<VARIANCE> 39
 3.800987e+00 4.936978e+00 6.229480e+00 8.129374e+00 1.286303e+01 1.436445e+01 1.538391e+01 1.635303e+01 1.618013e+01 1.475884e+01 1.630427e+01 1.422188e+01 1.212662e+00 8.904991e-02 1.943868e-01 3.104059e-01 4.084309e-01 5.495346e-01 7.272853e-01 7.363709e-01 7.611638e-01 7.399111e-01 6.669717e-01 7.000840e-01 6.664323e-01 1.016617e-02 1.123318e-02 2.453982e-02 4.225294e-02 5.207306e-02 8.102599e-02 1.109444e-01 1.105997e-01 1.175557e-01 1.134876e-01 1.026414e-01 1.103008e-01 1.093059e-01 7.797731e-04
<GCONST> 4.732325e+01
<STATE> 3
~s "silst"
<STATE> 4
<MEAN> 39
 -7.416357e+00 -7.266194e+00 -6.312428e+00 -1.052851e+01 -1.313299e+00 -4.614590e+00 -5.486256e-01 -8.548496e+00 -2.628185e+00 -5.508238e+00 1.167252e+00 -4.044575e+00 1.443570e+01 2.403143e-02 4.305997e-02 9.129431e-03 2.399319e-03 -3.505737e-02 -3.243719e-02 -4.416945e-02 -3.202170e-02 -2.799513e-02 -1.297790e-02 -2.308244e-02 -2.577014e-02 5.413052e-03 1.645515e-02 3.085456e-02 5.061467e-02 4.808894e-02 4.144000e-02 3.495354e-02 1.470779e-02 -2.079635e-03 5.265482e-03 -5.609727e-03 -2.222014e-02 -1.297385e-02 5.461344e-03
<VARIANCE> 39
 3.281071e+00 3.824602e+00 5.776844e+00 8.225878e+00 1.230575e+01 1.357831e+01 1.480067e+01 1.606300e+01 1.670618e+01 1.438166e+01 1.529331e+01 1.292397e+01 9.787297e-01 6.841099e-02 1.476426e-01 2.602816e-01 3.862652e-01 4.805348e-01 6.371992e-01 6.016278e-01 7.130449e-01 6.836067e-01 5.643394e-01 6.560503e-01 5.595360e-01 2.975132e-03 1.302222e-02 2.703518e-02 4.130417e-02 6.425741e-02 8.327653e-02 1.164492e-01 1.065274e-01 1.325992e-01 1.248363e-01 9.677863e-02 1.131611e-01 1.034744e-01 8.589737e-04
<GCONST> 4.400781e+01
<TRANSP> 5
 0.000000e+00 1.000000e+00 0.000000e+00 0.000000e+00 0.000000e+00
 0.000000e+00 6.456777e-01 5.735132e-02 2.969709e-01 0.000000e+00
 0.000000e+00 0.000000e+00 7.896884e-01 2.103116e-01 0.000000e+00
 0.000000e+00 8.190715e-02 0.000000e+00 8.725199e-01 4.557301e-02
 0.000000e+00 0.000000e+00 0.000000e+00 0.000000e+00 0.000000e+00
<ENDHMM>
~h "six"
<BEGINHMM>
<NUMSTATES> 5
<STATE> 2
<MEAN> 39
 -9.520409e+00 -4.156040e+00 -8.164901e+00 -7.886674e+00 -3.121770e+00 -3.069668e+00 -1.866436e+00 -7.828010e+00 -3.341798e+00 -4.304208e+00 3.283634e-02 -3.087456e+00 1.464623e+01 5.374839e-01 5.526632e-01 9.141700e-01 -1.025676e+00 -8.916992e-01 -9.609495e-01 -1.876125e-02 -1.466181e-01 2.681220e-01 3.522971e-01 -4.295936e-01 -2.913956e-01 4.797992e-01 1.294350e-01 1.104424e-01 2.959313e-01 -4.633129e-01 -2.761545e-01 -2.494023e-01 3.834326e-02 3.434193e-02 1.516466e-01 5.899478e-02 -1.209601e-01 -1.988948e-01 1.499115e-01
<VARIANCE> 39
 5.996303e+00 8.631130e+00 1.213450e+01 1.169525e+01 1.888874e+01 1.788100e+01 1.493690e+01 1.807814e+01 1.950659e+01 2.452603e+01 2.027051e+01 1.583226e+01 1.306724e+00 3.910908e-01 4.300023e-01 1.014756e+00 1.134034e+00 1.088632e+00 1.336485e+00 8.835787e-01 7.932854e-01 1.307797e+00 1.940298e+00 1.015725e+00 1.103022e+00 1.075014e-01 5.479618e-02 6.403841e-02 1.087868e-01 1.010223e-01 2.049489e-01 1.888321e-01 1.531493e-01 1.608536e-01 1.953056e-01 2.168990e-01 1.811418e-01 1.726527e-01 7.414787e-03
<GCONST> 7.275147e+01
<STATE> 3
<MEAN> 39
 -6.379529e+00 -1.200787e+00 -8.902475e-01 -1.960402e+01 -7.672595e+00 -8.627370e+00 -2.581230e+00 -6.574814e+00 1.031100e-02 -3.874885e+00 -2.332887e+00 -7.180267e+00 1.823796e+01 5.287050e-02 -8.350165e-02 2.162175e-01 -2.642965e-01 3.324991e-01 1.741910e-01 -2.120524e-01 1.387987e-01 5.123165e-02 -1.756667e-01 1.664263e-01 -1.234760e-02 -3.844806e-02 -6.812144e-02 -1.957723e-01 -2.635999e-01 4.406669e-01 2.623781e-01 2.147614e-01 8.151995e-02 -7.353267e-02 -1.258297e-01 -5.441704e-02 1.330141e-01 1.440035e-01 -1.551121e-01
<VARIANCE> 39
 7.485268e+00 9.644148e+00 1.613849e+01 2.611759e+01 5.715735e+01 3.133344e+01 3.660533e+01 2.545241e+01 3.542344e+01 5.832766e+01 3.492843e+01 3.687579e+01 1.517978e+00 3.725925e-01 7.257780e-01 1.207070e+00 3.519196e+00 2.605884e+00 1.913747e+00 1.812946e+00 1.353981e+00 1.915663e+00 2.034261e+00 1.882460e+00 1.991786e+00 3.277000e-01 6.710976e-02 6.539404e-02 1.549656e-01 2.484646e-01 3.059931e-01 3.127841e-01 3.732812e-01 2.307715e-01 2.911563e-01 3.417856e-01 2.631552e-01 2.575591e-01 1.322747e-02
<GCONST> 9.294075e+01
<STATE> 4
<MEAN> 39
 -8.540145e+00 -5.910153e+00 -5.968171e+00 -9.417833e+00 -2.996007e+00 -2.956528e+00 -9.824207e-01 -8.621271e+00 -2.482891e+00 -5.107479e+00 5.885047e-01 -4.320666e+00 1.456157e+01 -2.282354e-01 -3.047687e-01 -5.442049e-01 7.172573e-01 7.114562e-02 2.841970e-01 3.569766e-01 -1.448360e-01 -1.433794e-01 3.031540e-02 2.716331e-02 9.758963e-02 -1.906558e-01 9.037787e-04 1.007959e-01 1.287374e-01 -2.377313e-01 -1.194710e-01 -1.055836e-01 -7.709987e-02 9.268416e-02 5.204849e-02 3.588580e-02 -6.515621e-02 -6.101631e-02 7.397517e-02
<VARIANCE> 39
 9.654999e+00 1.066880e+01 1.426107e+01 1.589472e+01 2.169520e+01 1.846730e+01 1.970817e+01 1.759663e+01 1.796926e+01 1.894461e+01 1.656964e+01 1.460615e+01 1.183626e+00 4.407320e-01 8.681531e-01 1.021292e+00 1.280694e+00 1.550241e+00 1.317892e+00 1.451121e+00 1.064656e+00 1.027315e+00 1.045323e+00 8.982315e-01 7.335771e-01 9.208650e-02 6.709983e-02 1.004052e-01 1.535599e-01 1.727369e-01 2.629153e-01 1.972760e-01 2.151688e-01 1.791736e-01 1.732340e-01 1.759854e-01 1.671923e-01 1.431049e-01 1.100494e-02
<GCONST> 7.621419e+01
<TRANSP> 5
 0.000000e+00 1.000000e+00 0.000000e+00 0.000000e+00 0.000000e+00
 0.000000e+00 7.657514e-01 2.342486e-01 0.000000e+00 0.000000e+00
 0.000000e+00 0.000000e+00 8.961368e-01 1.038632e-01 0.000000e+00
 0.000000e+00 0.000000e+00 0.000000e+00 8.772227e-01 1.227773e-01
 0.000000e+00 0.000000e+00 0.000000e+00 0.000000e+00 0.000000e+00
<ENDHMM>
~h "two"
<BEGINHMM>
<NUMSTATES> 5
<STATE> 2
<MEAN> 39
 -1.113367e+01 -3.244292e+00 -7.117644e+00 -1.034386e+01 -1.167030e+00 -3.783880e+00 -1.942349e+00 -7.440829e+00 -2.310452e+00 -5.548625e+00 1.122547e+00 -3.300517e+00 1.505984e+01 4.166521e-01 5.957600e-01 9.001966e-01 -5.394009e-01 -2.165830e-01 -3.003667e-01 -4.254754e-01 -1.724554e-01 5.844250e-02 -1.764639e-02 -1.971835e-01 -2.954887e-01 2.961443e-01 3.151871e-01 4.241251e-02 3.147106e-01 -1.564991e-01 -1.788081e-01 -2.410396e-01 -1.112147e-01 -1.287811e-01 -2.493841e-02 1.253993e-04 -7.416782e-02 -1.720401e-01 9.134193e-02
<VARIANCE> 39
 7.949738e+00 7.952537e+00 1.204509e+01 1.300419e+01 1.863050e+01 2.249061e+01 1.927663e+01 2.136049e+01 2.107154e+01 2.389017e+01 2.377705e+01 1.983451e+01 8.876930e-01 1.345235e+00 5.472976e-01 1.323318e+00 7.899106e-01 1.307444e+00 1.286358e+00 9.549849e-01 1.154920e+00 1.113700e+00 1.277296e+00 1.710883e+00 1.057479e+00 6.892405e-02 1.150471e-01 1.144835e-01 1.252042e-01 1.299333e-01 2.428777e-01 1.979526e-01 1.740930e-01 2.214665e-01 2.221855e-01 1.974863e-01 3.472480e-01 1.537108e-01 8.222648e-03
<GCONST> 7.822460e+01
<STATE> 3
<MEAN> 39
 -4.686621e+00 1.179000e+00 1.809386e+00 -1.534020e+01 -6.704872e+00 -9.764235e+00 -6.634765e+00 -1.046761e+01 -2.506328e+00 -5.267604e+00 -1.071411e+00 -7.252485e+00 1.833516e+01 7.029072e-01 5.936701e-01 8.161309e-01 -6.050409e-01 -1.205458e+00 -1.143997e+00 -6.143982e-01 -3.110978e-01 -7.593869e-02 1.098009e-01 -2.643861e-01 -6.827534e-01 4.763875e-01 -2.511510e-01 -2.246111e-01 -4.277190e-01 2.883907e-01 2.476089e-01 2.187395e-01 2.340186e-01 1.498380e-01 -1.308237e-02 2.387077e-03 1.477265e-01 1.793076e-01 -1.390175e-01
<VARIANCE> 39
 7.452861e+00 8.229013e+00 1.364074e+01 2.270580e+01 4.041448e+01 2.627003e+01 2.827953e+01 2.398197e+01 3.071655e+01 5.410713e+01 4.333745e+01 4.737087e+01 1.160820e+00 5.861692e-01 6.131502e-01 9.710679e-01 1.412852e+00 1.253836e+00 1.147487e+00 1.640615e+00 1.523509e+00 1.880243e+00 2.029286e+00 2.513639e+00 1.850763e+00 8.414962e-02 6.044599e-02 5.696305e-02 8.143412e-02 1.297131e-01 2.138023e-01 1.813641e-01 2.038606e-01 1.909286e-01 2.113171e-01 2.709750e-01 2.892630e-01 2.216735e-01 7.529977e-03
<GCONST> 8.396842e+01
<STATE> 4
<MEAN> 39
 -3.087867e+00 -2.470412e-01 -1.862733e-01 -1.288032e+01 -6.735666e+00 -1.146578e+01 -5.795308e+00 -9.965631e+00 -3.037981e+00 -5.478459e+00 -1.279567e-01 -7.413950e+00 1.808634e+01 4.130831e-02 -3.044746e-01 -3.292474e-01 4.952977e-01 4.094777e-01 2.763084e-01 2.751023e-01 4.887125e-02 -7.787056e-02 -1.350611e-02 1.390011e-01 2.320427e-01 -1.798071e-01 -7.978836e-02 -6.331847e-02 -4.402369e-02 1.557752e-03 8.949497e-02 1.378488e-01 8.559808e-02 3.431369e-02 2.890058e-02 1.774149e-04 -1.277410e-02 4.724638e-02 -4.289250e-02
<VARIANCE> 39
 6.136209e+00 8.080070e+00 1.231207e+01 3.013013e+01 3.223767e+01 2.250495e+01 3.201754e+01 3.307684e+01 3.999450e+01 4.276739e+01 5.186602e+01 4.068278e+01 1.451525e+00 2.723258e-01 2.373248e-01 4.407640e-01 6.640049e-01 9.384453e-01 1.144274e+00 1.095303e+00 1.186542e+00 1.057729e+00 1.133622e+00 1.157248e+00 1.081237e+00 3.821409e-02 3.099263e-02 3.287034e-02 5.587960e-02 9.368349e-02 1.110724e-01 1.411215e-01 1.410772e-01 1.751238e-01 1.668227e-01 1.683788e-01 1.676386e-01 1.563317e-01 2.897824e-03
<GCONST> 7.097130e+01
<TRANSP> 5
 0.000000e+00 1.000000e+00 0.000000e+00 0.000000e+00 0.000000e+00
 0.000000e+00 8.336279e-01 1.663721e-01 0.000000e+00 0.000000e+00
 0.000000e+00 0.000000e+00 7.660207e-01 2.339793e-01 0.000000e+00
 0.000000e+00 0.000000e+00 0.000000e+00 9.188599e-01 8.114009e-02
 0.000000e+00 0.000000e+00 0.000000e+00 0.000000e+00 0.000000e+00
<ENDHMM>
~h "nine"
<BEGINHMM>
<NUMSTATES> 5
<STATE> 2
<MEAN> 39
 -4.370101e+00 -4.150558e+00 -1.864970e+00 -8.889250e+00 -3.012595e+00 -6.167781e+00 -1.607119e+00 -1.111111e+01 -5.080000e+00 -7.971725e+00 -2.890364e+00 -7.726162e+00 1.760809e+01 -1.526177e-01 -7.040763e-01 -2.306429e-01 4.781635e-01 -5.145152e-01 2.001687e-01 4.011728e-01 -2.045867e-01 -4.366051e-02 -1.663263e-01 -1.613396e-01 -1.183958e-01 2.568310e-01 -4.550481e-02 -1.464424e-01 -9.080283e-02 1.177902e-01 1.641200e-02 -6.690803e-03 5.166034e-02 3.901877e-02 1.734200e-02 7.211686e-03 8.028931e-02 3.833167e-02 -1.142839e-02
<VARIANCE> 39
 9.024644e+00 1.980192e+01 1.550162e+01 1.682533e+01 2.886735e+01 2.947250e+01 3.233188e+01 2.739372e+01 4.926608e+01 3.556454e+01 2.918803e+01 3.200495e+01 2.134592e+00 5.531458e-01 1.573178e+00 1.209460e+00 1.129965e+00 1.168308e+00 1.451403e+00 1.691123e+00 1.283158e+00 1.599433e+00 1.164984e+00 1.223748e+00 1.073117e+00 3.918029e-02 6.519680e-02 1.741237e-01 1.369575e-01 1.430459e-01 2.088676e-01 2.218415e-01 2.486758e-01 1.833715e-01 2.065189e-01 1.638466e-01 1.744003e-01 1.472898e-01 4.686503e-03
<GCONST> 8.317549e+01
<STATE> 3
<MEAN> 39
 -6.333179e+00 -1.158838e+01 -4.847899e+00 -2.735675e+00 -5.691446e+00 -5.252671e+00 1.750754e+00 -1.133394e+01 -5.557680e+00 -8.991194e+00 -1.695048e+00 -7.656180e+00 1.861008e+01 -1.101615e-01 9.804530e-02 2.310082e-01 -2.438067e-01 -2.248836e-02 2.159341e-01 -1.059803e-01 -8.653531e-02 1.970237e-01 5.307919e-02 -5.630518e-02 4.553022e-02 -2.161146e-02 2.035624e-03 1.928992e-01 6.946316e-02 -2.393340e-01 4.388549e-02 6.228064e-02 -1.067100e-01 1.058204e-02 7.576865e-02 -1.078431e-02 -6.859794e-02 2.403519e-02 -1.466370e-02
<VARIANCE> 39
 7.265695e+00 8.582842e+00 2.449035e+01 3.230183e+01 1.897931e+01 3.073080e+01 3.088619e+01 3.402869e+01 4.372800e+01 4.168216e+01 2.842457e+01 3.067598e+01 1.014741e+00 8.361033e-02 3.812089e-01 4.090644e-01 1.123078e+00 4.967053e-01 6.214967e-01 5.575046e-01 5.138038e-01 6.495314e-01 6.666826e-01 6.794943e-01 5.410691e-01 4.837623e-03 1.121348e-02 3.013454e-02 4.110284e-02 5.564709e-02 7.237340e-02 7.228486e-02 7.395311e-02 8.078858e-02 8.245635e-02 8.694123e-02 7.879634e-02 7.926224e-02 4.005271e-04
<GCONST> 5.400176e+01
<STATE> 4
<MEAN> 39
 -5.478875e+00 -2.458782e+00 -1.356063e+00 -1.156092e+01 -1.500198e+00 -5.389049e+00 -3.691167e+00 -1.043023e+01 -3.390557e+00 -8.190571e+00 -3.011534e+00 -6.593048e+00 1.778807e+01 2.810248e-01 5.794188e-01 4.265136e-02 -1.059663e-01 4.681058e-01 -2.945046e-01 -2.560559e-01 2.746395e-01 -1.473492e-01 8.119674e-02 2.125071e-01 1.113747e-01 -1.641160e-01 -2.247565e-02 -1.614008e-01 -8.213883e-02 1.624559e-01 -3.078921e-02 2.637053e-03 1.257655e-01 1.150766e-02 -5.461253e-02 3.973274e-02 8.241673e-02 -8.730297e-03 -2.132673e-02
<VARIANCE> 39
 1.210692e+01 1.685825e+01 1.160355e+01 2.348262e+01 3.222130e+01 3.384297e+01 3.097095e+01 3.068529e+01 4.850897e+01 3.899452e+01 3.738233e+01 4.148484e+01 1.060559e+00 4.782337e-01 1.124317e+00 6.182640e-01 1.728878e+00 1.327449e+00 1.543284e+00 1.518436e+00 1.299258e+00 1.691064e+00 1.175706e+00 1.123482e+00 1.073089e+00 2.294999e-02 7.261880e-02 8.903809e-02 9.305488e-02 1.756100e-01 1.840899e-01 2.509733e-01 1.833596e-01 2.083064e-01 2.482117e-01 1.971742e-01 1.794225e-01 1.464196e-01 2.173628e-03
<GCONST> 8.106478e+01
<TRANSP> 5
 0.000000e+00 1.000000e+00 0.000000e+00 0.000000e+00 0.000000e+00
 0.000000e+00 8.919753e-01 1.080247e-01 0.000000e+00 0.000000e+00
 0.000000e+00 0.000000e+00 9.153703e-01 8.462967e-02 0.000000e+00
 0.000000e+00 0.000000e+00 0.000000e+00 9.133348e-01 8.666524e-02
 0.000000e+00 0.000000e+00 0.000000e+00 0.000000e+00 0.000000e+00
<ENDHMM>
~h "five"
<BEGINHMM>
<NUMSTATES> 5
<STATE> 2
<MEAN> 39
 -4.741191e+00 -1.067051e+01 -9.391886e+00 -8.550631e+00 1.903744e-01 -7.524209e+00 2.954955e-01 -5.222887e+00 -4.822045e+00 -7.592790e+00 -1.393121e+00 -4.804837e+00 1.751774e+01 4.889726e-01 -1.116447e+00 -7.479019e-01 6.967222e-01 4.712354e-01 -6.748886e-01 2.819278e-01 5.069634e-01 -6.623943e-01 -2.739744e-01 -3.706313e-01 -5.213061e-02 5.877315e-01 -1.325349e-01 -3.189547e-02 9.396274e-02 9.837215e-02 5.577865e-03 5.058675e-02 2.758874e-02 -1.337934e-01 -1.080198e-02 9.257869e-02 1.043922e-01 3.283845e-02 -3.619087e-02
<VARIANCE> 39
 1.210689e+01 1.973618e+01 2.358152e+01 1.568452e+01 1.794568e+01 2.167674e+01 2.394312e+01 4.897071e+01 3.144365e+01 2.648703e+01 2.414566e+01 1.889050e+01 5.063093e+00 7.700851e-01 5.593902e-01 1.054401e+00 8.973471e-01 7.808048e-01 9.484366e-01 9.953650e-01 2.287821e+00 1.711398e+00 1.637247e+00 1.313396e+00 9.834496e-01 1.059687e-01 1.136966e-01 1.414137e-01 2.118995e-01 1.201611e-01 1.331401e-01 1.611972e-01 1.568277e-01 3.352926e-01 2.731912e-01 2.148778e-01 1.926235e-01 1.450112e-01 3.463599e-02
<GCONST> 8.486960e+01
<STATE> 3
<MEAN> 39
 -5.815742e+00 -1.541200e+01 -8.514642e+00 -3.800764e+00 1.384721e+00 -9.030657e+00 2.514713e+00 -7.548550e+00 -7.241656e+00 -5.448770e+00 -5.239336e-01 -4.538900e+00 1.904586e+01 -1.636341e-01 1.011372e-01 4.910523e-01 -2.811393e-01 -2.780526e-01 4.525144e-01 6.947113e-02 -3.894722e-01 3.594439e-02 2.847637e-01 5.205660e-02 -7.637111e-02 -4.947514e-02 4.104426e-02 1.203427e-01 1.183668e-02 -1.949646e-01 -5.818608e-02 8.580311e-02 -2.974269e-02 3.055198e-02 6.235133e-02 -5.215988e-02 -7.353604e-02 -1.897386e-02 -1.612711e-02
<VARIANCE> 39
 9.175196e+00 9.470880e+00 2.502381e+01 2.123038e+01 1.897651e+01 2.356350e+01 1.782204e+01 3.987323e+01 4.768391e+01 4.474916e+01 2.684218e+01 2.542430e+01 1.375745e+00 9.182705e-02 1.735222e-01 2.731817e-01 6.982051e-01 5.238721e-01 5.794101e-01 5.077703e-01 5.118781e-01 6.399329e-01 6.117765e-01 5.980092e-01 4.821029e-01 6.107773e-03 1.191607e-02 2.529103e-02 3.135310e-02 4.846805e-02 5.215989e-02 5.377741e-02 5.871471e-02 6.669567e-02 9.069255e-02 8.729494e-02 6.847163e-02 7.135353e-02 9.868122e-04
<GCONST> 5.088434e+01
<STATE> 4
<MEAN> 39
 -5.450784e+00 -7.976408e+00 -3.562187e+00 -1.349806e+01 -3.378757e+00 -3.603915e+00 1.215136e+00 -8.211214e+00 -3.898360e+00 -5.536964e+00 -1.969508e+00 -5.727571e+00 1.789406e+01 5.510814e-02 1.048327e+00 2.690774e-01 -2.303008e-01 -1.405917e-01 -1.103566e-01 -3.236573e-01 1.058910e-01 4.513624e-01 -1.361538e-01 5.777431e-02 2.833112e-02 -3.097291e-01 -6.071163e-02 -9.217156e-02 -1.024667e-01 2.634551e-01 1.427720e-01 -8.358136e-02 -1.369259e-02 -9.640939e-03 -5.260088e-02 1.992139e-02 9.543012e-02 5.094399e-02 -3.503630e-02
<VARIANCE> 39
 8.219121e+00 2.503322e+01 1.214382e+01 3.093151e+01 3.907677e+01 2.316245e+01 2.529736e+01 3.302241e+01 4.583437e+01 2.688448e+01 2.698487e+01 2.912481e+01 2.339227e+00 3.872886e-01 6.720683e-01 6.661100e-01 2.992146e+00 1.793619e+00 1.507204e+00 1.003314e+00 1.503650e+00 1.670196e+00 1.362467e+00 1.346578e+00 1.053126e+00 6.035448e-02 5.649117e-02 1.046370e-01 9.177791e-02 2.801588e-01 2.402507e-01 2.716925e-01 1.734588e-01 2.243501e-01 2.110008e-01 1.795356e-01 2.100040e-01 1.711835e-01 6.711049e-03
<GCONST> 8.384499e+01
<TRANSP> 5
 0.000000e+00 1.000000e+00 0.000000e+00 0.000000e+00 0.000000e+00
 0.000000e+00 8.653122e-01 1.346878e-01 0.000000e+00 0.000000e+00
 0.000000e+00 0.000000e+00 9.160874e-01 8.391255e-02 0.000000e+00
 0.000000e+00 0.000000e+00 0.000000e+00 8.862591e-01 1.137409e-01
 0.000000e+00 0.000000e+00 0.000000e+00 0.000000e+00 0.000000e+00
<ENDHMM>
~h "four"
<BEGINHMM>
<NUMSTATES> 5
<STATE> 2
<MEAN> 39
 -7.355805e+00 -6.828927e+00 -5.471645e+00 -9.619487e+00 -1.479402e+00 -5.292688e+00 -9.303259e-01 -8.312101e+00 -2.017806e+00 -5.459376e+00 1.131040e+00 -4.136669e+00 1.512883e+01 1.383074e+00 4.753036e-01 -7.309912e-01 -7.122340e-01 -2.793616e-01 -5.181029e-01 -6.295626e-01 -1.691563e-01 1.988446e-01 1.708812e-01 -3.058462e-01 -4.284467e-01 5.726471e-01 4.035500e-01 1.510551e-01 -3.432205e-01 -3.264499e-01 -7.495158e-02 -4.722127e-02 -1.168014e-01 -3.067342e-02 6.976883e-03 6.034231e-02 -9.254785e-02 -1.427038e-01 1.608200e-01
<VARIANCE> 39
 5.223796e+00 4.800609e+00 5.688786e+00 8.046364e+00 1.003823e+01 1.270250e+01 1.480548e+01 1.402559e+01 1.621582e+01 1.312197e+01 1.522714e+01 1.177985e+01 1.360451e+00 5.889546e-01 3.998871e-01 6.444167e-01 7.263033e-01 6.636022e-01 8.460121e-01 7.343751e-01 8.242793e-01 9.069617e-01 9.879211e-01 1.380401e+00 1.068700e+00 7.040715e-02 5.213642e-02 5.616792e-02 5.745503e-02 8.462819e-02 1.009508e-01 1.551372e-01 1.248551e-01 1.574963e-01 1.493266e-01 1.605747e-01 1.914069e-01 1.837834e-01 5.129940e-03
<GCONST> 6.250995e+01
<STATE> 3
<MEAN> 39
 1.550843e+00 -3.488865e+00 -1.205234e+01 -1.695534e+01 -3.982206e+00 -6.210948e+00 -3.174012e+00 -8.950007e+00 -1.424637e+00 -3.913591e+00 4.145667e-01 -6.754430e+00 1.888610e+01 3.325620e-01 -1.696770e-01 -3.395748e-01 -5.737246e-02 6.922094e-02 -2.012089e-02 -2.267592e-01 1.726356e-01 3.506236e-01 9.812549e-02 -2.286170e-01 -2.260961e-01 1.533006e-01 -1.725193e-01 -1.506226e-01 1.451379e-01 2.281470e-01 3.747629e-02 -3.157886e-02 4.029850e-02 1.086880e-01 4.737812e-02 -8.228977e-02 -5.389548e-02 5.643028e-02 -6.663439e-02
<VARIANCE> 39
 4.183864e+00 1.024390e+01 1.007199e+01 1.404331e+01 2.431971e+01 1.707306e+01 1.834739e+01 1.703125e+01 2.340052e+01 2.476884e+01 3.800510e+01 3.705666e+01 1.111937e+00 5.785545e-01 7.393954e-01 7.069411e-01 1.241413e+00 9.735732e-01 7.868308e-01 9.102644e-01 9.566162e-01 1.315794e+00 1.184243e+00 1.363489e+00 1.256032e+00 1.008794e-01 4.867164e-02 4.587587e-02 9.496166e-02 8.195155e-02 1.350589e-01 1.435781e-01 1.542608e-01 1.389525e-01 1.799786e-01 1.913651e-01 2.011583e-01 1.851604e-01 7.089308e-03
<GCONST> 7.282820e+01
<STATE> 4
<MEAN> 39
 -8.770356e-01 -1.026333e+01 -6.976048e+00 -8.695964e+00 -5.373888e+00 -8.402424e+00 -2.233430e+00 -5.229193e+00 -7.652719e-02 -7.486615e+00 -3.671937e+00 -7.311899e+00 1.829927e+01 -6.385648e-01 1.536629e-01 9.384527e-01 4.471622e-01 -2.409502e-01 1.183975e-01 5.221010e-01 -1.745902e-01 -6.122027e-01 -3.164871e-01 1.662531e-01 3.065518e-01 -2.534122e-01 -7.192753e-02 2.016019e-01 -5.883791e-02 -1.687558e-01 1.002605e-01 1.609285e-01 2.865968e-02 -1.603795e-01 -1.112530e-01 9.660743e-02 1.628552e-01 4.237035e-02 -4.323785e-02
<VARIANCE> 39
 9.604251e+00 2.064310e+01 3.211082e+01 2.006320e+01 4.418285e+01 3.874178e+01 3.419952e+01 4.325863e+01 4.722262e+01 3.481493e+01 3.421323e+01 3.065356e+01 1.826208e+00 3.358672e-01 1.587085e+00 1.163605e+00 1.623683e+00 2.719020e+00 2.263898e+00 1.779334e+00 2.464055e+00 1.814651e+00 1.658453e+00 1.757019e+00 1.117702e+00 5.779782e-02 3.498278e-02 1.495616e-01 2.094273e-01 1.863785e-01 4.241940e-01 3.121166e-01 3.390436e-01 3.584050e-01 3.750076e-01 2.739448e-01 2.992652e-01 2.063594e-01 3.993636e-03
<GCONST> 9.216120e+01
<TRANSP> 5
 0.000000e+00 1.000000e+00 0.000000e+00 0.000000e+00 0.000000e+00
 0.000000e+00 7.284328e-01 2.715671e-01 0.000000e+00 0.000000e+00
 0.000000e+00 0.000000e+00 9.200786e-01 7.992144e-02 0.000000e+00
 0.000000e+00 0.000000e+00 0.000000e+00 8.914559e-01 1.085441e-01
 0.000000e+00 0.000000e+00 0.000000e+00 0.000000e+00 0.000000e+00
<ENDHMM>
~h "zero"
<BEGINHMM>
<NUMSTATES> 5
<STATE> 2
<MEAN> 39
 -7.005165e+00 -2.420877e+00 -5.045145e+00 -7.066314e+00 -1.840854e+00 -3.814622e+00 -1.937047e+00 -8.491063e+00 -3.502203e+00 -4.794278e+00 5.601987e-01 -4.296058e+00 1.528888e+01 1.884232e-01 8.565508e-01 6.578387e-01 -6.821622e-01 -5.698764e-01 -9.343580e-01 -4.707561e-01 -3.933505e-01 2.192598e-01 2.629941e-01 -7.210606e-02 -1.526861e-01 3.506008e-01 5.980158e-02 1.156276e-01 1.973552e-01 -3.198342e-01 -1.660120e-01 -2.720922e-01 -3.900769e-02 -6.572910e-02 1.088424e-01 2.892963e-02 -7.456327e-04 -7.693332e-02 9.006859e-02
<VARIANCE> 39
 8.597445e+00 1.188380e+01 1.757745e+01 1.311195e+01 1.993421e+01 2.066230e+01 1.921000e+01 2.001167e+01 2.662342e+01 2.263349e+01 2.127395e+01 1.795462e+01 1.225355e+00 4.099855e-01 4.916814e-01 9.611873e-01 1.135495e+00 8.300211e-01 1.711543e+00 1.030895e+00 1.177931e+00 1.264629e+00 9.109702e-01 1.129016e+00 1.273520e+00 7.669637e-02 6.052645e-02 1.011816e-01 1.424020e-01 1.105966e-01 1.244868e-01 2.221527e-01 1.702460e-01 1.882230e-01 1.748053e-01 1.377112e-01 1.780974e-01 1.795214e-01 8.712511e-03
<GCONST> 7.504661e+01
<STATE> 3
<MEAN> 39
 -5.574027e+00 3.771730e-01 8.608181e-01 -1.668867e+01 -7.785670e+00 -9.202529e+00 -4.645085e+00 -8.608761e+00 1.669173e-02 -3.763191e+00 1.527585e-01 -6.766836e+00 1.836109e+01 3.393132e-01 -6.556245e-01 4.803770e-01 -2.380286e-01 -1.106415e+00 1.577740e-01 1.749298e-01 1.646124e-01 3.345159e-01 -5.804501e-02 3.037823e-02 -1.542965e-01 1.877222e-01 4.661638e-02 -2.665358e-01 -1.721222e-01 3.526363e-01 1.176963e-02 1.383734e-01 1.926185e-01 7.177966e-02 -7.513436e-02 -4.654783e-02 -8.114651e-03 6.423236e-02 -6.264181e-02
<VARIANCE> 39
 7.256358e+00 1.941901e+01 1.717551e+01 2.710582e+01 5.889864e+01 3.973573e+01 3.182852e+01 4.348742e+01 3.215613e+01 3.022101e+01 3.369322e+01 5.010322e+01 1.139949e+00 4.289470e-01 1.741927e+00 8.420961e-01 2.648709e+00 1.664866e+00 2.615595e+00 1.714804e+00 1.451304e+00 1.340202e+00 1.176665e+00 1.123643e+00 1.364414e+00 7.059336e-02 5.040857e-02 1.106293e-01 1.235150e-01 1.820972e-01 2.381068e-01 3.968253e-01 2.243680e-01 2.440116e-01 2.182647e-01 1.757782e-01 1.719329e-01 2.135949e-01 4.509668e-03
<GCONST> 8.711225e+01
<STATE> 4
<MEAN> 39
 -1.578320e+00 -9.789988e+00 -4.645572e+00 -9.945681e+00 -9.019827e+00 -8.320908e+00 1.602331e-03 -4.437972e+00 -2.506066e-01 -6.608107e+00 -1.031511e+00 -5.868660e+00 1.844998e+01 -7.801489e-03 6.833912e-02 -3.950271e-01 1.985503e-01 6.604975e-01 -2.840573e-02 1.828775e-02 6.045982e-02 -1.569585e-01 -9.714730e-02 -4.778161e-02 4.750745e-02 -1.024642e-01 -8.108715e-02 9.612178e-02 5.225009e-02 -7.215364e-02 8.493277e-02 6.701151e-02 -5.852703e-02 -5.697542e-02 -2.194420e-02 2.110702e-02 2.146625e-02 5.792175e-03 -2.347914e-02
<VARIANCE> 39
 6.232125e+00 2.096881e+01 2.609837e+01 2.612141e+01 6.137027e+01 5.095846e+01 3.749948e+01 3.650213e+01 4.359969e+01 3.584877e+01 2.611607e+01 3.299354e+01 1.500542e+00 3.006431e-01 8.279002e-01 8.116812e-01 1.015867e+00 1.253973e+00 1.827838e+00 1.564762e+00 1.902942e+00 1.649882e+00 1.458258e+00 1.054887e+00 9.597486e-01 3.805339e-02 2.845693e-02 5.351308e-02 8.368675e-02 1.148989e-01 1.884396e-01 2.323146e-01 2.025561e-01 2.030358e-01 2.237270e-01 1.962722e-01 1.544627e-01 1.426611e-01 2.384606e-03
<GCONST> 8.039108e+01
<TRANSP> 5
 0.000000e+00 1.000000e+00 0.000000e+00 0.000000e+00 0.000000e+00
 0.000000e+00 7.964983e-01 2.035017e-01 0.000000e+00 0.000000e+00
 0.000000e+00 0.000000e+00 8.963737e-01 1.036263e-01 0.000000e+00
 0.000000e+00 0.000000e+00 0.000000e+00 9.467516e-01 5.324840e-02
 0.000000e+00 0.000000e+00 0.000000e+00 0.000000e+00 0.000000e+00
<ENDHMM>
