~o
<STREAMINFO> 1 39
<VECSIZE> 39<NULLD><MFCC_E_D_A><DIAGC>
~h "eight"
<BEGINHMM>
<NUMSTATES> 5
<STATE> 2
<MEAN> 39
 -7.524343e+00 -3.425096e+00 -5.693419e+00 -1.668159e+01 -6.472700e-01 -5.182619e+00 5.464732e-01 -6.746461e+00 -1.554612e+00 -6.763728e+00 -1.027611e+00 -5.331623e+00 1.714918e+01 -1.900052e-01 7.575429e-01 -8.186273e-02 -7.814375e-01 3.922815e-02 -4.146273e-01 5.496362e-02 2.967858e-01 3.011624e-01 4.557515e-02 -9.447846e-02 -9.567098e-02 2.139852e-01 3.509561e-02 8.253624e-02 1.093025e-02 8.964965e-02 -4.103783e-02 -1.680737e-01 -8.082526e-02 -2.285525e-02 2.704665e-02 6.061656e-02 5.858662e-02 -4.574929e-03 3.462417e-03
<VARIANCE> 39
 1.075569e+01 2.305947e+01 1.835874e+01 3.944757e+01 4.045786e+01 2.353794e+01 2.441632e+01 2.433783e+01 3.137276e+01 2.547015e+01 2.575890e+01 2.447279e+01 3.380885e+00 3.360931e-01 9.650932e-01 6.847262e-01 1.411200e+00 1.254016e+00 1.634335e+00 1.348143e+00 1.128183e+00 1.374365e+00 1.216738e+00 1.140080e+00 1.007748e+00 1.229747e-01 4.082816e-02 8.491988e-02 8.461777e-02 2.011313e-01 1.478574e-01 1.778276e-01 1.529684e-01 1.814232e-01 2.320951e-01 1.695043e-01 1.833541e-01 1.573073e-01 1.323961e-02
<GCONST> 8.183715e+01
<STATE> 3
<MEAN> 39
 -7.935232e+00 5.476067e+00 -4.908533e+00 -1.664704e+01 -2.357287e+00 -1.441956e+01 -3.035393e+00 -8.591032e+00 -1.333396e+00 -4.426828e+00 9.895947e-01 -5.287142e+00 1.807281e+01 2.038474e-01 -4.290836e-01 1.808141e-01 9.720844e-01 1.361516e-01 6.940209e-02 -3.419699e-01 -6.694734e-01 -5.148673e-01 -4.117000e-02 2.100177e-01 1.946059e-01 -2.363430e-01 1.021027e-02 -3.329003e-01 -3.043809e-02 6.394636e-02 4.254454e-02 3.532678e-01 1.234264e-01 5.587203e-02 -2.346748e-02 -9.194502e-02 -6.258341e-02 3.910815e-03 -6.257612e-02
<VARIANCE> 39
 9.284522e+00 1.350743e+01 2.250794e+01 3.248473e+01 1.967621e+01 2.420477e+01 5.254449e+01 3.438061e+01 4.415791e+01 2.637361e+01 3.191339e+01 2.703334e+01 1.959849e+00 2.642218e-01 1.895679e+00 4.088343e-01 7.647131e-01 7.868051e-01 2.502136e+00 1.307350e+00 1.116792e+00 1.804265e+00 1.195088e+00 1.398748e+00 1.008706e+00 6.759088e-02 3.641429e-02 9.029961e-02 5.905389e-02 1.265742e-01 9.250784e-02 1.744995e-01 1.630085e-01 2.078768e-01 2.767981e-01 1.690473e-01 1.958898e-01 1.643088e-01 4.024208e-03
<GCONST> 7.874334e+01
<STATE> 4
<MEAN> 39
 -7.116770e+00 -6.541071e+00 -5.514883e+00 -1.004293e+01 -1.215375e+00 -4.682472e+00 -8.409365e-01 -8.921486e+00 -3.019659e+00 -5.935843e+00 9.428686e-01 -4.004980e+00 1.468662e+01 -7.179853e-02 -3.660439e-01 -1.176296e-01 1.204230e-01 -4.112456e-02 3.696076e-01 1.855404e-01 1.810012e-01 1.167376e-01 8.798568e-03 1.649094e-02 9.387747e-03 -9.300490e-02 -5.684921e-03 1.757348e-01 1.040018e-02 -6.683999e-02 -1.211831e-02 -1.464314e-01 -4.599071e-02 -1.503999e-02 -6.332002e-03 2.179328e-02 -5.186405e-03 -1.391497e-02 4.871769e-02
<VARIANCE> 39
 4.560893e+00 6.159114e+00 8.314752e+00 9.574128e+00 1.262566e+01 1.589427e+01 1.697649e+01 1.696684e+01 1.732069e+01 1.627313e+01 1.523354e+01 1.399439e+01 1.034501e+00 2.099292e-01 8.405197e-01 4.288101e-01 5.955218e-01 4.862409e-01 1.170441e+00 9.931180e-01 8.546667e-01 9.812942e-01 7.909751e-01 7.432467e-01 7.057048e-01 4.874168e-02 3.460019e-02 9.647745e-02 7.128536e-02 1.091525e-01 9.177051e-02 1.887647e-01 1.756935e-01 1.504276e-01 1.623777e-01 1.354730e-01 1.324255e-01 1.272723e-01 4.818412e-03
<GCONST> 6.216203e+01
<TRANSP> 5
 0.000000e+00 1.000000e+00 0.000000e+00 0.000000e+00 0.000000e+00
 0.000000e+00 9.121943e-01 8.780569e-02 0.000000e+00 0.000000e+00
 0.000000e+00 0.000000e+00 8.976226e-01 1.023774e-01 0.000000e+00
 0.000000e+00 0.000000e+00 0.000000e+00 9.213892e-01 7.861082e-02
 0.000000e+00 0.000000e+00 0.000000e+00 0.000000e+00 0.000000e+00
<ENDHMM>
~h "oh"
<BEGINHMM>
<NUMSTATES> 5
<STATE> 2
<MEAN> 39
 -5.072904e+00 -9.817542e+00 -7.833383e+00 -8.759857e+00 -2.347719e+00 -7.078440e+00 2.847759e+00 -7.616870e+00 -4.773010e+00 -6.878157e+00 -1.687979e+00 -4.955317e+00 1.721408e+01 4.015601e-01 -2.821485e-01 -5.485505e-01 2.171541e-01 1.401624e-01 -4.945713e-01 2.322891e-01 5.781050e-01 -1.037477e-01 -3.932618e-01 -3.404435e-01 -6.349646e-02 2.903822e-01 6.013406e-02 8.892408e-02 -1.210242e-02 -5.544885e-02 1.547180e-02 -6.012426e-02 -1.276605e-01 1.861818e-02 1.092555e-01 1.495000e-03 -5.272227e-02 -5.050198e-02 1.424356e-02
<VARIANCE> 39
 8.382317e+00 1.228218e+01 1.538581e+01 1.591972e+01 2.185691e+01 2.340164e+01 2.846190e+01 5.757666e+01 3.748622e+01 3.054214e+01 2.663988e+01 2.711326e+01 3.812015e+00 4.045032e-01 5.595046e-01 6.603161e-01 6.405975e-01 7.460976e-01 1.180173e+00 1.235328e+00 1.815302e+00 1.533159e+00 1.309644e+00 1.311776e+00 1.082003e+00 1.254161e-01 4.813059e-02 7.023266e-02 8.521725e-02 8.555449e-02 1.118070e-01 1.482320e-01 1.609971e-01 2.226750e-01 2.095435e-01 1.953585e-01 2.000354e-01 1.548819e-01 1.713554e-02
<GCONST> 7.894447e+01
<STATE> 3
<MEAN> 39
 -4.965952e-01 -8.085552e+00 -1.303811e+01 -1.018379e+01 -8.909636e-01 -1.201037e+01 -8.892514e-01 -1.284808e+00 1.939296e-01 -7.884255e+00 -5.009701e+00 -6.855103e+00 1.903839e+01 2.239065e-01 4.083357e-01 -6.299458e-03 -3.375474e-01 -6.151022e-02 -1.964565e-02 -6.569713e-01 -2.515039e-01 6.164244e-01 5.838717e-01 3.178801e-02 -3.234850e-01 -1.058191e-02 -4.688035e-02 2.213255e-02 1.000646e-01 -1.014017e-02 -5.009495e-02 8.897679e-02 1.630340e-02 -1.447873e-01 -8.520406e-02 7.581874e-02 1.148444e-01 2.391911e-02 -2.662399e-02
<VARIANCE> 39
 6.028928e+00 9.347405e+00 1.555831e+01 1.589688e+01 1.975416e+01 2.333684e+01 4.428238e+01 3.314375e+01 4.055778e+01 3.755709e+01 3.123156e+01 3.914728e+01 1.183736e+00 8.543307e-02 1.427005e-01 2.976730e-01 2.936641e-01 3.913105e-01 5.535883e-01 7.245919e-01 1.116327e+00 7.998061e-01 8.947302e-01 8.656531e-01 6.944237e-01 1.391790e-02 1.175630e-02 1.537126e-02 3.537056e-02 3.572029e-02 4.852977e-02 7.178196e-02 8.156168e-02 1.012437e-01 1.109303e-01 1.075001e-01 9.628421e-02 9.289274e-02 1.245801e-03
<GCONST> 5.396381e+01
<STATE> 4
<MEAN> 39
 -7.418445e-01 -3.730201e+00 -8.383300e+00 -1.248794e+01 -3.622051e+00 -9.300119e+00 -4.000131e+00 -8.066688e+00 -2.979679e-01 -3.366267e+00 3.569831e-01 -6.248652e+00 1.795416e+01 -5.069056e-01 1.202987e-01 7.349994e-01 2.727195e-01 1.213975e-02 5.559279e-01 3.365045e-01 -4.405211e-01 -5.363590e-01 -1.885759e-01 3.968867e-01 4.349131e-01 -2.802327e-01 -1.126511e-01 -1.140011e-01 -2.908053e-02 7.595301e-02 9.950928e-02 8.985732e-02 1.345898e-01 9.031352e-02 -3.953619e-02 -1.066710e-01 -6.855661e-02 5.315194e-02 -3.464241e-02
<VARIANCE> 39
 9.361547e+00 7.810223e+00 2.079552e+01 1.825483e+01 1.941330e+01 2.692004e+01 3.110314e+01 2.683562e+01 3.199020e+01 4.008414e+01 3.906112e+01 3.790232e+01 2.412513e+00 3.826956e-01 4.593663e-01 5.507375e-01 6.217661e-01 8.842416e-01 1.264741e+00 1.251875e+00 1.298652e+00 1.305793e+00 1.263463e+00 1.279159e+00 1.245755e+00 5.453473e-02 3.299605e-02 4.469855e-02 8.896681e-02 8.728153e-02 1.096995e-01 1.661355e-01 1.871811e-01 1.997288e-01 2.127138e-01 2.068776e-01 1.755924e-01 1.748505e-01 4.194928e-03
<GCONST> 7.532745e+01
<TRANSP> 5
 0.000000e+00 1.000000e+00 0.000000e+00 0.000000e+00 0.000000e+00
 0.000000e+00 9.027606e-01 9.723938e-02 0.000000e+00 0.000000e+00
 0.000000e+00 0.000000e+00 9.042473e-01 9.575275e-02 0.000000e+00
 0.000000e+00 0.000000e+00 0.000000e+00 8.838434e-01 1.161566e-01
 0.000000e+00 0.000000e+00 0.000000e+00 0.000000e+00 0.000000e+00
<ENDHMM>
~h "seven"
<BEGINHMM>
<NUMSTATES> 5
<STATE> 2
<MEAN> 39
 -8.806641e+00 -4.769284e+00 -7.050025e+00 -8.596655e+00 -2.107397e+00 -3.131439e+00 -1.276507e+00 -8.136147e+00 -2.909430e+00 -5.214483e+00 6.799230e-01 -3.793393e+00 1.484347e+01 4.741180e-02 -4.084788e-02 -4.356916e-02 -3.256989e-01 -2.671280e-01 -1.353357e-01 2.667647e-01 1.513740e-02 1.375783e-01 -7.730055e-04 -2.047787e-01 -6.332473e-02 1.080885e-01 1.303982e-01 9.204819e-03 8.983067e-02 -1.476358e-01 -1.309364e-01 -1.120202e-01 8.733004e-02 -1.238442e-02 2.002490e-02 -2.644490e-02 -8.712227e-02 -9.269790e-02 9.199284e-02
<VARIANCE> 39
 8.339964e+00 1.013035e+01 1.380077e+01 1.310766e+01 1.612600e+01 1.582004e+01 1.759686e+01 1.745255e+01 1.826358e+01 1.723363e+01 1.706741e+01 1.463344e+01 9.047263e-01 7.144122e-01 4.608472e-01 8.613418e-01 9.991088e-01 9.701374e-01 1.283293e+00 9.959630e-01 8.575959e-01 1.029544e+00 1.155906e+00 9.210107e-01 9.517393e-01 1.512426e-01 5.368405e-02 6.783885e-02 9.750178e-02 1.360510e-01 1.662414e-01 1.770662e-01 1.648983e-01 1.456987e-01 1.700096e-01 1.546174e-01 1.450091e-01 1.504832e-01 8.093942e-03
<GCONST> 7.123418e+01
<STATE> 3
<MEAN> 39
 -5.558074e+00 -7.172778e+00 -5.193472e+00 -1.591174e+01 -6.355662e+00 -4.897013e+00 4.772485e+00 -8.475002e+00 -2.770163e+00 -6.761118e+00 -3.975047e+00 -6.626520e+00 1.896182e+01 1.894535e-01 -2.722625e-01 1.233815e-01 3.882850e-02 -6.137344e-02 -1.088008e-01 2.446575e-01 2.681849e-01 -2.807241e-01 -5.543037e-02 -6.964420e-02 -1.107265e-01 1.236365e-01 -4.178006e-02 7.839750e-02 1.111914e-02 2.926457e-01 1.553700e-01 -2.480855e-02 -2.548967e-01 3.867849e-02 -2.091165e-02 1.592021e-02 1.771702e-01 7.159723e-02 -1.270849e-01
<VARIANCE> 39
 9.614645e+00 1.303328e+01 9.436711e+00 1.827781e+01 4.580247e+01 3.937848e+01 3.187668e+01 3.950841e+01 4.652961e+01 5.849230e+01 3.255421e+01 3.130153e+01 1.240814e+00 4.410260e-01 5.954203e-01 4.993332e-01 1.548395e+00 1.671524e+00 1.672649e+00 1.827654e+00 1.089302e+00 1.392670e+00 1.776832e+00 1.809613e+00 1.326400e+00 2.114270e-01 8.204687e-02 9.001198e-02 9.646608e-02 1.114839e-01 2.523419e-01 2.721471e-01 1.781217e-01 1.666772e-01 2.018927e-01 2.407533e-01 2.262372e-01 1.834979e-01 6.062325e-03
<GCONST> 8.474818e+01
<STATE> 4
<MEAN> 39
 -3.244348e+00 -3.881839e+00 -1.891204e+00 -9.521944e+00 -3.365970e+00 -8.015680e+00 -1.088920e+00 -8.732980e+00 -4.324249e+00 -7.120046e+00 -1.906862e+00 -7.105256e+00 1.713247e+01 1.768290e-02 2.205658e-01 1.049606e-01 2.065498e-01 3.193769e-01 1.039548e-01 -2.925292e-01 -2.637336e-01 8.569285e-02 -1.439291e-02 1.277882e-01 4.227527e-02 -1.184137e-01 -5.595610e-02 -7.367311e-02 -7.384507e-02 -8.778035e-02 -2.233414e-02 9.372128e-02 1.106990e-01 -4.596107e-03 1.866131e-02 1.745073e-02 -3.220646e-02 2.023116e-02 1.415737e-02
<VARIANCE> 39
 4.974841e+00 1.019478e+01 9.926706e+00 1.395348e+01 2.822469e+01 3.043306e+01 2.586526e+01 4.089521e+01 3.293279e+01 3.570390e+01 3.328818e+01 2.974876e+01 1.533695e+00 2.533946e-01 5.250475e-01 5.539069e-01 8.538653e-01 1.339953e+00 1.253489e+00 1.628736e+00 1.363170e+00 1.438484e+00 1.411170e+00 1.273560e+00 9.896284e-01 9.358753e-02 3.738627e-02 7.812195e-02 8.698365e-02 1.507714e-01 2.341873e-01 2.027749e-01 2.726191e-01 2.366427e-01 2.360251e-01 2.409603e-01 2.174073e-01 1.500706e-01 1.437082e-02
<GCONST> 7.928008e+01
<TRANSP> 5
 0.000000e+00 1.000000e+00 0.000000e+00 0.000000e+00 0.000000e+00
 0.000000e+00 9.125738e-01 8.742624e-02 0.000000e+00 0.000000e+00
 0.000000e+00 0.000000e+00 9.003659e-01 9.963408e-02 0.000000e+00
 0.000000e+00 0.000000e+00 0.000000e+00 9.365585e-01 6.344156e-02
 0.000000e+00 0.000000e+00 0.000000e+00 0.000000e+00 0.000000e+00
<ENDHMM>
~h "three"
<BEGINHMM>
<NUMSTATES> 5
<STATE> 2
<MEAN> 39
 -7.753098e+00 -6.035275e+00 -4.949143e+00 -1.011977e+01 -8.176954e-01 -4.845855e+00 -5.888050e-01 -8.498262e+00 -2.602036e+00 -5.425552e+00 9.830320e-01 -3.779371e+00 1.488863e+01 1.181841e-01 -8.363491e-02 2.207201e-01 -4.797887e-02 -4.167413e-01 -2.858683e-01 -6.849192e-02 1.494166e-02 7.425322e-02 3.189610e-02 1.361249e-02 4.283930e-04 9.208856e-02 1.742208e-01 2.254143e-02 1.428296e-01 1.952718e-03 -2.577673e-01 -1.755566e-01 -7.574124e-02 -1.877727e-02 1.537866e-02 -9.218046e-03 -3.924738e-02 -7.054644e-02 8.471654e-02
<VARIANCE> 39
 5.400779e+00 6.329579e+00 9.779354e+00 1.060190e+01 1.435538e+01 1.431225e+01 1.606507e+01 1.761143e+01 1.951321e+01 1.776076e+01 1.686061e+01 1.459228e+01 1.170449e+00 7.019900e-01 5.235444e-01 8.963107e-01 7.510082e-01 1.499183e+00 1.312559e+00 9.016343e-01 1.036179e+00 9.999548e-01 9.323061e-01 9.825649e-01 9.153175e-01 1.193082e-01 5.916791e-02 9.076419e-02 9.846705e-02 1.380228e-01 2.011593e-01 1.855363e-01 1.564497e-01 2.030751e-01 1.781605e-01 1.662449e-01 1.641536e-01 1.611111e-01 4.958376e-03
<GCONST> 7.052029e+01
<STATE> 3
<MEAN> 39
 -2.518149e+00 -6.783520e+00 2.449310e+00 -1.140191e+01 -1.369862e+01 -9.363307e+00 -3.152570e+00 -9.428336e+00 -9.450803e-03 -5.130509e+00 1.270129e-01 -5.735048e+00 1.823541e+01 -6.862584e-02 4.227154e-01 6.951784e-01 -1.049856e+00 -3.996441e-01 3.060192e-01 -8.254077e-01 1.096480e-01 3.076116e-01 -2.807258e-02 6.153200e-02 -1.674211e-01 2.367493e-01 -2.156720e-01 2.146453e-01 -2.005210e-01 -1.428163e-01 5.230251e-01 4.712365e-02 -5.941670e-02 1.143458e-01 -1.140721e-01 -2.023071e-02 2.135132e-02 3.956058e-02 -6.774362e-02
<VARIANCE> 39
 6.507170e+00 1.457574e+01 2.008426e+01 4.937673e+01 4.245377e+01 6.100880e+01 3.522900e+01 3.826553e+01 3.064141e+01 2.820661e+01 3.707786e+01 3.334344e+01 1.447084e+00 9.619789e-01 1.476632e+00 9.228702e-01 2.725305e+00 4.895113e+00 3.382438e+00 2.206995e+00 1.969151e+00 1.296625e+00 1.095893e+00 1.152276e+00 1.164598e+00 6.899507e-02 6.798234e-02 1.290743e-01 1.773855e-01 3.907547e-01 3.806302e-01 6.812714e-01 3.772571e-01 2.755097e-01 2.400970e-01 1.746556e-01 1.705917e-01 1.637533e-01 3.908579e-03
<GCONST> 9.265440e+01
<STATE> 4
<MEAN> 39
 -6.590518e+00 3.298138e+00 -7.803595e-01 -1.672939e+01 -2.106726e+00 -1.135583e+01 -6.399171e+00 -7.962195e+00 -3.159467e+00 -5.505673e+00 -3.370970e-01 -6.525794e+00 1.789478e+01 -2.819903e-02 6.328843e-02 -6.391442e-01 7.253107e-01 7.234731e-01 -1.648610e-01 5.492678e-01 -8.268753e-02 -3.564490e-01 1.202779e-02 -7.059444e-02 5.073683e-02 -1.956448e-01 5.814599e-02 -2.881087e-01 2.509744e-03 1.697295e-01 -2.211470e-01 1.819738e-01 1.647785e-01 -6.734602e-02 9.742376e-02 8.240336e-03 2.041715e-02 2.496876e-02 -3.092053e-02
<VARIANCE> 39
 7.580533e+00 1.700890e+01 1.909978e+01 3.484720e+01 2.704729e+01 2.948750e+01 4.823311e+01 4.778443e+01 3.321834e+01 3.976896e+01 4.240136e+01 3.677529e+01 1.619898e+00 3.151318e-01 1.882900e+00 6.700082e-01 1.043718e+00 1.834871e+00 2.559847e+00 1.467128e+00 1.693759e+00 1.384673e+00 1.287918e+00 1.031997e+00 9.705029e-01 3.582554e-02 4.748396e-02 9.098841e-02 9.640297e-02 2.205402e-01 1.814747e-01 2.352838e-01 2.696334e-01 2.497827e-01 1.837019e-01 1.709955e-01 1.443273e-01 1.353052e-01 2.469559e-03
<GCONST> 8.276363e+01
<TRANSP> 5
 0.000000e+00 1.000000e+00 0.000000e+00 0.000000e+00 0.000000e+00
 0.000000e+00 9.016221e-01 9.837794e-02 0.000000e+00 0.000000e+00
 0.000000e+00 0.000000e+00 8.936682e-01 1.063318e-01 0.000000e+00
 0.000000e+00 0.000000e+00 0.000000e+00 9.153344e-01 8.466560e-02
 0.000000e+00 0.000000e+00 0.000000e+00 0.000000e+00 0.000000e+00
<ENDHMM>
~h "one"
<BEGINHMM>
<NUMSTATES> 5
<STATE> 2
<MEAN> 39
 -4.518638e-01 -3.402702e+00 -8.443895e+00 -1.270278e+01 -1.875702e+00 -5.987653e+00 -2.275645e+00 -8.867930e+00 -2.601717e+00 -6.645984e+00 -1.475380e+00 -7.365980e+00 1.769859e+01 2.104128e-01 -3.606881e-01 -7.772065e-01 3.866392e-01 4.274746e-01 9.437678e-02 -2.048056e-01 2.134538e-01 1.819901e-01 -2.419165e-01 -3.084313e-01 -2.085187e-01 1.797033e-01 -1.118931e-01 -1.460663e-01 2.928069e-02 2.153478e-01 1.226415e-02 -9.389336e-02 -2.929230e-03 1.044308e-01 5.150062e-03 -7.578992e-02 2.509848e-03 7.602496e-02 -1.570871e-02
<VARIANCE> 39
 5.495365e+00 8.374916e+00 3.132964e+01 2.276447e+01 2.856259e+01 2.622875e+01 2.260884e+01 2.060507e+01 2.743938e+01 2.315657e+01 3.019633e+01 3.007922e+01 2.038555e+00 4.331084e-01 7.311476e-01 9.485992e-01 2.139346e+00 1.343993e+00 1.366078e+00 1.271954e+00 1.039796e+00 1.139388e+00 9.681826e-01 1.110999e+00 9.685564e-01 5.947205e-02 3.949702e-02 5.502260e-02 1.856291e-01 2.318578e-01 2.499805e-01 2.470881e-01 2.300168e-01 1.749957e-01 1.963411e-01 1.583920e-01 1.854124e-01 1.750197e-01 4.527960e-03
<GCONST> 7.904095e+01
<STATE> 3
<MEAN> 39
 -2.465480e+00 -1.063751e+01 -1.057814e+01 -1.817019e+00 -8.204638e-01 -9.426608e+00 -2.030258e+00 -4.360045e+00 -3.708371e+00 -1.158835e+01 -2.280316e+00 -6.160079e+00 1.852692e+01 -5.923259e-01 -3.131030e-01 1.360786e+00 4.865513e-01 -1.327667e+00 -2.684078e-01 1.140154e+00 -1.565352e-01 -8.915042e-01 -1.473117e-02 5.522344e-01 9.289486e-02 -5.213399e-02 3.157075e-02 3.182540e-01 2.336430e-01 -5.691798e-01 -9.460028e-02 3.616092e-01 5.220134e-02 -4.228448e-01 2.292993e-02 3.597661e-01 2.881526e-02 -1.620782e-01 -2.971570e-02
<VARIANCE> 39
 6.425716e+00 9.764962e+00 1.981068e+01 2.419570e+01 2.885940e+01 1.776357e+01 3.884097e+01 3.255238e+01 4.659236e+01 3.887045e+01 3.430855e+01 3.411127e+01 1.525041e+00 1.633391e-01 5.914906e-01 6.367682e-01 1.980135e+00 7.716109e-01 1.823239e+00 1.053383e+00 2.307855e+00 1.240660e+00 1.946863e+00 1.064887e+00 1.293218e+00 8.977835e-03 2.596321e-02 5.244819e-02 1.077609e-01 1.227785e-01 3.162126e-01 1.590621e-01 4.062718e-01 1.859223e-01 3.425956e-01 2.133409e-01 2.683227e-01 1.720618e-01 8.707141e-04
<GCONST> 7.673774e+01
<STATE> 4
<MEAN> 39
 -3.841134e+00 -4.380096e+00 -1.380815e+00 -8.920113e+00 -3.196641e+00 -6.281973e+00 -2.462207e+00 -1.221235e+01 -5.214529e+00 -8.497476e+00 -2.664935e+00 -8.175392e+00 1.759467e+01 -3.700549e-03 5.640191e-01 2.622486e-01 -4.548765e-01 4.116600e-01 1.698790e-01 -3.735615e-01 -2.333020e-01 1.575093e-01 1.861135e-01 -2.806292e-02 1.649867e-01 -1.759982e-01 -2.108061e-02 -1.171253e-01 -2.145109e-01 1.096530e-01 8.704060e-02 -2.721920e-02 2.046237e-02 1.849925e-01 4.516820e-02 -7.363399e-02 3.749622e-02 8.076037e-02 -1.677459e-02
<VARIANCE> 39
 6.725611e+00 2.077607e+01 9.946139e+00 1.740442e+01 2.093870e+01 4.195527e+01 3.341012e+01 3.282911e+01 4.008415e+01 4.409893e+01 3.259618e+01 3.568685e+01 1.337968e+00 3.443273e-01 1.010749e+00 9.863501e-01 1.216697e+00 8.805025e-01 1.865010e+00 1.353849e+00 1.411815e+00 1.573515e+00 1.478419e+00 1.085045e+00 1.050124e+00 2.735207e-02 5.694299e-02 1.045728e-01 8.382087e-02 1.278460e-01 1.951420e-01 2.806730e-01 2.505291e-01 1.784434e-01 2.218332e-01 2.216904e-01 1.661887e-01 1.590863e-01 2.928932e-03
<GCONST> 7.987318e+01
<TRANSP> 5
 0.000000e+00 1.000000e+00 0.000000e+00 0.000000e+00 0.000000e+00
 0.000000e+00 9.096025e-01 9.039754e-02 0.000000e+00 0.000000e+00
 0.000000e+00 0.000000e+00 8.314131e-01 1.685869e-01 0.000000e+00
 0.000000e+00 0.000000e+00 0.000000e+00 9.086903e-01 9.130968e-02
 0.000000e+00 0.000000e+00 0.000000e+00 0.000000e+00 0.000000e+00
<ENDHMM>
~h "sil"
<BEGINHMM>
<NUMSTATES> 5
<STATE> 2
<MEAN> 39
 -5.629699e+00 -5.381884e+00 -3.959652e+00 -9.043982e+00 -2.191588e-01 -4.181902e+00 -1.412657e-01 -8.546707e+00 -2.498038e+00 -5.830928e+00 5.866245e-01 -4.487337e+00 1.512054e+01 -2.989973e-01 -2.485937e-01 -1.857980e-01 -5.063435e-02 6.952177e-02 1.348562e-01 8.168917e-02 -1.637592e-03 1.418065e-02 1.866330e-02 1.135554e-01 5.824709e-02 -1.518535e-01 2.366879e-02 -7.470695e-03 -3.844198e-02 -6.360378e-02 -7.384137e-02 -6.420290e-02 -4.218021e-02 -1.951738e-03 -3.813572e-03 -6.771182e-03 -1.694000e-02 -5.217452e-03 2.531433e-02
<VARIANCE> 39
 6.971082e+00 8.607185e+00 9.564769e+00 1.168477e+01 1.486937e+01 1.538792e+01 1.765930e+01 1.877657e+01 2.046488e+01 1.954505e+01 1.858374e+01 1.638733e+01 1.209552e+00 1.686652e-01 3.745997e-01 4.430680e-01 5.866150e-01 7.339773e-01 8.284950e-01 8.454968e-01 9.075992e-01 9.109229e-01 8.356451e-01 9.046677e-01 7.998143e-01 2.155263e-02 2.201135e-02 4.568551e-02 6.338222e-02 7.749986e-02 1.032738e-01 1.189164e-01 1.186154e-01 1.276611e-01 1.369556e-01 1.216478e-01 1.281466e-01 1.153788e-01 2.526384e-03
<GCONST> 5.922216e+01
<STATE> 3
<MEAN> 39
 -7.156939e+00 -7.236735e+00 -5.866395e+00 -1.018523e+01 -1.012348e+00 -4.339156e+00 -3.654404e-01 -8.603598e+00 -2.680013e+00 -5.571366e+00 1.005066e+00 -4.037416e+00 1.452098e+01 -3.584044e-03 4.973753e-03 -6.192018e-03 3.801861e-03 1.879479e-03 4.715967e-03 1.254998e-03 -9.876153e-03 -4.555685e-03 1.094673e-02 -2.632463e-04 2.492610e-03 -1.193082e-03 -2.368374e-04 4.887818e-03 2.877435e-03 5.286460e-03 1.315860e-03 2.870387e-03 5.486969e-04 5.853389e-03 2.717789e-03 -8.292989e-04 -4.062810e-03 -3.430489e-03 1.584972e-03
<VARIANCE> 39
 3.027166e+00 3.564780e+00 6.172704e+00 8.254442e+00 1.253747e+01 1.387374e+01 1.474216e+01 1.582846e+01 1.623780e+01 1.398251e+01 1.548319e+01 1.300188e+01 1.028432e+00 5.842904e-02 1.319095e-01 2.563353e-01 3.600304e-01 4.751976e-01 6.449600e-01 6.224143e-01 6.900986e-01 6.643433e-01 5.534232e-01 6.422850e-01 5.676934e-01 2.417419e-03 1.073368e-02 2.426564e-02 4.638898e-02 6.443690e-02 8.854953e-02 1.218527e-01 1.105602e-01 1.289114e-01 1.215520e-01 9.644400e-02 1.150024e-01 1.070999e-01 5.051122e-04
<GCONST> 4.276595e+01
<STATE> 4
<MEAN> 39
 -8.044099e+00 -6.369820e+00 -6.079098e+00 -1.016940e+01 -1.188538e+00 -4.700853e+00 -5.106657e-01 -8.720682e+00 -2.519547e+00 -5.941766e+00 9.985313e-01 -4.417079e+00 1.453677e+01 3.422554e-03 1.545882e-01 2.794228e-02 1.227955e-02 -7.638187e-02 -6.394035e-02 -6.565020e-02 4.921005e-02 -5.532541e-02 -8.987334e-02 -1.027075e-01 -6.833591e-02 4.892003e-02 4.561728e-02 5.645858e-02 2.690539e-02 -6.752518e-03 -2.037049e-03 -2.716433e-02 -1.659535e-02 -1.573687e-02 -1.398953e-02 -1.821219e-02 -3.889852e-02 -1.456876e-02 3.347781e-02
<VARIANCE> 39
 5.361461e+00 5.850681e+00 7.452244e+00 1.031437e+01 1.202343e+01 1.461871e+01 1.655217e+01 1.791413e+01 1.851075e+01 1.737203e+01 1.645255e+01 1.416317e+01 1.276583e+00 2.534421e-01 3.365524e-01 3.772632e-01 5.664126e-01 6.053317e-01 7.375298e-01 7.088124e-01 9.202811e-01 8.939191e-01 7.990513e-01 7.762716e-01 6.718944e-01 2.073162e-02 3.954320e-02 5.724544e-02 6.069206e-02 9.818369e-02 9.287845e-02 1.226493e-01 1.060881e-01 1.502722e-01 1.416596e-01 1.225172e-01 1.118092e-01 9.929962e-02 4.412936e-03
<GCONST> 5.788791e+01
<TRANSP> 5
 0.000000e+00 1.000000e+00 0.000000e+00 0.000000e+00 0.000000e+00
 0.000000e+00 7.692386e-01 2.307614e-01 0.000000e+00 0.000000e+00
 0.000000e+00 0.000000e+00 9.590834e-01 4.091661e-02 0.000000e+00
 0.000000e+00 0.000000e+00 0.000000e+00 7.109261e-01 2.890739e-01
 0.000000e+00 0.000000e+00 0.000000e+00 0.000000e+00 0.000000e+00
<ENDHMM>
~h "six"
<BEGINHMM>
<NUMSTATES> 5
<STATE> 2
<MEAN> 39
 -9.124295e+00 -4.836954e+00 -7.749950e+00 -8.266640e+00 -2.438859e+00 -2.834774e+00 -1.487293e+00 -7.798925e+00 -3.116515e+00 -4.969310e+00 3.618721e-01 -3.493936e+00 1.461232e+01 2.726815e-02 1.591599e-01 1.186002e-01 -3.531418e-01 -3.868244e-01 -2.528198e-01 -1.307390e-02 8.919992e-03 1.418946e-01 1.896523e-01 -1.204979e-01 9.511926e-03 1.277530e-01 1.224180e-01 8.574618e-02 1.920704e-01 -2.156927e-01 -1.443492e-01 -1.911085e-01 -1.348170e-02 -1.142845e-02 4.335975e-02 1.788266e-02 -7.846201e-02 -1.185637e-01 9.579263e-02
<VARIANCE> 39
 5.881859e+00 7.824511e+00 1.145772e+01 1.170149e+01 1.691562e+01 1.670042e+01 1.585942e+01 1.681436e+01 1.957147e+01 2.023767e+01 1.844873e+01 1.536605e+01 1.012899e+00 5.537633e-01 4.715963e-01 1.205765e+00 1.010495e+00 1.007774e+00 1.470697e+00 8.038261e-01 8.137791e-01 1.030870e+00 1.294179e+00 9.459654e-01 9.358550e-01 1.411680e-01 4.636096e-02 5.967519e-02 9.845404e-02 1.366895e-01 1.730451e-01 1.833199e-01 1.418881e-01 1.549591e-01 1.804592e-01 1.774093e-01 1.522814e-01 1.540164e-01 7.503502e-03
<GCONST> 7.075552e+01
<STATE> 3
<MEAN> 39
 -6.389795e+00 -1.255084e+00 -8.810622e-01 -1.937228e+01 -7.577193e+00 -8.493302e+00 -2.595068e+00 -6.569140e+00 3.325133e-02 -3.820272e+00 -2.226169e+00 -7.108534e+00 1.817332e+01 6.033788e-02 -1.004580e-01 1.973094e-01 -2.318163e-01 3.399070e-01 1.645809e-01 -1.732648e-01 1.224701e-01 4.917455e-02 -1.716383e-01 1.772010e-01 -6.580612e-03 -4.431784e-02 -7.081278e-02 -1.914884e-01 -2.624974e-01 4.212634e-01 2.477779e-01 2.067547e-01 8.841413e-02 -7.030384e-02 -1.214316e-01 -5.252286e-02 1.186420e-01 1.339913e-01 -1.487445e-01
<VARIANCE> 39
 7.367370e+00 9.635601e+00 1.569742e+01 2.776347e+01 5.692444e+01 3.167278e+01 3.629293e+01 2.495916e+01 3.438404e+01 5.661710e+01 3.469410e+01 3.674877e+01 1.645047e+00 3.757045e-01 7.674610e-01 1.271301e+00 3.640179e+00 2.695807e+00 1.950656e+00 1.896175e+00 1.366034e+00 1.928482e+00 2.033426e+00 1.879827e+00 2.011311e+00 3.396145e-01 6.646574e-02 6.525157e-02 1.520793e-01 2.585392e-01 3.130457e-01 3.120063e-01 3.695939e-01 2.303204e-01 2.922211e-01 3.375136e-01 2.687101e-01 2.614650e-01 1.433633e-02
<GCONST> 9.337854e+01
<STATE> 4
<MEAN> 39
 -8.222577e+00 -6.451437e+00 -6.277396e+00 -9.275583e+00 -2.415952e+00 -3.256265e+00 -9.182761e-01 -8.615624e+00 -2.795306e+00 -5.153826e+00 7.408620e-01 -4.248635e+00 1.464349e+01 -7.442126e-02 -1.118072e-01 -2.389874e-01 2.870740e-01 3.500295e-02 6.666933e-02 1.390732e-01 -4.188126e-02 -8.121270e-02 -2.483130e-03 7.366459e-03 3.130468e-02 -6.889626e-02 2.173762e-02 7.154383e-02 7.432585e-02 -1.248945e-01 -5.118573e-02 -6.603905e-02 -5.131252e-02 3.815514e-02 2.469885e-02 6.733307e-03 -2.995420e-02 -2.922725e-02 4.497601e-02
<VARIANCE> 39
 7.836410e+00 8.036994e+00 1.202001e+01 1.253896e+01 1.775488e+01 1.684575e+01 1.688478e+01 1.718214e+01 1.742179e+01 1.762552e+01 1.547863e+01 1.427368e+01 1.310076e+00 3.471872e-01 5.518964e-01 7.463477e-01 9.087887e-01 9.875026e-01 1.059264e+00 1.026785e+00 9.108870e-01 8.760951e-01 8.051553e-01 7.558447e-01 6.350744e-01 5.456972e-02 4.509159e-02 7.355037e-02 1.100383e-01 1.327705e-01 1.825923e-01 1.706938e-01 1.655957e-01 1.667244e-01 1.581870e-01 1.441438e-01 1.370198e-01 1.246722e-01 7.388056e-03
<GCONST> 6.779651e+01
<TRANSP> 5
 0.000000e+00 1.000000e+00 0.000000e+00 0.000000e+00 0.000000e+00
 0.000000e+00 9.049472e-01 9.505285e-02 0.000000e+00 0.000000e+00
 0.000000e+00 0.000000e+00 8.983329e-01 1.016671e-01 0.000000e+00
 0.000000e+00 0.000000e+00 0.000000e+00 9.437303e-01 5.626966e-02
 0.000000e+00 0.000000e+00 0.000000e+00 0.000000e+00 0.000000e+00
<ENDHMM>
~h "two"
<BEGINHMM>
<NUMSTATES> 5
<STATE> 2
<MEAN> 39
 -9.639414e+00 -4.513432e+00 -6.580766e+00 -9.863560e+00 -9.720520e-01 -4.070665e+00 -1.373336e+00 -8.179418e+00 -2.537163e+00 -5.722521e+00 1.014204e+00 -3.721756e+00 1.495429e+01 -3.758014e-02 2.631168e-01 2.263397e-01 -3.008491e-01 -8.029579e-02 -1.059771e-02 -1.952118e-01 2.047998e-02 1.192920e-01 3.787033e-02 -4.396056e-03 -2.839715e-02 9.347618e-02 1.950345e-01 9.726381e-02 2.115331e-01 -1.064890e-01 -1.587313e-01 -1.867044e-01 -1.174426e-01 -6.690965e-02 -2.515960e-02 -1.346569e-03 -7.481504e-02 -1.170508e-01 8.904183e-02
<VARIANCE> 39
 9.732100e+00 8.411830e+00 1.057120e+01 1.130264e+01 1.669847e+01 1.858908e+01 1.761612e+01 1.993475e+01 2.015000e+01 2.109540e+01 2.063016e+01 1.756305e+01 9.683568e-01 1.154740e+00 7.385826e-01 1.484538e+00 7.320573e-01 1.243840e+00 1.212128e+00 9.533162e-01 1.050649e+00 1.054673e+00 1.129714e+00 1.398397e+00 9.929830e-01 1.174491e-01 1.107612e-01 1.110934e-01 1.232437e-01 1.199817e-01 2.136401e-01 1.859785e-01 1.655743e-01 1.895575e-01 1.984018e-01 1.764040e-01 2.621558e-01 1.380710e-01 7.422637e-03
<GCONST> 7.620202e+01
<STATE> 3
<MEAN> 39
 -4.756930e+00 1.149316e+00 1.778224e+00 -1.527068e+01 -6.598803e+00 -9.672945e+00 -6.598324e+00 -1.044178e+01 -2.516044e+00 -5.320363e+00 -1.030022e+00 -7.239760e+00 1.830119e+01 7.193315e-01 5.999740e-01 8.360471e-01 -6.091849e-01 -1.201092e+00 -1.150001e+00 -6.212691e-01 -3.241043e-01 -7.638577e-02 1.074630e-01 -2.783287e-01 -6.924759e-01 4.804423e-01 -2.461657e-01 -2.219683e-01 -4.234541e-01 2.838057e-01 2.397680e-01 2.108268e-01 2.293682e-01 1.474368e-01 -1.436253e-02 5.922016e-03 1.442220e-01 1.762000e-01 -1.356783e-01
<VARIANCE> 39
 7.637062e+00 8.201184e+00 1.359603e+01 2.286914e+01 4.094159e+01 2.664878e+01 2.842989e+01 2.392867e+01 3.044523e+01 5.369548e+01 4.334025e+01 4.700747e+01 1.220937e+00 6.002338e-01 6.134164e-01 9.871272e-01 1.413979e+00 1.245545e+00 1.154156e+00 1.636980e+00 1.535896e+00 1.877873e+00 2.038627e+00 2.554880e+00 1.859358e+00 8.416696e-02 6.196148e-02 5.703238e-02 8.188551e-02 1.318224e-01 2.159622e-01 1.828540e-01 2.050730e-01 1.926454e-01 2.096132e-01 2.724445e-01 2.909151e-01 2.224141e-01 8.053143e-03
<GCONST> 8.427509e+01
<STATE> 4
<MEAN> 39
 -3.074160e+00 -2.498603e-01 -1.582176e-01 -1.281027e+01 -6.631944e+00 -1.135588e+01 -5.742227e+00 -1.003087e+01 -3.079259e+00 -5.508287e+00 -1.510073e-01 -7.402931e+00 1.806438e+01 2.856149e-02 -3.108913e-01 -3.225636e-01 4.777227e-01 4.160364e-01 2.897243e-01 2.823412e-01 6.164522e-02 -7.978702e-02 -2.571288e-03 1.468307e-01 2.523633e-01 -1.813459e-01 -7.879096e-02 -6.534896e-02 -4.715120e-02 -2.747941e-03 8.374529e-02 1.333986e-01 8.168706e-02 3.501739e-02 2.799241e-02 -2.889727e-03 -1.432027e-02 4.589111e-02 -4.147486e-02
<VARIANCE> 39
 6.126953e+00 7.980889e+00 1.202320e+01 3.019341e+01 3.252041e+01 2.281905e+01 3.197465e+01 3.246527e+01 4.006969e+01 4.282221e+01 5.143110e+01 4.045082e+01 1.492835e+00 2.866644e-01 2.399533e-01 4.425739e-01 6.655242e-01 9.312070e-01 1.150726e+00 1.105539e+00 1.194717e+00 1.057023e+00 1.124072e+00 1.145986e+00 1.082552e+00 3.967659e-02 3.091889e-02 3.306118e-02 5.466445e-02 9.506726e-02 1.114157e-01 1.450114e-01 1.389045e-01 1.749011e-01 1.699727e-01 1.672946e-01 1.672980e-01 1.557807e-01 3.008831e-03
<GCONST> 7.111193e+01
<TRANSP> 5
 0.000000e+00 1.000000e+00 0.000000e+00 0.000000e+00 0.000000e+00
 0.000000e+00 9.084740e-01 9.152596e-02 0.000000e+00 0.000000e+00
 0.000000e+00 0.000000e+00 7.698604e-01 2.301396e-01 0.000000e+00
 0.000000e+00 0.000000e+00 0.000000e+00 9.201577e-01 7.984231e-02
 0.000000e+00 0.000000e+00 0.000000e+00 0.000000e+00 0.000000e+00
<ENDHMM>
~h "nine"
<BEGINHMM>
<NUMSTATES> 5
<STATE> 2
<MEAN> 39
 -4.077345e+00 -3.898066e+00 -1.677276e+00 -8.971143e+00 -2.804513e+00 -6.378185e+00 -1.642710e+00 -1.116136e+01 -5.117408e+00 -8.041993e+00 -2.887748e+00 -7.734890e+00 1.762904e+01 -1.811342e-01 -6.858089e-01 -2.834668e-01 4.408290e-01 -4.285464e-01 2.355717e-01 4.030300e-01 -1.731187e-01 -1.880312e-02 -1.236217e-01 -8.592828e-02 -8.367018e-02 2.069329e-01 -5.922464e-02 -1.590378e-01 -1.030371e-01 1.132281e-01 -5.452089e-03 -1.169965e-03 5.204894e-02 4.893682e-02 3.952441e-02 9.370525e-03 7.326286e-02 3.877720e-02 -9.215477e-03
<VARIANCE> 39
 8.090961e+00 1.916347e+01 1.444467e+01 1.669299e+01 2.834809e+01 2.875759e+01 3.145675e+01 2.650791e+01 4.734479e+01 3.538874e+01 3.033121e+01 3.281602e+01 1.829777e+00 4.871446e-01 1.494068e+00 1.080498e+00 1.097177e+00 1.264092e+00 1.393843e+00 1.627396e+00 1.205143e+00 1.553546e+00 1.157376e+00 1.183344e+00 1.006630e+00 4.894972e-02 6.265651e-02 1.682052e-01 1.288507e-01 1.425371e-01 2.181616e-01 2.178724e-01 2.447267e-01 1.814134e-01 2.032969e-01 1.691319e-01 1.711289e-01 1.443609e-01 4.463022e-03
<GCONST> 8.221035e+01
<STATE> 3
<MEAN> 39
 -6.347527e+00 -1.160442e+01 -4.860507e+00 -2.734695e+00 -5.693744e+00 -5.250022e+00 1.736059e+00 -1.135922e+01 -5.539676e+00 -9.015327e+00 -1.699772e+00 -7.646741e+00 1.861514e+01 -1.102202e-01 9.686159e-02 2.307479e-01 -2.420488e-01 -2.305142e-02 2.140794e-01 -1.050672e-01 -8.696228e-02 1.959006e-01 5.474234e-02 -5.526811e-02 4.596771e-02 -2.113695e-02 2.517164e-03 1.935469e-01 6.929485e-02 -2.402583e-01 4.426308e-02 6.240256e-02 -1.060979e-01 1.121228e-02 7.537657e-02 -1.084908e-02 -6.778197e-02 2.441988e-02 -1.480030e-02
<VARIANCE> 39
 7.253243e+00 8.472353e+00 2.450037e+01 3.236941e+01 1.900658e+01 3.083622e+01 3.095137e+01 3.397374e+01 4.391692e+01 4.150165e+01 2.842897e+01 3.075455e+01 1.006126e+00 8.384616e-02 3.840292e-01 4.111280e-01 1.132714e+00 5.000378e-01 6.241732e-01 5.587708e-01 5.153654e-01 6.511046e-01 6.707072e-01 6.806698e-01 5.420508e-01 4.827255e-03 1.133341e-02 3.005361e-02 4.127561e-02 5.547944e-02 7.264980e-02 7.246997e-02 7.391036e-02 8.095081e-02 8.281089e-02 8.716507e-02 7.873295e-02 7.922971e-02 3.983416e-04
<GCONST> 5.405608e+01
<STATE> 4
<MEAN> 39
 -5.408919e+00 -2.488680e+00 -1.320184e+00 -1.141009e+01 -1.443061e+00 -5.341784e+00 -3.676821e+00 -1.048139e+01 -3.509043e+00 -8.117101e+00 -2.930925e+00 -6.527730e+00 1.769445e+01 2.317139e-01 5.105848e-01 -3.095333e-03 -1.016879e-01 4.411183e-01 -2.479226e-01 -2.011408e-01 2.756130e-01 -1.277935e-01 8.107414e-02 2.108431e-01 1.169412e-01 -1.723586e-01 -2.715194e-02 -1.583064e-01 -8.625412e-02 1.474547e-01 -3.839249e-02 -6.088999e-03 1.204322e-01 1.985676e-02 -5.447797e-02 4.231431e-02 7.832218e-02 -9.554945e-03 -2.022995e-02
<VARIANCE> 39
 1.166846e+01 1.632521e+01 1.132168e+01 2.321631e+01 3.171827e+01 3.320279e+01 3.064782e+01 2.993112e+01 4.733517e+01 3.817842e+01 3.626937e+01 3.985377e+01 1.211674e+00 5.065151e-01 1.171871e+00 6.359956e-01 1.643068e+00 1.303738e+00 1.550623e+00 1.528428e+00 1.269752e+00 1.658815e+00 1.184171e+00 1.105878e+00 1.068940e+00 2.538151e-02 7.071368e-02 8.681925e-02 9.031526e-02 1.779847e-01 1.819091e-01 2.449429e-01 1.820609e-01 2.039845e-01 2.436523e-01 1.943308e-01 1.735394e-01 1.451956e-01 2.221686e-03
<GCONST> 8.083679e+01
<TRANSP> 5
 0.000000e+00 1.000000e+00 0.000000e+00 0.000000e+00 0.000000e+00
 0.000000e+00 9.012501e-01 9.874991e-02 0.000000e+00 0.000000e+00
 0.000000e+00 0.000000e+00 9.153503e-01 8.464970e-02 0.000000e+00
 0.000000e+00 0.000000e+00 0.000000e+00 9.176032e-01 8.239676e-02
 0.000000e+00 0.000000e+00 0.000000e+00 0.000000e+00 0.000000e+00
<ENDHMM>
~h "five"
<BEGINHMM>
<NUMSTATES> 5
<STATE> 2
<MEAN> 39
 -6.145373e+00 -8.579071e+00 -7.592476e+00 -9.225062e+00 -4.230773e-01 -6.121426e+00 6.978962e-03 -6.825485e+00 -3.778258e+00 -6.490684e+00 -3.218988e-01 -4.546300e+00 1.643807e+01 1.118078e-01 -6.872305e-01 -4.786026e-01 3.255053e-01 2.195625e-01 -2.712259e-01 2.421195e-01 2.802934e-01 -3.435887e-01 -1.302764e-01 -1.266226e-01 1.666222e-02 2.472891e-01 -1.683925e-03 -5.659640e-03 5.737492e-02 4.688928e-02 -1.725264e-02 -3.236789e-02 -1.989686e-02 -4.940808e-02 -1.732725e-02 2.411911e-02 1.545796e-02 -1.459390e-02 2.061996e-02
<VARIANCE> 39
 1.125188e+01 1.815393e+01 1.972024e+01 1.332436e+01 1.797004e+01 2.025480e+01 1.944240e+01 3.697198e+01 2.612176e+01 2.326825e+01 2.203209e+01 1.616224e+01 4.948169e+00 7.423164e-01 6.843923e-01 8.868303e-01 8.866067e-01 8.226826e-01 1.096090e+00 9.428341e-01 1.701084e+00 1.496828e+00 1.271827e+00 1.231867e+00 8.357569e-01 2.129075e-01 1.004221e-01 1.065274e-01 1.570926e-01 1.148713e-01 1.338447e-01 1.695195e-01 1.473376e-01 2.760095e-01 2.348387e-01 1.802746e-01 1.906071e-01 1.286205e-01 2.516617e-02
<GCONST> 8.141035e+01
<STATE> 3
<MEAN> 39
 -5.829909e+00 -1.543208e+01 -8.489590e+00 -3.791509e+00 1.364194e+00 -9.061783e+00 2.480584e+00 -7.543465e+00 -7.266444e+00 -5.482924e+00 -5.596488e-01 -4.576600e+00 1.903887e+01 -1.610334e-01 9.881385e-02 4.891213e-01 -2.808355e-01 -2.718483e-01 4.465804e-01 6.804523e-02 -3.852471e-01 3.469814e-02 2.820530e-01 5.019200e-02 -7.338827e-02 -4.962927e-02 4.119493e-02 1.198994e-01 1.074249e-02 -1.944129e-01 -5.746698e-02 8.541048e-02 -2.819503e-02 2.903904e-02 6.260752e-02 -5.057402e-02 -7.345649e-02 -1.855373e-02 -1.597175e-02
<VARIANCE> 39
 9.235525e+00 9.516532e+00 2.487408e+01 2.134836e+01 1.890437e+01 2.361061e+01 1.802782e+01 4.020392e+01 4.783454e+01 4.513332e+01 2.691068e+01 2.542698e+01 1.368737e+00 9.077787e-02 1.726037e-01 2.727436e-01 6.954190e-01 5.202845e-01 5.777716e-01 5.082278e-01 5.121703e-01 6.401113e-01 6.122552e-01 5.999666e-01 4.835866e-01 5.997606e-03 1.192116e-02 2.521041e-02 3.123397e-02 4.833081e-02 5.224708e-02 5.349405e-02 5.804976e-02 6.689411e-02 9.045410e-02 8.805488e-02 6.807341e-02 7.103818e-02 9.688361e-04
<GCONST> 5.083693e+01
<STATE> 4
<MEAN> 39
 -5.452394e+00 -7.798152e+00 -3.664711e+00 -1.292932e+01 -3.057843e+00 -3.760880e+00 1.120403e+00 -8.346092e+00 -3.888027e+00 -5.631060e+00 -1.734015e+00 -5.653000e+00 1.761936e+01 6.895711e-02 9.293748e-01 2.307927e-01 -1.987836e-01 -1.315859e-01 -8.908958e-02 -2.932273e-01 7.891086e-02 3.928484e-01 -1.370576e-01 7.673065e-02 1.233941e-02 -2.762190e-01 -4.002735e-02 -7.254190e-02 -8.900432e-02 1.945901e-01 1.092599e-01 -8.830015e-02 -1.665378e-02 -4.514803e-03 -4.075415e-02 1.309634e-02 7.344948e-02 3.240485e-02 -1.782450e-02
<VARIANCE> 39
 7.533100e+00 2.308244e+01 1.185583e+01 2.986153e+01 3.748610e+01 2.150832e+01 2.415417e+01 3.057106e+01 4.223570e+01 2.629439e+01 2.688217e+01 2.787952e+01 2.629528e+00 3.400332e-01 7.374085e-01 6.409190e-01 2.733144e+00 1.682089e+00 1.393085e+00 9.393045e-01 1.417220e+00 1.594570e+00 1.266550e+00 1.316847e+00 1.013080e+00 6.819297e-02 5.715518e-02 1.022106e-01 9.524717e-02 3.009358e-01 2.342661e-01 2.509227e-01 1.675266e-01 2.084450e-01 2.011768e-01 1.717465e-01 2.163433e-01 1.726193e-01 9.082202e-03
<GCONST> 8.298357e+01
<TRANSP> 5
 0.000000e+00 1.000000e+00 0.000000e+00 0.000000e+00 0.000000e+00
 0.000000e+00 9.300383e-01 6.996176e-02 0.000000e+00 0.000000e+00
 0.000000e+00 0.000000e+00 9.152321e-01 8.476795e-02 0.000000e+00
 0.000000e+00 0.000000e+00 0.000000e+00 8.980061e-01 1.019939e-01
 0.000000e+00 0.000000e+00 0.000000e+00 0.000000e+00 0.000000e+00
<ENDHMM>
~h "four"
<BEGINHMM>
<NUMSTATES> 5
<STATE> 2
<MEAN> 39
 -7.667624e+00 -6.677811e+00 -5.470651e+00 -9.688789e+00 -1.112554e+00 -4.543471e+00 -5.189689e-01 -8.559961e+00 -2.271114e+00 -5.732473e+00 1.121443e+00 -4.080831e+00 1.494338e+01 3.138331e-01 1.474631e-02 -3.778500e-01 -2.939819e-01 -1.125262e-01 -9.206083e-02 -1.320321e-01 -8.571430e-03 1.231805e-01 1.055075e-01 -1.625363e-02 -4.077230e-02 1.258379e-01 2.438174e-01 9.813526e-02 -1.170313e-01 -1.288147e-01 -5.304012e-02 -1.112588e-01 -1.097996e-01 -1.808164e-02 -8.184193e-03 7.009675e-03 -7.390779e-02 -1.029499e-01 1.065351e-01
<VARIANCE> 39
 4.657649e+00 4.193460e+00 6.876474e+00 8.704012e+00 1.156782e+01 1.418994e+01 1.488087e+01 1.611068e+01 1.489993e+01 1.410064e+01 1.539702e+01 1.167683e+01 9.116800e-01 1.047065e+00 4.639178e-01 5.766308e-01 6.437182e-01 6.049655e-01 9.842665e-01 9.577653e-01 8.519965e-01 8.544629e-01 7.821153e-01 1.037501e+00 8.674487e-01 1.654563e-01 5.929444e-02 5.711766e-02 1.015155e-01 1.069118e-01 1.041822e-01 1.638898e-01 1.311687e-01 1.613806e-01 1.551099e-01 1.347690e-01 1.544513e-01 1.329648e-01 6.555364e-03
<GCONST> 6.410854e+01
<STATE> 3
<MEAN> 39
 1.545539e+00 -3.506082e+00 -1.204608e+01 -1.693925e+01 -4.004868e+00 -6.246484e+00 -3.255047e+00 -8.958973e+00 -1.451341e+00 -3.992062e+00 3.068304e-01 -6.856421e+00 1.889500e+01 3.433107e-01 -1.623345e-01 -3.558468e-01 -7.216914e-02 6.820384e-02 -2.290303e-02 -2.270719e-01 1.736733e-01 3.472255e-01 1.047986e-01 -2.364449e-01 -2.329480e-01 1.594964e-01 -1.728057e-01 -1.511371e-01 1.446061e-01 2.267969e-01 4.013264e-02 -2.949197e-02 4.305394e-02 1.087219e-01 4.690686e-02 -7.877237e-02 -5.253178e-02 5.703609e-02 -6.698075e-02
<VARIANCE> 39
 4.227970e+00 1.022243e+01 1.029041e+01 1.432918e+01 2.460276e+01 1.721145e+01 1.818636e+01 1.709348e+01 2.334692e+01 2.481169e+01 3.750477e+01 3.594286e+01 1.115806e+00 5.912065e-01 7.438626e-01 7.231897e-01 1.240829e+00 9.895775e-01 7.948637e-01 9.115137e-01 9.642984e-01 1.307602e+00 1.180657e+00 1.372136e+00 1.243437e+00 1.038317e-01 4.871608e-02 4.642877e-02 9.628283e-02 8.305276e-02 1.340593e-01 1.435020e-01 1.544317e-01 1.396359e-01 1.799935e-01 1.932645e-01 2.021902e-01 1.820074e-01 7.090535e-03
<GCONST> 7.298956e+01
<STATE> 4
<MEAN> 39
 -5.429692e-01 -1.072218e+01 -7.323078e+00 -8.565805e+00 -5.391736e+00 -8.704749e+00 -2.323940e+00 -4.895576e+00 1.831630e-01 -7.540130e+00 -3.910853e+00 -7.426207e+00 1.840886e+01 -6.129140e-01 7.465755e-02 1.055961e+00 4.896462e-01 -3.433446e-01 7.616640e-02 5.981625e-01 -1.811752e-01 -6.240162e-01 -3.440951e-01 1.658266e-01 3.014694e-01 -2.432775e-01 -9.001546e-02 2.380759e-01 -4.453413e-02 -1.996030e-01 1.165276e-01 1.960441e-01 3.099978e-02 -1.858917e-01 -1.287900e-01 1.032560e-01 1.745543e-01 4.439730e-02 -4.962674e-02
<VARIANCE> 39
 7.333440e+00 1.779963e+01 3.181580e+01 1.828335e+01 4.522186e+01 3.700927e+01 3.509678e+01 4.319442e+01 4.621216e+01 3.482874e+01 3.460001e+01 3.076928e+01 1.741640e+00 2.971731e-01 1.587486e+00 9.179326e-01 1.626267e+00 2.564562e+00 2.221737e+00 1.718490e+00 2.564763e+00 1.885271e+00 1.705945e+00 1.829045e+00 1.123808e+00 5.832950e-02 2.926790e-02 1.346430e-01 2.064869e-01 1.690591e-01 4.288326e-01 2.940583e-01 3.516545e-01 3.668483e-01 3.851875e-01 2.816697e-01 3.092498e-01 2.124635e-01 3.411667e-03
<GCONST> 9.085586e+01
<TRANSP> 5
 0.000000e+00 1.000000e+00 0.000000e+00 0.000000e+00 0.000000e+00
 0.000000e+00 9.011174e-01 9.888256e-02 0.000000e+00 0.000000e+00
 0.000000e+00 0.000000e+00 9.186854e-01 8.131464e-02 0.000000e+00
 0.000000e+00 0.000000e+00 0.000000e+00 8.810127e-01 1.189873e-01
 0.000000e+00 0.000000e+00 0.000000e+00 0.000000e+00 0.000000e+00
<ENDHMM>
~h "zero"
<BEGINHMM>
<NUMSTATES> 5
<STATE> 2
<MEAN> 39
 -6.758336e+00 -3.060490e+00 -4.886826e+00 -7.466933e+00 -1.265856e+00 -3.807491e+00 -1.414205e+00 -8.520080e+00 -3.457451e+00 -5.106236e+00 5.900214e-01 -4.556093e+00 1.523185e+01 -8.168016e-02 3.318079e-01 1.414151e-01 -3.042005e-01 -2.133867e-01 -2.738376e-01 -1.777430e-01 -1.205342e-01 1.233394e-01 2.201213e-01 -1.253335e-02 -1.962441e-04 1.060708e-01 6.807012e-02 1.068949e-01 1.512926e-01 -2.257042e-01 -1.459411e-01 -2.462618e-01 -6.497487e-02 -7.538839e-02 6.203555e-02 1.079991e-02 -2.261993e-02 -5.404093e-02 8.252358e-02
<VARIANCE> 39
 7.745128e+00 1.028911e+01 1.429261e+01 1.360993e+01 1.783400e+01 1.930299e+01 1.878010e+01 1.949868e+01 2.377137e+01 2.085662e+01 1.977677e+01 1.678346e+01 1.208764e+00 4.211808e-01 7.291017e-01 1.003750e+00 9.500634e-01 8.893903e-01 1.750860e+00 9.589819e-01 1.102135e+00 1.068049e+00 8.963227e-01 1.006108e+00 1.001678e+00 1.192592e-01 5.258033e-02 9.179091e-02 1.144107e-01 1.198325e-01 1.237967e-01 1.946371e-01 1.597979e-01 1.730638e-01 1.607262e-01 1.399879e-01 1.706436e-01 1.584619e-01 7.958951e-03
<GCONST> 7.320381e+01
<STATE> 3
<MEAN> 39
 -5.590739e+00 3.904500e-01 8.090280e-01 -1.662313e+01 -7.712402e+00 -9.221612e+00 -4.658129e+00 -8.629097e+00 -4.885805e-02 -3.802286e+00 1.259399e-01 -6.759985e+00 1.834444e+01 3.381226e-01 -6.254022e-01 4.880558e-01 -2.644333e-01 -1.102000e+00 1.288613e-01 1.557543e-01 1.537058e-01 3.345906e-01 -5.404940e-02 2.651187e-02 -1.550651e-01 1.948001e-01 4.511630e-02 -2.657689e-01 -1.693026e-01 3.430946e-01 9.778908e-03 1.399536e-01 1.907210e-01 7.245360e-02 -7.140034e-02 -4.763920e-02 -7.128506e-03 6.286092e-02 -6.161556e-02
<VARIANCE> 39
 7.283189e+00 1.919543e+01 1.718498e+01 2.744642e+01 5.851065e+01 3.939705e+01 3.188855e+01 4.335776e+01 3.245650e+01 3.001357e+01 3.379129e+01 4.994006e+01 1.156298e+00 4.295528e-01 1.775441e+00 8.559767e-01 2.666440e+00 1.664408e+00 2.653980e+00 1.728403e+00 1.475707e+00 1.339997e+00 1.175461e+00 1.141258e+00 1.379762e+00 7.312320e-02 5.099486e-02 1.108188e-01 1.223499e-01 1.857943e-01 2.377281e-01 3.919915e-01 2.243986e-01 2.434184e-01 2.199665e-01 1.773681e-01 1.723811e-01 2.131000e-01 4.551013e-03
<GCONST> 8.729447e+01
<STATE> 4
<MEAN> 39
 -1.649122e+00 -9.930687e+00 -4.552809e+00 -9.835481e+00 -9.200329e+00 -8.375012e+00 4.454104e-02 -4.371619e+00 -3.077193e-01 -6.663891e+00 -1.067079e+00 -5.913194e+00 1.846286e+01 -1.963090e-03 4.159713e-02 -4.248435e-01 2.117073e-01 6.909264e-01 -3.658666e-02 1.254539e-02 7.662658e-02 -1.452905e-01 -9.951496e-02 -4.253549e-02 5.555154e-02 -9.984960e-02 -8.146395e-02 1.026751e-01 5.167370e-02 -8.309138e-02 8.978373e-02 7.178033e-02 -5.900902e-02 -6.232936e-02 -2.362493e-02 2.520821e-02 2.532723e-02 8.719262e-03 -2.411116e-02
<VARIANCE> 39
 6.049108e+00 2.022980e+01 2.590505e+01 2.575224e+01 6.115850e+01 5.179221e+01 3.776695e+01 3.635656e+01 4.392318e+01 3.594094e+01 2.597988e+01 3.311832e+01 1.509646e+00 3.010305e-01 8.270748e-01 7.835165e-01 1.012885e+00 1.235889e+00 1.841133e+00 1.589305e+00 1.897703e+00 1.647702e+00 1.476430e+00 1.053372e+00 9.581112e-01 3.797983e-02 2.902754e-02 5.183020e-02 8.357774e-02 1.131015e-01 1.904843e-01 2.370299e-01 2.060959e-01 2.034497e-01 2.219757e-01 2.011931e-01 1.522652e-01 1.418971e-01 2.415980e-03
<GCONST> 8.033905e+01
<TRANSP> 5
 0.000000e+00 1.000000e+00 0.000000e+00 0.000000e+00 0.000000e+00
 0.000000e+00 8.903272e-01 1.096728e-01 0.000000e+00 0.000000e+00
 0.000000e+00 0.000000e+00 8.973292e-01 1.026708e-01 0.000000e+00
 0.000000e+00 0.000000e+00 0.000000e+00 9.447450e-01 5.525500e-02
 0.000000e+00 0.000000e+00 0.000000e+00 0.000000e+00 0.000000e+00
<ENDHMM>
