~o
<STREAMINFO> 1 39
<VECSIZE> 39<NULLD><MFCC_E_D_A><DIAGC>
~s "silst"
<MEAN> 39
 -5.072804e+00 -3.727401e+00 -3.210865e+00 -8.850513e+00 -1.266452e+00 -5.776015e+00 -1.839848e+00 -9.466073e+00 -3.497979e+00 -6.427789e+00 -3.770779e-01 -5.642284e+00 1.586311e+01 -6.620817e-01 -4.387148e-01 -4.499694e-01 1.675358e-01 3.065991e-01 7.025698e-01 3.725262e-01 1.051020e-01 1.428085e-01 1.491045e-01 3.341934e-01 3.719844e-01 -3.624685e-01 -2.695437e-02 -7.143557e-02 -1.089593e-01 -1.262900e-01 -9.474219e-02 -6.993432e-02 1.470722e-03 7.316813e-02 3.755146e-02 9.169085e-03 -1.475693e-02 4.177450e-03 2.623620e-02
<VARIANCE> 39
 1.123572e+01 1.080518e+01 1.339442e+01 1.345232e+01 2.085238e+01 2.474620e+01 2.386428e+01 2.484320e+01 2.797884e+01 2.740042e+01 2.587742e+01 2.369442e+01 2.030671e+00 3.764651e-01 7.419093e-01 8.217510e-01 8.128271e-01 1.147306e+00 1.289473e+00 1.257079e+00 1.301938e+00 1.409440e+00 1.276009e+00 1.248259e+00 1.115919e+00 5.128744e-02 6.993816e-02 9.950157e-02 1.068214e-01 1.141672e-01 1.571863e-01 2.202039e-01 1.942377e-01 1.873017e-01 2.098325e-01 1.849152e-01 1.822488e-01 1.530723e-01 9.204449e-03
<GCONST> 7.765552e+01
~h "eight"
<BEGINHMM>
<NUMSTATES> 5
<STATE> 2
<MEAN> 39
 -8.237514e+00 -2.938460e+00 -5.895604e+00 -1.825756e+01 1.975238e-01 -4.931167e+00 8.466426e-01 -6.783445e+00 -1.609692e+00 -7.443871e+00 -1.715165e+00 -5.742100e+00 1.741517e+01 -1.676135e-01 1.034580e+00 -9.321854e-02 -1.060692e+00 -5.507876e-02 -5.954880e-01 8.702882e-02 4.667926e-01 3.869854e-01 -2.055539e-03 -1.767533e-01 -2.402216e-01 3.308027e-01 2.903922e-02 8.812388e-02 6.259683e-03 1.413815e-01 -6.218226e-02 -1.924839e-01 -8.417205e-02 -2.092402e-02 2.505921e-02 9.333817e-02 1.132890e-01 4.969247e-04 -1.735587e-02
<VARIANCE> 39
 7.951136e+00 2.041810e+01 1.879298e+01 3.165966e+01 4.171818e+01 2.218049e+01 2.472511e+01 2.260624e+01 3.073198e+01 2.335649e+01 2.472451e+01 2.556894e+01 3.273271e+00 3.442942e-01 7.451440e-01 6.547813e-01 1.292166e+00 1.206690e+00 1.366221e+00 1.442511e+00 9.942743e-01 1.343031e+00 1.122372e+00 1.078633e+00 9.595831e-01 1.028582e-01 4.172155e-02 8.000343e-02 7.507962e-02 1.947607e-01 1.368015e-01 1.677898e-01 1.479041e-01 1.685063e-01 2.267275e-01 1.626759e-01 1.705364e-01 1.468077e-01 1.294231e-02
<GCONST> 7.929764e+01
<STATE> 3
<MEAN> 39
 -8.381547e+00 5.828793e+00 -5.485773e+00 -1.912064e+01 -2.901995e+00 -1.386654e+01 -1.724771e+00 -6.058118e+00 7.023481e-01 -3.995095e+00 7.913666e-01 -5.666159e+00 1.853621e+01 1.067752e-01 4.698431e-01 2.046051e-01 8.385766e-01 -1.687192e-04 -8.995293e-01 -6.066027e-01 -8.220145e-01 -3.811804e-01 3.021670e-01 4.494678e-01 2.255063e-01 -7.725861e-02 4.948195e-02 -2.888003e-01 2.155874e-02 1.849382e-01 8.775790e-02 2.843347e-01 2.549905e-02 -1.492528e-01 -1.928873e-01 -1.438096e-01 -7.454778e-02 3.559441e-02 -6.252792e-02
<VARIANCE> 39
 9.991006e+00 1.137494e+01 2.478274e+01 2.679514e+01 2.077573e+01 2.347956e+01 5.649443e+01 2.748819e+01 3.016227e+01 2.199242e+01 3.283978e+01 2.510391e+01 1.484333e+00 1.845049e-01 5.349594e-01 2.635314e-01 6.285462e-01 8.134771e-01 1.040155e+00 7.485077e-01 8.171684e-01 1.754701e+00 1.038875e+00 1.195796e+00 8.549399e-01 2.623087e-02 2.782089e-02 7.226536e-02 4.965957e-02 9.993335e-02 8.147776e-02 1.548587e-01 1.418206e-01 1.370435e-01 1.704028e-01 1.392087e-01 1.855141e-01 1.371643e-01 3.411967e-03
<GCONST> 6.934135e+01
<STATE> 4
<MEAN> 39
 -6.939249e+00 8.231367e-01 -4.077554e+00 -1.209206e+01 -1.140076e+00 -1.145772e+01 -3.999471e+00 -1.161650e+01 -4.505036e+00 -5.803932e+00 8.095347e-01 -4.536002e+00 1.645887e+01 2.033751e-01 -1.877785e+00 -1.696983e-02 8.713882e-01 2.138711e-01 1.635219e+00 3.460216e-01 1.446012e-02 -2.975389e-01 -3.834356e-01 -1.312995e-01 1.000256e-01 -4.733602e-01 -7.500835e-02 -7.551210e-02 -1.008419e-01 -1.382570e-01 -5.086070e-02 1.315585e-01 1.872844e-01 2.692886e-01 2.110022e-01 7.244983e-02 2.658199e-02 -3.152936e-02 -1.663221e-03
<VARIANCE> 39
 5.949957e+00 3.354445e+01 1.463777e+01 1.891106e+01 1.597086e+01 3.844016e+01 3.232182e+01 2.433410e+01 3.831638e+01 2.706286e+01 2.531870e+01 2.379304e+01 2.786065e+00 3.583989e-01 7.211988e-01 6.257039e-01 1.038215e+00 6.537019e-01 1.215904e+00 1.766224e+00 1.478216e+00 2.041301e+00 1.216804e+00 1.378802e+00 1.140208e+00 3.516143e-02 4.194281e-02 2.612047e-01 6.999334e-02 1.180473e-01 9.654956e-02 3.314615e-01 1.827175e-01 1.974860e-01 2.938704e-01 1.767648e-01 1.972647e-01 1.937236e-01 1.076321e-02
<GCONST> 8.018662e+01
<TRANSP> 5
 0.000000e+00 1.000000e+00 0.000000e+00 0.000000e+00 0.000000e+00
 0.000000e+00 8.685802e-01 1.314198e-01 0.000000e+00 0.000000e+00
 0.000000e+00 0.000000e+00 8.570976e-01 1.429024e-01 0.000000e+00
 0.000000e+00 0.000000e+00 0.000000e+00 8.204340e-01 1.795660e-01
 0.000000e+00 0.000000e+00 0.000000e+00 0.000000e+00 0.000000e+00
<ENDHMM>
~h "oh"
<BEGINHMM>
<NUMSTATES> 5
<STATE> 2
<MEAN> 39
 -4.368477e+00 -1.037268e+01 -8.320023e+00 -8.591035e+00 -2.637460e+00 -7.657254e+00 3.569088e+00 -7.379193e+00 -5.229399e+00 -7.118041e+00 -2.438181e+00 -5.426680e+00 1.781733e+01 5.457944e-01 -2.066022e-01 -6.072260e-01 1.660903e-01 9.124815e-02 -6.964497e-01 1.442255e-01 7.346804e-01 -1.535625e-02 -4.298019e-01 -4.114422e-01 -1.520242e-01 3.522734e-01 1.025456e-02 1.035381e-01 1.919150e-03 -5.218532e-02 3.791115e-02 -1.090857e-02 -1.514906e-01 8.115409e-03 1.327376e-01 2.615590e-02 -1.003892e-02 -2.759221e-02 -2.135058e-02
<VARIANCE> 39
 8.676741e+00 1.234232e+01 1.665623e+01 1.820401e+01 2.295695e+01 2.453189e+01 3.068899e+01 6.476353e+01 3.831913e+01 3.398816e+01 2.705645e+01 3.145747e+01 3.010418e+00 2.973229e-01 5.785853e-01 6.308357e-01 6.410202e-01 6.855472e-01 9.309729e-01 1.330819e+00 1.790779e+00 1.558176e+00 1.263783e+00 1.249395e+00 1.053184e+00 9.558606e-02 3.988498e-02 6.297966e-02 7.493864e-02 7.996228e-02 9.172235e-02 1.302050e-01 1.558732e-01 2.155320e-01 1.874145e-01 1.966384e-01 1.841906e-01 1.403415e-01 1.336782e-02
<GCONST> 7.717624e+01
<STATE> 3
<MEAN> 39
 -5.719047e-01 -8.247299e+00 -1.317585e+01 -9.926208e+00 -7.019972e-01 -1.204478e+01 -7.988428e-01 -7.838178e-01 1.260121e-01 -8.233923e+00 -5.129295e+00 -6.598066e+00 1.903729e+01 2.232978e-01 4.045019e-01 -2.856544e-02 -3.469648e-01 -3.596013e-02 -4.497904e-03 -6.738804e-01 -2.440677e-01 6.656942e-01 6.029935e-01 -3.289086e-02 -3.512486e-01 -9.591382e-03 -4.124598e-02 2.444491e-02 1.010878e-01 -2.069316e-02 -5.714884e-02 9.291486e-02 1.145524e-02 -1.581366e-01 -8.103340e-02 9.182461e-02 1.211440e-01 1.111663e-02 -2.523065e-02
<VARIANCE> 39
 6.096158e+00 8.382341e+00 1.533963e+01 1.468903e+01 1.920661e+01 2.241706e+01 4.165692e+01 3.078749e+01 3.924160e+01 3.571543e+01 3.180631e+01 4.015902e+01 1.215316e+00 8.017766e-02 1.367857e-01 2.626702e-01 2.768480e-01 3.852364e-01 5.151252e-01 7.295552e-01 1.010343e+00 7.301797e-01 8.546849e-01 7.855098e-01 6.995785e-01 1.317024e-02 1.111144e-02 1.421450e-02 3.351724e-02 3.313524e-02 4.700686e-02 6.866441e-02 7.738565e-02 9.583054e-02 1.049881e-01 1.013212e-01 9.155087e-02 8.858009e-02 1.198852e-03
<GCONST> 5.210606e+01
<STATE> 4
<MEAN> 39
 1.811384e-01 -3.750371e+00 -9.941982e+00 -1.349006e+01 -3.317173e+00 -1.007712e+01 -4.951399e+00 -7.357057e+00 1.054428e+00 -2.357666e+00 -1.897283e-01 -7.010448e+00 1.845011e+01 -3.472402e-01 2.892500e-01 8.519083e-01 1.491843e-01 -2.205830e-01 3.707598e-01 2.094478e-01 -5.764726e-01 -5.865216e-01 -1.028843e-01 5.105825e-01 4.127468e-01 -2.303016e-01 -1.310412e-01 -1.053274e-01 5.252987e-02 1.422994e-01 1.059787e-01 8.415686e-02 1.856431e-01 8.553901e-02 -1.058131e-01 -1.827024e-01 -7.800796e-02 8.016566e-02 -4.426637e-02
<VARIANCE> 39
 6.298262e+00 7.054972e+00 1.855668e+01 1.555958e+01 1.888882e+01 2.849581e+01 3.124788e+01 2.746457e+01 3.054515e+01 3.706895e+01 3.963371e+01 3.644098e+01 1.763473e+00 2.380880e-01 3.535106e-01 4.245787e-01 5.874675e-01 6.842766e-01 8.670011e-01 1.174030e+00 1.223352e+00 1.192687e+00 1.307717e+00 1.200931e+00 1.025471e+00 3.035258e-02 2.290614e-02 3.289581e-02 6.521828e-02 6.514757e-02 9.774306e-02 1.568283e-01 1.651346e-01 1.870232e-01 2.024141e-01 1.903140e-01 1.710346e-01 1.627942e-01 2.726353e-03
<GCONST> 6.913886e+01
<TRANSP> 5
 0.000000e+00 1.000000e+00 0.000000e+00 0.000000e+00 0.000000e+00
 0.000000e+00 8.831054e-01 1.168946e-01 0.000000e+00 0.000000e+00
 0.000000e+00 0.000000e+00 8.921115e-01 1.078885e-01 0.000000e+00
 0.000000e+00 0.000000e+00 0.000000e+00 8.561560e-01 1.438440e-01
 0.000000e+00 0.000000e+00 0.000000e+00 0.000000e+00 0.000000e+00
<ENDHMM>
~h "sp"
<BEGINHMM>
<NUMSTATES> 5
<STATE> 2
~s "silst"
<STATE> 3
<MEAN> 39
 -7.707762e+00 -6.475195e+00 -6.099753e+00 -9.709488e+00 -1.333979e+00 -4.071713e+00 -6.339616e-01 -8.568663e+00 -2.837300e+00 -5.610499e+00 9.601808e-01 -4.090075e+00 1.480029e+01 -9.989726e-02 -1.834985e-02 -1.137156e-01 -5.657040e-03 -2.990710e-02 3.009103e-02 -6.609174e-03 3.527090e-02 2.956167e-03 2.058938e-02 3.532032e-02 4.041364e-02 -1.372784e-02 6.148968e-02 8.265046e-02 6.161499e-02 -1.135470e-02 -9.655705e-03 -5.718076e-02 -4.145722e-02 -1.855132e-02 -9.273686e-03 -1.623441e-02 -3.376167e-02 -3.256214e-02 4.435953e-02
<VARIANCE> 39
 5.194887e+00 5.803552e+00 8.366931e+00 1.000156e+01 1.421337e+01 1.533624e+01 1.546026e+01 1.657152e+01 1.760984e+01 1.634866e+01 1.593453e+01 1.371926e+01 1.090943e+00 1.560569e-01 2.338198e-01 3.574156e-01 4.283225e-01 5.670740e-01 6.773823e-01 6.515601e-01 7.186905e-01 7.408984e-01 6.608602e-01 6.506794e-01 5.695847e-01 7.409001e-03 3.305607e-02 5.307797e-02 7.088348e-02 9.033436e-02 1.138312e-01 1.432617e-01 1.321069e-01 1.439297e-01 1.467508e-01 1.252076e-01 1.241325e-01 1.145302e-01 4.108952e-03
<GCONST> 5.484303e+01
<STATE> 4
<MEAN> 39
 -8.554346e+00 -4.935865e+00 -6.269783e+00 -8.993847e+00 -2.033359e+00 -3.798776e+00 -1.074431e+00 -8.417576e+00 -2.905486e+00 -5.480824e+00 6.400125e-01 -4.049666e+00 1.505722e+01 2.757307e-01 1.783997e-01 9.700043e-02 -1.318843e-01 -1.884490e-01 -3.026134e-01 -8.222808e-02 7.409412e-02 -3.632444e-02 -5.237433e-02 -2.024766e-01 -8.171202e-02 2.186546e-01 2.163181e-01 4.417416e-03 6.087693e-02 -1.468460e-01 -1.295516e-01 -2.122189e-01 -6.861923e-03 1.878522e-02 6.926744e-03 -1.784957e-03 -1.014471e-01 -8.323117e-02 1.101008e-01
<VARIANCE> 39
 1.198295e+01 1.157683e+01 1.732882e+01 1.581675e+01 1.930517e+01 1.880067e+01 1.810015e+01 2.027280e+01 2.111752e+01 1.993983e+01 1.873122e+01 1.701657e+01 1.498204e+00 5.882506e-01 5.334790e-01 7.422798e-01 7.906272e-01 9.669226e-01 1.001364e+00 8.526469e-01 1.186255e+00 1.045071e+00 9.259267e-01 9.466724e-01 7.670229e-01 5.333719e-02 7.114471e-02 1.106785e-01 1.693550e-01 1.483444e-01 2.001594e-01 1.925489e-01 1.679507e-01 2.259441e-01 2.042224e-01 1.793696e-01 1.803486e-01 1.549820e-01 9.433289e-03
<GCONST> 7.463384e+01
<TRANSP> 5
 0.000000e+00 8.188147e-01 1.811853e-01 0.000000e+00 0.000000e+00
 0.000000e+00 7.948038e-01 2.051962e-01 0.000000e+00 0.000000e+00
 0.000000e+00 0.000000e+00 8.500038e-01 1.499962e-01 0.000000e+00
 0.000000e+00 0.000000e+00 0.000000e+00 5.804378e-01 4.195621e-01
 0.000000e+00 0.000000e+00 0.000000e+00 0.000000e+00 0.000000e+00
<ENDHMM>
~h "seven"
<BEGINHMM>
<NUMSTATES> 5
<STATE> 2
<MEAN> 39
 -7.522082e+00 -4.382420e+00 -5.954038e+00 -9.749564e+00 -3.658200e+00 -4.908933e+00 -5.425298e-01 -8.202428e+00 -2.378291e+00 -4.347837e+00 -4.134969e-01 -3.917823e+00 1.553366e+01 8.771819e-01 1.086695e-01 7.004692e-01 -1.394266e+00 -1.106796e+00 -8.477706e-01 9.529303e-01 -1.032775e-01 3.657881e-01 1.019805e-02 -7.820485e-01 -6.902168e-01 6.860747e-01 1.329728e-02 -1.137728e-01 -6.820158e-02 -2.483420e-01 -1.690339e-01 8.766200e-02 2.492892e-01 6.199762e-02 -1.321279e-02 -1.413482e-01 -1.662928e-01 -1.490986e-01 1.288406e-01
<VARIANCE> 39
 9.922100e+00 6.275877e+00 1.234535e+01 1.233478e+01 1.999098e+01 2.190400e+01 1.815833e+01 1.883549e+01 1.813969e+01 2.630612e+01 1.792539e+01 1.624067e+01 2.389031e+00 4.600477e-01 4.404004e-01 6.446239e-01 9.571292e-01 1.281609e+00 1.630750e+00 1.346778e+00 1.232549e+00 1.236511e+00 2.353810e+00 1.095384e+00 1.202940e+00 7.188623e-02 8.256533e-02 5.430535e-02 9.803683e-02 1.242628e-01 2.205185e-01 2.101928e-01 1.569432e-01 1.534742e-01 1.610420e-01 1.971448e-01 1.398811e-01 1.859132e-01 1.183981e-02
<GCONST> 7.519154e+01
<STATE> 3
<MEAN> 39
 -5.767239e+00 -7.497615e+00 -5.373895e+00 -1.621479e+01 -6.145490e+00 -4.362037e+00 5.049884e+00 -8.666060e+00 -2.714803e+00 -7.111563e+00 -4.210082e+00 -6.594018e+00 1.904904e+01 1.302719e-01 -3.017659e-01 6.933083e-02 1.547809e-01 4.143329e-02 -3.149337e-02 1.875931e-01 2.619892e-01 -3.490166e-01 -4.131491e-02 -5.400698e-04 -4.587059e-02 7.843706e-02 -1.957486e-02 1.031184e-01 3.842255e-02 3.169314e-01 1.438344e-01 -7.564761e-02 -2.826692e-01 4.910832e-02 -1.709888e-02 3.738397e-02 2.029119e-01 6.448537e-02 -1.362547e-01
<VARIANCE> 39
 9.479414e+00 1.186334e+01 8.977284e+00 1.776177e+01 4.822182e+01 3.851167e+01 3.168740e+01 3.889322e+01 4.868870e+01 5.842947e+01 3.330450e+01 3.289080e+01 1.189131e+00 3.943009e-01 5.723937e-01 4.496597e-01 1.310076e+00 1.493363e+00 1.582068e+00 1.627883e+00 1.046406e+00 1.274492e+00 1.721033e+00 1.747048e+00 1.230895e+00 1.747634e-01 8.138288e-02 8.540144e-02 8.892976e-02 1.109048e-01 2.648328e-01 2.641421e-01 1.734156e-01 1.625475e-01 2.083989e-01 2.425367e-01 2.320868e-01 1.901092e-01 5.533828e-03
<GCONST> 8.330254e+01
<STATE> 4
<MEAN> 39
 -3.257937e+00 -4.146586e+00 -2.042003e+00 -9.796239e+00 -3.965234e+00 -7.898387e+00 -4.592023e-01 -7.893766e+00 -3.870122e+00 -6.627779e+00 -1.620530e+00 -6.940061e+00 1.713535e+01 1.049790e-01 3.678429e-01 2.307093e-01 2.341911e-01 3.761152e-01 -3.334849e-02 -4.254518e-01 -3.491394e-01 3.192703e-02 -6.883642e-02 7.986847e-02 -1.569513e-02 -8.789343e-02 -3.970858e-02 -5.775739e-02 -5.437448e-02 -7.388924e-02 1.597881e-03 1.086698e-01 9.040464e-02 -4.313295e-02 -1.119340e-03 -7.298314e-04 -4.328555e-02 3.122232e-02 1.964727e-02
<VARIANCE> 39
 4.897318e+00 1.044687e+01 1.000314e+01 1.376981e+01 2.821869e+01 3.248439e+01 2.626588e+01 4.098980e+01 3.228247e+01 3.544596e+01 3.234562e+01 2.883666e+01 1.691049e+00 1.922453e-01 4.145240e-01 4.778414e-01 9.056853e-01 1.392882e+00 1.173705e+00 1.648253e+00 1.272215e+00 1.389953e+00 1.389554e+00 1.265017e+00 9.329726e-01 8.937746e-02 3.490236e-02 7.891474e-02 8.611493e-02 1.530928e-01 2.484788e-01 2.056457e-01 2.861634e-01 2.267809e-01 2.302425e-01 2.389566e-01 2.142754e-01 1.482280e-01 1.490772e-02
<GCONST> 7.853206e+01
<TRANSP> 5
 0.000000e+00 1.000000e+00 0.000000e+00 0.000000e+00 0.000000e+00
 0.000000e+00 7.196862e-01 2.803138e-01 0.000000e+00 0.000000e+00
 0.000000e+00 0.000000e+00 8.917626e-01 1.082374e-01 0.000000e+00
 0.000000e+00 0.000000e+00 0.000000e+00 9.307767e-01 6.922334e-02
 0.000000e+00 0.000000e+00 0.000000e+00 0.000000e+00 0.000000e+00
<ENDHMM>
~h "three"
<BEGINHMM>
<NUMSTATES> 5
<STATE> 2
<MEAN> 39
 -3.129458e+00 -6.904088e+00 -4.809692e-01 -8.956521e+00 -1.009154e+01 -1.092552e+01 -1.289503e+00 -8.687343e+00 -1.894776e+00 -5.167744e+00 -3.099860e-01 -5.327882e+00 1.733679e+01 5.178887e-01 -1.721045e-01 9.456770e-01 -2.060589e-01 -1.629906e+00 -1.708163e-01 -2.103557e-01 -2.351699e-01 3.887596e-01 1.011790e-01 -4.536264e-02 -2.394495e-01 3.768880e-01 -1.725585e-01 1.055246e-01 1.609978e-02 -2.883558e-01 1.833162e-01 3.146524e-01 -1.509216e-01 3.651552e-03 9.106923e-02 -1.240001e-02 5.033736e-02 8.542948e-03 -2.909232e-02
<VARIANCE> 39
 1.192313e+01 1.264343e+01 1.647731e+01 2.974933e+01 5.148372e+01 4.905097e+01 2.333273e+01 2.582980e+01 2.812723e+01 2.586449e+01 3.342891e+01 3.179586e+01 2.758101e+00 7.544301e-01 6.569247e-01 8.062783e-01 1.978031e+00 1.887015e+00 3.372426e+00 1.376173e+00 1.540184e+00 1.260278e+00 1.082514e+00 1.378958e+00 1.291133e+00 5.952561e-02 1.156476e-01 1.447414e-01 1.314140e-01 3.055179e-01 4.547861e-01 4.297370e-01 2.883621e-01 2.375349e-01 1.922566e-01 1.829016e-01 1.979751e-01 1.950585e-01 1.014266e-02
<GCONST> 8.931733e+01
<STATE> 3
<MEAN> 39
 -4.832933e+00 -4.080108e+00 5.731121e+00 -1.848255e+01 -1.320009e+01 -4.130869e+00 -8.246493e+00 -9.119793e+00 2.129698e+00 -5.662713e+00 1.233265e+00 -5.872350e+00 1.868178e+01 -8.641411e-01 1.765429e+00 -1.463904e-01 -1.862391e+00 2.272043e+00 7.569370e-02 -1.586943e+00 9.002454e-01 -3.239984e-01 -2.439120e-01 1.392793e-01 7.634668e-03 -1.253760e-02 2.183809e-02 1.630867e-01 -4.774740e-01 4.690848e-01 4.799082e-01 -6.806009e-01 3.745394e-01 1.070132e-01 -3.911543e-01 5.981985e-02 -5.952924e-02 4.349889e-02 -5.701015e-02
<VARIANCE> 39
 7.767492e+00 2.299234e+01 1.101781e+01 3.423920e+01 5.816660e+01 2.886840e+01 4.480275e+01 6.220869e+01 2.436817e+01 2.783866e+01 3.839026e+01 2.956226e+01 1.297079e+00 2.560985e-01 6.278177e-01 1.036740e+00 1.632574e+00 1.563545e+00 3.644902e+00 1.809205e+00 1.464354e+00 1.457745e+00 1.033238e+00 7.436689e-01 8.219001e-01 2.168183e-02 5.383395e-02 1.525398e-01 8.919784e-02 2.705786e-01 4.809533e-01 2.363657e-01 4.319776e-01 3.607195e-01 1.545993e-01 1.520713e-01 1.351492e-01 1.108477e-01 2.318792e-03
<GCONST> 8.288960e+01
<STATE> 4
<MEAN> 39
 -6.783225e+00 4.021720e+00 -1.580540e+00 -1.659820e+01 -1.378513e+00 -1.241750e+01 -5.636925e+00 -8.005380e+00 -3.401045e+00 -4.987930e+00 -2.328383e-01 -6.259133e+00 1.789194e+01 1.268922e-01 -2.560663e-02 -5.938150e-01 9.504904e-01 4.827243e-01 -1.959934e-01 7.096272e-01 -3.522562e-01 -3.359953e-01 -1.027454e-02 -1.977868e-01 1.314200e-03 -1.764126e-01 7.128712e-02 -3.156421e-01 8.822608e-02 1.049861e-01 -2.427780e-01 2.978672e-01 5.675664e-02 -4.991866e-02 1.374224e-01 -2.914681e-02 1.961064e-02 1.136752e-02 -2.602093e-02
<VARIANCE> 39
 7.337337e+00 1.556401e+01 1.654846e+01 3.080861e+01 2.277819e+01 2.633279e+01 4.786083e+01 4.597049e+01 3.215236e+01 4.053848e+01 4.086876e+01 3.667564e+01 1.613071e+00 2.287553e-01 1.421477e+00 6.475382e-01 8.509737e-01 1.307547e+00 2.139239e+00 1.276708e+00 1.481728e+00 1.231974e+00 1.186152e+00 8.396646e-01 8.515832e-01 2.433704e-02 3.719629e-02 9.058305e-02 7.303081e-02 1.719895e-01 1.821922e-01 1.772921e-01 2.224395e-01 2.290674e-01 1.720628e-01 1.635800e-01 1.333895e-01 1.295944e-01 2.609874e-03
<GCONST> 7.792406e+01
<TRANSP> 5
 0.000000e+00 1.000000e+00 0.000000e+00 0.000000e+00 0.000000e+00
 0.000000e+00 8.760643e-01 1.239357e-01 0.000000e+00 0.000000e+00
 0.000000e+00 0.000000e+00 7.830254e-01 2.169745e-01 0.000000e+00
 0.000000e+00 0.000000e+00 0.000000e+00 8.927107e-01 1.072893e-01
 0.000000e+00 0.000000e+00 0.000000e+00 0.000000e+00 0.000000e+00
<ENDHMM>
~h "one"
<BEGINHMM>
<NUMSTATES> 5
<STATE> 2
<MEAN> 39
 -5.752208e-01 -3.780715e+00 -9.272763e+00 -1.281342e+01 -1.655454e+00 -5.564507e+00 -2.021502e+00 -8.864415e+00 -2.705513e+00 -6.730374e+00 -1.544732e+00 -7.287198e+00 1.774260e+01 2.783315e-01 -4.040609e-01 -8.706200e-01 4.567097e-01 4.864165e-01 3.849967e-02 -2.919940e-01 2.270440e-01 2.028131e-01 -3.069902e-01 -3.898915e-01 -2.715947e-01 2.375627e-01 -1.185132e-01 -1.457722e-01 5.398406e-02 2.641680e-01 7.507729e-03 -1.161054e-01 -1.470079e-02 9.361115e-02 -1.115046e-02 -9.037179e-02 1.109849e-02 8.270847e-02 -2.086139e-02
<VARIANCE> 39
 7.618741e+00 9.261492e+00 2.886703e+01 2.285300e+01 2.887521e+01 2.531881e+01 2.281561e+01 2.063575e+01 2.827802e+01 2.393231e+01 2.966825e+01 2.874789e+01 2.278071e+00 4.574712e-01 8.002221e-01 8.737113e-01 2.244514e+00 1.372003e+00 1.442892e+00 1.266995e+00 1.066088e+00 1.134601e+00 1.022351e+00 1.095311e+00 1.044688e+00 4.809893e-02 4.498604e-02 6.150292e-02 1.907643e-01 2.175052e-01 2.626167e-01 2.522154e-01 2.367576e-01 1.810001e-01 2.006960e-01 1.693529e-01 1.888777e-01 1.838846e-01 5.022483e-03
<GCONST> 8.019204e+01
<STATE> 3
<MEAN> 39
 -2.372401e+00 -1.071674e+01 -1.088789e+01 -1.686219e+00 -4.611242e-01 -9.492146e+00 -2.429466e+00 -4.217871e+00 -3.549869e+00 -1.172061e+01 -2.372012e+00 -6.061570e+00 1.853622e+01 -6.081725e-01 -3.711119e-01 1.340686e+00 5.667972e-01 -1.353118e+00 -3.231982e-01 1.194095e+00 -9.399088e-02 -9.222739e-01 -8.849132e-02 5.846369e-01 1.175837e-01 -4.938062e-02 2.405427e-02 3.141966e-01 2.506873e-01 -5.822870e-01 -1.321086e-01 3.762796e-01 8.961251e-02 -4.368156e-01 1.537090e-03 3.793620e-01 4.288520e-02 -1.760135e-01 -2.978025e-02
<VARIANCE> 39
 6.151204e+00 9.617449e+00 1.868660e+01 2.373419e+01 2.707823e+01 1.740687e+01 3.774130e+01 3.146850e+01 4.646474e+01 3.757269e+01 3.385477e+01 3.326738e+01 1.544514e+00 1.545454e-01 5.173488e-01 6.045290e-01 1.838138e+00 7.383750e-01 1.717815e+00 1.006956e+00 2.251060e+00 1.168577e+00 1.866769e+00 1.029542e+00 1.293643e+00 8.486892e-03 2.371518e-02 5.255435e-02 1.009706e-01 1.223986e-01 2.862910e-01 1.528791e-01 3.773301e-01 1.784796e-01 3.363134e-01 2.009319e-01 2.674632e-01 1.684476e-01 8.565786e-04
<GCONST> 7.518172e+01
<STATE> 4
<MEAN> 39
 -4.105064e+00 -5.408734e+00 -1.629660e+00 -8.764255e+00 -4.063041e+00 -5.848842e+00 -1.678288e+00 -1.195032e+01 -4.638122e+00 -8.686447e+00 -2.578776e+00 -8.291346e+00 1.778277e+01 1.525102e-01 9.706205e-01 6.224409e-01 -7.270618e-01 4.296258e-01 -6.837158e-02 -6.316248e-01 -4.420823e-01 8.175565e-02 2.277450e-01 -1.768972e-01 5.145774e-02 -1.278393e-01 4.415021e-02 -6.933062e-02 -2.144320e-01 1.684959e-01 1.602886e-01 -6.918980e-02 -6.693427e-02 1.657116e-01 1.248164e-02 -1.165576e-01 1.066382e-02 7.471708e-02 -5.438614e-03
<VARIANCE> 39
 6.949300e+00 2.324339e+01 1.101794e+01 2.134754e+01 1.959712e+01 4.668990e+01 3.612606e+01 3.529673e+01 4.120261e+01 4.574076e+01 3.324301e+01 3.775846e+01 1.323980e+00 2.756960e-01 6.151580e-01 8.065254e-01 1.206110e+00 9.109221e-01 1.964916e+00 1.137534e+00 1.442616e+00 1.607655e+00 1.539814e+00 9.438285e-01 9.588527e-01 1.267815e-02 4.880270e-02 1.197320e-01 8.193379e-02 1.331981e-01 2.004998e-01 3.082257e-01 2.734955e-01 1.857672e-01 2.296725e-01 2.258213e-01 1.682687e-01 1.674075e-01 1.600916e-03
<GCONST> 7.847384e+01
<TRANSP> 5
 0.000000e+00 1.000000e+00 0.000000e+00 0.000000e+00 0.000000e+00
 0.000000e+00 8.984320e-01 1.015680e-01 0.000000e+00 0.000000e+00
 0.000000e+00 0.000000e+00 8.252655e-01 1.747345e-01 0.000000e+00
 0.000000e+00 0.000000e+00 0.000000e+00 8.840909e-01 1.159091e-01
 0.000000e+00 0.000000e+00 0.000000e+00 0.000000e+00 0.000000e+00
<ENDHMM>
~h "sil"
<BEGINHMM>
<NUMSTATES> 5
<STATE> 2
<MEAN> 39
 -6.789939e+00 -6.744961e+00 -5.116458e+00 -9.091295e+00 2.667315e-02 -3.337823e+00 1.909346e-01 -8.526108e+00 -2.595542e+00 -5.755652e+00 5.596140e-01 -4.315755e+00 1.461759e+01 -3.837036e-02 -2.930495e-03 -5.788786e-03 3.029655e-02 3.848733e-02 2.484815e-02 4.999603e-02 5.704656e-03 -1.780202e-02 6.009632e-03 1.343076e-02 1.016087e-02 -1.239575e-02 -2.551455e-02 -3.290337e-02 -7.306939e-02 -1.104775e-01 -1.237535e-01 -1.218614e-01 -6.348176e-02 -1.077029e-02 -2.440850e-02 1.013611e-02 3.817641e-02 3.167351e-02 1.976075e-03
<VARIANCE> 39
 3.656482e+00 4.375136e+00 6.073298e+00 7.597247e+00 1.185605e+01 1.362816e+01 1.467910e+01 1.637147e+01 1.582384e+01 1.373860e+01 1.581283e+01 1.314288e+01 1.164832e+00 7.946377e-02 1.598971e-01 2.723631e-01 3.733131e-01 4.944843e-01 6.575655e-01 6.834064e-01 7.167052e-01 6.952800e-01 5.768668e-01 6.368824e-01 5.644675e-01 5.081410e-03 1.107993e-02 2.426025e-02 4.072484e-02 5.004416e-02 6.972428e-02 1.006434e-01 1.065875e-01 1.309948e-01 1.120041e-01 9.215860e-02 1.050466e-01 9.896933e-02 6.411946e-04
<GCONST> 4.387164e+01
<STATE> 3
~s "silst"
<STATE> 4
<MEAN> 39
 -7.579994e+00 -7.336002e+00 -6.581252e+00 -1.116479e+01 -2.184874e+00 -5.411819e+00 -9.972665e-01 -8.654239e+00 -2.721333e+00 -5.415735e+00 1.442888e+00 -3.838046e+00 1.448451e+01 -3.264106e-03 7.511680e-03 -2.421316e-02 -2.443073e-02 -4.983419e-02 -1.795598e-02 -6.001591e-02 -8.332737e-03 -3.432953e-03 -6.054180e-03 -1.705737e-02 -1.670021e-02 -2.557820e-04 3.685797e-02 5.604320e-02 9.240464e-02 1.248063e-01 1.335354e-01 1.280164e-01 6.183993e-02 1.759471e-02 2.790887e-02 -1.669704e-02 -5.572638e-02 -4.099407e-02 8.337359e-03
<VARIANCE> 39
 3.510401e+00 4.129847e+00 6.411777e+00 7.816406e+00 1.125179e+01 1.250141e+01 1.494778e+01 1.589144e+01 1.759375e+01 1.530935e+01 1.513086e+01 1.335529e+01 1.000991e+00 7.595801e-02 1.670209e-01 2.863694e-01 4.157920e-01 5.049708e-01 6.747234e-01 5.935006e-01 7.385882e-01 7.083681e-01 6.052452e-01 6.980125e-01 6.108581e-01 3.205716e-03 1.417406e-02 2.879776e-02 4.236104e-02 5.682118e-02 7.231092e-02 1.075526e-01 1.039828e-01 1.273162e-01 1.324321e-01 1.058011e-01 1.174329e-01 1.097718e-01 1.064627e-03
<GCONST> 4.527047e+01
<TRANSP> 5
 0.000000e+00 1.000000e+00 0.000000e+00 0.000000e+00 0.000000e+00
 0.000000e+00 7.655315e-01 2.420816e-02 2.102603e-01 0.000000e+00
 0.000000e+00 0.000000e+00 8.291232e-01 1.708769e-01 0.000000e+00
 0.000000e+00 1.858716e-01 0.000000e+00 7.452849e-01 6.884348e-02
 0.000000e+00 0.000000e+00 0.000000e+00 0.000000e+00 0.000000e+00
<ENDHMM>
~h "six"
<BEGINHMM>
<NUMSTATES> 5
<STATE> 2
<MEAN> 39
 -8.689244e+00 -4.262347e+00 -6.999485e+00 -8.726734e+00 -3.090361e+00 -4.223213e+00 -1.957828e+00 -8.230368e+00 -3.554350e+00 -4.012789e+00 1.252462e-01 -3.142564e+00 1.494921e+01 6.784467e-01 6.775866e-01 1.199427e+00 -1.377257e+00 -1.153755e+00 -1.209072e+00 4.070374e-02 -1.341270e-01 4.190124e-01 3.492909e-01 -5.159241e-01 -4.704438e-01 6.284459e-01 6.764719e-02 1.152127e-01 2.275887e-01 -4.787886e-01 -2.797131e-01 -1.705758e-01 4.319203e-02 7.543911e-02 2.036390e-01 1.091606e-03 -1.366674e-01 -2.372409e-01 1.452208e-01
<VARIANCE> 39
 7.462386e+00 7.792202e+00 1.268714e+01 1.147522e+01 1.897525e+01 1.996494e+01 1.516265e+01 1.809216e+01 2.003081e+01 2.956324e+01 1.916803e+01 1.707731e+01 1.862671e+00 3.586420e-01 4.708778e-01 8.835524e-01 1.150712e+00 1.075359e+00 1.324265e+00 1.001873e+00 8.095495e-01 1.417466e+00 2.234336e+00 1.074368e+00 1.321232e+00 7.720447e-02 6.199956e-02 5.632751e-02 1.156996e-01 9.784526e-02 2.031300e-01 2.087328e-01 1.477333e-01 1.765901e-01 1.851052e-01 2.377603e-01 1.707942e-01 1.683857e-01 8.812826e-03
<GCONST> 7.404426e+01
<STATE> 3
<MEAN> 39
 -6.470347e+00 -1.099887e+00 -8.572114e-01 -2.011880e+01 -7.861470e+00 -8.736540e+00 -2.436510e+00 -6.381147e+00 2.455320e-01 -3.794678e+00 -2.524069e+00 -7.321314e+00 1.832866e+01 2.425728e-02 -8.655827e-02 2.212571e-01 -2.823820e-01 3.747341e-01 2.124979e-01 -2.749112e-01 1.720231e-01 3.768834e-02 -1.960357e-01 1.700822e-01 6.802816e-03 -4.750444e-02 -5.679382e-02 -2.052041e-01 -2.669283e-01 4.874281e-01 2.881765e-01 2.213147e-01 6.793866e-02 -9.102070e-02 -1.466034e-01 -5.879086e-02 1.515516e-01 1.658621e-01 -1.670268e-01
<VARIANCE> 39
 7.691871e+00 9.746283e+00 1.662635e+01 2.307634e+01 5.849595e+01 3.110548e+01 3.719089e+01 2.460312e+01 3.462793e+01 5.834138e+01 3.542561e+01 3.742498e+01 1.432595e+00 3.496492e-01 6.527871e-01 1.075796e+00 3.229959e+00 2.398483e+00 1.761816e+00 1.734415e+00 1.341266e+00 1.887856e+00 2.010742e+00 1.867531e+00 1.897611e+00 2.939562e-01 6.819247e-02 6.606657e-02 1.608922e-01 2.259992e-01 3.061240e-01 3.193355e-01 3.835202e-01 2.241421e-01 2.868386e-01 3.401682e-01 2.635815e-01 2.553030e-01 1.166393e-02
<GCONST> 9.188511e+01
<STATE> 4
<MEAN> 39
 -6.563096e+00 -6.248008e+00 -4.680107e+00 -1.081114e+01 -1.001625e+00 -3.979773e+00 -1.437260e+00 -8.755430e+00 -2.166733e+00 -5.868366e+00 1.164302e+00 -4.221156e+00 1.475314e+01 -2.339565e-01 -9.116119e-01 -1.005139e+00 1.462060e+00 4.136531e-01 4.093452e-01 9.076883e-01 -4.569062e-01 -2.817874e-01 -4.004735e-02 2.006054e-01 2.989471e-01 -4.646445e-01 -1.053150e-01 1.689356e-01 2.069538e-01 -4.381169e-01 -3.787276e-01 -1.609109e-01 -8.491708e-02 1.722310e-01 1.161894e-01 1.034419e-01 -1.797079e-01 -1.429785e-01 1.499845e-01
<VARIANCE> 39
 3.294080e+00 5.439655e+00 9.453039e+00 1.107140e+01 1.464792e+01 1.565798e+01 1.950585e+01 1.858662e+01 1.688836e+01 1.707105e+01 1.861747e+01 1.491261e+01 1.491644e+00 2.675702e-01 4.861960e-01 8.970430e-01 1.308787e+00 2.110367e+00 1.651541e+00 1.603201e+00 1.249694e+00 1.214556e+00 1.205591e+00 1.178184e+00 1.023050e+00 7.929269e-02 3.889879e-02 6.516948e-02 1.378248e-01 1.468307e-01 2.331352e-01 1.805407e-01 2.654987e-01 1.922338e-01 1.854105e-01 1.736216e-01 1.976850e-01 1.824395e-01 5.797627e-03
<GCONST> 7.240058e+01
<TRANSP> 5
 0.000000e+00 1.000000e+00 0.000000e+00 0.000000e+00 0.000000e+00
 0.000000e+00 7.191860e-01 2.808140e-01 0.000000e+00 0.000000e+00
 0.000000e+00 0.000000e+00 8.891767e-01 1.108232e-01 0.000000e+00
 0.000000e+00 0.000000e+00 0.000000e+00 7.504467e-01 2.495532e-01
 0.000000e+00 0.000000e+00 0.000000e+00 0.000000e+00 0.000000e+00
<ENDHMM>
~h "two"
<BEGINHMM>
<NUMSTATES> 5
<STATE> 2
<MEAN> 39
 -1.094459e+01 -3.280964e+00 -6.711124e+00 -1.063095e+01 -9.768746e-01 -3.871508e+00 -1.957611e+00 -7.505795e+00 -2.326565e+00 -5.677807e+00 1.128478e+00 -3.370383e+00 1.506318e+01 5.082629e-01 6.196809e-01 1.015240e+00 -5.891116e-01 -2.694341e-01 -3.671387e-01 -4.640008e-01 -2.133589e-01 7.281113e-02 -5.424262e-02 -2.276888e-01 -3.633648e-01 3.251641e-01 2.958937e-01 6.565613e-02 2.870200e-01 -1.307829e-01 -2.129848e-01 -2.433012e-01 -1.189510e-01 -1.275027e-01 -2.622154e-02 2.579509e-03 -7.963900e-02 -1.705752e-01 9.421090e-02
<VARIANCE> 39
 8.862305e+00 8.110818e+00 1.268542e+01 1.229344e+01 1.844343e+01 2.274193e+01 1.921274e+01 2.109589e+01 2.145407e+01 2.401284e+01 2.472329e+01 1.984983e+01 9.065759e-01 1.367980e+00 5.598454e-01 1.278741e+00 8.318976e-01 1.348426e+00 1.287503e+00 9.898056e-01 1.189008e+00 1.174222e+00 1.295364e+00 1.878109e+00 1.105756e+00 7.281905e-02 1.267854e-01 1.091395e-01 1.344315e-01 1.309723e-01 2.274785e-01 1.982523e-01 1.761819e-01 2.231742e-01 2.277491e-01 2.034182e-01 3.598082e-01 1.595924e-01 7.814704e-03
<GCONST> 7.899181e+01
<STATE> 3
<MEAN> 39
 -4.601412e+00 1.271837e+00 1.862076e+00 -1.552477e+01 -6.955697e+00 -9.946772e+00 -6.703363e+00 -1.043936e+01 -2.407413e+00 -5.177327e+00 -1.125816e+00 -7.310122e+00 1.840780e+01 6.629983e-01 5.430110e-01 7.414833e-01 -5.406558e-01 -1.162321e+00 -1.105119e+00 -5.664562e-01 -2.809960e-01 -6.594700e-02 1.260066e-01 -2.153582e-01 -6.232765e-01 4.510993e-01 -2.500687e-01 -2.352936e-01 -4.262578e-01 2.991924e-01 2.733502e-01 2.328471e-01 2.360556e-01 1.460635e-01 -1.903281e-02 -9.978326e-03 1.533762e-01 1.829869e-01 -1.452100e-01
<VARIANCE> 39
 7.462613e+00 8.104394e+00 1.363412e+01 2.232204e+01 3.963189e+01 2.560303e+01 2.822223e+01 2.454014e+01 3.158476e+01 5.528154e+01 4.394855e+01 4.854155e+01 1.035507e+00 5.673858e-01 6.279216e-01 9.850166e-01 1.463757e+00 1.293469e+00 1.206842e+00 1.681671e+00 1.515747e+00 1.844238e+00 1.989075e+00 2.388878e+00 1.876101e+00 8.957575e-02 6.151986e-02 5.338825e-02 8.132387e-02 1.249527e-01 2.042077e-01 1.803436e-01 2.040565e-01 1.909504e-01 2.120372e-01 2.734455e-01 2.892675e-01 2.222482e-01 6.502170e-03
<GCONST> 8.374591e+01
<STATE> 4
<MEAN> 39
 -3.235259e+00 -5.897074e-02 -4.453876e-02 -1.366096e+01 -7.121619e+00 -1.157237e+01 -5.644627e+00 -9.637286e+00 -2.712926e+00 -5.306288e+00 -1.522628e-01 -7.591945e+00 1.823916e+01 1.668421e-01 -2.231113e-01 -2.385120e-01 5.389463e-01 3.383063e-01 8.648522e-02 9.891367e-02 -5.472252e-02 -1.916474e-01 -8.706971e-02 7.683196e-02 1.589332e-01 -1.201055e-01 -4.342657e-02 -3.772071e-02 -2.656596e-02 2.439101e-02 9.535967e-02 1.090891e-01 5.156041e-02 5.278206e-03 2.047950e-02 1.336052e-03 -5.926443e-03 4.414226e-02 -3.511121e-02
<VARIANCE> 39
 5.896324e+00 7.957078e+00 1.253543e+01 2.982343e+01 3.401440e+01 2.156246e+01 3.314144e+01 3.370541e+01 3.982916e+01 4.291303e+01 5.468876e+01 4.152778e+01 1.360772e+00 1.337270e-01 1.528632e-01 3.769057e-01 6.203898e-01 9.156229e-01 8.563132e-01 8.804348e-01 1.028574e+00 9.067304e-01 9.865189e-01 1.044279e+00 9.298008e-01 1.451471e-02 2.158841e-02 2.510782e-02 5.069239e-02 8.847935e-02 1.057296e-01 1.240475e-01 1.289182e-01 1.604401e-01 1.486467e-01 1.526153e-01 1.591032e-01 1.457727e-01 2.340797e-03
<GCONST> 6.573947e+01
<TRANSP> 5
 0.000000e+00 1.000000e+00 0.000000e+00 0.000000e+00 0.000000e+00
 0.000000e+00 8.204898e-01 1.795102e-01 0.000000e+00 0.000000e+00
 0.000000e+00 0.000000e+00 7.670680e-01 2.329321e-01 0.000000e+00
 0.000000e+00 0.000000e+00 0.000000e+00 9.013678e-01 9.863216e-02
 0.000000e+00 0.000000e+00 0.000000e+00 0.000000e+00 0.000000e+00
<ENDHMM>
~h "nine"
<BEGINHMM>
<NUMSTATES> 5
<STATE> 2
<MEAN> 39
 -4.472229e+00 -4.322814e+00 -2.082874e+00 -8.924582e+00 -3.031116e+00 -6.193568e+00 -1.516766e+00 -1.117464e+01 -5.004515e+00 -8.074226e+00 -2.940303e+00 -7.806729e+00 1.756518e+01 -1.367013e-01 -6.719117e-01 -2.203760e-01 4.955175e-01 -4.922673e-01 1.724513e-01 3.876438e-01 -1.974752e-01 -3.946594e-02 -1.527425e-01 -1.784316e-01 -1.450638e-01 2.490975e-01 -3.826615e-02 -1.259382e-01 -7.465160e-02 1.144053e-01 1.813706e-02 -6.528181e-03 3.838583e-02 3.131060e-02 9.494858e-03 6.183176e-03 7.947981e-02 3.470463e-02 -1.042471e-02
<VARIANCE> 39
 8.946287e+00 2.037183e+01 1.532991e+01 1.682260e+01 2.861732e+01 2.885067e+01 3.199761e+01 2.750563e+01 4.715553e+01 3.539737e+01 3.016280e+01 3.277998e+01 2.311843e+00 5.318301e-01 1.578542e+00 1.144251e+00 1.117055e+00 1.137616e+00 1.423643e+00 1.644804e+00 1.277240e+00 1.528383e+00 1.153710e+00 1.245613e+00 1.038070e+00 3.756235e-02 6.496394e-02 1.814372e-01 1.346215e-01 1.401142e-01 2.019220e-01 2.217930e-01 2.430369e-01 1.863624e-01 1.997338e-01 1.612462e-01 1.739953e-01 1.449807e-01 4.954875e-03
<GCONST> 8.288861e+01
<STATE> 3
<MEAN> 39
 -6.290618e+00 -1.167321e+01 -4.987311e+00 -2.492912e+00 -5.655600e+00 -5.431940e+00 1.785393e+00 -1.126530e+01 -5.678756e+00 -9.068480e+00 -1.604686e+00 -7.685265e+00 1.862183e+01 -1.082738e-01 6.583318e-02 2.330503e-01 -2.053753e-01 -4.693170e-02 2.054748e-01 -7.335015e-02 -1.009420e-01 1.716663e-01 6.976790e-02 -4.001827e-02 3.039929e-02 -1.979687e-02 -2.994074e-03 1.878827e-01 7.741017e-02 -2.486426e-01 3.304203e-02 8.100121e-02 -1.012179e-01 -1.933048e-03 8.307847e-02 -5.388409e-03 -7.941682e-02 2.508418e-02 -1.439974e-02
<VARIANCE> 39
 7.197825e+00 8.451005e+00 2.463034e+01 3.136761e+01 1.880515e+01 3.042599e+01 3.088326e+01 3.410246e+01 4.310192e+01 4.184192e+01 2.805858e+01 3.031954e+01 1.011763e+00 8.114545e-02 3.212905e-01 4.021012e-01 1.032060e+00 4.633934e-01 6.110702e-01 5.232116e-01 4.996411e-01 6.120966e-01 6.482809e-01 6.582806e-01 5.175134e-01 4.581340e-03 1.054645e-02 2.932375e-02 3.925560e-02 5.256285e-02 6.929220e-02 6.527027e-02 7.264084e-02 7.668168e-02 7.950655e-02 8.555225e-02 7.634519e-02 7.776363e-02 3.925307e-04
<GCONST> 5.266891e+01
<STATE> 4
<MEAN> 39
 -6.225213e+00 -3.178590e+00 -1.626222e+00 -1.204043e+01 -1.904382e+00 -4.482154e+00 -3.312517e+00 -1.019501e+01 -2.788884e+00 -8.224371e+00 -3.088768e+00 -6.512435e+00 1.789969e+01 3.934689e-01 8.511910e-01 1.536185e-01 -3.111504e-01 5.449608e-01 -4.765196e-01 -4.750523e-01 3.288765e-01 -1.992023e-01 5.529449e-02 9.732337e-02 5.314606e-02 -1.226171e-01 4.415981e-02 -1.234606e-01 -3.689661e-02 2.361216e-01 -1.477166e-02 -7.374622e-02 1.047578e-01 -3.532718e-02 -1.094052e-01 2.587466e-02 7.944925e-02 -2.959623e-02 -1.022231e-02
<VARIANCE> 39
 1.143990e+01 2.011703e+01 1.220516e+01 2.403258e+01 3.584843e+01 3.412594e+01 3.368762e+01 2.992515e+01 4.905898e+01 3.961700e+01 3.857562e+01 4.244322e+01 1.076867e+00 4.064789e-01 9.265282e-01 5.744924e-01 1.873963e+00 1.354196e+00 1.383364e+00 1.360388e+00 1.284460e+00 1.676041e+00 1.185585e+00 1.059024e+00 1.024526e+00 9.883255e-03 5.691672e-02 9.917137e-02 8.650523e-02 1.492629e-01 1.942457e-01 2.402912e-01 1.804970e-01 1.979102e-01 2.314981e-01 1.956048e-01 1.707295e-01 1.414881e-01 1.003358e-03
<GCONST> 7.865823e+01
<TRANSP> 5
 0.000000e+00 1.000000e+00 0.000000e+00 0.000000e+00 0.000000e+00
 0.000000e+00 8.955905e-01 1.044095e-01 0.000000e+00 0.000000e+00
 0.000000e+00 0.000000e+00 9.109148e-01 8.908519e-02 0.000000e+00
 0.000000e+00 0.000000e+00 0.000000e+00 8.979372e-01 1.020629e-01
 0.000000e+00 0.000000e+00 0.000000e+00 0.000000e+00 0.000000e+00
<ENDHMM>
~h "five"
<BEGINHMM>
<NUMSTATES> 5
<STATE> 2
<MEAN> 39
 -4.189475e+00 -1.132925e+01 -1.005673e+01 -8.269542e+00 4.830191e-01 -8.123140e+00 3.471444e-01 -4.685027e+00 -5.240869e+00 -7.941834e+00 -1.809027e+00 -4.900978e+00 1.796734e+01 3.639332e-01 -1.174410e+00 -7.181528e-01 7.806413e-01 5.132799e-01 -6.415755e-01 3.312462e-01 4.015909e-01 -7.474148e-01 -2.223291e-01 -3.018698e-01 -5.711277e-03 5.646667e-01 -1.899440e-01 2.390577e-02 1.738368e-01 9.213380e-02 -1.298314e-02 1.036923e-01 3.015335e-02 -2.026332e-01 2.495444e-02 1.379562e-01 1.583183e-01 4.941056e-02 -7.343654e-02
<VARIANCE> 39
 1.088486e+01 1.966683e+01 2.369749e+01 1.673005e+01 1.898955e+01 2.062233e+01 2.524741e+01 5.148507e+01 3.218934e+01 2.801002e+01 2.496885e+01 1.989851e+01 4.385065e+00 7.732184e-01 5.616369e-01 1.170849e+00 9.077691e-01 7.890426e-01 9.865575e-01 9.744637e-01 2.249802e+00 1.724441e+00 1.723194e+00 1.362410e+00 1.026661e+00 1.227081e-01 9.493141e-02 1.337184e-01 1.783747e-01 1.234384e-01 1.361459e-01 1.447670e-01 1.544423e-01 3.010937e-01 2.736746e-01 1.934748e-01 1.762878e-01 1.403733e-01 2.829950e-02
<GCONST> 8.436530e+01
<STATE> 3
<MEAN> 39
 -5.809130e+00 -1.545261e+01 -8.556733e+00 -3.643917e+00 1.426255e+00 -9.175489e+00 2.534229e+00 -7.496494e+00 -7.217981e+00 -5.456562e+00 -4.672797e-01 -4.503708e+00 1.904702e+01 -1.662042e-01 8.363657e-02 4.907253e-01 -2.573140e-01 -2.713208e-01 4.343242e-01 6.886267e-02 -3.989203e-01 2.710059e-02 3.039065e-01 6.123913e-02 -8.451685e-02 -4.851769e-02 4.020328e-02 1.144876e-01 1.146841e-02 -1.967615e-01 -5.499830e-02 9.329777e-02 -2.904013e-02 2.469665e-02 5.658961e-02 -4.897575e-02 -7.768344e-02 -1.876458e-02 -1.500644e-02
<VARIANCE> 39
 9.174871e+00 9.379231e+00 2.485023e+01 2.081300e+01 1.875100e+01 2.311398e+01 1.752293e+01 3.906267e+01 4.700715e+01 4.450752e+01 2.689669e+01 2.552149e+01 1.356983e+00 8.791872e-02 1.531453e-01 2.696923e-01 6.344196e-01 4.962218e-01 5.515816e-01 4.977249e-01 4.934585e-01 6.135278e-01 5.708954e-01 5.687160e-01 4.732959e-01 5.859782e-03 1.174573e-02 2.422483e-02 3.032450e-02 4.811697e-02 5.122811e-02 5.160610e-02 5.705223e-02 6.416583e-02 8.532900e-02 8.426163e-02 6.654873e-02 7.044339e-02 9.094891e-04
<GCONST> 4.964896e+01
<STATE> 4
<MEAN> 39
 -5.755385e+00 -9.416742e+00 -3.945218e+00 -1.391508e+01 -3.273969e+00 -2.805753e+00 1.873360e+00 -8.426665e+00 -4.207025e+00 -5.239558e+00 -2.270956e+00 -5.517693e+00 1.830457e+01 2.176573e-01 1.207790e+00 3.704065e-01 -6.441922e-01 -3.936852e-01 -1.020379e-01 -3.092156e-01 2.580636e-01 5.541707e-01 -2.128397e-01 -7.304204e-02 -8.986428e-02 -2.457180e-01 -1.719660e-02 -2.126367e-02 -5.229974e-02 3.442240e-01 1.398363e-01 -1.812627e-01 -6.316347e-02 -9.848516e-03 -4.270525e-02 1.707747e-02 1.221817e-01 3.967635e-02 -4.839864e-02
<VARIANCE> 39
 7.866494e+00 2.306994e+01 1.219777e+01 3.192002e+01 4.213530e+01 1.952259e+01 2.461955e+01 3.666336e+01 5.315774e+01 2.793413e+01 2.708173e+01 3.009632e+01 1.833734e+00 2.144277e-01 4.975515e-01 5.732683e-01 2.635667e+00 1.469040e+00 1.621332e+00 9.741715e-01 1.329277e+00 1.639207e+00 1.337354e+00 1.268897e+00 9.157558e-01 4.124974e-02 4.296452e-02 9.679480e-02 7.569329e-02 2.404986e-01 2.362653e-01 2.294760e-01 1.662665e-01 2.294949e-01 2.226045e-01 1.789890e-01 2.066846e-01 1.647300e-01 4.440802e-03
<GCONST> 8.033235e+01
<TRANSP> 5
 0.000000e+00 1.000000e+00 0.000000e+00 0.000000e+00 0.000000e+00
 0.000000e+00 8.484540e-01 1.515460e-01 0.000000e+00 0.000000e+00
 0.000000e+00 0.000000e+00 9.124912e-01 8.750882e-02 0.000000e+00
 0.000000e+00 0.000000e+00 0.000000e+00 8.639948e-01 1.360052e-01
 0.000000e+00 0.000000e+00 0.000000e+00 0.000000e+00 0.000000e+00
<ENDHMM>
~h "four"
<BEGINHMM>
<NUMSTATES> 5
<STATE> 2
<MEAN> 39
 -6.763292e+00 -6.556265e+00 -5.529602e+00 -9.752532e+00 -1.574521e+00 -5.548872e+00 -1.209515e+00 -8.393642e+00 -2.003821e+00 -5.574465e+00 9.779187e-01 -4.269743e+00 1.535605e+01 1.566501e+00 5.354584e-01 -9.001229e-01 -8.549818e-01 -3.055935e-01 -5.335512e-01 -6.931536e-01 -1.912480e-01 1.948317e-01 2.014628e-01 -3.425626e-01 -4.859886e-01 6.424553e-01 3.511881e-01 1.260534e-01 -3.369087e-01 -3.175243e-01 -5.874797e-02 -7.712129e-03 -8.116419e-02 -1.824395e-02 2.433026e-03 5.420027e-02 -7.916912e-02 -1.322328e-01 1.434606e-01
<VARIANCE> 39
 7.535344e+00 5.395731e+00 5.420148e+00 7.812807e+00 1.002803e+01 1.243474e+01 1.451305e+01 1.364530e+01 1.606458e+01 1.349824e+01 1.607150e+01 1.221369e+01 1.721474e+00 5.159582e-01 4.330320e-01 6.039651e-01 7.385789e-01 7.118524e-01 9.064961e-01 7.521943e-01 8.217149e-01 1.013644e+00 1.084337e+00 1.521954e+00 1.224644e+00 5.829871e-02 6.741035e-02 5.345305e-02 6.069623e-02 8.253474e-02 1.012976e-01 1.527395e-01 1.211402e-01 1.519796e-01 1.399429e-01 1.609390e-01 1.993984e-01 1.871214e-01 7.106873e-03
<GCONST> 6.398023e+01
<STATE> 3
<MEAN> 39
 1.595924e+00 -3.480063e+00 -1.216488e+01 -1.704835e+01 -4.000297e+00 -6.178294e+00 -3.167080e+00 -8.953480e+00 -1.398903e+00 -3.856706e+00 4.288232e-01 -6.775421e+00 1.891371e+01 3.044083e-01 -1.863453e-01 -3.250980e-01 -3.757667e-02 7.394318e-02 -1.846837e-02 -2.194301e-01 1.747898e-01 3.529982e-01 9.306622e-02 -2.297406e-01 -2.203770e-01 1.431032e-01 -1.735096e-01 -1.541802e-01 1.498323e-01 2.360082e-01 3.830168e-02 -3.644027e-02 3.803661e-02 1.108949e-01 4.727678e-02 -8.560252e-02 -5.575748e-02 5.673685e-02 -6.753702e-02
<VARIANCE> 39
 4.139400e+00 1.026252e+01 9.606678e+00 1.373168e+01 2.438879e+01 1.715139e+01 1.857160e+01 1.714352e+01 2.361993e+01 2.481867e+01 3.809143e+01 3.756420e+01 1.088100e+00 5.232530e-01 7.274692e-01 6.855052e-01 1.214704e+00 9.699786e-01 7.721843e-01 9.087339e-01 9.569177e-01 1.309849e+00 1.175372e+00 1.338465e+00 1.242364e+00 9.301728e-02 4.947761e-02 4.572614e-02 9.588027e-02 8.016931e-02 1.357915e-01 1.434356e-01 1.560461e-01 1.411728e-01 1.814751e-01 1.920287e-01 1.991356e-01 1.869666e-01 7.205739e-03
<GCONST> 7.252570e+01
<STATE> 4
<MEAN> 39
 -2.633298e-01 -1.131505e+01 -7.988155e+00 -8.555936e+00 -5.375298e+00 -8.951582e+00 -2.203265e+00 -4.216905e+00 6.560706e-01 -7.565755e+00 -3.907289e+00 -7.357360e+00 1.855039e+01 -5.526229e-01 -3.414105e-02 1.189964e+00 5.194423e-01 -5.944179e-01 2.877151e-02 6.853769e-01 -1.583601e-01 -6.814632e-01 -3.920130e-01 1.344529e-01 2.569159e-01 -2.036863e-01 -8.735030e-02 3.026814e-01 1.245241e-03 -2.185778e-01 1.356742e-01 2.162123e-01 1.415911e-02 -2.469526e-01 -1.512039e-01 1.217699e-01 1.772796e-01 3.030814e-02 -5.098560e-02
<VARIANCE> 39
 6.991965e+00 1.429684e+01 2.845821e+01 1.838139e+01 4.719050e+01 3.734529e+01 3.528296e+01 3.877911e+01 4.496832e+01 3.448619e+01 3.470996e+01 3.195099e+01 1.578883e+00 2.190640e-01 1.522293e+00 6.615244e-01 1.662155e+00 2.084883e+00 2.164071e+00 1.563814e+00 2.598427e+00 1.820255e+00 1.727187e+00 1.796987e+00 1.076064e+00 4.085224e-02 2.918522e-02 9.450736e-02 1.877083e-01 1.657649e-01 4.428493e-01 3.012142e-01 3.552188e-01 3.377743e-01 3.792787e-01 2.796456e-01 3.074777e-01 2.167115e-01 3.207985e-03
<GCONST> 8.837205e+01
<TRANSP> 5
 0.000000e+00 1.000000e+00 0.000000e+00 0.000000e+00 0.000000e+00
 0.000000e+00 7.031478e-01 2.968522e-01 0.000000e+00 0.000000e+00
 0.000000e+00 0.000000e+00 9.182853e-01 8.171475e-02 0.000000e+00
 0.000000e+00 0.000000e+00 0.000000e+00 8.711882e-01 1.288118e-01
 0.000000e+00 0.000000e+00 0.000000e+00 0.000000e+00 0.000000e+00
<ENDHMM>
~h "zero"
<BEGINHMM>
<NUMSTATES> 5
<STATE> 2
<MEAN> 39
 -6.855717e+00 -1.902309e+00 -4.589677e+00 -7.681111e+00 -2.511304e+00 -4.669521e+00 -2.825902e+00 -8.904297e+00 -3.633477e+00 -4.172030e+00 1.363197e-01 -4.374446e+00 1.565055e+01 2.801873e-01 1.044451e+00 9.694895e-01 -1.153734e+00 -8.265595e-01 -1.402497e+00 -6.260017e-01 -5.997078e-01 3.210831e-01 3.344795e-01 -1.326223e-01 -2.390258e-01 4.899850e-01 3.820303e-02 9.728969e-02 1.846302e-01 -3.600485e-01 -1.736126e-01 -2.334734e-01 2.763835e-03 -2.428192e-02 1.687878e-01 1.529237e-03 3.095951e-02 -8.991683e-02 9.289292e-02
<VARIANCE> 39
 6.902898e+00 1.046524e+01 1.552838e+01 1.460962e+01 2.098199e+01 2.210765e+01 1.924383e+01 1.977468e+01 2.955083e+01 2.443430e+01 2.236470e+01 1.991360e+01 1.482253e+00 3.158191e-01 4.254303e-01 7.575965e-01 9.355818e-01 8.450831e-01 1.289945e+00 9.696146e-01 1.180271e+00 1.340106e+00 9.785844e-01 1.203193e+00 1.526347e+00 4.262144e-02 4.661129e-02 1.027320e-01 1.271612e-01 1.080118e-01 1.311698e-01 2.170559e-01 1.590321e-01 1.928498e-01 1.623994e-01 1.501785e-01 1.803222e-01 1.680700e-01 6.427164e-03
<GCONST> 7.320064e+01
<STATE> 3
<MEAN> 39
 -5.554569e+00 2.976642e-01 9.475216e-01 -1.692687e+01 -7.871699e+00 -9.178929e+00 -4.564926e+00 -8.444827e+00 1.751346e-01 -3.745540e+00 1.716190e-01 -6.826355e+00 1.840722e+01 3.379507e-01 -7.439922e-01 4.397098e-01 -1.674311e-01 -1.079685e+00 2.617026e-01 2.081390e-01 1.941910e-01 3.198284e-01 -7.725390e-02 4.266689e-02 -1.238949e-01 1.660101e-01 5.113017e-02 -2.679626e-01 -1.738868e-01 3.705984e-01 1.773090e-02 1.343639e-01 1.945691e-01 5.586020e-02 -8.684640e-02 -4.417926e-02 -1.265107e-02 7.155315e-02 -6.426628e-02
<VARIANCE> 39
 7.442204e+00 2.072759e+01 1.738141e+01 2.633273e+01 5.939011e+01 4.058072e+01 3.220790e+01 4.418400e+01 3.109189e+01 3.032970e+01 3.451358e+01 5.109865e+01 1.093671e+00 4.426061e-01 1.625297e+00 8.056199e-01 2.621589e+00 1.741134e+00 2.529805e+00 1.688243e+00 1.422357e+00 1.340471e+00 1.177613e+00 1.107290e+00 1.320223e+00 6.300218e-02 5.151407e-02 1.132346e-01 1.259704e-01 1.805874e-01 2.460326e-01 4.095130e-01 2.255389e-01 2.477390e-01 2.118849e-01 1.747622e-01 1.723304e-01 2.173436e-01 4.563588e-03
<GCONST> 8.707488e+01
<STATE> 4
<MEAN> 39
 -1.602381e+00 -1.052593e+01 -4.394968e+00 -9.806637e+00 -9.692888e+00 -8.043890e+00 5.680079e-01 -4.092904e+00 -1.777058e-01 -6.703785e+00 -1.006273e+00 -5.665368e+00 1.854406e+01 8.268014e-02 1.154405e-02 -5.513768e-01 1.614457e-01 6.697117e-01 -1.772205e-01 -1.864765e-02 2.087475e-01 -6.330281e-02 -1.489876e-01 -9.287074e-02 -8.008544e-03 -5.348580e-02 -5.972727e-02 1.434795e-01 6.345472e-02 -8.657695e-02 8.638711e-02 4.156074e-02 -9.809939e-02 -8.253971e-02 -2.013520e-02 3.442462e-02 2.074155e-02 -9.003717e-03 -1.774962e-02
<VARIANCE> 39
 6.467684e+00 1.770077e+01 2.650721e+01 2.676800e+01 6.263195e+01 5.437897e+01 3.559005e+01 3.637814e+01 4.423013e+01 3.493035e+01 2.490049e+01 3.291602e+01 1.494237e+00 2.240751e-01 8.356589e-01 6.288391e-01 1.034907e+00 1.223512e+00 1.670032e+00 1.527115e+00 1.766226e+00 1.574668e+00 1.378454e+00 1.023200e+00 9.266902e-01 1.571365e-02 2.389669e-02 3.491121e-02 7.629562e-02 1.109457e-01 1.909368e-01 2.323588e-01 1.871243e-01 1.959422e-01 2.166642e-01 1.822143e-01 1.466129e-01 1.333750e-01 1.760616e-03
<GCONST> 7.711465e+01
<TRANSP> 5
 0.000000e+00 1.000000e+00 0.000000e+00 0.000000e+00 0.000000e+00
 0.000000e+00 7.345192e-01 2.654808e-01 0.000000e+00 0.000000e+00
 0.000000e+00 0.000000e+00 8.924893e-01 1.075108e-01 0.000000e+00
 0.000000e+00 0.000000e+00 0.000000e+00 9.396157e-01 6.038439e-02
 0.000000e+00 0.000000e+00 0.000000e+00 0.000000e+00 0.000000e+00
<ENDHMM>
