~o
<STREAMINFO> 1 39
<VECSIZE> 39<NULLD><MFCC_E_D_A><DIAGC>
~h "eight"
<BEGINHMM>
<NUMSTATES> 5
<STATE> 2
<MEAN> 39
 -7.524248e+00 -3.425485e+00 -5.693404e+00 -1.668126e+01 -6.472206e-01 -5.182417e+00 5.464613e-01 -6.746666e+00 -1.554759e+00 -6.763822e+00 -1.027579e+00 -5.331582e+00 1.714911e+01 -1.900203e-01 7.575282e-01 -8.186737e-02 -7.814764e-01 3.923824e-02 -4.145826e-01 5.498381e-02 2.968002e-01 3.011548e-01 4.553759e-02 -9.449643e-02 -9.567292e-02 2.139843e-01 3.509381e-02 8.254611e-02 1.092653e-02 8.963255e-02 -4.104017e-02 -1.680771e-01 -8.082491e-02 -2.284049e-02 2.705581e-02 6.061811e-02 5.858054e-02 -4.580993e-03 3.466711e-03
<VARIANCE> 39
 1.075576e+01 2.305830e+01 1.835775e+01 3.944754e+01 4.045811e+01 2.353712e+01 2.441501e+01 2.433813e+01 3.137294e+01 2.547065e+01 2.575902e+01 2.447311e+01 3.380898e+00 3.360929e-01 9.651091e-01 6.847408e-01 1.411190e+00 1.254019e+00 1.634324e+00 1.348157e+00 1.128212e+00 1.374385e+00 1.216730e+00 1.140042e+00 1.007759e+00 1.229797e-01 4.082865e-02 8.491869e-02 8.461756e-02 2.011358e-01 1.478592e-01 1.778297e-01 1.529720e-01 1.814240e-01 2.320960e-01 1.695074e-01 1.833576e-01 1.573080e-01 1.323970e-02
<GCONST> 8.183727e+01
<STATE> 3
<MEAN> 39
 -7.935271e+00 5.475980e+00 -4.908610e+00 -1.664729e+01 -2.357275e+00 -1.441935e+01 -3.035204e+00 -8.590776e+00 -1.333268e+00 -4.426887e+00 9.894331e-01 -5.287225e+00 1.807283e+01 2.038409e-01 -4.290123e-01 1.808105e-01 9.720475e-01 1.361366e-01 6.933593e-02 -3.419807e-01 -6.694541e-01 -5.148319e-01 -4.112861e-02 2.100352e-01 1.945938e-01 -2.363271e-01 1.021295e-02 -3.328926e-01 -3.043232e-02 6.396201e-02 4.254457e-02 3.532499e-01 1.234168e-01 5.585643e-02 -2.347427e-02 -9.194011e-02 -6.257256e-02 3.917777e-03 -6.257655e-02
<VARIANCE> 39
 9.284452e+00 1.350717e+01 2.250879e+01 3.248522e+01 1.967651e+01 2.420524e+01 5.254561e+01 3.438115e+01 4.415730e+01 2.637299e+01 3.191333e+01 2.703312e+01 1.959813e+00 2.642206e-01 1.895689e+00 4.088292e-01 7.647222e-01 7.868134e-01 2.502151e+00 1.307327e+00 1.116771e+00 1.804252e+00 1.195111e+00 1.398760e+00 1.008693e+00 6.759375e-02 3.641362e-02 9.029844e-02 5.905559e-02 1.265768e-01 9.250864e-02 1.745033e-01 1.630073e-01 2.078775e-01 2.767938e-01 1.690441e-01 1.958872e-01 1.643071e-01 4.024226e-03
<GCONST> 7.874339e+01
<STATE> 4
<MEAN> 39
 -7.116768e+00 -6.541066e+00 -5.514879e+00 -1.004293e+01 -1.215374e+00 -4.682481e+00 -8.409404e-01 -8.921489e+00 -3.019660e+00 -5.935845e+00 9.428733e-01 -4.004976e+00 1.468662e+01 -7.179794e-02 -3.660489e-01 -1.176299e-01 1.204244e-01 -4.112494e-02 3.696103e-01 1.855421e-01 1.810011e-01 1.167377e-01 8.797220e-03 1.649068e-02 9.388004e-03 -9.300601e-02 -5.685288e-03 1.757349e-01 1.040000e-02 -6.684019e-02 -1.211833e-02 -1.464314e-01 -4.599060e-02 -1.503953e-02 -6.331500e-03 2.179367e-02 -5.186088e-03 -1.391517e-02 4.871765e-02
<VARIANCE> 39
 4.560895e+00 6.159155e+00 8.314761e+00 9.574122e+00 1.262567e+01 1.589434e+01 1.697651e+01 1.696683e+01 1.732072e+01 1.627313e+01 1.523353e+01 1.399439e+01 1.034501e+00 2.099295e-01 8.405248e-01 4.288092e-01 5.955235e-01 4.862396e-01 1.170447e+00 9.931200e-01 8.546664e-01 9.812966e-01 7.909760e-01 7.432476e-01 7.057064e-01 4.874192e-02 3.460034e-02 9.647740e-02 7.128510e-02 1.091524e-01 9.177042e-02 1.887646e-01 1.756934e-01 1.504275e-01 1.623780e-01 1.354730e-01 1.324254e-01 1.272722e-01 4.818405e-03
<GCONST> 6.216208e+01
<TRANSP> 5
 0.000000e+00 1.000000e+00 0.000000e+00 0.000000e+00 0.000000e+00
 0.000000e+00 9.121923e-01 8.780773e-02 0.000000e+00 0.000000e+00
 0.000000e+00 0.000000e+00 8.976275e-01 1.023725e-01 0.000000e+00
 0.000000e+00 0.000000e+00 0.000000e+00 9.213890e-01 7.861088e-02
 0.000000e+00 0.000000e+00 0.000000e+00 0.000000e+00 0.000000e+00
<ENDHMM>
~h "oh"
<BEGINHMM>
<NUMSTATES> 5
<STATE> 2
<MEAN> 39
 -5.072906e+00 -9.817537e+00 -7.833376e+00 -8.759861e+00 -2.347719e+00 -7.078435e+00 2.847755e+00 -7.616875e+00 -4.773004e+00 -6.878154e+00 -1.687973e+00 -4.955315e+00 1.721407e+01 4.015585e-01 -2.821495e-01 -5.485501e-01 2.171546e-01 1.401627e-01 -4.945688e-01 2.322911e-01 5.781039e-01 -1.037487e-01 -3.932610e-01 -3.404421e-01 -6.349495e-02 2.903814e-01 6.013422e-02 8.892391e-02 -1.210269e-02 -5.544873e-02 1.547173e-02 -6.012472e-02 -1.276604e-01 1.861857e-02 1.092551e-01 1.494713e-03 -5.272239e-02 -5.050194e-02 1.424377e-02
<VARIANCE> 39
 8.382304e+00 1.228220e+01 1.538582e+01 1.591970e+01 2.185688e+01 2.340160e+01 2.846189e+01 5.757656e+01 3.748621e+01 3.054210e+01 2.663984e+01 2.711322e+01 3.812013e+00 4.045048e-01 5.595049e-01 6.603169e-01 6.405978e-01 7.460979e-01 1.180177e+00 1.235326e+00 1.815301e+00 1.533159e+00 1.309644e+00 1.311777e+00 1.082004e+00 1.254167e-01 4.813059e-02 7.023268e-02 8.521727e-02 8.555459e-02 1.118070e-01 1.482320e-01 1.609972e-01 2.226749e-01 2.095436e-01 1.953585e-01 2.000352e-01 1.548819e-01 1.713554e-02
<GCONST> 7.894449e+01
<STATE> 3
<MEAN> 39
 -4.965996e-01 -8.085562e+00 -1.303811e+01 -1.018378e+01 -8.909650e-01 -1.201037e+01 -8.892370e-01 -1.284798e+00 1.939148e-01 -7.884274e+00 -5.009707e+00 -6.855097e+00 1.903839e+01 2.239072e-01 4.083352e-01 -6.301448e-03 -3.375470e-01 -6.150920e-02 -1.964761e-02 -6.569723e-01 -2.515007e-01 6.164274e-01 5.838703e-01 3.178509e-02 -3.234860e-01 -1.058153e-02 -4.688025e-02 2.213278e-02 1.000644e-01 -1.014054e-02 -5.009494e-02 8.897689e-02 1.630272e-02 -1.447878e-01 -8.520338e-02 7.581970e-02 1.148444e-01 2.391835e-02 -2.662398e-02
<VARIANCE> 39
 6.028924e+00 9.347387e+00 1.555831e+01 1.589685e+01 1.975419e+01 2.333680e+01 4.428231e+01 3.314379e+01 4.055782e+01 3.755698e+01 3.123152e+01 3.914725e+01 1.183734e+00 8.543305e-02 1.427004e-01 2.976719e-01 2.936640e-01 3.913097e-01 5.535882e-01 7.245920e-01 1.116325e+00 7.998047e-01 8.947312e-01 8.656509e-01 6.944233e-01 1.391792e-02 1.175630e-02 1.537127e-02 3.537053e-02 3.572028e-02 4.852975e-02 7.178195e-02 8.156145e-02 1.012436e-01 1.109301e-01 1.074998e-01 9.628421e-02 9.289261e-02 1.245802e-03
<GCONST> 5.396380e+01
<STATE> 4
<MEAN> 39
 -7.418171e-01 -3.730195e+00 -8.383333e+00 -1.248796e+01 -3.622056e+00 -9.300146e+00 -4.000159e+00 -8.066671e+00 -2.979415e-01 -3.366244e+00 3.569714e-01 -6.248672e+00 1.795417e+01 -5.069019e-01 1.203026e-01 7.350001e-01 2.727176e-01 1.213532e-02 5.559241e-01 3.365018e-01 -4.405238e-01 -5.363584e-01 -1.885732e-01 3.968891e-01 4.349112e-01 -2.802317e-01 -1.126523e-01 -1.140013e-01 -2.907858e-02 7.595475e-02 9.950962e-02 8.985822e-02 1.345923e-01 9.031343e-02 -3.953857e-02 -1.066727e-01 -6.855574e-02 5.315384e-02 -3.464304e-02
<VARIANCE> 39
 9.361491e+00 7.810179e+00 2.079552e+01 1.825480e+01 1.941331e+01 2.692007e+01 3.110311e+01 2.683558e+01 3.199027e+01 4.008418e+01 3.906121e+01 3.790241e+01 2.412500e+00 3.826952e-01 4.593657e-01 5.507360e-01 6.217663e-01 8.842406e-01 1.264738e+00 1.251874e+00 1.298648e+00 1.305791e+00 1.263465e+00 1.279160e+00 1.245754e+00 5.453463e-02 3.299578e-02 4.469836e-02 8.896653e-02 8.728106e-02 1.096993e-01 1.661356e-01 1.871797e-01 1.997285e-01 2.127136e-01 2.068777e-01 1.755926e-01 1.748503e-01 4.194855e-03
<GCONST> 7.532735e+01
<TRANSP> 5
 0.000000e+00 1.000000e+00 0.000000e+00 0.000000e+00 0.000000e+00
 0.000000e+00 9.027607e-01 9.723924e-02 0.000000e+00 0.000000e+00
 0.000000e+00 0.000000e+00 9.042472e-01 9.575285e-02 0.000000e+00
 0.000000e+00 0.000000e+00 0.000000e+00 8.838429e-01 1.161570e-01
 0.000000e+00 0.000000e+00 0.000000e+00 0.000000e+00 0.000000e+00
<ENDHMM>
~h "seven"
<BEGINHMM>
<NUMSTATES> 5
<STATE> 2
<MEAN> 39
 -8.806628e+00 -4.769281e+00 -7.050016e+00 -8.596655e+00 -2.107393e+00 -3.131448e+00 -1.276509e+00 -8.136147e+00 -2.909428e+00 -5.214479e+00 6.799276e-01 -3.793395e+00 1.484347e+01 4.741050e-02 -4.084798e-02 -4.356888e-02 -3.256977e-01 -2.671272e-01 -1.353341e-01 2.667654e-01 1.513750e-02 1.375777e-01 -7.739213e-04 -2.047791e-01 -6.332356e-02 1.080877e-01 1.303974e-01 9.204498e-03 8.983015e-02 -1.476355e-01 -1.309363e-01 -1.120194e-01 8.732989e-02 -1.238425e-02 2.002499e-02 -2.644504e-02 -8.712242e-02 -9.269763e-02 9.199264e-02
<VARIANCE> 39
 8.340020e+00 1.013035e+01 1.380079e+01 1.310765e+01 1.612601e+01 1.582009e+01 1.759687e+01 1.745255e+01 1.826360e+01 1.723364e+01 1.706742e+01 1.463344e+01 9.047275e-01 7.144133e-01 4.608480e-01 8.613430e-01 9.991096e-01 9.701380e-01 1.283294e+00 9.959622e-01 8.575956e-01 1.029544e+00 1.155908e+00 9.210114e-01 9.517400e-01 1.512428e-01 5.368435e-02 6.783888e-02 9.750191e-02 1.360510e-01 1.662412e-01 1.770663e-01 1.648983e-01 1.456985e-01 1.700096e-01 1.546173e-01 1.450090e-01 1.504834e-01 8.093956e-03
<GCONST> 7.123422e+01
<STATE> 3
<MEAN> 39
 -5.558075e+00 -7.172778e+00 -5.193472e+00 -1.591174e+01 -6.355659e+00 -4.897009e+00 4.772487e+00 -8.475009e+00 -2.770160e+00 -6.761119e+00 -3.975050e+00 -6.626519e+00 1.896182e+01 1.894532e-01 -2.722631e-01 1.233811e-01 3.882821e-02 -6.137378e-02 -1.088002e-01 2.446588e-01 2.681849e-01 -2.807252e-01 -5.543007e-02 -6.964484e-02 -1.107269e-01 1.236368e-01 -4.177998e-02 7.839749e-02 1.111911e-02 2.926458e-01 1.553699e-01 -2.480876e-02 -2.548968e-01 3.867891e-02 -2.091179e-02 1.592026e-02 1.771704e-01 7.159714e-02 -1.270850e-01
<VARIANCE> 39
 9.614647e+00 1.303328e+01 9.436706e+00 1.827779e+01 4.580248e+01 3.937847e+01 3.187668e+01 3.950835e+01 4.652962e+01 5.849231e+01 3.255419e+01 3.130153e+01 1.240813e+00 4.410258e-01 5.954199e-01 4.993327e-01 1.548395e+00 1.671524e+00 1.672650e+00 1.827650e+00 1.089302e+00 1.392667e+00 1.776832e+00 1.809613e+00 1.326400e+00 2.114268e-01 8.204690e-02 9.001198e-02 9.646609e-02 1.114838e-01 2.523420e-01 2.721471e-01 1.781217e-01 1.666770e-01 2.018927e-01 2.407534e-01 2.262372e-01 1.834979e-01 6.062320e-03
<GCONST> 8.474816e+01
<STATE> 4
<MEAN> 39
 -3.244347e+00 -3.881843e+00 -1.891207e+00 -9.521953e+00 -3.365988e+00 -8.015697e+00 -1.088914e+00 -8.732973e+00 -4.324260e+00 -7.120053e+00 -1.906874e+00 -7.105270e+00 1.713248e+01 1.768525e-02 2.205678e-01 1.049622e-01 2.065503e-01 3.193777e-01 1.039528e-01 -2.925326e-01 -2.637354e-01 8.569285e-02 -1.439438e-02 1.277887e-01 4.227576e-02 -1.184133e-01 -5.595602e-02 -7.367292e-02 -7.384454e-02 -8.778009e-02 -2.233355e-02 9.372204e-02 1.106988e-01 -4.596862e-03 1.866148e-02 1.745090e-02 -3.220638e-02 2.023127e-02 1.415731e-02
<VARIANCE> 39
 4.974843e+00 1.019478e+01 9.926721e+00 1.395349e+01 2.822470e+01 3.043305e+01 2.586529e+01 4.089540e+01 3.293283e+01 3.570397e+01 3.328820e+01 2.974882e+01 1.533693e+00 2.533935e-01 5.250467e-01 5.539057e-01 8.538671e-01 1.339955e+00 1.253491e+00 1.628739e+00 1.363172e+00 1.438485e+00 1.411172e+00 1.273564e+00 9.896297e-01 9.358778e-02 3.738632e-02 7.812218e-02 8.698367e-02 1.507716e-01 2.341878e-01 2.027751e-01 2.726199e-01 2.366434e-01 2.360256e-01 2.409610e-01 2.174079e-01 1.500708e-01 1.437088e-02
<GCONST> 7.928017e+01
<TRANSP> 5
 0.000000e+00 1.000000e+00 0.000000e+00 0.000000e+00 0.000000e+00
 0.000000e+00 9.125740e-01 8.742605e-02 0.000000e+00 0.000000e+00
 0.000000e+00 0.000000e+00 9.003658e-01 9.963417e-02 0.000000e+00
 0.000000e+00 0.000000e+00 0.000000e+00 9.365581e-01 6.344192e-02
 0.000000e+00 0.000000e+00 0.000000e+00 0.000000e+00 0.000000e+00
<ENDHMM>
~h "three"
<BEGINHMM>
<NUMSTATES> 5
<STATE> 2
<MEAN> 39
 -7.753081e+00 -6.035266e+00 -4.949137e+00 -1.011976e+01 -8.176893e-01 -4.845856e+00 -5.887953e-01 -8.498262e+00 -2.602043e+00 -5.425550e+00 9.830297e-01 -3.779383e+00 1.488863e+01 1.181816e-01 -8.363594e-02 2.207187e-01 -4.797682e-02 -4.167404e-01 -2.858676e-01 -6.849108e-02 1.494109e-02 7.425301e-02 3.189594e-02 1.361444e-02 4.315949e-04 9.208676e-02 1.742196e-01 2.254011e-02 1.428289e-01 1.951377e-03 -2.577675e-01 -1.755563e-01 -7.574129e-02 -1.877698e-02 1.537907e-02 -9.218407e-03 -3.924779e-02 -7.054536e-02 8.471628e-02
<VARIANCE> 39
 5.400873e+00 6.329596e+00 9.779342e+00 1.060192e+01 1.435539e+01 1.431225e+01 1.606517e+01 1.761143e+01 1.951330e+01 1.776078e+01 1.686058e+01 1.459230e+01 1.170456e+00 7.019923e-01 5.235445e-01 8.963119e-01 7.510099e-01 1.499186e+00 1.312560e+00 9.016345e-01 1.036179e+00 9.999577e-01 9.323084e-01 9.825643e-01 9.153205e-01 1.193093e-01 5.916817e-02 9.076453e-02 9.846701e-02 1.380230e-01 2.011591e-01 1.855362e-01 1.564496e-01 2.030749e-01 1.781607e-01 1.662449e-01 1.641534e-01 1.611113e-01 4.958382e-03
<GCONST> 7.052037e+01
<STATE> 3
<MEAN> 39
 -2.518136e+00 -6.783542e+00 2.449298e+00 -1.140186e+01 -1.369865e+01 -9.363334e+00 -3.152535e+00 -9.428355e+00 -9.455520e-03 -5.130504e+00 1.270089e-01 -5.735048e+00 1.823541e+01 -6.862392e-02 4.227090e-01 6.951849e-01 -1.049856e+00 -3.996580e-01 3.060282e-01 -8.254075e-01 1.096435e-01 3.076175e-01 -2.807262e-02 6.153163e-02 -1.674224e-01 2.367504e-01 -2.156734e-01 2.146464e-01 -2.005197e-01 -1.428207e-01 5.230278e-01 4.712704e-02 -5.942076e-02 1.143477e-01 -1.140713e-01 -2.023173e-02 2.135190e-02 3.956064e-02 -6.774376e-02
<VARIANCE> 39
 6.507145e+00 1.457567e+01 2.008426e+01 4.937635e+01 4.245368e+01 6.100885e+01 3.522879e+01 3.826531e+01 3.064140e+01 2.820659e+01 3.707790e+01 3.334343e+01 1.447084e+00 9.619798e-01 1.476627e+00 9.228623e-01 2.725314e+00 4.895082e+00 3.382431e+00 2.207000e+00 1.969152e+00 1.296618e+00 1.095892e+00 1.152278e+00 1.164600e+00 6.899486e-02 6.798208e-02 1.290743e-01 1.773857e-01 3.907520e-01 3.806304e-01 6.812702e-01 3.772545e-01 2.755093e-01 2.400974e-01 1.746558e-01 1.705918e-01 1.637535e-01 3.908584e-03
<GCONST> 9.265437e+01
<STATE> 4
<MEAN> 39
 -6.590556e+00 3.298167e+00 -7.803010e-01 -1.672949e+01 -2.106746e+00 -1.135582e+01 -6.399228e+00 -7.962149e+00 -3.159433e+00 -5.505670e+00 -3.370685e-01 -6.525783e+00 1.789480e+01 -2.820237e-02 6.330468e-02 -6.391543e-01 7.253036e-01 7.234867e-01 -1.648794e-01 5.492604e-01 -8.268324e-02 -3.564613e-01 1.203108e-02 -7.059457e-02 5.073443e-02 -1.956445e-01 5.814848e-02 -2.881117e-01 2.508513e-03 1.697358e-01 -2.211512e-01 1.819720e-01 1.647821e-01 -6.734943e-02 9.742322e-02 8.240803e-03 2.041606e-02 2.496871e-02 -3.092090e-02
<VARIANCE> 39
 7.580466e+00 1.700897e+01 1.909991e+01 3.484708e+01 2.704761e+01 2.948792e+01 4.823342e+01 4.778473e+01 3.321848e+01 3.976923e+01 4.240160e+01 3.677536e+01 1.619883e+00 3.151344e-01 1.882923e+00 6.700020e-01 1.043735e+00 1.834892e+00 2.559862e+00 1.467143e+00 1.693773e+00 1.384672e+00 1.287924e+00 1.031998e+00 9.705021e-01 3.582554e-02 4.748387e-02 9.098797e-02 9.640408e-02 2.205422e-01 1.814732e-01 2.352882e-01 2.696371e-01 2.497844e-01 1.837021e-01 1.709959e-01 1.443271e-01 1.353044e-01 2.469563e-03
<GCONST> 8.276379e+01
<TRANSP> 5
 0.000000e+00 1.000000e+00 0.000000e+00 0.000000e+00 0.000000e+00
 0.000000e+00 9.016224e-01 9.837762e-02 0.000000e+00 0.000000e+00
 0.000000e+00 0.000000e+00 8.936676e-01 1.063324e-01 0.000000e+00
 0.000000e+00 0.000000e+00 0.000000e+00 9.153335e-01 8.466646e-02
 0.000000e+00 0.000000e+00 0.000000e+00 0.000000e+00 0.000000e+00
<ENDHMM>
~h "one"
<BEGINHMM>
<NUMSTATES> 5
<STATE> 2
<MEAN> 39
 -4.518802e-01 -3.402784e+00 -8.443933e+00 -1.270263e+01 -1.875606e+00 -5.987661e+00 -2.275723e+00 -8.867911e+00 -2.601642e+00 -6.646011e+00 -1.475403e+00 -7.365994e+00 1.769859e+01 2.103998e-01 -3.606904e-01 -7.771860e-01 3.866609e-01 4.274689e-01 9.435683e-02 -2.048137e-01 2.134635e-01 1.819849e-01 -2.419251e-01 -3.084224e-01 -2.085046e-01 1.796984e-01 -1.118917e-01 -1.460598e-01 2.928784e-02 2.153363e-01 1.225146e-02 -9.389176e-02 -2.919335e-03 1.044305e-01 5.143861e-03 -7.578695e-02 2.515459e-03 7.602518e-02 -1.570836e-02
<VARIANCE> 39
 5.495453e+00 8.375300e+00 3.133022e+01 2.276518e+01 2.856287e+01 2.622848e+01 2.260916e+01 2.060509e+01 2.743981e+01 2.315636e+01 3.019644e+01 3.007905e+01 2.038592e+00 4.331115e-01 7.311464e-01 9.486062e-01 2.139369e+00 1.343967e+00 1.366099e+00 1.271947e+00 1.039806e+00 1.139394e+00 9.681922e-01 1.111004e+00 9.685553e-01 5.947196e-02 3.949682e-02 5.502413e-02 1.856310e-01 2.318593e-01 2.499858e-01 2.470843e-01 2.300212e-01 1.749950e-01 1.963440e-01 1.583900e-01 1.854133e-01 1.750183e-01 4.527906e-03
<GCONST> 7.904117e+01
<STATE> 3
<MEAN> 39
 -2.465531e+00 -1.063755e+01 -1.057806e+01 -1.816900e+00 -8.205509e-01 -9.426733e+00 -2.030191e+00 -4.359922e+00 -3.708465e+00 -1.158850e+01 -2.280304e+00 -6.159983e+00 1.852691e+01 -5.923280e-01 -3.130909e-01 1.360808e+00 4.865197e-01 -1.327708e+00 -2.683872e-01 1.140204e+00 -1.565537e-01 -8.915408e-01 -1.471434e-02 5.522612e-01 9.288769e-02 -5.213565e-02 3.157375e-02 3.182564e-01 2.336368e-01 -5.691901e-01 -9.458844e-02 3.616264e-01 5.219151e-02 -4.228625e-01 2.293649e-02 3.597822e-01 2.881063e-02 -1.620904e-01 -2.971558e-02
<VARIANCE> 39
 6.425572e+00 9.764833e+00 1.981017e+01 2.419558e+01 2.885874e+01 1.776315e+01 3.884035e+01 3.255223e+01 4.659214e+01 3.886999e+01 3.430858e+01 3.411103e+01 1.525048e+00 1.633406e-01 5.914711e-01 6.367460e-01 1.980045e+00 7.715698e-01 1.823207e+00 1.053303e+00 2.307829e+00 1.240626e+00 1.946858e+00 1.064869e+00 1.293228e+00 8.977592e-03 2.596245e-02 5.244816e-02 1.077559e-01 1.227772e-01 3.162029e-01 1.590554e-01 4.062644e-01 1.859148e-01 3.425929e-01 2.133325e-01 2.683239e-01 1.720577e-01 8.707186e-04
<GCONST> 7.673698e+01
<STATE> 4
<MEAN> 39
 -3.841181e+00 -4.380181e+00 -1.380853e+00 -8.920088e+00 -3.196716e+00 -6.281982e+00 -2.462188e+00 -1.221242e+01 -5.214604e+00 -8.497525e+00 -2.664975e+00 -8.175470e+00 1.759471e+01 -3.696612e-03 5.640361e-01 2.622679e-01 -4.548994e-01 4.116559e-01 1.698911e-01 -3.735679e-01 -2.333217e-01 1.575200e-01 1.861189e-01 -2.807064e-02 1.649841e-01 -1.759987e-01 -2.107771e-02 -1.171216e-01 -2.145142e-01 1.096547e-01 8.704749e-02 -2.722268e-02 2.045598e-02 1.849960e-01 4.517068e-02 -7.363620e-02 3.749549e-02 8.076186e-02 -1.677499e-02
<VARIANCE> 39
 6.725616e+00 2.077660e+01 9.946256e+00 1.740464e+01 2.093879e+01 4.195578e+01 3.341082e+01 3.282930e+01 4.008433e+01 4.409937e+01 3.259618e+01 3.568711e+01 1.337940e+00 3.443299e-01 1.010751e+00 9.863701e-01 1.216703e+00 8.805143e-01 1.865041e+00 1.353861e+00 1.411843e+00 1.573528e+00 1.478437e+00 1.085055e+00 1.050132e+00 2.735216e-02 5.694391e-02 1.045753e-01 8.382142e-02 1.278463e-01 1.951442e-01 2.806747e-01 2.505354e-01 1.784448e-01 2.218369e-01 2.216928e-01 1.661902e-01 1.590880e-01 2.928949e-03
<GCONST> 7.987355e+01
<TRANSP> 5
 0.000000e+00 1.000000e+00 0.000000e+00 0.000000e+00 0.000000e+00
 0.000000e+00 9.096045e-01 9.039542e-02 0.000000e+00 0.000000e+00
 0.000000e+00 0.000000e+00 8.314074e-01 1.685926e-01 0.000000e+00
 0.000000e+00 0.000000e+00 0.000000e+00 9.086884e-01 9.131159e-02
 0.000000e+00 0.000000e+00 0.000000e+00 0.000000e+00 0.000000e+00
<ENDHMM>
~h "sil"
<BEGINHMM>
<NUMSTATES> 5
<STATE> 2
<MEAN> 39
 -5.629632e+00 -5.381874e+00 -3.959649e+00 -9.043992e+00 -2.191851e-01 -4.181954e+00 -1.412923e-01 -8.546725e+00 -2.498073e+00 -5.830971e+00 5.865701e-01 -4.487364e+00 1.512058e+01 -2.989977e-01 -2.485852e-01 -1.857900e-01 -5.062546e-02 6.953697e-02 1.348623e-01 8.168896e-02 -1.643746e-03 1.418122e-02 1.866477e-02 1.135568e-01 5.824583e-02 -1.518559e-01 2.366600e-02 -7.472914e-03 -3.844214e-02 -6.360458e-02 -7.384094e-02 -6.419980e-02 -4.217729e-02 -1.949013e-03 -3.811199e-03 -6.769920e-03 -1.693801e-02 -5.217399e-03 2.531348e-02
<VARIANCE> 39
 6.971166e+00 8.607539e+00 9.564895e+00 1.168489e+01 1.486954e+01 1.538818e+01 1.765946e+01 1.877708e+01 2.046502e+01 1.954523e+01 1.858399e+01 1.638753e+01 1.209582e+00 1.686662e-01 3.746083e-01 4.430746e-01 5.866197e-01 7.339927e-01 8.284991e-01 8.455018e-01 9.076110e-01 9.109303e-01 8.356504e-01 9.046679e-01 7.998179e-01 2.155278e-02 2.201154e-02 4.568586e-02 6.338260e-02 7.749979e-02 1.032746e-01 1.189167e-01 1.186156e-01 1.276629e-01 1.369568e-01 1.216473e-01 1.281472e-01 1.153789e-01 2.526401e-03
<GCONST> 5.922258e+01
<STATE> 3
<MEAN> 39
 -7.156939e+00 -7.236734e+00 -5.866395e+00 -1.018522e+01 -1.012347e+00 -4.339154e+00 -3.654398e-01 -8.603598e+00 -2.680011e+00 -5.571365e+00 1.005066e+00 -4.037417e+00 1.452098e+01 -3.584293e-03 4.973441e-03 -6.192490e-03 3.801505e-03 1.879186e-03 4.715757e-03 1.254828e-03 -9.875980e-03 -4.555675e-03 1.094670e-02 -2.631574e-04 2.492724e-03 -1.193124e-03 -2.367531e-04 4.887877e-03 2.877430e-03 5.286400e-03 1.315748e-03 2.870238e-03 5.485761e-04 5.853293e-03 2.717651e-03 -8.293900e-04 -4.062812e-03 -3.430429e-03 1.585010e-03
<VARIANCE> 39
 3.027167e+00 3.564785e+00 6.172712e+00 8.254450e+00 1.253747e+01 1.387375e+01 1.474216e+01 1.582846e+01 1.623780e+01 1.398252e+01 1.548319e+01 1.300189e+01 1.028432e+00 5.842914e-02 1.319095e-01 2.563355e-01 3.600307e-01 4.751975e-01 6.449599e-01 6.224146e-01 6.900989e-01 6.643437e-01 5.534238e-01 6.422851e-01 5.676935e-01 2.417423e-03 1.073370e-02 2.426566e-02 4.638904e-02 6.443691e-02 8.854958e-02 1.218526e-01 1.105602e-01 1.289115e-01 1.215520e-01 9.644405e-02 1.150024e-01 1.070999e-01 5.051141e-04
<GCONST> 4.276597e+01
<STATE> 4
<MEAN> 39
 -8.044108e+00 -6.369842e+00 -6.079112e+00 -1.016942e+01 -1.188544e+00 -4.700867e+00 -5.106549e-01 -8.720682e+00 -2.519547e+00 -5.941778e+00 9.985306e-01 -4.417085e+00 1.453677e+01 3.423454e-03 1.545876e-01 2.794377e-02 1.227887e-02 -7.638060e-02 -6.393965e-02 -6.564822e-02 4.921003e-02 -5.532658e-02 -8.987806e-02 -1.027089e-01 -6.833794e-02 4.891997e-02 4.561831e-02 5.645913e-02 2.690601e-02 -6.750968e-03 -2.035800e-03 -2.716316e-02 -1.659573e-02 -1.573689e-02 -1.398929e-02 -1.821264e-02 -3.889873e-02 -1.456908e-02 3.347784e-02
<VARIANCE> 39
 5.361447e+00 5.850626e+00 7.452225e+00 1.031433e+01 1.202342e+01 1.461873e+01 1.655215e+01 1.791416e+01 1.851074e+01 1.737204e+01 1.645255e+01 1.416317e+01 1.276580e+00 2.534415e-01 3.365529e-01 3.772617e-01 5.664120e-01 6.053328e-01 7.375281e-01 7.088111e-01 9.202841e-01 8.939191e-01 7.990489e-01 7.762734e-01 6.718946e-01 2.073159e-02 3.954313e-02 5.724538e-02 6.069191e-02 9.818342e-02 9.287856e-02 1.226491e-01 1.060877e-01 1.502724e-01 1.416595e-01 1.225171e-01 1.118091e-01 9.929998e-02 4.412926e-03
<GCONST> 5.788787e+01
<TRANSP> 5
 0.000000e+00 1.000000e+00 0.000000e+00 0.000000e+00 0.000000e+00
 0.000000e+00 7.692419e-01 2.307581e-01 0.000000e+00 0.000000e+00
 0.000000e+00 0.000000e+00 9.590835e-01 4.091651e-02 0.000000e+00
 0.000000e+00 0.000000e+00 0.000000e+00 7.109237e-01 2.890762e-01
 0.000000e+00 0.000000e+00 0.000000e+00 0.000000e+00 0.000000e+00
<ENDHMM>
~h "six"
<BEGINHMM>
<NUMSTATES> 5
<STATE> 2
<MEAN> 39
 -9.124295e+00 -4.836953e+00 -7.749949e+00 -8.266639e+00 -2.438857e+00 -2.834769e+00 -1.487292e+00 -7.798928e+00 -3.116517e+00 -4.969313e+00 3.618689e-01 -3.493941e+00 1.461232e+01 2.726811e-02 1.591592e-01 1.185999e-01 -3.531423e-01 -3.868237e-01 -2.528210e-01 -1.307455e-02 8.920172e-03 1.418941e-01 1.896523e-01 -1.204983e-01 9.512966e-03 1.277529e-01 1.224179e-01 8.574615e-02 1.920704e-01 -2.156928e-01 -1.443491e-01 -1.911087e-01 -1.348148e-02 -1.142856e-02 4.335983e-02 1.788300e-02 -7.846189e-02 -1.185633e-01 9.579257e-02
<VARIANCE> 39
 5.881856e+00 7.824516e+00 1.145771e+01 1.170149e+01 1.691563e+01 1.670037e+01 1.585943e+01 1.681437e+01 1.957148e+01 2.023768e+01 1.844873e+01 1.536605e+01 1.012899e+00 5.537620e-01 4.715973e-01 1.205764e+00 1.010492e+00 1.007775e+00 1.470687e+00 8.038239e-01 8.137798e-01 1.030869e+00 1.294180e+00 9.459645e-01 9.358563e-01 1.411679e-01 4.636098e-02 5.967520e-02 9.845393e-02 1.366894e-01 1.730452e-01 1.833199e-01 1.418879e-01 1.549592e-01 1.804593e-01 1.774092e-01 1.522813e-01 1.540163e-01 7.503505e-03
<GCONST> 7.075549e+01
<STATE> 3
<MEAN> 39
 -6.389795e+00 -1.255084e+00 -8.810621e-01 -1.937228e+01 -7.577193e+00 -8.493301e+00 -2.595068e+00 -6.569140e+00 3.325116e-02 -3.820272e+00 -2.226168e+00 -7.108534e+00 1.817332e+01 6.033787e-02 -1.004580e-01 1.973094e-01 -2.318161e-01 3.399071e-01 1.645808e-01 -1.732648e-01 1.224700e-01 4.917457e-02 -1.716382e-01 1.772009e-01 -6.580703e-03 -4.431788e-02 -7.081280e-02 -1.914884e-01 -2.624973e-01 4.212634e-01 2.477778e-01 2.067547e-01 8.841415e-02 -7.030384e-02 -1.214316e-01 -5.252283e-02 1.186420e-01 1.339913e-01 -1.487445e-01
<VARIANCE> 39
 7.367367e+00 9.635596e+00 1.569742e+01 2.776347e+01 5.692443e+01 3.167277e+01 3.629292e+01 2.495915e+01 3.438403e+01 5.661712e+01 3.469410e+01 3.674877e+01 1.645047e+00 3.757044e-01 7.674610e-01 1.271302e+00 3.640179e+00 2.695807e+00 1.950655e+00 1.896175e+00 1.366034e+00 1.928482e+00 2.033426e+00 1.879827e+00 2.011310e+00 3.396144e-01 6.646573e-02 6.525157e-02 1.520792e-01 2.585391e-01 3.130457e-01 3.120063e-01 3.695939e-01 2.303203e-01 2.922210e-01 3.375136e-01 2.687100e-01 2.614650e-01 1.433633e-02
<GCONST> 9.337854e+01
<STATE> 4
<MEAN> 39
 -8.222576e+00 -6.451437e+00 -6.277395e+00 -9.275581e+00 -2.415955e+00 -3.256267e+00 -9.182801e-01 -8.615626e+00 -2.795307e+00 -5.153826e+00 7.408615e-01 -4.248632e+00 1.464348e+01 -7.442151e-02 -1.118081e-01 -2.389876e-01 2.870741e-01 3.500220e-02 6.666965e-02 1.390737e-01 -4.188105e-02 -8.121284e-02 -2.483470e-03 7.366189e-03 3.130437e-02 -6.889643e-02 2.173761e-02 7.154374e-02 7.432567e-02 -1.248943e-01 -5.118543e-02 -6.603875e-02 -5.131236e-02 3.815525e-02 2.469895e-02 6.733100e-03 -2.995414e-02 -2.922751e-02 4.497594e-02
<VARIANCE> 39
 7.836406e+00 8.036997e+00 1.202002e+01 1.253897e+01 1.775490e+01 1.684576e+01 1.688475e+01 1.718217e+01 1.742179e+01 1.762553e+01 1.547864e+01 1.427368e+01 1.310077e+00 3.471872e-01 5.518961e-01 7.463471e-01 9.087876e-01 9.875025e-01 1.059264e+00 1.026785e+00 9.108875e-01 8.760957e-01 8.051558e-01 7.558445e-01 6.350734e-01 5.456961e-02 4.509159e-02 7.355037e-02 1.100384e-01 1.327705e-01 1.825924e-01 1.706938e-01 1.655958e-01 1.667245e-01 1.581869e-01 1.441439e-01 1.370199e-01 1.246721e-01 7.388053e-03
<GCONST> 6.779649e+01
<TRANSP> 5
 0.000000e+00 1.000000e+00 0.000000e+00 0.000000e+00 0.000000e+00
 0.000000e+00 9.049472e-01 9.505278e-02 0.000000e+00 0.000000e+00
 0.000000e+00 0.000000e+00 8.983328e-01 1.016671e-01 0.000000e+00
 0.000000e+00 0.000000e+00 0.000000e+00 9.437303e-01 5.626971e-02
 0.000000e+00 0.000000e+00 0.000000e+00 0.000000e+00 0.000000e+00
<ENDHMM>
~h "two"
<BEGINHMM>
<NUMSTATES> 5
<STATE> 2
<MEAN> 39
 -9.639380e+00 -4.513417e+00 -6.580734e+00 -9.863549e+00 -9.720722e-01 -4.070689e+00 -1.373343e+00 -8.179422e+00 -2.537152e+00 -5.722523e+00 1.014189e+00 -3.721768e+00 1.495430e+01 -3.758502e-02 2.631131e-01 2.263373e-01 -3.008481e-01 -8.029147e-02 -1.059096e-02 -1.952108e-01 2.048011e-02 1.192918e-01 3.786822e-02 -4.394501e-03 -2.839591e-02 9.347269e-02 1.950326e-01 9.726068e-02 2.115304e-01 -1.064899e-01 -1.587307e-01 -1.867033e-01 -1.174412e-01 -6.690829e-02 -2.515926e-02 -1.346563e-03 -7.481464e-02 -1.170505e-01 8.904146e-02
<VARIANCE> 39
 9.732287e+00 8.411868e+00 1.057139e+01 1.130263e+01 1.669864e+01 1.858915e+01 1.761610e+01 1.993474e+01 2.015008e+01 2.109536e+01 2.063022e+01 1.756303e+01 9.683680e-01 1.154743e+00 7.385864e-01 1.484535e+00 7.320565e-01 1.243842e+00 1.212138e+00 9.533132e-01 1.050649e+00 1.054677e+00 1.129717e+00 1.398422e+00 9.929959e-01 1.174519e-01 1.107616e-01 1.110961e-01 1.232448e-01 1.199814e-01 2.136391e-01 1.859784e-01 1.655751e-01 1.895574e-01 1.984027e-01 1.764035e-01 2.621551e-01 1.380705e-01 7.422640e-03
<GCONST> 7.620222e+01
<STATE> 3
<MEAN> 39
 -4.756927e+00 1.149319e+00 1.778225e+00 -1.527068e+01 -6.598805e+00 -9.672951e+00 -6.598327e+00 -1.044179e+01 -2.516044e+00 -5.320361e+00 -1.030022e+00 -7.239760e+00 1.830119e+01 7.193317e-01 5.999753e-01 8.360483e-01 -6.091869e-01 -1.201094e+00 -1.150002e+00 -6.212712e-01 -3.241048e-01 -7.638551e-02 1.074632e-01 -2.783294e-01 -6.924759e-01 4.804431e-01 -2.461664e-01 -2.219688e-01 -4.234547e-01 2.838059e-01 2.397684e-01 2.108274e-01 2.293689e-01 1.474371e-01 -1.436222e-02 5.922055e-03 1.442221e-01 1.762002e-01 -1.356786e-01
<VARIANCE> 39
 7.637055e+00 8.201178e+00 1.359603e+01 2.286913e+01 4.094154e+01 2.664878e+01 2.842987e+01 2.392865e+01 3.044523e+01 5.369549e+01 4.334024e+01 4.700752e+01 1.220934e+00 6.002334e-01 6.134155e-01 9.871259e-01 1.413978e+00 1.245543e+00 1.154155e+00 1.636979e+00 1.535898e+00 1.877875e+00 2.038629e+00 2.554883e+00 1.859359e+00 8.416659e-02 6.196138e-02 5.703237e-02 8.188549e-02 1.318224e-01 2.159619e-01 1.828539e-01 2.050726e-01 1.926454e-01 2.096132e-01 2.724445e-01 2.909153e-01 2.224143e-01 8.053108e-03
<GCONST> 8.427509e+01
<STATE> 4
<MEAN> 39
 -3.074160e+00 -2.498496e-01 -1.582085e-01 -1.281029e+01 -6.631963e+00 -1.135589e+01 -5.742243e+00 -1.003087e+01 -3.079259e+00 -5.508292e+00 -1.510175e-01 -7.402942e+00 1.806439e+01 2.856454e-02 -3.108900e-01 -3.225633e-01 4.777231e-01 4.160338e-01 2.897201e-01 2.823396e-01 6.164468e-02 -7.978731e-02 -2.571191e-03 1.468312e-01 2.523625e-01 -1.813450e-01 -7.879076e-02 -6.534903e-02 -4.715160e-02 -2.746960e-03 8.374640e-02 1.333992e-01 8.168758e-02 3.501741e-02 2.799211e-02 -2.889502e-03 -1.431955e-02 4.589157e-02 -4.147516e-02
<VARIANCE> 39
 6.126970e+00 7.980875e+00 1.202322e+01 3.019345e+01 3.252042e+01 2.281901e+01 3.197463e+01 3.246533e+01 4.006977e+01 4.282232e+01 5.143121e+01 4.045087e+01 1.492822e+00 2.866626e-01 2.399527e-01 4.425735e-01 6.655246e-01 9.312072e-01 1.150722e+00 1.105539e+00 1.194716e+00 1.057023e+00 1.124071e+00 1.145986e+00 1.082552e+00 3.967652e-02 3.091886e-02 3.306121e-02 5.466453e-02 9.506744e-02 1.114157e-01 1.450114e-01 1.389046e-01 1.749011e-01 1.699729e-01 1.672947e-01 1.672982e-01 1.557807e-01 3.008824e-03
<GCONST> 7.111190e+01
<TRANSP> 5
 0.000000e+00 1.000000e+00 0.000000e+00 0.000000e+00 0.000000e+00
 0.000000e+00 9.084745e-01 9.152547e-02 0.000000e+00 0.000000e+00
 0.000000e+00 0.000000e+00 7.698596e-01 2.301404e-01 0.000000e+00
 0.000000e+00 0.000000e+00 0.000000e+00 9.201574e-01 7.984260e-02
 0.000000e+00 0.000000e+00 0.000000e+00 0.000000e+00 0.000000e+00
<ENDHMM>
~h "nine"
<BEGINHMM>
<NUMSTATES> 5
<STATE> 2
<MEAN> 39
 -4.077330e+00 -3.898045e+00 -1.677266e+00 -8.971156e+00 -2.804491e+00 -6.378210e+00 -1.642723e+00 -1.116134e+01 -5.117402e+00 -8.041975e+00 -2.887749e+00 -7.734882e+00 1.762904e+01 -1.811326e-01 -6.858032e-01 -2.834640e-01 4.408269e-01 -4.285429e-01 2.355705e-01 4.030290e-01 -1.731195e-01 -1.880388e-02 -1.236191e-01 -8.592725e-02 -8.366854e-02 2.069311e-01 -5.922492e-02 -1.590375e-01 -1.030369e-01 1.132272e-01 -5.453399e-03 -1.169213e-03 5.204877e-02 4.893639e-02 3.952454e-02 9.370367e-03 7.326271e-02 3.877674e-02 -9.215206e-03
<VARIANCE> 39
 8.090954e+00 1.916342e+01 1.444466e+01 1.669296e+01 2.834809e+01 2.875756e+01 3.145666e+01 2.650790e+01 4.734473e+01 3.538876e+01 3.033126e+01 3.281607e+01 1.829772e+00 4.871427e-01 1.494062e+00 1.080494e+00 1.097170e+00 1.264090e+00 1.393836e+00 1.627390e+00 1.205140e+00 1.553539e+00 1.157374e+00 1.183340e+00 1.006628e+00 4.894994e-02 6.265619e-02 1.682044e-01 1.288502e-01 1.425365e-01 2.181607e-01 2.178717e-01 2.447257e-01 1.814127e-01 2.032963e-01 1.691315e-01 1.711285e-01 1.443605e-01 4.463008e-03
<GCONST> 8.221024e+01
<STATE> 3
<MEAN> 39
 -6.347526e+00 -1.160442e+01 -4.860510e+00 -2.734690e+00 -5.693743e+00 -5.250024e+00 1.736060e+00 -1.135922e+01 -5.539680e+00 -9.015328e+00 -1.699770e+00 -7.646741e+00 1.861514e+01 -1.102202e-01 9.686049e-02 2.307477e-01 -2.420474e-01 -2.305193e-02 2.140791e-01 -1.050663e-01 -8.696254e-02 1.959000e-01 5.474263e-02 -5.526764e-02 4.596740e-02 -2.113688e-02 2.517099e-03 1.935468e-01 6.929508e-02 -2.402585e-01 4.426288e-02 6.240290e-02 -1.060978e-01 1.121202e-02 7.537673e-02 -1.084900e-02 -6.778222e-02 2.441987e-02 -1.480030e-02
<VARIANCE> 39
 7.253241e+00 8.472353e+00 2.450037e+01 3.236936e+01 1.900658e+01 3.083623e+01 3.095137e+01 3.397374e+01 4.391690e+01 4.150164e+01 2.842895e+01 3.075454e+01 1.006126e+00 8.384608e-02 3.840280e-01 4.111280e-01 1.132712e+00 5.000370e-01 6.241730e-01 5.587698e-01 5.153652e-01 6.511036e-01 6.707069e-01 6.806692e-01 5.420507e-01 4.827252e-03 1.133340e-02 3.005360e-02 4.127556e-02 5.547938e-02 7.264969e-02 7.246985e-02 7.391032e-02 8.095074e-02 8.281077e-02 8.716506e-02 7.873287e-02 7.922964e-02 3.983415e-04
<GCONST> 5.405605e+01
<STATE> 4
<MEAN> 39
 -5.408940e+00 -2.488683e+00 -1.320186e+00 -1.141012e+01 -1.443080e+00 -5.341778e+00 -3.676828e+00 -1.048140e+01 -3.509034e+00 -8.117120e+00 -2.930948e+00 -6.527741e+00 1.769447e+01 2.317154e-01 5.105914e-01 -3.092615e-03 -1.016933e-01 4.411196e-01 -2.479254e-01 -2.011424e-01 2.756165e-01 -1.277939e-01 8.107463e-02 2.108437e-01 1.169407e-01 -1.723584e-01 -2.715088e-02 -1.583067e-01 -8.625385e-02 1.474569e-01 -3.839136e-02 -6.090568e-03 1.204325e-01 1.985707e-02 -5.447895e-02 4.231458e-02 7.832302e-02 -9.554834e-03 -2.023010e-02
<VARIANCE> 39
 1.166846e+01 1.632530e+01 1.132170e+01 2.321636e+01 3.171843e+01 3.320292e+01 3.064791e+01 2.993113e+01 4.733531e+01 3.817849e+01 3.626937e+01 3.985387e+01 1.211660e+00 5.065153e-01 1.171872e+00 6.359946e-01 1.643075e+00 1.303741e+00 1.550629e+00 1.528432e+00 1.269756e+00 1.658819e+00 1.184173e+00 1.105880e+00 1.068939e+00 2.538142e-02 7.071384e-02 8.681952e-02 9.031533e-02 1.779845e-01 1.819096e-01 2.449437e-01 1.820611e-01 2.039851e-01 2.436527e-01 1.943311e-01 1.735394e-01 1.451956e-01 2.221678e-03
<GCONST> 8.083681e+01
<TRANSP> 5
 0.000000e+00 1.000000e+00 0.000000e+00 0.000000e+00 0.000000e+00
 0.000000e+00 9.012508e-01 9.874915e-02 0.000000e+00 0.000000e+00
 0.000000e+00 0.000000e+00 9.153502e-01 8.464977e-02 0.000000e+00
 0.000000e+00 0.000000e+00 0.000000e+00 9.176028e-01 8.239716e-02
 0.000000e+00 0.000000e+00 0.000000e+00 0.000000e+00 0.000000e+00
<ENDHMM>
~h "five"
<BEGINHMM>
<NUMSTATES> 5
<STATE> 2
<MEAN> 39
 -6.145299e+00 -8.579067e+00 -7.592478e+00 -9.225046e+00 -4.230646e-01 -6.121465e+00 6.969735e-03 -6.825413e+00 -3.778208e+00 -6.490660e+00 -3.219453e-01 -4.546302e+00 1.643808e+01 1.117978e-01 -6.872110e-01 -4.785918e-01 3.255060e-01 2.195612e-01 -2.712115e-01 2.421208e-01 2.802692e-01 -3.435879e-01 -1.302721e-01 -1.266204e-01 1.667044e-02 2.472797e-01 -1.687986e-03 -5.660905e-03 5.737719e-02 4.688830e-02 -1.725683e-02 -3.236451e-02 -1.989580e-02 -4.941050e-02 -1.732893e-02 2.411528e-02 1.546300e-02 -1.459347e-02 2.061847e-02
<VARIANCE> 39
 1.125222e+01 1.815386e+01 1.972012e+01 1.332428e+01 1.796993e+01 2.025480e+01 1.944230e+01 3.697229e+01 2.612189e+01 2.326820e+01 2.203223e+01 1.616224e+01 4.948135e+00 7.423182e-01 6.844241e-01 8.868372e-01 8.866003e-01 8.226770e-01 1.096099e+00 9.428284e-01 1.701124e+00 1.496833e+00 1.271831e+00 1.231869e+00 8.357615e-01 2.129118e-01 1.004225e-01 1.065271e-01 1.570923e-01 1.148708e-01 1.338450e-01 1.695189e-01 1.473376e-01 2.760081e-01 2.348385e-01 1.802754e-01 1.906100e-01 1.286198e-01 2.516604e-02
<GCONST> 8.141045e+01
<STATE> 3
<MEAN> 39
 -5.829909e+00 -1.543208e+01 -8.489592e+00 -3.791502e+00 1.364196e+00 -9.061790e+00 2.480586e+00 -7.543463e+00 -7.266443e+00 -5.482922e+00 -5.596446e-01 -4.576599e+00 1.903887e+01 -1.610333e-01 9.881297e-02 4.891212e-01 -2.808346e-01 -2.718478e-01 4.465795e-01 6.804521e-02 -3.852472e-01 3.469785e-02 2.820537e-01 5.019215e-02 -7.338864e-02 -4.962920e-02 4.119491e-02 1.198990e-01 1.074241e-02 -1.944130e-01 -5.746678e-02 8.541077e-02 -2.819498e-02 2.903879e-02 6.260718e-02 -5.057394e-02 -7.345671e-02 -1.855368e-02 -1.597168e-02
<VARIANCE> 39
 9.235519e+00 9.516521e+00 2.487405e+01 2.134832e+01 1.890435e+01 2.361058e+01 1.802779e+01 4.020386e+01 4.783452e+01 4.513331e+01 2.691066e+01 2.542697e+01 1.368736e+00 9.077753e-02 1.726025e-01 2.727430e-01 6.954149e-01 5.202826e-01 5.777695e-01 5.082269e-01 5.121689e-01 6.401092e-01 6.122529e-01 5.999653e-01 4.835857e-01 5.997585e-03 1.192115e-02 2.521031e-02 3.123387e-02 4.833078e-02 5.224700e-02 5.349390e-02 5.804963e-02 6.689396e-02 9.045379e-02 8.805466e-02 6.807323e-02 7.103810e-02 9.688300e-04
<GCONST> 5.083684e+01
<STATE> 4
<MEAN> 39
 -5.452402e+00 -7.798195e+00 -3.664724e+00 -1.292934e+01 -3.057851e+00 -3.760870e+00 1.120415e+00 -8.346091e+00 -3.888039e+00 -5.631059e+00 -1.734032e+00 -5.653007e+00 1.761938e+01 6.896121e-02 9.293824e-01 2.307978e-01 -1.987882e-01 -1.315930e-01 -8.908915e-02 -2.932282e-01 7.891062e-02 3.928494e-01 -1.370573e-01 7.672826e-02 1.233718e-02 -2.762189e-01 -4.002638e-02 -7.254067e-02 -8.900337e-02 1.945954e-01 1.092603e-01 -8.830162e-02 -1.665553e-02 -4.516191e-03 -4.075464e-02 1.309690e-02 7.345112e-02 3.240538e-02 -1.782533e-02
<VARIANCE> 39
 7.533138e+00 2.308250e+01 1.185585e+01 2.986160e+01 3.748622e+01 2.150838e+01 2.415422e+01 3.057125e+01 4.223594e+01 2.629448e+01 2.688212e+01 2.787959e+01 2.629518e+00 3.400312e-01 7.374029e-01 6.409167e-01 2.733146e+00 1.682087e+00 1.393089e+00 9.393058e-01 1.417222e+00 1.594574e+00 1.266554e+00 1.316848e+00 1.013080e+00 6.819271e-02 5.715516e-02 1.022110e-01 9.524719e-02 3.009314e-01 2.342666e-01 2.509229e-01 1.675266e-01 2.084453e-01 2.011774e-01 1.717467e-01 2.163429e-01 1.726192e-01 9.082112e-03
<GCONST> 8.298357e+01
<TRANSP> 5
 0.000000e+00 1.000000e+00 0.000000e+00 0.000000e+00 0.000000e+00
 0.000000e+00 9.300392e-01 6.996083e-02 0.000000e+00 0.000000e+00
 0.000000e+00 0.000000e+00 9.152319e-01 8.476811e-02 0.000000e+00
 0.000000e+00 0.000000e+00 0.000000e+00 8.980054e-01 1.019946e-01
 0.000000e+00 0.000000e+00 0.000000e+00 0.000000e+00 0.000000e+00
<ENDHMM>
~h "four"
<BEGINHMM>
<NUMSTATES> 5
<STATE> 2
<MEAN> 39
 -7.667614e+00 -6.677808e+00 -5.470642e+00 -9.688792e+00 -1.112550e+00 -4.543476e+00 -5.189729e-01 -8.559962e+00 -2.271121e+00 -5.732479e+00 1.121440e+00 -4.080834e+00 1.494338e+01 3.138356e-01 1.474962e-02 -3.778507e-01 -2.939831e-01 -1.125255e-01 -9.205817e-02 -1.320306e-01 -8.569798e-03 1.231802e-01 1.055109e-01 -1.625147e-02 -4.077191e-02 1.258385e-01 2.438173e-01 9.813483e-02 -1.170318e-01 -1.288143e-01 -5.303990e-02 -1.112579e-01 -1.097985e-01 -1.808097e-02 -8.184094e-03 7.009543e-03 -7.390758e-02 -1.029496e-01 1.065350e-01
<VARIANCE> 39
 4.657703e+00 4.193451e+00 6.876489e+00 8.704024e+00 1.156782e+01 1.418993e+01 1.488089e+01 1.611071e+01 1.489992e+01 1.410062e+01 1.539704e+01 1.167687e+01 9.116803e-01 1.047066e+00 4.639236e-01 5.766308e-01 6.437171e-01 6.049650e-01 9.842695e-01 9.577667e-01 8.519986e-01 8.544640e-01 7.821126e-01 1.037500e+00 8.674546e-01 1.654569e-01 5.929432e-02 5.711766e-02 1.015155e-01 1.069120e-01 1.041819e-01 1.638891e-01 1.311691e-01 1.613808e-01 1.551103e-01 1.347689e-01 1.544513e-01 1.329648e-01 6.555352e-03
<GCONST> 6.410861e+01
<STATE> 3
<MEAN> 39
 1.545542e+00 -3.506072e+00 -1.204609e+01 -1.693926e+01 -4.004880e+00 -6.246487e+00 -3.255047e+00 -8.958976e+00 -1.451340e+00 -3.992062e+00 3.068365e-01 -6.856421e+00 1.889500e+01 3.433107e-01 -1.623349e-01 -3.558476e-01 -7.217035e-02 6.820399e-02 -2.290276e-02 -2.270716e-01 1.736722e-01 3.472252e-01 1.047986e-01 -2.364447e-01 -2.329478e-01 1.594964e-01 -1.728062e-01 -1.511379e-01 1.446060e-01 2.267973e-01 4.013354e-02 -2.949183e-02 4.305374e-02 1.087216e-01 4.690731e-02 -7.877222e-02 -5.253189e-02 5.703618e-02 -6.698091e-02
<VARIANCE> 39
 4.227960e+00 1.022245e+01 1.029036e+01 1.432916e+01 2.460275e+01 1.721146e+01 1.818636e+01 1.709347e+01 2.334695e+01 2.481169e+01 3.750479e+01 3.594285e+01 1.115800e+00 5.912058e-01 7.438594e-01 7.231894e-01 1.240829e+00 9.895771e-01 7.948630e-01 9.115144e-01 9.642962e-01 1.307602e+00 1.180656e+00 1.372134e+00 1.243436e+00 1.038316e-01 4.871598e-02 4.642923e-02 9.628293e-02 8.305277e-02 1.340594e-01 1.435021e-01 1.544317e-01 1.396360e-01 1.799932e-01 1.932645e-01 2.021902e-01 1.820074e-01 7.090521e-03
<GCONST> 7.298953e+01
<STATE> 4
<MEAN> 39
 -5.429466e-01 -1.072220e+01 -7.323118e+00 -8.565815e+00 -5.391745e+00 -8.704766e+00 -2.323944e+00 -4.895527e+00 1.832071e-01 -7.540123e+00 -3.910874e+00 -7.426217e+00 1.840887e+01 -6.129126e-01 7.465047e-02 1.055966e+00 4.896527e-01 -3.433497e-01 7.616247e-02 5.981668e-01 -1.811751e-01 -6.240200e-01 -3.440996e-01 1.658253e-01 3.014710e-01 -2.432765e-01 -9.001639e-02 2.380780e-01 -4.453152e-02 -1.996030e-01 1.165281e-01 1.960450e-01 3.099990e-02 -1.858955e-01 -1.287929e-01 1.032562e-01 1.745549e-01 4.439846e-02 -4.962718e-02
<VARIANCE> 39
 7.333425e+00 1.779958e+01 3.181579e+01 1.828339e+01 4.522202e+01 3.700929e+01 3.509687e+01 4.319406e+01 4.621206e+01 3.482880e+01 3.460001e+01 3.076935e+01 1.741629e+00 2.971707e-01 1.587486e+00 9.179294e-01 1.626265e+00 2.564564e+00 2.221741e+00 1.718491e+00 2.564770e+00 1.885271e+00 1.705948e+00 1.829050e+00 1.123808e+00 5.832913e-02 2.926800e-02 1.346432e-01 2.064868e-01 1.690598e-01 4.288346e-01 2.940587e-01 3.516557e-01 3.668474e-01 3.851870e-01 2.816707e-01 3.092501e-01 2.124644e-01 3.411653e-03
<GCONST> 9.085587e+01
<TRANSP> 5
 0.000000e+00 1.000000e+00 0.000000e+00 0.000000e+00 0.000000e+00
 0.000000e+00 9.011176e-01 9.888238e-02 0.000000e+00 0.000000e+00
 0.000000e+00 0.000000e+00 9.186853e-01 8.131473e-02 0.000000e+00
 0.000000e+00 0.000000e+00 0.000000e+00 8.810120e-01 1.189880e-01
 0.000000e+00 0.000000e+00 0.000000e+00 0.000000e+00 0.000000e+00
<ENDHMM>
~h "zero"
<BEGINHMM>
<NUMSTATES> 5
<STATE> 2
<MEAN> 39
 -6.758173e+00 -3.060533e+00 -4.886793e+00 -7.466864e+00 -1.265788e+00 -3.807552e+00 -1.414098e+00 -8.519994e+00 -3.457348e+00 -5.106208e+00 5.901265e-01 -4.556122e+00 1.523185e+01 -8.170488e-02 3.317760e-01 1.413687e-01 -3.041170e-01 -2.133193e-01 -2.737594e-01 -1.777333e-01 -1.205095e-01 1.233099e-01 2.201354e-01 -1.254918e-02 -1.800263e-04 1.060412e-01 6.806260e-02 1.068907e-01 1.512869e-01 -2.256984e-01 -1.459333e-01 -2.462532e-01 -6.497087e-02 -7.538817e-02 6.202345e-02 1.080057e-02 -2.262778e-02 -5.403139e-02 8.252072e-02
<VARIANCE> 39
 7.745605e+00 1.028859e+01 1.429243e+01 1.360914e+01 1.783327e+01 1.930373e+01 1.877950e+01 1.949848e+01 2.377083e+01 2.085609e+01 1.977659e+01 1.678326e+01 1.208742e+00 4.211673e-01 7.290789e-01 1.003664e+00 9.500197e-01 8.893790e-01 1.750820e+00 9.589456e-01 1.102061e+00 1.068043e+00 8.963279e-01 1.006095e+00 1.001623e+00 1.192539e-01 5.258037e-02 9.179006e-02 1.144091e-01 1.198336e-01 1.237964e-01 1.946423e-01 1.597987e-01 1.730609e-01 1.607243e-01 1.399860e-01 1.706398e-01 1.584596e-01 7.959141e-03
<GCONST> 7.320311e+01
<STATE> 3
<MEAN> 39
 -5.592319e+00 3.955062e-01 8.077583e-01 -1.662426e+01 -7.707276e+00 -9.225002e+00 -4.660072e+00 -8.628913e+00 -4.996539e-02 -3.802483e+00 1.258471e-01 -6.759883e+00 1.834422e+01 3.379160e-01 -6.247971e-01 4.887822e-01 -2.657116e-01 -1.102035e+00 1.290297e-01 1.548089e-01 1.538514e-01 3.349319e-01 -5.399732e-02 2.665029e-02 -1.553141e-01 1.949296e-01 4.521489e-02 -2.660753e-01 -1.692018e-01 3.433259e-01 9.398093e-03 1.403265e-01 1.908152e-01 7.234653e-02 -7.128333e-02 -4.766152e-02 -7.065188e-03 6.281453e-02 -6.165037e-02
<VARIANCE> 39
 7.281296e+00 1.915927e+01 1.718731e+01 2.744017e+01 5.847345e+01 3.936488e+01 3.189039e+01 4.336212e+01 3.246243e+01 3.001801e+01 3.379702e+01 4.994999e+01 1.156447e+00 4.295121e-01 1.775872e+00 8.555193e-01 2.664621e+00 1.664697e+00 2.654129e+00 1.727388e+00 1.475449e+00 1.340084e+00 1.175759e+00 1.141516e+00 1.379972e+00 7.314236e-02 5.099220e-02 1.107148e-01 1.223851e-01 1.857534e-01 2.375452e-01 3.918636e-01 2.244566e-01 2.434570e-01 2.200191e-01 1.773839e-01 1.724211e-01 2.131541e-01 4.550983e-03
<GCONST> 8.729033e+01
<STATE> 4
<MEAN> 39
 -1.649556e+00 -9.930121e+00 -4.550313e+00 -9.837081e+00 -9.202910e+00 -8.373472e+00 4.404544e-02 -4.373050e+00 -3.070315e-01 -6.662809e+00 -1.066610e+00 -5.913482e+00 1.846300e+01 -1.718816e-03 4.104841e-02 -4.249459e-01 2.122219e-01 6.903488e-01 -3.667679e-02 1.310038e-02 7.659447e-02 -1.453036e-01 -9.953722e-02 -4.258984e-02 5.561077e-02 -9.980559e-02 -8.147386e-02 1.027284e-01 5.154725e-02 -8.308218e-02 8.996724e-02 7.159814e-02 -5.898299e-02 -6.223129e-02 -2.369893e-02 2.519730e-02 2.528013e-02 8.757262e-03 -2.410397e-02
<VARIANCE> 39
 6.049096e+00 2.022752e+01 2.591797e+01 2.576322e+01 6.116898e+01 5.180333e+01 3.776210e+01 3.636252e+01 4.391721e+01 3.594054e+01 2.597993e+01 3.311924e+01 1.509334e+00 3.012055e-01 8.277434e-01 7.833861e-01 1.013888e+00 1.236910e+00 1.841354e+00 1.590086e+00 1.897713e+00 1.647465e+00 1.476164e+00 1.053239e+00 9.581065e-01 3.797209e-02 2.902778e-02 5.182403e-02 8.361200e-02 1.130989e-01 1.905687e-01 2.371266e-01 2.060661e-01 2.034619e-01 2.219545e-01 2.011819e-01 1.522517e-01 1.418980e-01 2.415669e-03
<GCONST> 8.034366e+01
<TRANSP> 5
 0.000000e+00 1.000000e+00 0.000000e+00 0.000000e+00 0.000000e+00
 0.000000e+00 8.903301e-01 1.096699e-01 0.000000e+00 0.000000e+00
 0.000000e+00 0.000000e+00 8.972683e-01 1.027317e-01 0.000000e+00
 0.000000e+00 0.000000e+00 0.000000e+00 9.447609e-01 5.523914e-02
 0.000000e+00 0.000000e+00 0.000000e+00 0.000000e+00 0.000000e+00
<ENDHMM>
