~o
<STREAMINFO> 1 39
<VECSIZE> 39<NULLD><MFCC_E_D_A><DIAGC>
~s "silst"
<MEAN> 39
 -5.089515e+00 -3.742516e+00 -3.209960e+00 -8.838908e+00 -1.243506e+00 -5.745019e+00 -1.823421e+00 -9.463116e+00 -3.497851e+00 -6.419169e+00 -3.613253e-01 -5.630115e+00 1.585496e+01 -6.626331e-01 -4.424598e-01 -4.519989e-01 1.677798e-01 3.062636e-01 7.052235e-01 3.756015e-01 1.105700e-01 1.448547e-01 1.513297e-01 3.332790e-01 3.706707e-01 -3.625671e-01 -2.665397e-02 -6.941501e-02 -1.092488e-01 -1.274952e-01 -9.665272e-02 -7.296151e-02 2.779322e-04 7.251581e-02 3.780112e-02 9.347231e-03 -1.490386e-02 4.003004e-03 2.668336e-02
<VARIANCE> 39
 1.126126e+01 1.072356e+01 1.345723e+01 1.340057e+01 2.076879e+01 2.466464e+01 2.382065e+01 2.472081e+01 2.789134e+01 2.726574e+01 2.578525e+01 2.356980e+01 2.020434e+00 3.752767e-01 7.428105e-01 8.195757e-01 8.111191e-01 1.144170e+00 1.288762e+00 1.254738e+00 1.299655e+00 1.408832e+00 1.271279e+00 1.245669e+00 1.113745e+00 5.126280e-02 6.988066e-02 1.003493e-01 1.068470e-01 1.139638e-01 1.561145e-01 2.204186e-01 1.942756e-01 1.871048e-01 2.097245e-01 1.843239e-01 1.820334e-01 1.530278e-01 9.214996e-03
<GCONST> 7.758807e+01
~h "eight"
<BEGINHMM>
<NUMSTATES> 5
<STATE> 2
<MEAN> 39
 -8.242696e+00 -2.976539e+00 -5.888468e+00 -1.825950e+01 2.131064e-01 -4.911389e+00 8.331554e-01 -6.807655e+00 -1.609621e+00 -7.447967e+00 -1.726848e+00 -5.727912e+00 1.741546e+01 -1.706486e-01 1.036190e+00 -9.905897e-02 -1.067529e+00 -4.659178e-02 -5.838913e-01 8.948872e-02 4.708812e-01 3.872472e-01 -1.028238e-02 -1.797233e-01 -2.422400e-01 3.329702e-01 2.932546e-02 8.878351e-02 5.563224e-03 1.431730e-01 -6.214059e-02 -1.928285e-01 -8.355771e-02 -1.808625e-02 2.451421e-02 9.311070e-02 1.149729e-01 -3.095042e-04 -1.778701e-02
<VARIANCE> 39
 7.958868e+00 2.039277e+01 1.883576e+01 3.157227e+01 4.193747e+01 2.223536e+01 2.481163e+01 2.271102e+01 3.071686e+01 2.351237e+01 2.467972e+01 2.554862e+01 3.266757e+00 3.448471e-01 7.510189e-01 6.473871e-01 1.279348e+00 1.198388e+00 1.359967e+00 1.447733e+00 9.953274e-01 1.348895e+00 1.118633e+00 1.072883e+00 9.613487e-01 1.023828e-01 4.200272e-02 8.014876e-02 7.528498e-02 1.942171e-01 1.373398e-01 1.691642e-01 1.487090e-01 1.685899e-01 2.268858e-01 1.637377e-01 1.701281e-01 1.471099e-01 1.298830e-02
<GCONST> 7.932539e+01
<STATE> 3
<MEAN> 39
 -8.393875e+00 5.775854e+00 -5.519022e+00 -1.923878e+01 -2.892896e+00 -1.375007e+01 -1.641907e+00 -5.950346e+00 7.429494e-01 -4.026453e+00 7.609609e-01 -5.692302e+00 1.854683e+01 1.004906e-01 5.028482e-01 2.029000e-01 8.266584e-01 -1.146155e-02 -9.368385e-01 -6.093860e-01 -8.114585e-01 -3.593961e-01 3.269331e-01 4.643373e-01 2.252120e-01 -7.188353e-02 4.936141e-02 -2.808292e-01 2.293376e-02 1.892941e-01 8.654553e-02 2.717571e-01 2.078919e-02 -1.585942e-01 -1.938679e-01 -1.396794e-01 -7.137069e-02 3.685470e-02 -6.156865e-02
<VARIANCE> 39
 1.001454e+01 1.132378e+01 2.486759e+01 2.641529e+01 2.099385e+01 2.367823e+01 5.645746e+01 2.709603e+01 2.950121e+01 2.182110e+01 3.272307e+01 2.503348e+01 1.477560e+00 1.826147e-01 5.045369e-01 2.621242e-01 6.255649e-01 8.219738e-01 1.014139e+00 7.505606e-01 8.245552e-01 1.768807e+00 1.022625e+00 1.189925e+00 8.482041e-01 2.533903e-02 2.770221e-02 7.067850e-02 4.945397e-02 9.898909e-02 8.105145e-02 1.526861e-01 1.404354e-01 1.337844e-01 1.673907e-01 1.386083e-01 1.858055e-01 1.361577e-01 3.379793e-03
<GCONST> 6.902310e+01
<STATE> 4
<MEAN> 39
 -6.983796e+00 1.124524e+00 -4.081218e+00 -1.221518e+01 -1.205008e+00 -1.173027e+01 -4.083222e+00 -1.160537e+01 -4.450158e+00 -5.781270e+00 8.149591e-01 -4.551569e+00 1.652394e+01 2.184633e-01 -1.854648e+00 4.506967e-04 8.879346e-01 2.211085e-01 1.602683e+00 3.191447e-01 -3.103024e-02 -3.289137e-01 -3.991206e-01 -1.451988e-01 9.660145e-02 -4.692198e-01 -7.006527e-02 -1.010974e-01 -9.854113e-02 -1.303452e-01 -4.588540e-02 1.609506e-01 1.928510e-01 2.728511e-01 2.061598e-01 6.429850e-02 2.204839e-02 -3.136104e-02 -6.671694e-03
<VARIANCE> 39
 6.054272e+00 3.354667e+01 1.485445e+01 1.934155e+01 1.615295e+01 3.815210e+01 3.283456e+01 2.463250e+01 3.947829e+01 2.741204e+01 2.595326e+01 2.418829e+01 2.806399e+00 3.506929e-01 7.454228e-01 6.176651e-01 1.035287e+00 6.513945e-01 1.246341e+00 1.757982e+00 1.481139e+00 2.021377e+00 1.219126e+00 1.376376e+00 1.140534e+00 3.566693e-02 4.192359e-02 2.585619e-01 6.972297e-02 1.185684e-01 9.773540e-02 3.263059e-01 1.808930e-01 1.961613e-01 2.998248e-01 1.796698e-01 1.979060e-01 1.934618e-01 1.053695e-02
<GCONST> 8.036980e+01
<TRANSP> 5
 0.000000e+00 1.000000e+00 0.000000e+00 0.000000e+00 0.000000e+00
 0.000000e+00 8.668613e-01 1.331387e-01 0.000000e+00 0.000000e+00
 0.000000e+00 0.000000e+00 8.554329e-01 1.445672e-01 0.000000e+00
 0.000000e+00 0.000000e+00 0.000000e+00 8.207136e-01 1.792864e-01
 0.000000e+00 0.000000e+00 0.000000e+00 0.000000e+00 0.000000e+00
<ENDHMM>
~h "oh"
<BEGINHMM>
<NUMSTATES> 5
<STATE> 2
<MEAN> 39
 -4.353779e+00 -1.038177e+01 -8.317929e+00 -8.576365e+00 -2.642058e+00 -7.663899e+00 3.597705e+00 -7.391574e+00 -5.257245e+00 -7.112695e+00 -2.452491e+00 -5.430258e+00 1.782821e+01 5.457233e-01 -2.044234e-01 -6.067787e-01 1.678526e-01 9.360950e-02 -6.949018e-01 1.425447e-01 7.354809e-01 -1.489463e-02 -4.294827e-01 -4.100160e-01 -1.499095e-01 3.505087e-01 9.561176e-03 1.041718e-01 2.823957e-03 -5.272321e-02 3.877082e-02 -9.761240e-03 -1.529251e-01 7.758148e-03 1.330670e-01 2.612180e-02 -9.221236e-03 -2.746239e-02 -2.204622e-02
<VARIANCE> 39
 8.679469e+00 1.231871e+01 1.669071e+01 1.817373e+01 2.299464e+01 2.456215e+01 3.070576e+01 6.487473e+01 3.837233e+01 3.408466e+01 2.704524e+01 3.150467e+01 2.986770e+00 2.963379e-01 5.780179e-01 6.295003e-01 6.383974e-01 6.829613e-01 9.317402e-01 1.330061e+00 1.783996e+00 1.554877e+00 1.257643e+00 1.250721e+00 1.049487e+00 9.588555e-02 3.979778e-02 6.270830e-02 7.486191e-02 7.946109e-02 9.150345e-02 1.297706e-01 1.555207e-01 2.152134e-01 1.867328e-01 1.964688e-01 1.843319e-01 1.401237e-01 1.327376e-02
<GCONST> 7.711779e+01
<STATE> 3
<MEAN> 39
 -5.703534e-01 -8.243053e+00 -1.317950e+01 -9.929626e+00 -6.981890e-01 -1.204515e+01 -8.074596e-01 -7.790712e-01 1.335871e-01 -8.230916e+00 -5.128631e+00 -6.598748e+00 1.903667e+01 2.230589e-01 4.046188e-01 -2.805215e-02 -3.473783e-01 -3.609572e-02 -3.637458e-03 -6.740707e-01 -2.455774e-01 6.656198e-01 6.039566e-01 -3.252779e-02 -3.515180e-01 -9.656821e-03 -4.123201e-02 2.435629e-02 1.011621e-01 -2.061112e-02 -5.729255e-02 9.287344e-02 1.162965e-02 -1.581859e-01 -8.123068e-02 9.167217e-02 1.212058e-01 1.125101e-02 -2.519987e-02
<VARIANCE> 39
 6.095837e+00 8.378719e+00 1.531983e+01 1.468722e+01 1.918824e+01 2.241468e+01 4.164096e+01 3.070483e+01 3.922531e+01 3.570081e+01 3.180467e+01 4.014192e+01 1.217477e+00 8.017049e-02 1.367503e-01 2.628352e-01 2.766619e-01 3.854041e-01 5.145488e-01 7.293978e-01 1.009611e+00 7.301635e-01 8.542996e-01 7.856663e-01 6.994898e-01 1.317047e-02 1.110615e-02 1.421253e-02 3.352097e-02 3.312412e-02 4.698313e-02 6.865807e-02 7.737703e-02 9.572041e-02 1.049936e-01 1.013023e-01 9.147163e-02 8.856279e-02 1.198017e-03
<GCONST> 5.209352e+01
<STATE> 4
<MEAN> 39
 1.788117e-01 -3.748327e+00 -9.930662e+00 -1.348498e+01 -3.320884e+00 -1.008111e+01 -4.949476e+00 -7.353030e+00 1.044319e+00 -2.363737e+00 -1.851593e-01 -7.006810e+00 1.844927e+01 -3.487723e-01 2.883548e-01 8.524152e-01 1.505181e-01 -2.191144e-01 3.723561e-01 2.098083e-01 -5.763452e-01 -5.867355e-01 -1.037058e-01 5.092239e-01 4.130490e-01 -2.309361e-01 -1.311479e-01 -1.055896e-01 5.185630e-02 1.419425e-01 1.060792e-01 8.463301e-02 1.855235e-01 8.493849e-02 -1.052920e-01 -1.823365e-01 -7.800659e-02 8.006490e-02 -4.431662e-02
<VARIANCE> 39
 6.294881e+00 7.043651e+00 1.859869e+01 1.557067e+01 1.892768e+01 2.848073e+01 3.126771e+01 2.746651e+01 3.058884e+01 3.711364e+01 3.966375e+01 3.648009e+01 1.764392e+00 2.388630e-01 3.547980e-01 4.247990e-01 5.883753e-01 6.864778e-01 8.704735e-01 1.176676e+00 1.224904e+00 1.195386e+00 1.307921e+00 1.200944e+00 1.026478e+00 3.052759e-02 2.296306e-02 3.297648e-02 6.560281e-02 6.528360e-02 9.792397e-02 1.570584e-01 1.653852e-01 1.872843e-01 2.027269e-01 1.906038e-01 1.712048e-01 1.630794e-01 2.734616e-03
<GCONST> 6.920377e+01
<TRANSP> 5
 0.000000e+00 1.000000e+00 0.000000e+00 0.000000e+00 0.000000e+00
 0.000000e+00 8.829552e-01 1.170448e-01 0.000000e+00 0.000000e+00
 0.000000e+00 0.000000e+00 8.920702e-01 1.079298e-01 0.000000e+00
 0.000000e+00 0.000000e+00 0.000000e+00 8.563110e-01 1.436889e-01
 0.000000e+00 0.000000e+00 0.000000e+00 0.000000e+00 0.000000e+00
<ENDHMM>
~h "sp"
<BEGINHMM>
<NUMSTATES> 5
<STATE> 2
~s "silst"
<STATE> 3
<MEAN> 39
 -7.737091e+00 -6.441927e+00 -6.099305e+00 -9.693488e+00 -1.373681e+00 -4.057827e+00 -6.590975e-01 -8.575542e+00 -2.839530e+00 -5.604856e+00 9.485409e-01 -4.067386e+00 1.480142e+01 -9.773666e-02 -1.520179e-02 -1.082141e-01 -2.055618e-03 -2.789145e-02 2.932827e-02 -7.820861e-03 3.344914e-02 2.031937e-03 1.809172e-02 3.388361e-02 3.979616e-02 -1.279488e-02 6.210994e-02 8.052602e-02 6.173647e-02 -1.224880e-02 -9.149985e-03 -5.731327e-02 -3.941866e-02 -1.848753e-02 -8.796856e-03 -1.621680e-02 -3.399812e-02 -3.285035e-02 4.402863e-02
<VARIANCE> 39
 5.343510e+00 5.922814e+00 8.574449e+00 1.016410e+01 1.436156e+01 1.544636e+01 1.554187e+01 1.665303e+01 1.760927e+01 1.641221e+01 1.599231e+01 1.378275e+01 1.091285e+00 1.606721e-01 2.393786e-01 3.644949e-01 4.351692e-01 5.710667e-01 6.813356e-01 6.519641e-01 7.230348e-01 7.440541e-01 6.609097e-01 6.562068e-01 5.705393e-01 7.520747e-03 3.348481e-02 5.383757e-02 7.210063e-02 9.141811e-02 1.145643e-01 1.432581e-01 1.318219e-01 1.440311e-01 1.471463e-01 1.254339e-01 1.254932e-01 1.148083e-01 4.120545e-03
<GCONST> 5.519098e+01
<STATE> 4
<MEAN> 39
 -8.504343e+00 -4.973349e+00 -6.297694e+00 -8.989314e+00 -1.948783e+00 -3.806835e+00 -1.007844e+00 -8.370167e+00 -2.927607e+00 -5.490763e+00 6.562300e-01 -4.084023e+00 1.505729e+01 3.424895e-01 1.798846e-01 1.328696e-01 -1.991589e-01 -2.515817e-01 -3.749310e-01 -4.641937e-02 7.381204e-02 -2.134361e-02 -4.322064e-02 -2.301562e-01 -1.054892e-01 2.523826e-01 2.220472e-01 4.736294e-03 5.849692e-02 -1.633677e-01 -1.547449e-01 -2.213283e-01 3.625749e-03 2.245509e-02 1.184564e-02 -3.913074e-04 -1.131295e-01 -9.052826e-02 1.199829e-01
<VARIANCE> 39
 1.165795e+01 1.144168e+01 1.708427e+01 1.547960e+01 1.893058e+01 1.852069e+01 1.796220e+01 2.000915e+01 2.134292e+01 1.982209e+01 1.871587e+01 1.697733e+01 1.495400e+00 6.039255e-01 5.360403e-01 7.824317e-01 8.382860e-01 1.013174e+00 1.059314e+00 9.024130e-01 1.222671e+00 1.066037e+00 9.931933e-01 9.532148e-01 7.915853e-01 5.856885e-02 6.986552e-02 1.105114e-01 1.691672e-01 1.506701e-01 2.046768e-01 1.936582e-01 1.762944e-01 2.286161e-01 2.081800e-01 1.836517e-01 1.794049e-01 1.598812e-01 9.137903e-03
<GCONST> 7.517736e+01
<TRANSP> 5
 0.000000e+00 8.228831e-01 1.771169e-01 0.000000e+00 0.000000e+00
 0.000000e+00 7.939116e-01 2.060883e-01 0.000000e+00 0.000000e+00
 0.000000e+00 0.000000e+00 8.532741e-01 1.467259e-01 0.000000e+00
 0.000000e+00 0.000000e+00 0.000000e+00 5.740945e-01 4.259054e-01
 0.000000e+00 0.000000e+00 0.000000e+00 0.000000e+00 0.000000e+00
<ENDHMM>
~h "seven"
<BEGINHMM>
<NUMSTATES> 5
<STATE> 2
<MEAN> 39
 -5.825354e+00 -4.205150e+00 -4.930305e+00 -1.327433e+01 -6.755725e+00 -6.898780e+00 1.636801e+00 -8.082668e+00 -1.594327e+00 -4.744117e+00 -2.641408e+00 -5.823275e+00 1.706214e+01 5.672904e-01 -2.009276e-01 3.235041e-01 -1.397465e+00 -9.193090e-01 -3.125275e-01 1.120042e+00 4.270202e-03 1.497746e-01 -3.068584e-01 -8.580348e-01 -6.947594e-01 7.134616e-01 -1.790349e-01 -1.828157e-01 -1.923664e-01 9.314852e-02 2.027385e-01 3.126953e-01 3.057165e-02 2.864049e-02 -1.410009e-01 -1.369413e-01 4.640627e-02 4.968159e-02 -1.538740e-02
<VARIANCE> 39
 1.107961e+01 6.151167e+00 1.069110e+01 2.833188e+01 3.377858e+01 2.953372e+01 2.838411e+01 2.451246e+01 2.742341e+01 5.555476e+01 2.688039e+01 2.613252e+01 4.076164e+00 6.137449e-01 5.313289e-01 7.595664e-01 8.888768e-01 1.661826e+00 1.881977e+00 1.378311e+00 1.254456e+00 1.519817e+00 2.187180e+00 1.195491e+00 1.516563e+00 5.687602e-02 8.811786e-02 5.705512e-02 9.039240e-02 2.243167e-01 3.021036e-01 2.138486e-01 1.851969e-01 1.451260e-01 1.557433e-01 2.689033e-01 1.862465e-01 2.124177e-01 3.000837e-02
<GCONST> 8.399883e+01
<STATE> 3
<MEAN> 39
 -6.188730e+00 -8.434404e+00 -5.704131e+00 -1.586853e+01 -4.825162e+00 -2.934711e+00 5.255652e+00 -9.014157e+00 -3.201970e+00 -7.561900e+00 -3.852660e+00 -6.052998e+00 1.910918e+01 1.245621e-01 -2.330216e-01 1.239834e-01 5.679927e-01 1.976204e-01 -1.399043e-01 -1.150174e-01 3.173376e-01 -4.196981e-01 1.469616e-01 2.416265e-01 9.590579e-02 -9.316166e-02 8.207994e-02 2.029582e-01 1.332923e-01 2.680767e-01 2.297292e-03 -2.578067e-01 -2.992152e-01 7.953599e-02 5.551891e-02 7.082266e-02 1.790080e-01 -8.085621e-03 -1.220793e-01
<VARIANCE> 39
 9.126510e+00 9.304893e+00 8.233627e+00 1.639982e+01 4.746664e+01 3.211418e+01 3.229768e+01 4.015306e+01 5.036839e+01 4.791982e+01 3.485151e+01 3.336315e+01 1.242399e+00 3.557453e-01 5.753281e-01 4.053387e-01 6.593601e-01 1.236675e+00 1.571781e+00 1.254866e+00 9.809143e-01 1.124137e+00 1.625781e+00 1.599184e+00 9.579906e-01 7.103626e-02 4.874261e-02 4.858574e-02 5.055782e-02 1.050078e-01 2.183075e-01 1.562551e-01 1.891003e-01 1.629023e-01 2.031788e-01 1.988330e-01 2.508238e-01 1.809832e-01 5.180428e-03
<GCONST> 7.723109e+01
<STATE> 4
<MEAN> 39
 -3.263792e+00 -4.150197e+00 -2.030257e+00 -9.785424e+00 -4.026340e+00 -7.970216e+00 -4.741248e-01 -7.841207e+00 -3.903421e+00 -6.622817e+00 -1.645153e+00 -7.007790e+00 1.714431e+01 1.029512e-01 3.728087e-01 2.342196e-01 2.390473e-01 3.871119e-01 -3.243017e-02 -4.349838e-01 -3.544227e-01 3.865966e-02 -7.445277e-02 8.384373e-02 -1.323786e-02 -9.052204e-02 -4.105278e-02 -5.844411e-02 -5.481521e-02 -7.441612e-02 5.326194e-03 1.137941e-01 9.065970e-02 -4.796389e-02 -1.803733e-03 -1.634700e-03 -4.414714e-02 3.534570e-02 1.958325e-02
<VARIANCE> 39
 4.964492e+00 1.056115e+01 1.006781e+01 1.379014e+01 2.833405e+01 3.235597e+01 2.625828e+01 4.122073e+01 3.188396e+01 3.578621e+01 3.240891e+01 2.850861e+01 1.717558e+00 1.939224e-01 4.208156e-01 4.827461e-01 9.265023e-01 1.401034e+00 1.177942e+00 1.669336e+00 1.273208e+00 1.405264e+00 1.396119e+00 1.275533e+00 9.395488e-01 9.168657e-02 3.536567e-02 7.969864e-02 8.731064e-02 1.534781e-01 2.512598e-01 2.064774e-01 2.865734e-01 2.286898e-01 2.304786e-01 2.407847e-01 2.152769e-01 1.488989e-01 1.506966e-02
<GCONST> 7.880219e+01
<TRANSP> 5
 0.000000e+00 1.000000e+00 0.000000e+00 0.000000e+00 0.000000e+00
 0.000000e+00 7.939572e-01 2.060428e-01 0.000000e+00 0.000000e+00
 0.000000e+00 0.000000e+00 8.609341e-01 1.390660e-01 0.000000e+00
 0.000000e+00 0.000000e+00 0.000000e+00 9.304433e-01 6.955671e-02
 0.000000e+00 0.000000e+00 0.000000e+00 0.000000e+00 0.000000e+00
<ENDHMM>
~h "three"
<BEGINHMM>
<NUMSTATES> 5
<STATE> 2
<MEAN> 39
 -3.050101e+00 -6.952694e+00 -3.179212e-01 -8.977713e+00 -1.045335e+01 -1.091560e+01 -1.257495e+00 -8.781415e+00 -1.796206e+00 -5.094439e+00 -2.339156e-01 -5.334988e+00 1.740553e+01 4.764336e-01 -1.414723e-01 9.490784e-01 -2.703760e-01 -1.581969e+00 -9.573049e-02 -2.477769e-01 -2.378653e-01 4.055942e-01 1.032413e-01 -3.140474e-02 -2.399222e-01 3.690787e-01 -1.794347e-01 1.191531e-01 4.872021e-03 -2.949743e-01 2.189143e-01 3.097733e-01 -1.640379e-01 1.470760e-02 8.162642e-02 -1.759060e-02 4.654352e-02 8.688944e-03 -3.223846e-02
<VARIANCE> 39
 1.160406e+01 1.271152e+01 1.688411e+01 2.999062e+01 5.276060e+01 4.900991e+01 2.347423e+01 2.642935e+01 2.829265e+01 2.598017e+01 3.415321e+01 3.198012e+01 2.737518e+00 7.865760e-01 6.915584e-01 8.027273e-01 2.109000e+00 1.933772e+00 3.480192e+00 1.430606e+00 1.557667e+00 1.258166e+00 1.073954e+00 1.376171e+00 1.280385e+00 6.036827e-02 1.131383e-01 1.467958e-01 1.337498e-01 3.003176e-01 4.713036e-01 4.269878e-01 2.921108e-01 2.402855e-01 1.940719e-01 1.818360e-01 1.986386e-01 1.938213e-01 9.951577e-03
<GCONST> 8.969145e+01
<STATE> 3
<MEAN> 39
 -5.074496e+00 -3.580800e+00 5.575140e+00 -1.904963e+01 -1.231519e+01 -4.192302e+00 -8.729252e+00 -8.679674e+00 1.885138e+00 -5.797355e+00 1.080206e+00 -5.953205e+00 1.864870e+01 -8.425354e-01 1.791366e+00 -2.769038e-01 -1.702058e+00 2.367451e+00 -1.503086e-01 -1.447793e+00 9.135184e-01 -4.274362e-01 -2.275366e-01 1.197560e-01 2.256749e-02 -2.297654e-02 4.528303e-02 1.197800e-01 -4.615786e-01 5.196157e-01 3.860728e-01 -6.709703e-01 4.329432e-01 5.341804e-02 -3.693058e-01 7.648766e-02 -5.751779e-02 3.749929e-02 -5.383877e-02
<VARIANCE> 39
 7.780966e+00 2.371017e+01 1.163725e+01 3.152449e+01 6.010417e+01 2.841296e+01 4.183215e+01 6.413874e+01 2.616540e+01 2.805347e+01 3.815642e+01 2.965387e+01 1.292655e+00 2.533564e-01 6.083367e-01 1.018168e+00 1.787115e+00 1.368292e+00 3.617758e+00 2.043673e+00 1.363321e+00 1.401567e+00 1.084554e+00 7.221234e-01 7.934614e-01 2.022381e-02 5.149020e-02 1.571478e-01 9.294189e-02 2.405242e-01 4.987385e-01 2.352915e-01 3.869528e-01 3.778605e-01 1.666014e-01 1.491107e-01 1.327699e-01 1.102682e-01 2.200433e-03
<GCONST> 8.261639e+01
<STATE> 4
<MEAN> 39
 -6.745908e+00 4.096909e+00 -1.726625e+00 -1.634523e+01 -1.327295e+00 -1.257463e+01 -5.455379e+00 -8.160794e+00 -3.432284e+00 -4.967825e+00 -2.627484e-01 -6.249767e+00 1.786884e+01 1.478334e-01 -9.260129e-02 -5.616829e-01 9.716995e-01 4.147159e-01 -1.235453e-01 7.105803e-01 -3.730865e-01 -3.070669e-01 -2.233345e-02 -1.986003e-01 2.166108e-03 -1.797343e-01 6.431681e-02 -3.144414e-01 9.473436e-02 8.158189e-02 -2.298351e-01 3.114724e-01 3.621781e-02 -3.254114e-02 1.384403e-01 -3.363474e-02 2.242168e-02 1.241977e-02 -2.589602e-02
<VARIANCE> 39
 7.450320e+00 1.522437e+01 1.623416e+01 3.037211e+01 2.260227e+01 2.544006e+01 4.756693e+01 4.502392e+01 3.216365e+01 4.072636e+01 4.082908e+01 3.688658e+01 1.619336e+00 2.178061e-01 1.346824e+00 6.418630e-01 8.475466e-01 1.202948e+00 2.041077e+00 1.289274e+00 1.481364e+00 1.224132e+00 1.178436e+00 8.514850e-01 8.685302e-01 2.471238e-02 3.732473e-02 9.138726e-02 7.180224e-02 1.612061e-01 1.831191e-01 1.713994e-01 2.110843e-01 2.212041e-01 1.730576e-01 1.653032e-01 1.335429e-01 1.304796e-01 2.681474e-03
<GCONST> 7.749349e+01
<TRANSP> 5
 0.000000e+00 1.000000e+00 0.000000e+00 0.000000e+00 0.000000e+00
 0.000000e+00 8.773548e-01 1.226452e-01 0.000000e+00 0.000000e+00
 0.000000e+00 0.000000e+00 7.874186e-01 2.125815e-01 0.000000e+00
 0.000000e+00 0.000000e+00 0.000000e+00 8.904865e-01 1.095135e-01
 0.000000e+00 0.000000e+00 0.000000e+00 0.000000e+00 0.000000e+00
<ENDHMM>
~h "one"
<BEGINHMM>
<NUMSTATES> 5
<STATE> 2
<MEAN> 39
 -5.613689e-01 -3.775316e+00 -9.281561e+00 -1.282173e+01 -1.658904e+00 -5.563735e+00 -2.020576e+00 -8.864806e+00 -2.705916e+00 -6.731691e+00 -1.548596e+00 -7.293939e+00 1.774894e+01 2.771956e-01 -4.063863e-01 -8.733727e-01 4.584100e-01 4.884264e-01 4.045783e-02 -2.917557e-01 2.273088e-01 2.042424e-01 -3.066193e-01 -3.898294e-01 -2.720276e-01 2.373399e-01 -1.193778e-01 -1.466055e-01 5.426661e-02 2.653591e-01 8.030380e-03 -1.161453e-01 -1.512362e-02 9.392232e-02 -1.092081e-02 -9.038573e-02 1.118135e-02 8.324610e-02 -2.114421e-02
<VARIANCE> 39
 7.542468e+00 9.250222e+00 2.886379e+01 2.285342e+01 2.891326e+01 2.534276e+01 2.282326e+01 2.066279e+01 2.828500e+01 2.396079e+01 2.968565e+01 2.876100e+01 2.264591e+00 4.571300e-01 7.992370e-01 8.714586e-01 2.245182e+00 1.372330e+00 1.442036e+00 1.268321e+00 1.066108e+00 1.133529e+00 1.021240e+00 1.095162e+00 1.045113e+00 4.808757e-02 4.470475e-02 6.122817e-02 1.908860e-01 2.174091e-01 2.629276e-01 2.526196e-01 2.368017e-01 1.810760e-01 2.006792e-01 1.693351e-01 1.889337e-01 1.838195e-01 4.992643e-03
<GCONST> 8.016222e+01
<STATE> 3
<MEAN> 39
 -2.365862e+00 -1.071514e+01 -1.090179e+01 -1.689000e+00 -4.440459e-01 -9.494572e+00 -2.446806e+00 -4.207239e+00 -3.535930e+00 -1.172787e+01 -2.378152e+00 -6.055865e+00 1.853592e+01 -6.083195e-01 -3.737965e-01 1.339288e+00 5.725365e-01 -1.353441e+00 -3.280473e-01 1.195691e+00 -8.911110e-02 -9.245432e-01 -9.229149e-02 5.861970e-01 1.197536e-01 -4.917445e-02 2.359683e-02 3.139461e-01 2.517569e-01 -5.823306e-01 -1.342425e-01 3.765947e-01 9.197152e-02 -4.376594e-01 -1.777646e-04 3.804954e-01 4.404591e-02 -1.768011e-01 -2.978529e-02
<VARIANCE> 39
 6.138953e+00 9.608331e+00 1.865694e+01 2.375451e+01 2.701160e+01 1.740456e+01 3.766987e+01 3.139006e+01 4.646132e+01 3.755331e+01 3.383776e+01 3.321729e+01 1.544324e+00 1.544829e-01 5.159784e-01 6.043388e-01 1.832071e+00 7.392980e-01 1.711970e+00 1.007446e+00 2.247551e+00 1.165806e+00 1.864559e+00 1.028598e+00 1.293554e+00 8.478220e-03 2.364797e-02 5.254930e-02 1.008259e-01 1.224724e-01 2.853195e-01 1.528461e-01 3.760099e-01 1.782061e-01 3.358959e-01 2.003656e-01 2.674333e-01 1.680984e-01 8.554406e-04
<GCONST> 7.513283e+01
<STATE> 4
<MEAN> 39
 -4.105539e+00 -5.416666e+00 -1.637653e+00 -8.751335e+00 -4.065824e+00 -5.853806e+00 -1.672669e+00 -1.194771e+01 -4.643888e+00 -8.686489e+00 -2.579788e+00 -8.293673e+00 1.778407e+01 1.509021e-01 9.701399e-01 6.247522e-01 -7.282391e-01 4.270284e-01 -6.569970e-02 -6.305895e-01 -4.443827e-01 8.184621e-02 2.298787e-01 -1.763797e-01 5.041492e-02 -1.279091e-01 4.429760e-02 -6.862417e-02 -2.143059e-01 1.672613e-01 1.611142e-01 -6.866404e-02 -6.801886e-02 1.652212e-01 1.346164e-02 -1.166045e-01 1.023888e-02 7.498854e-02 -5.522299e-03
<VARIANCE> 39
 6.948465e+00 2.329259e+01 1.104153e+01 2.143303e+01 1.961227e+01 4.665975e+01 3.616371e+01 3.532271e+01 4.120965e+01 4.574742e+01 3.327291e+01 3.778519e+01 1.325437e+00 2.765660e-01 6.142921e-01 8.071960e-01 1.205866e+00 9.142378e-01 1.967483e+00 1.136313e+00 1.444368e+00 1.608128e+00 1.541149e+00 9.444014e-01 9.593996e-01 1.267695e-02 4.883802e-02 1.199836e-01 8.181126e-02 1.339394e-01 2.006980e-01 3.082602e-01 2.740752e-01 1.858420e-01 2.302658e-01 2.257795e-01 1.686092e-01 1.675831e-01 1.603478e-03
<GCONST> 7.851416e+01
<TRANSP> 5
 0.000000e+00 1.000000e+00 0.000000e+00 0.000000e+00 0.000000e+00
 0.000000e+00 8.981612e-01 1.018388e-01 0.000000e+00 0.000000e+00
 0.000000e+00 0.000000e+00 8.248914e-01 1.751086e-01 0.000000e+00
 0.000000e+00 0.000000e+00 0.000000e+00 8.842842e-01 1.157158e-01
 0.000000e+00 0.000000e+00 0.000000e+00 0.000000e+00 0.000000e+00
<ENDHMM>
~h "sil"
<BEGINHMM>
<NUMSTATES> 5
<STATE> 2
<MEAN> 39
 -6.780590e+00 -6.748859e+00 -5.112517e+00 -9.117817e+00 -2.264507e-02 -3.391508e+00 1.724557e-01 -8.540701e+00 -2.618167e+00 -5.768290e+00 5.599125e-01 -4.301204e+00 1.461598e+01 -3.765643e-02 -2.161867e-03 -2.506432e-03 3.373963e-02 4.146712e-02 2.666257e-02 4.800620e-02 3.659108e-03 -1.783402e-02 5.913124e-03 1.607044e-02 1.277059e-02 -1.226668e-02 -2.598707e-02 -3.362017e-02 -7.330133e-02 -1.080944e-01 -1.183746e-01 -1.157961e-01 -6.117428e-02 -8.000835e-03 -2.157854e-02 1.062422e-02 3.712716e-02 2.965247e-02 1.888725e-03
<VARIANCE> 39
 3.601237e+00 4.336424e+00 5.977920e+00 7.599423e+00 1.196045e+01 1.365453e+01 1.465525e+01 1.631310e+01 1.573987e+01 1.373576e+01 1.578366e+01 1.310354e+01 1.166266e+00 7.790044e-02 1.584311e-01 2.702909e-01 3.723134e-01 4.932104e-01 6.556636e-01 6.795644e-01 7.119129e-01 6.931997e-01 5.746070e-01 6.350856e-01 5.627974e-01 4.984392e-03 1.087486e-02 2.397203e-02 4.029070e-02 5.010952e-02 7.062712e-02 1.016231e-01 1.068161e-01 1.301895e-01 1.117073e-01 9.220830e-02 1.051631e-01 9.907560e-02 6.317506e-04
<GCONST> 4.370285e+01
<STATE> 3
~s "silst"
<STATE> 4
<MEAN> 39
 -7.608023e+00 -7.340855e+00 -6.618350e+00 -1.117234e+01 -2.174703e+00 -5.393723e+00 -1.002546e+00 -8.637486e+00 -2.696594e+00 -5.395160e+00 1.456717e+00 -3.844799e+00 1.448338e+01 -3.231594e-03 7.184574e-03 -2.795117e-02 -2.960610e-02 -5.424974e-02 -2.074018e-02 -6.059041e-02 -7.443606e-03 -3.240261e-03 -6.363909e-03 -2.096504e-02 -1.969593e-02 3.666244e-05 3.908540e-02 5.873784e-02 9.617401e-02 1.262632e-01 1.320401e-01 1.256951e-01 6.198903e-02 1.495316e-02 2.569694e-02 -1.762417e-02 -5.655622e-02 -4.030290e-02 8.893835e-03
<VARIANCE> 39
 3.533158e+00 4.167832e+00 6.419623e+00 7.861001e+00 1.126739e+01 1.260136e+01 1.498864e+01 1.597752e+01 1.771966e+01 1.533836e+01 1.513338e+01 1.341753e+01 9.970582e-01 7.769587e-02 1.689285e-01 2.886190e-01 4.169891e-01 5.056766e-01 6.765566e-01 5.961540e-01 7.439767e-01 7.107860e-01 6.080551e-01 7.010282e-01 6.130569e-01 3.283607e-03 1.445611e-02 2.899097e-02 4.220074e-02 5.733053e-02 7.346558e-02 1.089112e-01 1.041154e-01 1.284935e-01 1.333748e-01 1.061207e-01 1.175878e-01 1.100195e-01 1.125715e-03
<GCONST> 4.556071e+01
<TRANSP> 5
 0.000000e+00 1.000000e+00 0.000000e+00 0.000000e+00 0.000000e+00
 0.000000e+00 7.704630e-01 2.419024e-02 2.053467e-01 0.000000e+00
 0.000000e+00 0.000000e+00 8.269289e-01 1.730712e-01 0.000000e+00
 0.000000e+00 1.879070e-01 0.000000e+00 7.420731e-01 7.001992e-02
 0.000000e+00 0.000000e+00 0.000000e+00 0.000000e+00 0.000000e+00
<ENDHMM>
~h "six"
<BEGINHMM>
<NUMSTATES> 5
<STATE> 2
<MEAN> 39
 -8.662639e+00 -4.248757e+00 -6.959253e+00 -8.751288e+00 -3.116547e+00 -4.268949e+00 -1.960388e+00 -8.228230e+00 -3.548610e+00 -3.989594e+00 1.218717e-01 -3.144280e+00 1.496198e+01 6.812987e-01 6.837255e-01 1.207356e+00 -1.392401e+00 -1.167159e+00 -1.218729e+00 4.251731e-02 -1.317682e-01 4.265614e-01 3.498564e-01 -5.218327e-01 -4.806423e-01 6.341795e-01 6.411910e-02 1.139151e-01 2.238888e-01 -4.788897e-01 -2.764443e-01 -1.656915e-01 4.399317e-02 7.688178e-02 2.052627e-01 -2.138628e-03 -1.367445e-01 -2.394225e-01 1.441681e-01
<VARIANCE> 39
 7.512742e+00 7.812113e+00 1.270603e+01 1.148452e+01 1.911506e+01 2.011989e+01 1.522115e+01 1.798705e+01 2.008251e+01 2.986535e+01 1.915423e+01 1.709327e+01 1.883914e+00 3.589381e-01 4.712063e-01 8.845472e-01 1.148245e+00 1.076714e+00 1.326575e+00 1.009338e+00 8.121179e-01 1.422769e+00 2.245925e+00 1.078891e+00 1.329082e+00 7.610574e-02 6.201828e-02 5.622996e-02 1.152618e-01 9.826627e-02 2.030033e-01 2.093520e-01 1.474300e-01 1.772170e-01 1.848266e-01 2.378008e-01 1.710319e-01 1.683546e-01 8.965884e-03
<GCONST> 7.413202e+01
<STATE> 3
<MEAN> 39
 -6.472048e+00 -1.099686e+00 -8.563402e-01 -2.012680e+01 -7.859279e+00 -8.733355e+00 -2.437393e+00 -6.378556e+00 2.490198e-01 -3.796469e+00 -2.525382e+00 -7.322855e+00 1.832968e+01 2.375886e-02 -8.741085e-02 2.201216e-01 -2.802982e-01 3.769104e-01 2.144299e-01 -2.752883e-01 1.720116e-01 3.690465e-02 -1.965698e-01 1.707550e-01 8.066110e-03 -4.839623e-02 -5.664061e-02 -2.053337e-01 -2.669967e-01 4.880808e-01 2.882887e-01 2.209862e-01 6.804302e-02 -9.121465e-02 -1.468989e-01 -5.873855e-02 1.517046e-01 1.661855e-01 -1.671298e-01
<VARIANCE> 39
 7.692880e+00 9.751473e+00 1.663705e+01 2.301773e+01 5.853197e+01 3.111192e+01 3.720309e+01 2.460672e+01 3.463274e+01 5.832809e+01 3.543937e+01 3.744413e+01 1.432058e+00 3.494586e-01 6.522058e-01 1.075038e+00 3.228198e+00 2.394206e+00 1.758419e+00 1.734516e+00 1.341498e+00 1.887543e+00 2.011033e+00 1.867241e+00 1.896033e+00 2.934077e-01 6.821305e-02 6.607891e-02 1.610007e-01 2.256803e-01 3.063118e-01 3.193936e-01 3.837677e-01 2.241072e-01 2.868874e-01 3.401657e-01 2.637242e-01 2.553408e-01 1.166155e-02
<GCONST> 9.187823e+01
<STATE> 4
<MEAN> 39
 -6.563141e+00 -6.250831e+00 -4.681632e+00 -1.081117e+01 -1.002522e+00 -3.976383e+00 -1.433940e+00 -8.751676e+00 -2.164314e+00 -5.868330e+00 1.162411e+00 -4.220994e+00 1.475265e+01 -2.341016e-01 -9.102790e-01 -1.004958e+00 1.461196e+00 4.128756e-01 4.082658e-01 9.070818e-01 -4.567276e-01 -2.820480e-01 -4.058081e-02 2.003937e-01 2.983806e-01 -4.642144e-01 -1.054328e-01 1.692475e-01 2.073955e-01 -4.381109e-01 -3.786505e-01 -1.606145e-01 -8.556184e-02 1.719407e-01 1.163170e-01 1.034887e-01 -1.792036e-01 -1.430111e-01 1.499922e-01
<VARIANCE> 39
 3.290231e+00 5.447257e+00 9.441663e+00 1.106544e+01 1.462943e+01 1.564697e+01 1.950102e+01 1.857302e+01 1.687446e+01 1.705177e+01 1.861390e+01 1.491519e+01 1.490617e+00 2.676758e-01 4.873299e-01 8.965873e-01 1.310146e+00 2.110526e+00 1.651080e+00 1.602743e+00 1.249349e+00 1.214312e+00 1.204470e+00 1.177722e+00 1.023190e+00 7.945281e-02 3.887335e-02 6.521557e-02 1.378536e-01 1.468391e-01 2.331977e-01 1.805723e-01 2.656117e-01 1.924670e-01 1.855723e-01 1.735523e-01 1.977599e-01 1.825070e-01 5.793662e-03
<GCONST> 7.239951e+01
<TRANSP> 5
 0.000000e+00 1.000000e+00 0.000000e+00 0.000000e+00 0.000000e+00
 0.000000e+00 7.156599e-01 2.843402e-01 0.000000e+00 0.000000e+00
 0.000000e+00 0.000000e+00 8.890750e-01 1.109250e-01 0.000000e+00
 0.000000e+00 0.000000e+00 0.000000e+00 7.505711e-01 2.494290e-01
 0.000000e+00 0.000000e+00 0.000000e+00 0.000000e+00 0.000000e+00
<ENDHMM>
~h "two"
<BEGINHMM>
<NUMSTATES> 5
<STATE> 2
<MEAN> 39
 -1.098991e+01 -3.249629e+00 -6.778905e+00 -1.059907e+01 -1.009330e+00 -3.867479e+00 -1.976776e+00 -7.530723e+00 -2.334478e+00 -5.692589e+00 1.127927e+00 -3.360995e+00 1.506281e+01 4.833122e-01 6.200125e-01 9.932584e-01 -5.792785e-01 -2.584561e-01 -3.504640e-01 -4.638228e-01 -2.078303e-01 6.946316e-02 -5.644735e-02 -2.337590e-01 -3.518007e-01 3.199286e-01 2.982695e-01 5.858653e-02 2.908317e-01 -1.308793e-01 -2.027229e-01 -2.374726e-01 -1.154128e-01 -1.244004e-01 -2.578512e-02 3.666961e-03 -7.656028e-02 -1.683947e-01 9.159199e-02
<VARIANCE> 39
 8.798439e+00 8.098464e+00 1.273527e+01 1.236567e+01 1.842097e+01 2.275080e+01 1.915007e+01 2.127498e+01 2.126991e+01 2.386511e+01 2.466084e+01 1.980871e+01 8.997887e-01 1.381750e+00 5.620565e-01 1.290634e+00 8.290305e-01 1.351154e+00 1.288086e+00 9.830972e-01 1.192588e+00 1.164144e+00 1.285485e+00 1.860789e+00 1.101593e+00 7.264632e-02 1.255351e-01 1.099605e-01 1.338895e-01 1.296527e-01 2.289267e-01 1.987396e-01 1.752481e-01 2.240681e-01 2.256349e-01 2.018666e-01 3.582687e-01 1.590399e-01 7.944210e-03
<GCONST> 7.893961e+01
<STATE> 3
<MEAN> 39
 -4.603336e+00 1.266965e+00 1.858818e+00 -1.551596e+01 -6.943042e+00 -9.937778e+00 -6.697321e+00 -1.043826e+01 -2.410009e+00 -5.176561e+00 -1.123051e+00 -7.305667e+00 1.840514e+01 6.648794e-01 5.443023e-01 7.444130e-01 -5.420084e-01 -1.163219e+00 -1.106452e+00 -5.675378e-01 -2.815083e-01 -6.574415e-02 1.261839e-01 -2.157584e-01 -6.245514e-01 4.517969e-01 -2.501260e-01 -2.346532e-01 -4.261394e-01 2.988130e-01 2.720377e-01 2.319240e-01 2.356157e-01 1.459501e-01 -1.890789e-02 -9.549764e-03 1.531578e-01 1.828514e-01 -1.449182e-01
<VARIANCE> 39
 7.465905e+00 8.105561e+00 1.363465e+01 2.233618e+01 3.968893e+01 2.563420e+01 2.822147e+01 2.453312e+01 3.157932e+01 5.527678e+01 4.392199e+01 4.848085e+01 1.038651e+00 5.683913e-01 6.280406e-01 9.878293e-01 1.463731e+00 1.293121e+00 1.205303e+00 1.680873e+00 1.516596e+00 1.846333e+00 1.989753e+00 2.393589e+00 1.874217e+00 8.949564e-02 6.148688e-02 5.364255e-02 8.129407e-02 1.250706e-01 2.050361e-01 1.808797e-01 2.041765e-01 1.911177e-01 2.123062e-01 2.737037e-01 2.890809e-01 2.221535e-01 6.548769e-03
<GCONST> 8.377686e+01
<STATE> 4
<MEAN> 39
 -3.233392e+00 -5.636723e-02 -4.258626e-02 -1.366502e+01 -7.123523e+00 -1.157498e+01 -5.645514e+00 -9.635029e+00 -2.709460e+00 -5.307344e+00 -1.592978e-01 -7.599480e+00 1.824031e+01 1.669896e-01 -2.230582e-01 -2.384408e-01 5.384584e-01 3.365747e-01 8.563283e-02 9.834313e-02 -5.500621e-02 -1.931710e-01 -8.641168e-02 7.792663e-02 1.596540e-01 -1.200132e-01 -4.355952e-02 -3.798718e-02 -2.657546e-02 2.446603e-02 9.570105e-02 1.093859e-01 5.183887e-02 4.819331e-03 1.994465e-02 1.203455e-03 -5.752758e-03 4.462526e-02 -3.523409e-02
<VARIANCE> 39
 5.894536e+00 7.954894e+00 1.254163e+01 2.980601e+01 3.400792e+01 2.156195e+01 3.316425e+01 3.371133e+01 3.985179e+01 4.293820e+01 5.473602e+01 4.156756e+01 1.359033e+00 1.335880e-01 1.530613e-01 3.771483e-01 6.213077e-01 9.121050e-01 8.556779e-01 8.813279e-01 1.028938e+00 9.029643e-01 9.882309e-01 1.046386e+00 9.318869e-01 1.450946e-02 2.163383e-02 2.516316e-02 5.076362e-02 8.857046e-02 1.056467e-01 1.240853e-01 1.293149e-01 1.600564e-01 1.488421e-01 1.526950e-01 1.593450e-01 1.459287e-01 2.344219e-03
<GCONST> 6.575459e+01
<TRANSP> 5
 0.000000e+00 1.000000e+00 0.000000e+00 0.000000e+00 0.000000e+00
 0.000000e+00 8.227321e-01 1.772679e-01 0.000000e+00 0.000000e+00
 0.000000e+00 0.000000e+00 7.672884e-01 2.327116e-01 0.000000e+00
 0.000000e+00 0.000000e+00 0.000000e+00 9.013878e-01 9.861217e-02
 0.000000e+00 0.000000e+00 0.000000e+00 0.000000e+00 0.000000e+00
<ENDHMM>
~h "nine"
<BEGINHMM>
<NUMSTATES> 5
<STATE> 2
<MEAN> 39
 -4.466874e+00 -4.319693e+00 -2.079813e+00 -8.923416e+00 -3.039896e+00 -6.193240e+00 -1.513510e+00 -1.117641e+01 -5.007925e+00 -8.085104e+00 -2.954662e+00 -7.812695e+00 1.757158e+01 -1.378279e-01 -6.740441e-01 -2.225699e-01 4.961239e-01 -4.937394e-01 1.741144e-01 3.885899e-01 -1.974951e-01 -3.826768e-02 -1.526994e-01 -1.775747e-01 -1.451183e-01 2.492048e-01 -3.854807e-02 -1.265536e-01 -7.503653e-02 1.149250e-01 1.868344e-02 -6.494665e-03 3.832234e-02 3.163289e-02 1.003371e-02 6.579656e-03 8.067668e-02 3.507135e-02 -1.071901e-02
<VARIANCE> 39
 8.937869e+00 2.039707e+01 1.531767e+01 1.685302e+01 2.863878e+01 2.891448e+01 3.201406e+01 2.751700e+01 4.726304e+01 3.538145e+01 3.015938e+01 3.279077e+01 2.296653e+00 5.320311e-01 1.580002e+00 1.145202e+00 1.118214e+00 1.137352e+00 1.424642e+00 1.646121e+00 1.278002e+00 1.529223e+00 1.154918e+00 1.246364e+00 1.038475e+00 3.756914e-02 6.489157e-02 1.815199e-01 1.345250e-01 1.402225e-01 2.019378e-01 2.220846e-01 2.429762e-01 1.863168e-01 1.998128e-01 1.611263e-01 1.735288e-01 1.449102e-01 4.923967e-03
<GCONST> 8.288757e+01
<STATE> 3
<MEAN> 39
 -6.290597e+00 -1.167305e+01 -4.987326e+00 -2.493017e+00 -5.655601e+00 -5.431977e+00 1.785380e+00 -1.126495e+01 -5.679359e+00 -9.068505e+00 -1.604720e+00 -7.685265e+00 1.862180e+01 -1.082582e-01 6.587702e-02 2.330228e-01 -2.054408e-01 -4.685723e-02 2.054978e-01 -7.341488e-02 -1.009134e-01 1.717151e-01 6.965335e-02 -3.998238e-02 3.047662e-02 -1.980298e-02 -2.998208e-03 1.878701e-01 7.742241e-02 -2.486271e-01 3.303587e-02 8.099894e-02 -1.012172e-01 -1.943172e-03 8.308991e-02 -5.382718e-03 -7.944123e-02 2.508377e-02 -1.439742e-02
<VARIANCE> 39
 7.198119e+00 8.451774e+00 2.463109e+01 3.136980e+01 1.880507e+01 3.042437e+01 3.088307e+01 3.410280e+01 4.310133e+01 4.184351e+01 2.805882e+01 3.031934e+01 1.011850e+00 8.114924e-02 3.212367e-01 4.021033e-01 1.031921e+00 4.633538e-01 6.109704e-01 5.231847e-01 4.996186e-01 6.120920e-01 6.481888e-01 6.582925e-01 5.176205e-01 4.581015e-03 1.054527e-02 2.931983e-02 3.925686e-02 5.256572e-02 6.928909e-02 6.526689e-02 7.263372e-02 7.667840e-02 7.950040e-02 8.555068e-02 7.633889e-02 7.776066e-02 3.925197e-04
<GCONST> 5.266798e+01
<STATE> 4
<MEAN> 39
 -6.220164e+00 -3.174650e+00 -1.625416e+00 -1.203770e+01 -1.903309e+00 -4.489611e+00 -3.314924e+00 -1.019698e+01 -2.792582e+00 -8.220525e+00 -3.089448e+00 -6.512577e+00 1.789974e+01 3.932145e-01 8.496600e-01 1.535849e-01 -3.100976e-01 5.438343e-01 -4.755940e-01 -4.738538e-01 3.275848e-01 -1.990261e-01 5.481598e-02 9.740672e-02 5.329733e-02 -1.226615e-01 4.364865e-02 -1.235535e-01 -3.712117e-02 2.356023e-01 -1.483834e-02 -7.319552e-02 1.047730e-01 -3.503502e-02 -1.089898e-01 2.570827e-02 7.967690e-02 -2.936203e-02 -1.026867e-02
<VARIANCE> 39
 1.144985e+01 2.011030e+01 1.219794e+01 2.402279e+01 3.582715e+01 3.415419e+01 3.366843e+01 2.992294e+01 4.906794e+01 3.962570e+01 3.857189e+01 4.244092e+01 1.075945e+00 4.062971e-01 9.275964e-01 5.741714e-01 1.873308e+00 1.354301e+00 1.383383e+00 1.361042e+00 1.284918e+00 1.675548e+00 1.184619e+00 1.059458e+00 1.024121e+00 9.885820e-03 5.704948e-02 9.916400e-02 8.652329e-02 1.494145e-01 1.942222e-01 2.405364e-01 1.805652e-01 1.979450e-01 2.316528e-01 1.955340e-01 1.707217e-01 1.415431e-01 1.008459e-03
<GCONST> 7.866730e+01
<TRANSP> 5
 0.000000e+00 1.000000e+00 0.000000e+00 0.000000e+00 0.000000e+00
 0.000000e+00 8.953660e-01 1.046340e-01 0.000000e+00 0.000000e+00
 0.000000e+00 0.000000e+00 9.109133e-01 8.908667e-02 0.000000e+00
 0.000000e+00 0.000000e+00 0.000000e+00 8.980696e-01 1.019304e-01
 0.000000e+00 0.000000e+00 0.000000e+00 0.000000e+00 0.000000e+00
<ENDHMM>
~h "five"
<BEGINHMM>
<NUMSTATES> 5
<STATE> 2
<MEAN> 39
 -4.139484e+00 -1.138931e+01 -1.010904e+01 -8.241638e+00 5.050510e-01 -8.172840e+00 3.456646e-01 -4.630310e+00 -5.273426e+00 -7.965541e+00 -1.846483e+00 -4.914710e+00 1.800578e+01 3.544656e-01 -1.177167e+00 -7.123814e-01 7.883461e-01 5.174770e-01 -6.369404e-01 3.360750e-01 3.928600e-01 -7.508705e-01 -2.156191e-01 -2.941365e-01 -1.375119e-03 5.621824e-01 -1.940469e-01 2.910292e-02 1.796975e-01 9.020701e-02 -1.502512e-02 1.068369e-01 2.965423e-02 -2.077058e-01 2.877799e-02 1.406239e-01 1.625267e-01 5.076031e-02 -7.637090e-02
<VARIANCE> 39
 1.077061e+01 1.960847e+01 2.372109e+01 1.679598e+01 1.905069e+01 2.053238e+01 2.533409e+01 5.166971e+01 3.230639e+01 2.810715e+01 2.501071e+01 1.997435e+01 4.311425e+00 7.719311e-01 5.616022e-01 1.175855e+00 9.049889e-01 7.890753e-01 9.849052e-01 9.711247e-01 2.225786e+00 1.726266e+00 1.726713e+00 1.364101e+00 1.026683e+00 1.230909e-01 9.385211e-02 1.326237e-01 1.764047e-01 1.234746e-01 1.363817e-01 1.444201e-01 1.543258e-01 2.996522e-01 2.739052e-01 1.921475e-01 1.751947e-01 1.403991e-01 2.786455e-02
<GCONST> 8.428504e+01
<STATE> 3
<MEAN> 39
 -5.810345e+00 -1.545237e+01 -8.553877e+00 -3.643382e+00 1.424878e+00 -9.174295e+00 2.536199e+00 -7.498259e+00 -7.217028e+00 -5.452304e+00 -4.643806e-01 -4.502498e+00 1.904662e+01 -1.659403e-01 8.398607e-02 4.906186e-01 -2.581072e-01 -2.714015e-01 4.345686e-01 6.869783e-02 -3.989550e-01 2.726289e-02 3.039474e-01 6.080166e-02 -8.464678e-02 -4.855962e-02 4.023321e-02 1.143538e-01 1.133129e-02 -1.966636e-01 -5.484396e-02 9.324518e-02 -2.893970e-02 2.473337e-02 5.642911e-02 -4.908854e-02 -7.787997e-02 -1.870000e-02 -1.494806e-02
<VARIANCE> 39
 9.172926e+00 9.380627e+00 2.483603e+01 2.081529e+01 1.874832e+01 2.312673e+01 1.750718e+01 3.904360e+01 4.701735e+01 4.449022e+01 2.688114e+01 2.551736e+01 1.356843e+00 8.781640e-02 1.529626e-01 2.696314e-01 6.334521e-01 4.956508e-01 5.513119e-01 4.976245e-01 4.930023e-01 6.126820e-01 5.703125e-01 5.681505e-01 4.732237e-01 5.852781e-03 1.173861e-02 2.418876e-02 3.028357e-02 4.806248e-02 5.116900e-02 5.159840e-02 5.700008e-02 6.414562e-02 8.523124e-02 8.420119e-02 6.644208e-02 7.037820e-02 9.041565e-04
<GCONST> 4.961746e+01
<STATE> 4
<MEAN> 39
 -5.752561e+00 -9.409964e+00 -3.940965e+00 -1.391099e+01 -3.282212e+00 -2.813751e+00 1.870002e+00 -8.421943e+00 -4.204865e+00 -5.238115e+00 -2.265188e+00 -5.520908e+00 1.830206e+01 2.169527e-01 1.206641e+00 3.702748e-01 -6.416873e-01 -3.921638e-01 -1.029094e-01 -3.103085e-01 2.565324e-01 5.543947e-01 -2.122265e-01 -7.189530e-02 -8.886240e-02 -2.459668e-01 -1.747738e-02 -2.158135e-02 -5.275968e-02 3.436650e-01 1.403231e-01 -1.802212e-01 -6.276863e-02 -1.009191e-02 -4.296179e-02 1.668304e-02 1.215059e-01 3.990374e-02 -4.834328e-02
<VARIANCE> 39
 7.867672e+00 2.309060e+01 1.221403e+01 3.191273e+01 4.211901e+01 1.957906e+01 2.463046e+01 3.666310e+01 5.312226e+01 2.795875e+01 2.708477e+01 3.009163e+01 1.837464e+00 2.146224e-01 4.989002e-01 5.738527e-01 2.637215e+00 1.471117e+00 1.621179e+00 9.744888e-01 1.331473e+00 1.638362e+00 1.337589e+00 1.268745e+00 9.162686e-01 4.137061e-02 4.305601e-02 9.683503e-02 7.586877e-02 2.402693e-01 2.361759e-01 2.301085e-01 1.663242e-01 2.294302e-01 2.225864e-01 1.790865e-01 2.066306e-01 1.646557e-01 4.442532e-03
<GCONST> 8.035766e+01
<TRANSP> 5
 0.000000e+00 1.000000e+00 0.000000e+00 0.000000e+00 0.000000e+00
 0.000000e+00 8.468296e-01 1.531704e-01 0.000000e+00 0.000000e+00
 0.000000e+00 0.000000e+00 9.124194e-01 8.758062e-02 0.000000e+00
 0.000000e+00 0.000000e+00 0.000000e+00 8.642419e-01 1.357580e-01
 0.000000e+00 0.000000e+00 0.000000e+00 0.000000e+00 0.000000e+00
<ENDHMM>
~h "four"
<BEGINHMM>
<NUMSTATES> 5
<STATE> 2
<MEAN> 39
 -6.725305e+00 -6.532663e+00 -5.534719e+00 -9.767921e+00 -1.585289e+00 -5.572246e+00 -1.228432e+00 -8.408170e+00 -1.997488e+00 -5.578193e+00 9.602423e-01 -4.278647e+00 1.536933e+01 1.577935e+00 5.394896e-01 -9.121454e-01 -8.663146e-01 -3.076890e-01 -5.369887e-01 -6.982623e-01 -1.947571e-01 1.928003e-01 2.026753e-01 -3.466004e-01 -4.905284e-01 6.471232e-01 3.478614e-01 1.242172e-01 -3.367880e-01 -3.162357e-01 -5.731859e-02 -4.697348e-03 -7.881577e-02 -1.683291e-02 1.753605e-03 5.397321e-02 -7.844383e-02 -1.315635e-01 1.422687e-01
<VARIANCE> 39
 7.712701e+00 5.441156e+00 5.405602e+00 7.845856e+00 1.004524e+01 1.247581e+01 1.448672e+01 1.362218e+01 1.604010e+01 1.349859e+01 1.614663e+01 1.224095e+01 1.738637e+00 5.096036e-01 4.357245e-01 5.969560e-01 7.391529e-01 7.165953e-01 9.090816e-01 7.481795e-01 8.228483e-01 1.022608e+00 1.093127e+00 1.531158e+00 1.234745e+00 5.704901e-02 6.846153e-02 5.335707e-02 6.051539e-02 8.251328e-02 1.012275e-01 1.520072e-01 1.211722e-01 1.505747e-01 1.396695e-01 1.606920e-01 1.994995e-01 1.875008e-01 7.241739e-03
<GCONST> 6.404184e+01
<STATE> 3
<MEAN> 39
 1.597299e+00 -3.480818e+00 -1.216988e+01 -1.705149e+01 -4.001080e+00 -6.175626e+00 -3.167002e+00 -8.952741e+00 -1.398541e+00 -3.855011e+00 4.304903e-01 -6.776787e+00 1.891518e+01 3.027161e-01 -1.873922e-01 -3.240874e-01 -3.596159e-02 7.439879e-02 -1.764238e-02 -2.188800e-01 1.752929e-01 3.536698e-01 9.302682e-02 -2.295501e-01 -2.198092e-01 1.424573e-01 -1.735018e-01 -1.542421e-01 1.500678e-01 2.363150e-01 3.838613e-02 -3.668061e-02 3.792804e-02 1.109701e-01 4.734872e-02 -8.561289e-02 -5.588247e-02 5.676221e-02 -6.755798e-02
<VARIANCE> 39
 4.138970e+00 1.026931e+01 9.586617e+00 1.372938e+01 2.440423e+01 1.714908e+01 1.857701e+01 1.714911e+01 2.363052e+01 2.482450e+01 3.810452e+01 3.757805e+01 1.086379e+00 5.204753e-01 7.265384e-01 6.845905e-01 1.212329e+00 9.695233e-01 7.712253e-01 9.085292e-01 9.565225e-01 1.308353e+00 1.174815e+00 1.337736e+00 1.241192e+00 9.264162e-02 4.951503e-02 4.574375e-02 9.588379e-02 8.011210e-02 1.358256e-01 1.434579e-01 1.560993e-01 1.412423e-01 1.815193e-01 1.920804e-01 1.991629e-01 1.870522e-01 7.211488e-03
<GCONST> 7.250912e+01
<STATE> 4
<MEAN> 39
 -2.648224e-01 -1.131083e+01 -7.978416e+00 -8.562076e+00 -5.377140e+00 -8.944769e+00 -2.202432e+00 -4.233243e+00 6.471452e-01 -7.567255e+00 -3.910992e+00 -7.362762e+00 1.854936e+01 -5.527304e-01 -3.255044e-02 1.188405e+00 5.179636e-01 -5.921491e-01 2.902969e-02 6.830595e-01 -1.585550e-01 -6.806212e-01 -3.922694e-01 1.339056e-01 2.578319e-01 -2.039213e-01 -8.728369e-02 3.019999e-01 6.968073e-04 -2.178252e-01 1.357303e-01 2.153116e-01 1.414216e-02 -2.457103e-01 -1.512126e-01 1.212567e-01 1.775244e-01 3.067480e-02 -5.097882e-02
<VARIANCE> 39
 6.982512e+00 1.431366e+01 2.849850e+01 1.842965e+01 4.718824e+01 3.738906e+01 3.524784e+01 3.894290e+01 4.504777e+01 3.449892e+01 3.467772e+01 3.193517e+01 1.577422e+00 2.193860e-01 1.523662e+00 6.633282e-01 1.663099e+00 2.091201e+00 2.162654e+00 1.566420e+00 2.597015e+00 1.819957e+00 1.725750e+00 1.796408e+00 1.076766e+00 4.096890e-02 2.919677e-02 9.483127e-02 1.879104e-01 1.663666e-01 4.426110e-01 3.015501e-01 3.549925e-01 3.384875e-01 3.789197e-01 2.795488e-01 3.071932e-01 2.166562e-01 3.209563e-03
<GCONST> 8.839996e+01
<TRANSP> 5
 0.000000e+00 1.000000e+00 0.000000e+00 0.000000e+00 0.000000e+00
 0.000000e+00 7.008010e-01 2.991990e-01 0.000000e+00 0.000000e+00
 0.000000e+00 0.000000e+00 9.182077e-01 8.179229e-02 0.000000e+00
 0.000000e+00 0.000000e+00 0.000000e+00 8.713727e-01 1.286272e-01
 0.000000e+00 0.000000e+00 0.000000e+00 0.000000e+00 0.000000e+00
<ENDHMM>
~h "zero"
<BEGINHMM>
<NUMSTATES> 5
<STATE> 2
<MEAN> 39
 -6.840161e+00 -1.861732e+00 -4.566287e+00 -7.690656e+00 -2.534388e+00 -4.707031e+00 -2.855087e+00 -8.928982e+00 -3.641997e+00 -4.152902e+00 1.175413e-01 -4.381379e+00 1.566521e+01 2.802477e-01 1.047066e+00 9.745482e-01 -1.161400e+00 -8.305467e-01 -1.410203e+00 -6.266885e-01 -6.037417e-01 3.238828e-01 3.356956e-01 -1.312950e-01 -2.381330e-01 4.920905e-01 3.599680e-02 9.375557e-02 1.821682e-01 -3.586533e-01 -1.719794e-01 -2.292122e-01 4.851554e-03 -2.111514e-02 1.701267e-01 2.495099e-05 3.182163e-02 -8.982155e-02 9.172144e-02
<VARIANCE> 39
 6.893806e+00 1.042483e+01 1.556284e+01 1.469795e+01 2.107304e+01 2.221103e+01 1.920646e+01 1.978829e+01 2.969452e+01 2.455793e+01 2.237609e+01 2.002384e+01 1.481203e+00 3.161699e-01 4.266193e-01 7.598265e-01 9.380395e-01 8.490747e-01 1.288250e+00 9.720829e-01 1.181128e+00 1.345120e+00 9.781145e-01 1.205031e+00 1.534920e+00 4.248085e-02 4.657928e-02 1.027356e-01 1.274052e-01 1.083176e-01 1.314162e-01 2.176535e-01 1.589657e-01 1.926605e-01 1.621922e-01 1.507003e-01 1.802045e-01 1.676862e-01 6.443225e-03
<GCONST> 7.325896e+01
<STATE> 3
<MEAN> 39
 -5.561421e+00 3.133735e-01 9.474917e-01 -1.694172e+01 -7.861979e+00 -9.187215e+00 -4.572339e+00 -8.440964e+00 1.765061e-01 -3.751094e+00 1.721617e-01 -6.832678e+00 1.840859e+01 3.375456e-01 -7.445728e-01 4.409890e-01 -1.688786e-01 -1.079978e+00 2.648552e-01 2.060366e-01 1.954194e-01 3.201396e-01 -7.803950e-02 4.347701e-02 -1.246467e-01 1.658160e-01 5.171060e-02 -2.690761e-01 -1.737052e-01 3.720660e-01 1.655093e-02 1.352713e-01 1.951092e-01 5.527510e-02 -8.688430e-02 -4.408792e-02 -1.263714e-02 7.168422e-02 -6.444271e-02
<VARIANCE> 39
 7.433345e+00 2.064364e+01 1.739174e+01 2.626650e+01 5.931894e+01 4.053932e+01 3.223810e+01 4.422570e+01 3.110391e+01 3.031382e+01 3.454258e+01 5.111422e+01 1.092559e+00 4.425020e-01 1.624298e+00 8.031112e-01 2.615108e+00 1.742572e+00 2.526525e+00 1.685570e+00 1.421591e+00 1.341088e+00 1.177710e+00 1.107124e+00 1.319756e+00 6.282301e-02 5.147565e-02 1.129828e-01 1.260862e-01 1.802170e-01 2.455357e-01 4.094408e-01 2.257726e-01 2.479185e-01 2.120274e-01 1.745124e-01 1.724163e-01 2.174316e-01 4.559222e-03
<GCONST> 8.705016e+01
<STATE> 4
<MEAN> 39
 -1.604481e+00 -1.051364e+01 -4.390002e+00 -9.815719e+00 -9.685887e+00 -8.038121e+00 5.592617e-01 -4.106112e+00 -1.754200e-01 -6.700089e+00 -1.004062e+00 -5.666336e+00 1.854230e+01 8.291781e-02 1.112376e-02 -5.495566e-01 1.634087e-01 6.663980e-01 -1.771093e-01 -1.645246e-02 2.074403e-01 -6.446306e-02 -1.488018e-01 -9.259141e-02 -7.486383e-03 -5.365356e-02 -5.977927e-02 1.431536e-01 6.306495e-02 -8.620179e-02 8.697911e-02 4.114556e-02 -9.758947e-02 -8.207872e-02 -2.054638e-02 3.422479e-02 2.041235e-02 -8.804431e-03 -1.775972e-02
<VARIANCE> 39
 6.463860e+00 1.774283e+01 2.652655e+01 2.679520e+01 6.271581e+01 5.437217e+01 3.558431e+01 3.644662e+01 4.419102e+01 3.497735e+01 2.490826e+01 3.291764e+01 1.494847e+00 2.246763e-01 8.378875e-01 6.306601e-01 1.037815e+00 1.227257e+00 1.669790e+00 1.529193e+00 1.766488e+00 1.573577e+00 1.377143e+00 1.023330e+00 9.264912e-01 1.576996e-02 2.391131e-02 3.502453e-02 7.640734e-02 1.110513e-01 1.911416e-01 2.326490e-01 1.870246e-01 1.959332e-01 2.165085e-01 1.823338e-01 1.466973e-01 1.334282e-01 1.767064e-03
<GCONST> 7.715219e+01
<TRANSP> 5
 0.000000e+00 1.000000e+00 0.000000e+00 0.000000e+00 0.000000e+00
 0.000000e+00 7.326630e-01 2.673370e-01 0.000000e+00 0.000000e+00
 0.000000e+00 0.000000e+00 8.921282e-01 1.078718e-01 0.000000e+00
 0.000000e+00 0.000000e+00 0.000000e+00 9.397812e-01 6.021882e-02
 0.000000e+00 0.000000e+00 0.000000e+00 0.000000e+00 0.000000e+00
<ENDHMM>
