~o
<STREAMINFO> 1 39
<VECSIZE> 39<NULLD><MFCC_E_D_A><DIAGC>
~s "silst"
<MEAN> 39
 -5.128122e+00 -3.750204e+00 -3.224164e+00 -8.852690e+00 -1.260427e+00 -5.716808e+00 -1.824514e+00 -9.461679e+00 -3.472182e+00 -6.405313e+00 -3.568636e-01 -5.625412e+00 1.584663e+01 -6.592565e-01 -4.322839e-01 -4.501713e-01 1.716454e-01 3.015642e-01 7.002391e-01 3.719470e-01 1.097052e-01 1.418142e-01 1.508916e-01 3.270572e-01 3.675356e-01 -3.590672e-01 -2.506990e-02 -6.976545e-02 -1.090147e-01 -1.255867e-01 -9.547655e-02 -7.216816e-02 6.234321e-04 7.230015e-02 3.598806e-02 8.146719e-03 -1.455267e-02 4.448999e-03 2.619570e-02
<VARIANCE> 39
 1.156041e+01 1.077647e+01 1.366939e+01 1.359575e+01 2.082152e+01 2.466446e+01 2.382679e+01 2.469964e+01 2.797463e+01 2.724384e+01 2.575830e+01 2.356710e+01 2.029447e+00 3.775553e-01 7.486527e-01 8.231894e-01 8.142912e-01 1.143844e+00 1.284898e+00 1.254384e+00 1.296991e+00 1.406877e+00 1.267529e+00 1.244011e+00 1.111073e+00 5.227046e-02 7.017779e-02 1.000717e-01 1.075147e-01 1.144408e-01 1.559452e-01 2.197497e-01 1.940893e-01 1.873406e-01 2.100732e-01 1.841175e-01 1.816859e-01 1.528235e-01 9.186470e-03
<GCONST> 7.768687e+01
~h "eight"
<BEGINHMM>
<NUMSTATES> 5
<STATE> 2
<MEAN> 39
 -8.249434e+00 -2.942034e+00 -5.889811e+00 -1.830611e+01 2.053474e-01 -4.922717e+00 8.308287e-01 -6.794428e+00 -1.586065e+00 -7.453960e+00 -1.739966e+00 -5.737838e+00 1.742977e+01 -1.721293e-01 1.037728e+00 -1.023886e-01 -1.058385e+00 -4.111898e-02 -5.864626e-01 8.480202e-02 4.704887e-01 3.881378e-01 -9.192284e-03 -1.737982e-01 -2.418018e-01 3.307301e-01 2.998041e-02 8.704526e-02 6.209819e-03 1.473074e-01 -6.104810e-02 -1.931496e-01 -8.385283e-02 -1.925658e-02 2.230642e-02 9.400743e-02 1.169706e-01 3.495451e-04 -1.870651e-02
<VARIANCE> 39
 7.987574e+00 2.047740e+01 1.892115e+01 3.150312e+01 4.210211e+01 2.228403e+01 2.498424e+01 2.282326e+01 3.078234e+01 2.351033e+01 2.472709e+01 2.559829e+01 3.251071e+00 3.425744e-01 7.503566e-01 6.370402e-01 1.272909e+00 1.184788e+00 1.358660e+00 1.454110e+00 9.922008e-01 1.347227e+00 1.118646e+00 1.078473e+00 9.598056e-01 1.022266e-01 4.192643e-02 7.985696e-02 7.520407e-02 1.929039e-01 1.370965e-01 1.689453e-01 1.489905e-01 1.686111e-01 2.271728e-01 1.637117e-01 1.696725e-01 1.470118e-01 1.291128e-02
<GCONST> 7.929301e+01
<STATE> 3
<MEAN> 39
 -8.391004e+00 5.789174e+00 -5.518161e+00 -1.921939e+01 -2.890032e+00 -1.377640e+01 -1.653120e+00 -5.965008e+00 7.326015e-01 -4.018139e+00 7.716172e-01 -5.688840e+00 1.854598e+01 1.016816e-01 4.989063e-01 2.032058e-01 8.305265e-01 -1.067583e-02 -9.331300e-01 -6.082343e-01 -8.154573e-01 -3.631416e-01 3.251556e-01 4.623184e-01 2.259497e-01 -7.275514e-02 4.923613e-02 -2.818728e-01 2.268891e-02 1.881476e-01 8.654039e-02 2.738027e-01 2.152665e-02 -1.574522e-01 -1.932280e-01 -1.408046e-01 -7.242241e-02 3.665189e-02 -6.158854e-02
<VARIANCE> 39
 1.001191e+01 1.130610e+01 2.484610e+01 2.642241e+01 2.094389e+01 2.356870e+01 5.650383e+01 2.711329e+01 2.955117e+01 2.184304e+01 3.272470e+01 2.505758e+01 1.478721e+00 1.824053e-01 5.057578e-01 2.621251e-01 6.234199e-01 8.215401e-01 1.014608e+00 7.477884e-01 8.214172e-01 1.769857e+00 1.023866e+00 1.188768e+00 8.487059e-01 2.525478e-02 2.770502e-02 7.077902e-02 4.936599e-02 9.889084e-02 8.106936e-02 1.525550e-01 1.405341e-01 1.340005e-01 1.672429e-01 1.385642e-01 1.856761e-01 1.362917e-01 3.379945e-03
<GCONST> 6.900754e+01
<STATE> 4
<MEAN> 39
 -6.978024e+00 1.093486e+00 -4.079263e+00 -1.220180e+01 -1.199039e+00 -1.170061e+01 -4.072623e+00 -1.160484e+01 -4.454593e+00 -5.784714e+00 8.164641e-01 -4.550171e+00 1.651643e+01 2.169387e-01 -1.856751e+00 -1.598465e-03 8.863766e-01 2.199741e-01 1.605596e+00 3.215899e-01 -2.627419e-02 -3.251173e-01 -3.973567e-01 -1.434621e-01 9.636369e-02 -4.696300e-01 -7.064755e-02 -9.836492e-02 -9.882575e-02 -1.311227e-01 -4.623819e-02 1.578064e-01 1.918857e-01 2.723424e-01 2.062840e-01 6.515779e-02 2.228527e-02 -3.123571e-02 -6.128093e-03
<VARIANCE> 39
 6.041288e+00 3.357244e+01 1.483527e+01 1.931757e+01 1.612838e+01 3.820860e+01 3.278062e+01 2.461366e+01 3.938919e+01 2.736411e+01 2.588043e+01 2.413196e+01 2.807279e+00 3.511804e-01 7.432646e-01 6.186965e-01 1.035027e+00 6.517121e-01 1.243618e+00 1.759171e+00 1.481256e+00 2.023730e+00 1.219117e+00 1.376798e+00 1.140896e+00 3.561916e-02 4.191440e-02 2.591763e-01 6.978706e-02 1.186563e-01 9.769119e-02 3.274350e-01 1.813153e-01 1.962658e-01 2.994130e-01 1.794152e-01 1.977267e-01 1.933594e-01 1.057273e-02
<GCONST> 8.036284e+01
<TRANSP> 5
 0.000000e+00 1.000000e+00 0.000000e+00 0.000000e+00 0.000000e+00
 0.000000e+00 8.666239e-01 1.333761e-01 0.000000e+00 0.000000e+00
 0.000000e+00 0.000000e+00 8.551381e-01 1.448619e-01 0.000000e+00
 0.000000e+00 0.000000e+00 0.000000e+00 8.209013e-01 1.790987e-01
 0.000000e+00 0.000000e+00 0.000000e+00 0.000000e+00 0.000000e+00
<ENDHMM>
~h "oh"
<BEGINHMM>
<NUMSTATES> 5
<STATE> 2
<MEAN> 39
 -4.339612e+00 -1.039247e+01 -8.322796e+00 -8.562400e+00 -2.648468e+00 -7.674648e+00 3.625221e+00 -7.396263e+00 -5.282076e+00 -7.115171e+00 -2.466630e+00 -5.437241e+00 1.783918e+01 5.449344e-01 -2.013775e-01 -6.053197e-01 1.691453e-01 9.516273e-02 -6.936219e-01 1.394765e-01 7.355760e-01 -1.294019e-02 -4.295127e-01 -4.084472e-01 -1.477476e-01 3.485231e-01 8.912539e-03 1.045630e-01 3.898084e-03 -5.327687e-02 3.918944e-02 -8.727763e-03 -1.541679e-01 7.060345e-03 1.332173e-01 2.669854e-02 -8.605517e-03 -2.715940e-02 -2.267090e-02
<VARIANCE> 39
 8.700019e+00 1.227183e+01 1.668346e+01 1.811358e+01 2.301976e+01 2.460033e+01 3.070599e+01 6.496079e+01 3.841534e+01 3.417276e+01 2.704003e+01 3.157932e+01 2.970187e+00 2.951500e-01 5.762973e-01 6.276198e-01 6.351351e-01 6.809053e-01 9.318773e-01 1.329110e+00 1.773467e+00 1.550535e+00 1.253936e+00 1.249950e+00 1.042416e+00 9.604689e-02 3.973245e-02 6.250957e-02 7.469556e-02 7.897902e-02 9.126388e-02 1.293426e-01 1.552053e-01 2.150616e-01 1.860171e-01 1.963578e-01 1.842977e-01 1.399702e-01 1.319583e-02
<GCONST> 7.704747e+01
<STATE> 3
<MEAN> 39
 -5.686977e-01 -8.236917e+00 -1.318705e+01 -9.934391e+00 -6.905752e-01 -1.204646e+01 -8.235812e-01 -7.713265e-01 1.482809e-01 -8.226674e+00 -5.131302e+00 -6.598093e+00 1.903593e+01 2.226795e-01 4.047703e-01 -2.714167e-02 -3.481996e-01 -3.629947e-02 -1.830124e-03 -6.740262e-01 -2.485456e-01 6.652534e-01 6.061823e-01 -3.175425e-02 -3.521735e-01 -9.780470e-03 -4.119936e-02 2.422689e-02 1.012649e-01 -2.060115e-02 -5.752153e-02 9.280074e-02 1.208927e-02 -1.581600e-01 -8.167586e-02 9.141870e-02 1.215681e-01 1.127321e-02 -2.515546e-02
<VARIANCE> 39
 6.096606e+00 8.372113e+00 1.528899e+01 1.468381e+01 1.914375e+01 2.241823e+01 4.157606e+01 3.061619e+01 3.916761e+01 3.568660e+01 3.181301e+01 4.011402e+01 1.219574e+00 8.019301e-02 1.367356e-01 2.629232e-01 2.764091e-01 3.857009e-01 5.136161e-01 7.290806e-01 1.007443e+00 7.301525e-01 8.526495e-01 7.860075e-01 6.995302e-01 1.317419e-02 1.109951e-02 1.420273e-02 3.353852e-02 3.312934e-02 4.694577e-02 6.865135e-02 7.735664e-02 9.557818e-02 1.049811e-01 1.012317e-01 9.136221e-02 8.845305e-02 1.196696e-03
<GCONST> 5.207061e+01
<STATE> 4
<MEAN> 39
 1.795857e-01 -3.746560e+00 -9.927753e+00 -1.348565e+01 -3.321486e+00 -1.008207e+01 -4.948333e+00 -7.351734e+00 1.041520e+00 -2.362674e+00 -1.811456e-01 -7.006005e+00 1.844964e+01 -3.489217e-01 2.883484e-01 8.527646e-01 1.506635e-01 -2.191874e-01 3.720622e-01 2.102854e-01 -5.767158e-01 -5.871390e-01 -1.045116e-01 5.085390e-01 4.136027e-01 -2.309723e-01 -1.311829e-01 -1.056987e-01 5.178290e-02 1.420525e-01 1.060558e-01 8.462793e-02 1.853627e-01 8.487558e-02 -1.051062e-01 -1.824103e-01 -7.829689e-02 8.000726e-02 -4.433905e-02
<VARIANCE> 39
 6.289122e+00 7.035548e+00 1.860409e+01 1.555379e+01 1.894215e+01 2.848336e+01 3.128903e+01 2.747458e+01 3.059623e+01 3.712088e+01 3.964684e+01 3.650265e+01 1.765250e+00 2.388027e-01 3.546371e-01 4.246828e-01 5.876408e-01 6.868599e-01 8.707324e-01 1.177385e+00 1.224053e+00 1.196373e+00 1.307600e+00 1.200798e+00 1.026233e+00 3.050776e-02 2.296796e-02 3.298847e-02 6.565741e-02 6.524003e-02 9.786771e-02 1.571439e-01 1.654304e-01 1.874419e-01 2.028768e-01 1.907322e-01 1.711994e-01 1.632023e-01 2.734668e-03
<GCONST> 6.920590e+01
<TRANSP> 5
 0.000000e+00 1.000000e+00 0.000000e+00 0.000000e+00 0.000000e+00
 0.000000e+00 8.828793e-01 1.171208e-01 0.000000e+00 0.000000e+00
 0.000000e+00 0.000000e+00 8.919356e-01 1.080644e-01 0.000000e+00
 0.000000e+00 0.000000e+00 0.000000e+00 8.561679e-01 1.438321e-01
 0.000000e+00 0.000000e+00 0.000000e+00 0.000000e+00 0.000000e+00
<ENDHMM>
~h "sp"
<BEGINHMM>
<NUMSTATES> 5
<STATE> 2
~s "silst"
<STATE> 3
<MEAN> 39
 -7.784599e+00 -6.387024e+00 -6.133493e+00 -9.646183e+00 -1.404887e+00 -4.029811e+00 -6.854095e-01 -8.565066e+00 -2.840089e+00 -5.587816e+00 9.325641e-01 -4.055949e+00 1.479987e+01 -9.310001e-02 -1.396368e-02 -1.064567e-01 6.667189e-04 -2.357803e-02 2.711837e-02 -7.871485e-03 3.443817e-02 3.527511e-04 1.769189e-02 3.196937e-02 3.849646e-02 -1.217530e-02 6.354152e-02 7.791918e-02 6.218161e-02 -1.497576e-02 -8.985481e-03 -5.951131e-02 -3.772415e-02 -1.988661e-02 -8.791618e-03 -1.530402e-02 -3.362948e-02 -3.296869e-02 4.375508e-02
<VARIANCE> 39
 5.509327e+00 6.131783e+00 8.888581e+00 1.038895e+01 1.451346e+01 1.562060e+01 1.561487e+01 1.667768e+01 1.761011e+01 1.651153e+01 1.602687e+01 1.381861e+01 1.091752e+00 1.608868e-01 2.426216e-01 3.664035e-01 4.378928e-01 5.707006e-01 6.832701e-01 6.542203e-01 7.269069e-01 7.444268e-01 6.601378e-01 6.564469e-01 5.708106e-01 7.553889e-03 3.387903e-02 5.447537e-02 7.311713e-02 9.157097e-02 1.148144e-01 1.429394e-01 1.325113e-01 1.441855e-01 1.471099e-01 1.255613e-01 1.260791e-01 1.146125e-01 4.122994e-03
<GCONST> 5.544477e+01
<STATE> 4
<MEAN> 39
 -8.278073e+00 -5.158231e+00 -6.119437e+00 -9.137260e+00 -1.765248e+00 -3.883808e+00 -8.764549e-01 -8.372198e+00 -2.942024e+00 -5.558993e+00 7.018972e-01 -4.119157e+00 1.509183e+01 4.131896e-01 1.684519e-01 1.752615e-01 -2.682527e-01 -3.044867e-01 -4.444602e-01 -3.072066e-02 7.195706e-02 -9.754332e-03 -5.603900e-02 -2.503886e-01 -1.343345e-01 2.871875e-01 2.246325e-01 1.251857e-02 4.856576e-02 -1.666163e-01 -1.810621e-01 -2.320908e-01 3.377272e-03 2.915989e-02 1.689767e-02 -2.790351e-03 -1.256350e-01 -9.824539e-02 1.312201e-01
<VARIANCE> 39
 1.124506e+01 1.085067e+01 1.619659e+01 1.469768e+01 1.846339e+01 1.800141e+01 1.791286e+01 1.983940e+01 2.138486e+01 1.968992e+01 1.883138e+01 1.705260e+01 1.504261e+00 6.019961e-01 5.408737e-01 8.051184e-01 8.680542e-01 1.074478e+00 1.081170e+00 9.313527e-01 1.280527e+00 1.095714e+00 1.034693e+00 9.843883e-01 8.289509e-01 6.173603e-02 6.915362e-02 1.119165e-01 1.681370e-01 1.568591e-01 2.068527e-01 1.964641e-01 1.786841e-01 2.319355e-01 2.124418e-01 1.885443e-01 1.809514e-01 1.653400e-01 8.207924e-03
<GCONST> 7.542647e+01
<TRANSP> 5
 0.000000e+00 8.265321e-01 1.734679e-01 0.000000e+00 0.000000e+00
 0.000000e+00 7.953655e-01 2.046344e-01 0.000000e+00 0.000000e+00
 0.000000e+00 0.000000e+00 8.559749e-01 1.440252e-01 0.000000e+00
 0.000000e+00 0.000000e+00 0.000000e+00 5.477077e-01 4.522923e-01
 0.000000e+00 0.000000e+00 0.000000e+00 0.000000e+00 0.000000e+00
<ENDHMM>
~h "seven"
<BEGINHMM>
<NUMSTATES> 5
<STATE> 2
<MEAN> 39
 -5.682797e+00 -4.299541e+00 -4.874760e+00 -1.377186e+01 -7.082967e+00 -6.960071e+00 2.065911e+00 -7.978364e+00 -1.555434e+00 -5.000567e+00 -2.945322e+00 -6.191283e+00 1.731818e+01 4.669168e-01 -2.724738e-01 2.342234e-01 -1.314264e+00 -7.815639e-01 -1.607924e-01 1.084718e+00 1.492340e-02 1.035159e-01 -3.708296e-01 -7.989437e-01 -6.505966e-01 6.854081e-01 -1.893878e-01 -1.787098e-01 -1.921451e-01 1.483087e-01 2.483999e-01 3.194509e-01 -1.307101e-02 2.416354e-02 -1.484489e-01 -1.178620e-01 9.085607e-02 8.265618e-02 -3.833560e-02
<VARIANCE> 39
 1.060464e+01 6.395984e+00 1.009424e+01 2.899697e+01 3.428595e+01 3.015537e+01 2.946806e+01 2.583603e+01 2.882912e+01 6.095046e+01 2.717364e+01 2.719688e+01 4.021759e+00 6.528634e-01 5.467011e-01 7.622454e-01 9.107951e-01 1.821009e+00 1.941716e+00 1.366250e+00 1.214158e+00 1.513698e+00 2.094228e+00 1.227752e+00 1.539927e+00 6.615435e-02 8.448608e-02 5.864560e-02 8.704913e-02 2.303104e-01 2.889990e-01 2.082824e-01 1.950014e-01 1.475550e-01 1.633242e-01 2.915832e-01 1.958039e-01 2.148434e-01 3.019094e-02
<GCONST> 8.477816e+01
<STATE> 3
<MEAN> 39
 -6.256343e+00 -8.560600e+00 -5.683739e+00 -1.584768e+01 -4.505959e+00 -2.660510e+00 5.216264e+00 -9.288701e+00 -3.233437e+00 -7.554779e+00 -3.804306e+00 -5.828123e+00 1.910189e+01 1.540976e-01 -2.109464e-01 1.530085e-01 6.108357e-01 1.577286e-01 -2.033635e-01 -1.283379e-01 3.346030e-01 -4.552016e-01 2.235134e-01 2.474591e-01 1.069359e-01 -1.106157e-01 1.014274e-01 2.167118e-01 1.425106e-01 2.522333e-01 -3.669754e-02 -2.975278e-01 -2.917736e-01 9.786118e-02 6.455755e-02 6.754569e-02 1.669091e-01 -3.460677e-02 -1.163080e-01
<VARIANCE> 39
 9.136407e+00 9.173435e+00 8.127556e+00 1.566806e+01 4.674089e+01 3.062116e+01 3.269895e+01 3.882363e+01 5.062925e+01 4.532719e+01 3.520517e+01 3.272666e+01 1.259739e+00 3.432776e-01 5.505444e-01 3.781313e-01 6.100188e-01 1.219069e+00 1.496116e+00 1.179960e+00 9.847961e-01 1.057920e+00 1.580320e+00 1.621147e+00 9.400039e-01 5.934975e-02 4.357336e-02 4.220948e-02 4.612752e-02 9.893224e-02 2.039737e-01 1.356077e-01 1.916469e-01 1.512622e-01 1.974454e-01 1.844318e-01 2.490679e-01 1.693019e-01 4.733096e-03
<GCONST> 7.546452e+01
<STATE> 4
<MEAN> 39
 -3.270505e+00 -4.201540e+00 -2.077769e+00 -9.810902e+00 -4.105356e+00 -7.990427e+00 -4.184959e-01 -7.770553e+00 -3.938060e+00 -6.630013e+00 -1.669257e+00 -7.038742e+00 1.716539e+01 1.051303e-01 3.777955e-01 2.384679e-01 2.480327e-01 3.925915e-01 -4.157124e-02 -4.500628e-01 -3.496308e-01 4.931452e-02 -8.086161e-02 9.327523e-02 -1.187552e-02 -9.396690e-02 -4.229729e-02 -5.500691e-02 -5.190054e-02 -7.289408e-02 1.034922e-02 1.155800e-01 8.645566e-02 -5.376177e-02 7.055757e-04 -1.608790e-03 -4.353412e-02 3.824977e-02 1.834476e-02
<VARIANCE> 39
 4.984230e+00 1.071602e+01 1.036938e+01 1.384394e+01 2.865126e+01 3.240818e+01 2.651570e+01 4.169786e+01 3.199027e+01 3.593119e+01 3.237328e+01 2.850877e+01 1.755566e+00 1.951999e-01 4.222398e-01 4.851319e-01 9.374974e-01 1.403535e+00 1.189492e+00 1.690315e+00 1.276774e+00 1.426803e+00 1.410503e+00 1.287859e+00 9.411287e-01 9.306132e-02 3.571399e-02 8.109891e-02 8.893296e-02 1.530970e-01 2.527941e-01 2.065224e-01 2.871987e-01 2.313279e-01 2.308158e-01 2.416678e-01 2.153379e-01 1.505840e-01 1.529878e-02
<GCONST> 7.911630e+01
<TRANSP> 5
 0.000000e+00 1.000000e+00 0.000000e+00 0.000000e+00 0.000000e+00
 0.000000e+00 8.007473e-01 1.992527e-01 0.000000e+00 0.000000e+00
 0.000000e+00 0.000000e+00 8.505193e-01 1.494807e-01 0.000000e+00
 0.000000e+00 0.000000e+00 0.000000e+00 9.307709e-01 6.922913e-02
 0.000000e+00 0.000000e+00 0.000000e+00 0.000000e+00 0.000000e+00
<ENDHMM>
~h "three"
<BEGINHMM>
<NUMSTATES> 5
<STATE> 2
<MEAN> 39
 -2.986469e+00 -7.004915e+00 -1.213005e-01 -9.023424e+00 -1.083354e+01 -1.086571e+01 -1.304966e+00 -8.915706e+00 -1.691242e+00 -5.049985e+00 -1.668439e-01 -5.334772e+00 1.746742e+01 4.321103e-01 -1.013769e-01 9.545001e-01 -3.481776e-01 -1.517877e+00 -2.394135e-02 -3.012108e-01 -2.308030e-01 4.220406e-01 9.886928e-02 -2.048723e-02 -2.372373e-01 3.618973e-01 -1.864680e-01 1.352429e-01 -1.090923e-02 -2.992990e-01 2.594808e-01 2.968313e-01 -1.716053e-01 3.024697e-02 6.897698e-02 -2.165423e-02 4.234644e-02 9.038729e-03 -3.552702e-02
<VARIANCE> 39
 1.126171e+01 1.280392e+01 1.762657e+01 3.030226e+01 5.407912e+01 4.897173e+01 2.372602e+01 2.735242e+01 2.850888e+01 2.613186e+01 3.455019e+01 3.181900e+01 2.698464e+00 8.216754e-01 7.495243e-01 7.997542e-01 2.277256e+00 2.007619e+00 3.573598e+00 1.527841e+00 1.584200e+00 1.255676e+00 1.077620e+00 1.374087e+00 1.264185e+00 6.042115e-02 1.107923e-01 1.507205e-01 1.407050e-01 2.952404e-01 4.959439e-01 4.297422e-01 2.957088e-01 2.471264e-01 1.962016e-01 1.809082e-01 1.971411e-01 1.909799e-01 9.799051e-03
<GCONST> 9.023323e+01
<STATE> 3
<MEAN> 39
 -5.250975e+00 -3.188880e+00 5.482744e+00 -1.951772e+01 -1.165715e+01 -4.197177e+00 -9.068295e+00 -8.301333e+00 1.780088e+00 -5.898868e+00 1.014775e+00 -5.996821e+00 1.863925e+01 -8.320906e-01 1.811913e+00 -3.849831e-01 -1.583989e+00 2.453256e+00 -3.117973e-01 -1.350451e+00 9.291274e-01 -5.122315e-01 -2.134479e-01 1.052132e-01 3.086848e-02 -3.480140e-02 6.601011e-02 8.394782e-02 -4.501399e-01 5.645677e-01 3.108292e-01 -6.670578e-01 4.761247e-01 1.178507e-02 -3.563879e-01 8.775654e-02 -5.731597e-02 3.486684e-02 -5.086857e-02
<VARIANCE> 39
 7.687347e+00 2.365092e+01 1.193220e+01 2.833446e+01 5.958780e+01 2.842433e+01 4.055113e+01 6.531620e+01 2.671417e+01 2.836520e+01 3.813159e+01 3.023834e+01 1.301870e+00 2.423663e-01 5.902581e-01 9.321353e-01 1.805529e+00 1.212440e+00 3.461743e+00 2.138896e+00 1.282741e+00 1.314924e+00 1.109750e+00 6.863058e-01 7.764719e-01 1.716924e-02 4.637807e-02 1.515845e-01 9.189712e-02 2.093124e-01 4.741139e-01 2.438207e-01 3.501084e-01 3.758470e-01 1.744918e-01 1.460068e-01 1.331301e-01 1.109950e-01 2.003444e-03
<GCONST> 8.147607e+01
<STATE> 4
<MEAN> 39
 -6.736493e+00 4.126958e+00 -1.792249e+00 -1.623786e+01 -1.302297e+00 -1.263549e+01 -5.373003e+00 -8.238149e+00 -3.448166e+00 -4.951268e+00 -2.841610e-01 -6.258182e+00 1.785771e+01 1.577499e-01 -1.226856e-01 -5.470062e-01 9.809129e-01 3.863629e-01 -9.059034e-02 7.127883e-01 -3.789582e-01 -2.936136e-01 -2.789731e-02 -1.982768e-01 2.936457e-03 -1.814477e-01 6.162799e-02 -3.139448e-01 9.778591e-02 7.078885e-02 -2.245432e-01 3.160553e-01 2.708433e-02 -2.433740e-02 1.380218e-01 -3.564074e-02 2.395433e-02 1.244974e-02 -2.581868e-02
<VARIANCE> 39
 7.490734e+00 1.509467e+01 1.606689e+01 3.011524e+01 2.245519e+01 2.513015e+01 4.733253e+01 4.431009e+01 3.233099e+01 4.066915e+01 4.086158e+01 3.693450e+01 1.619171e+00 2.123027e-01 1.309624e+00 6.361905e-01 8.469438e-01 1.165816e+00 1.991804e+00 1.293330e+00 1.491266e+00 1.225342e+00 1.168973e+00 8.568497e-01 8.752961e-01 2.490681e-02 3.737947e-02 9.188524e-02 7.137505e-02 1.558384e-01 1.819044e-01 1.704571e-01 2.068890e-01 2.185889e-01 1.744908e-01 1.660926e-01 1.335492e-01 1.309434e-01 2.718273e-03
<GCONST> 7.729632e+01
<TRANSP> 5
 0.000000e+00 1.000000e+00 0.000000e+00 0.000000e+00 0.000000e+00
 0.000000e+00 8.791905e-01 1.208095e-01 0.000000e+00 0.000000e+00
 0.000000e+00 0.000000e+00 7.833488e-01 2.166512e-01 0.000000e+00
 0.000000e+00 0.000000e+00 0.000000e+00 8.891789e-01 1.108212e-01
 0.000000e+00 0.000000e+00 0.000000e+00 0.000000e+00 0.000000e+00
<ENDHMM>
~h "one"
<BEGINHMM>
<NUMSTATES> 5
<STATE> 2
<MEAN> 39
 -5.552847e-01 -3.776035e+00 -9.292975e+00 -1.282740e+01 -1.661027e+00 -5.563289e+00 -2.021329e+00 -8.864634e+00 -2.705012e+00 -6.731275e+00 -1.552063e+00 -7.301547e+00 1.775225e+01 2.762799e-01 -4.079427e-01 -8.744425e-01 4.611052e-01 4.902398e-01 4.150047e-02 -2.920157e-01 2.275752e-01 2.054329e-01 -3.065318e-01 -3.895727e-01 -2.716928e-01 2.371983e-01 -1.198570e-01 -1.469233e-01 5.487441e-02 2.661203e-01 8.145271e-03 -1.161075e-01 -1.525853e-02 9.405012e-02 -1.105599e-02 -9.058533e-02 1.142309e-02 8.371003e-02 -2.132174e-02
<VARIANCE> 39
 7.517532e+00 9.258425e+00 2.884693e+01 2.286510e+01 2.895207e+01 2.536347e+01 2.284625e+01 2.067374e+01 2.828533e+01 2.398923e+01 2.968801e+01 2.871815e+01 2.260550e+00 4.571445e-01 7.991289e-01 8.712893e-01 2.245327e+00 1.371643e+00 1.441871e+00 1.269480e+00 1.066906e+00 1.132892e+00 1.021150e+00 1.095540e+00 1.045422e+00 4.806066e-02 4.462043e-02 6.115922e-02 1.909485e-01 2.173993e-01 2.633478e-01 2.529669e-01 2.370442e-01 1.811966e-01 2.007911e-01 1.693452e-01 1.889291e-01 1.836470e-01 4.981111e-03
<GCONST> 8.016089e+01
<STATE> 3
<MEAN> 39
 -2.364850e+00 -1.071524e+01 -1.090397e+01 -1.688296e+00 -4.408166e-01 -9.496490e+00 -2.449363e+00 -4.203326e+00 -3.533590e+00 -1.173096e+01 -2.378548e+00 -6.052935e+00 1.853575e+01 -6.083399e-01 -3.742343e-01 1.339254e+00 5.734295e-01 -1.353898e+00 -3.289507e-01 1.196608e+00 -8.824387e-02 -9.254420e-01 -9.291551e-02 5.868632e-01 1.201566e-01 -4.915110e-02 2.352355e-02 3.139212e-01 2.519150e-01 -5.824360e-01 -1.346227e-01 3.768313e-01 9.238345e-02 -4.380080e-01 -4.536268e-04 3.809450e-01 4.422828e-02 -1.771201e-01 -2.978433e-02
<VARIANCE> 39
 6.134842e+00 9.603637e+00 1.864689e+01 2.375421e+01 2.698950e+01 1.739808e+01 3.765089e+01 3.136566e+01 4.645762e+01 3.754550e+01 3.383662e+01 3.320204e+01 1.544394e+00 1.544838e-01 5.155252e-01 6.040486e-01 1.829816e+00 7.391753e-01 1.710364e+00 1.006650e+00 2.246416e+00 1.164808e+00 1.864018e+00 1.028124e+00 1.293702e+00 8.474634e-03 2.362219e-02 5.254639e-02 1.007551e-01 1.224637e-01 2.850173e-01 1.527789e-01 3.756588e-01 1.780557e-01 3.357700e-01 2.001483e-01 2.674393e-01 1.679748e-01 8.551579e-04
<GCONST> 7.511335e+01
<STATE> 4
<MEAN> 39
 -4.107151e+00 -5.426762e+00 -1.643948e+00 -8.743590e+00 -4.072361e+00 -5.847375e+00 -1.670506e+00 -1.195295e+01 -4.643942e+00 -8.695435e+00 -2.586191e+00 -8.296394e+00 1.778494e+01 1.506279e-01 9.724459e-01 6.276193e-01 -7.307674e-01 4.273539e-01 -6.573032e-02 -6.324403e-01 -4.454612e-01 8.233948e-02 2.309073e-01 -1.757870e-01 5.087493e-02 -1.280089e-01 4.462711e-02 -6.814726e-02 -2.143172e-01 1.669929e-01 1.619260e-01 -6.935456e-02 -6.887496e-02 1.652662e-01 1.388082e-02 -1.165227e-01 1.015932e-02 7.512184e-02 -5.538631e-03
<VARIANCE> 39
 6.951255e+00 2.331251e+01 1.104254e+01 2.147205e+01 1.960624e+01 4.669200e+01 3.619755e+01 3.534749e+01 4.122723e+01 4.575467e+01 3.327267e+01 3.780936e+01 1.326241e+00 2.770912e-01 6.121623e-01 8.055934e-01 1.205533e+00 9.152351e-01 1.970400e+00 1.134431e+00 1.445967e+00 1.609736e+00 1.543593e+00 9.450135e-01 9.600616e-01 1.268649e-02 4.886205e-02 1.201519e-01 8.168492e-02 1.342845e-01 2.007591e-01 3.084235e-01 2.742876e-01 1.859578e-01 2.306632e-01 2.260699e-01 1.687347e-01 1.677015e-01 1.600819e-03
<GCONST> 7.853197e+01
<TRANSP> 5
 0.000000e+00 1.000000e+00 0.000000e+00 0.000000e+00 0.000000e+00
 0.000000e+00 8.979649e-01 1.020351e-01 0.000000e+00 0.000000e+00
 0.000000e+00 0.000000e+00 8.247450e-01 1.752550e-01 0.000000e+00
 0.000000e+00 0.000000e+00 0.000000e+00 8.840724e-01 1.159276e-01
 0.000000e+00 0.000000e+00 0.000000e+00 0.000000e+00 0.000000e+00
<ENDHMM>
~h "sil"
<BEGINHMM>
<NUMSTATES> 5
<STATE> 2
<MEAN> 39
 -6.775676e+00 -6.751465e+00 -5.110848e+00 -9.128550e+00 -4.295551e-02 -3.417235e+00 1.617288e-01 -8.549877e+00 -2.629253e+00 -5.772484e+00 5.627940e-01 -4.291755e+00 1.461530e+01 -3.741305e-02 -1.857072e-03 -1.023821e-03 3.512978e-02 4.289704e-02 2.769462e-02 4.712183e-02 2.381937e-03 -1.788692e-02 6.019931e-03 1.744046e-02 1.397375e-02 -1.222610e-02 -2.621088e-02 -3.392526e-02 -7.340156e-02 -1.071184e-01 -1.160998e-01 -1.130237e-01 -5.990186e-02 -6.450910e-03 -2.022242e-02 1.076024e-02 3.636599e-02 2.842158e-02 1.847109e-03
<VARIANCE> 39
 3.573252e+00 4.315441e+00 5.925176e+00 7.595345e+00 1.200755e+01 1.367232e+01 1.465016e+01 1.628309e+01 1.569353e+01 1.373460e+01 1.577465e+01 1.307687e+01 1.166729e+00 7.714164e-02 1.577569e-01 2.692845e-01 3.717446e-01 4.925822e-01 6.547793e-01 6.776303e-01 7.097850e-01 6.920971e-01 5.737237e-01 6.344461e-01 5.616021e-01 4.938685e-03 1.077226e-02 2.382327e-02 4.006925e-02 5.009636e-02 7.102425e-02 1.020548e-01 1.069394e-01 1.297975e-01 1.115421e-01 9.227063e-02 1.053142e-01 9.910642e-02 6.268094e-04
<GCONST> 4.361495e+01
<STATE> 3
~s "silst"
<STATE> 4
<MEAN> 39
 -7.619586e+00 -7.344548e+00 -6.634796e+00 -1.117741e+01 -2.168547e+00 -5.381715e+00 -1.000276e+00 -8.626537e+00 -2.683567e+00 -5.388351e+00 1.460364e+00 -3.850486e+00 1.448266e+01 -2.926002e-03 6.937885e-03 -2.951308e-02 -3.201753e-02 -5.635840e-02 -2.241602e-02 -6.055455e-02 -6.653895e-03 -3.224272e-03 -6.657177e-03 -2.272304e-02 -2.106047e-02 1.576664e-04 4.001525e-02 5.993895e-02 9.776586e-02 1.270999e-01 1.313936e-01 1.243305e-01 6.153215e-02 1.333311e-02 2.439125e-02 -1.784813e-02 -5.640881e-02 -3.958404e-02 9.088085e-03
<VARIANCE> 39
 3.540032e+00 4.178882e+00 6.419715e+00 7.871136e+00 1.127277e+01 1.264900e+01 1.500533e+01 1.601485e+01 1.777780e+01 1.534557e+01 1.513266e+01 1.345238e+01 9.948667e-01 7.832399e-02 1.695763e-01 2.895947e-01 4.172155e-01 5.060883e-01 6.775545e-01 5.973071e-01 7.461125e-01 7.117816e-01 6.091447e-01 7.022700e-01 6.144108e-01 3.314597e-03 1.455909e-02 2.905255e-02 4.211600e-02 5.746953e-02 7.384136e-02 1.096063e-01 1.041708e-01 1.290230e-01 1.338302e-01 1.061485e-01 1.176124e-01 1.101791e-01 1.143357e-03
<GCONST> 4.566448e+01
<TRANSP> 5
 0.000000e+00 1.000000e+00 0.000000e+00 0.000000e+00 0.000000e+00
 0.000000e+00 7.725340e-01 2.428471e-02 2.031813e-01 0.000000e+00
 0.000000e+00 0.000000e+00 8.265018e-01 1.734982e-01 0.000000e+00
 0.000000e+00 1.886832e-01 0.000000e+00 7.407475e-01 7.056925e-02
 0.000000e+00 0.000000e+00 0.000000e+00 0.000000e+00 0.000000e+00
<ENDHMM>
~h "six"
<BEGINHMM>
<NUMSTATES> 5
<STATE> 2
<MEAN> 39
 -8.643420e+00 -4.224396e+00 -6.933738e+00 -8.766767e+00 -3.158127e+00 -4.311394e+00 -1.968126e+00 -8.224393e+00 -3.544749e+00 -3.966224e+00 1.136260e-01 -3.143605e+00 1.497348e+01 6.820529e-01 6.864439e-01 1.214986e+00 -1.403233e+00 -1.176438e+00 -1.227693e+00 4.659425e-02 -1.289300e-01 4.317573e-01 3.520832e-01 -5.251583e-01 -4.888848e-01 6.382229e-01 6.130933e-02 1.119989e-01 2.215381e-01 -4.781331e-01 -2.728720e-01 -1.616641e-01 4.495486e-02 7.754161e-02 2.054892e-01 -4.499632e-03 -1.359720e-01 -2.402597e-01 1.430656e-01
<VARIANCE> 39
 7.570482e+00 7.828040e+00 1.280607e+01 1.152291e+01 1.928328e+01 2.032672e+01 1.526054e+01 1.790166e+01 2.012438e+01 3.018639e+01 1.910580e+01 1.705811e+01 1.908196e+00 3.594799e-01 4.732413e-01 8.853045e-01 1.150589e+00 1.083063e+00 1.328173e+00 1.014371e+00 8.120564e-01 1.427207e+00 2.254447e+00 1.085082e+00 1.335440e+00 7.568929e-02 6.216941e-02 5.616874e-02 1.158809e-01 9.867370e-02 2.022604e-01 2.105644e-01 1.474153e-01 1.778755e-01 1.846247e-01 2.382089e-01 1.709400e-01 1.683321e-01 9.122014e-03
<GCONST> 7.425707e+01
<STATE> 3
<MEAN> 39
 -6.473237e+00 -1.101615e+00 -8.541650e-01 -2.013455e+01 -7.852879e+00 -8.725193e+00 -2.443062e+00 -6.374703e+00 2.529355e-01 -3.799937e+00 -2.523612e+00 -7.323167e+00 1.832923e+01 2.333636e-02 -8.912776e-02 2.175874e-01 -2.755499e-01 3.804153e-01 2.171763e-01 -2.750552e-01 1.710378e-01 3.518028e-02 -1.977992e-01 1.723116e-01 1.031206e-02 -5.004789e-02 -5.654176e-02 -2.053977e-01 -2.671477e-01 4.885214e-01 2.880428e-01 2.202215e-01 6.865022e-02 -9.152495e-02 -1.471675e-01 -5.857468e-02 1.515914e-01 1.664235e-01 -1.670935e-01
<VARIANCE> 39
 7.691015e+00 9.759743e+00 1.664450e+01 2.293944e+01 5.857530e+01 3.113586e+01 3.721987e+01 2.461921e+01 3.463824e+01 5.827335e+01 3.545073e+01 3.745907e+01 1.434374e+00 3.492317e-01 6.518434e-01 1.075623e+00 3.230335e+00 2.390191e+00 1.754153e+00 1.734677e+00 1.343236e+00 1.886898e+00 2.010970e+00 1.866366e+00 1.893740e+00 2.928740e-01 6.821273e-02 6.608737e-02 1.610568e-01 2.252995e-01 3.065618e-01 3.195001e-01 3.842538e-01 2.240710e-01 2.869825e-01 3.400771e-01 2.639529e-01 2.553623e-01 1.168285e-02
<GCONST> 9.187720e+01
<STATE> 4
<MEAN> 39
 -6.581477e+00 -6.286454e+00 -4.714631e+00 -1.080230e+01 -1.001366e+00 -3.971487e+00 -1.421114e+00 -8.749879e+00 -2.183685e+00 -5.857622e+00 1.166129e+00 -4.215124e+00 1.473324e+01 -2.419543e-01 -8.986060e-01 -9.814643e-01 1.435609e+00 3.920047e-01 4.107969e-01 8.942026e-01 -4.414435e-01 -2.626914e-01 -3.928278e-02 1.821695e-01 2.907146e-01 -4.543983e-01 -1.055384e-01 1.726124e-01 2.120235e-01 -4.351974e-01 -3.753699e-01 -1.559507e-01 -9.139098e-02 1.694743e-01 1.175081e-01 1.016906e-01 -1.760155e-01 -1.429015e-01 1.506230e-01
<VARIANCE> 39
 3.287156e+00 5.452827e+00 9.372030e+00 1.087412e+01 1.446077e+01 1.555045e+01 1.925382e+01 1.841115e+01 1.672134e+01 1.689277e+01 1.849616e+01 1.484237e+01 1.489902e+00 2.687219e-01 4.910645e-01 9.224636e-01 1.330881e+00 2.101059e+00 1.633131e+00 1.598839e+00 1.255932e+00 1.235776e+00 1.207297e+00 1.191967e+00 1.014576e+00 8.379303e-02 3.868625e-02 6.564158e-02 1.375645e-01 1.475224e-01 2.318543e-01 1.817732e-01 2.634872e-01 1.933699e-01 1.840846e-01 1.725247e-01 1.976674e-01 1.814861e-01 5.772522e-03
<GCONST> 7.240298e+01
<TRANSP> 5
 0.000000e+00 1.000000e+00 0.000000e+00 0.000000e+00 0.000000e+00
 0.000000e+00 7.130994e-01 2.869006e-01 0.000000e+00 0.000000e+00
 0.000000e+00 0.000000e+00 8.890401e-01 1.109598e-01 0.000000e+00
 0.000000e+00 0.000000e+00 0.000000e+00 7.542790e-01 2.457210e-01
 0.000000e+00 0.000000e+00 0.000000e+00 0.000000e+00 0.000000e+00
<ENDHMM>
~h "two"
<BEGINHMM>
<NUMSTATES> 5
<STATE> 2
<MEAN> 39
 -1.106259e+01 -3.201031e+00 -6.962410e+00 -1.046857e+01 -1.168915e+00 -3.877058e+00 -1.999122e+00 -7.579698e+00 -2.362437e+00 -5.689229e+00 1.133338e+00 -3.317859e+00 1.506642e+01 4.091881e-01 6.237302e-01 9.089512e-01 -5.375988e-01 -2.440404e-01 -3.130511e-01 -4.623127e-01 -1.868084e-01 5.684022e-02 -4.213542e-02 -2.341948e-01 -3.138157e-01 3.053140e-01 3.003526e-01 4.027940e-02 2.988233e-01 -1.363231e-01 -1.710050e-01 -2.185955e-01 -1.043738e-01 -1.183413e-01 -2.544098e-02 4.214808e-03 -7.393179e-02 -1.599009e-01 8.553343e-02
<VARIANCE> 39
 8.568344e+00 8.223618e+00 1.282820e+01 1.266189e+01 1.852935e+01 2.277175e+01 1.893132e+01 2.156387e+01 2.064340e+01 2.330411e+01 2.426920e+01 1.959041e+01 9.064318e-01 1.415069e+00 5.646340e-01 1.364664e+00 8.413948e-01 1.335940e+00 1.286841e+00 9.638968e-01 1.184430e+00 1.141721e+00 1.274526e+00 1.808014e+00 1.085421e+00 7.120311e-02 1.227648e-01 1.137296e-01 1.314319e-01 1.280881e-01 2.364326e-01 2.036083e-01 1.733828e-01 2.227014e-01 2.195745e-01 1.968866e-01 3.509785e-01 1.584974e-01 8.103194e-03
<GCONST> 7.882720e+01
<STATE> 3
<MEAN> 39
 -4.611963e+00 1.250191e+00 1.846368e+00 -1.548710e+01 -6.896612e+00 -9.911118e+00 -6.675591e+00 -1.043778e+01 -2.419358e+00 -5.182332e+00 -1.119480e+00 -7.299303e+00 1.839459e+01 6.710699e-01 5.483104e-01 7.531080e-01 -5.466805e-01 -1.164812e+00 -1.109706e+00 -5.705519e-01 -2.820458e-01 -6.623870e-02 1.256676e-01 -2.185551e-01 -6.291032e-01 4.539447e-01 -2.498960e-01 -2.325251e-01 -4.254983e-01 2.971550e-01 2.677507e-01 2.290893e-01 2.341780e-01 1.458249e-01 -1.835481e-02 -7.827005e-03 1.525684e-01 1.824303e-01 -1.438676e-01
<VARIANCE> 39
 7.478022e+00 8.112640e+00 1.365135e+01 2.239803e+01 3.992613e+01 2.574833e+01 2.824564e+01 2.450245e+01 3.155877e+01 5.522139e+01 4.385826e+01 4.825999e+01 1.054003e+00 5.719370e-01 6.279696e-01 9.952143e-01 1.463025e+00 1.292438e+00 1.200495e+00 1.678073e+00 1.519456e+00 1.853804e+00 1.991529e+00 2.411551e+00 1.870472e+00 8.923893e-02 6.136761e-02 5.439126e-02 8.132087e-02 1.258209e-01 2.074072e-01 1.822915e-01 2.046212e-01 1.915437e-01 2.133341e-01 2.745596e-01 2.883984e-01 2.220500e-01 6.714193e-03
<GCONST> 8.388863e+01
<STATE> 4
<MEAN> 39
 -3.234233e+00 -5.411733e-02 -4.046784e-02 -1.367053e+01 -7.125667e+00 -1.157538e+01 -5.644813e+00 -9.634604e+00 -2.707227e+00 -5.306563e+00 -1.600836e-01 -7.601755e+00 1.824141e+01 1.670199e-01 -2.229878e-01 -2.382564e-01 5.380694e-01 3.356326e-01 8.529692e-02 9.813401e-02 -5.468834e-02 -1.936220e-01 -8.631677e-02 7.824322e-02 1.597987e-01 -1.198438e-01 -4.353889e-02 -3.814608e-02 -2.673565e-02 2.477792e-02 9.601062e-02 1.095407e-01 5.176309e-02 4.562801e-03 1.974105e-02 1.161148e-03 -5.779331e-03 4.480921e-02 -3.532227e-02
<VARIANCE> 39
 5.892886e+00 7.954778e+00 1.254073e+01 2.979067e+01 3.401692e+01 2.155920e+01 3.316051e+01 3.371864e+01 3.985262e+01 4.294256e+01 5.474499e+01 4.158900e+01 1.357981e+00 1.335013e-01 1.530620e-01 3.771561e-01 6.213100e-01 9.109392e-01 8.549334e-01 8.813724e-01 1.028497e+00 9.015126e-01 9.883386e-01 1.046567e+00 9.324448e-01 1.450149e-02 2.164491e-02 2.518309e-02 5.078262e-02 8.865361e-02 1.056309e-01 1.240886e-01 1.292569e-01 1.598772e-01 1.488388e-01 1.527003e-01 1.594033e-01 1.460079e-01 2.351377e-03
<GCONST> 6.575445e+01
<TRANSP> 5
 0.000000e+00 1.000000e+00 0.000000e+00 0.000000e+00 0.000000e+00
 0.000000e+00 8.298570e-01 1.701431e-01 0.000000e+00 0.000000e+00
 0.000000e+00 0.000000e+00 7.682670e-01 2.317330e-01 0.000000e+00
 0.000000e+00 0.000000e+00 0.000000e+00 9.014010e-01 9.859902e-02
 0.000000e+00 0.000000e+00 0.000000e+00 0.000000e+00 0.000000e+00
<ENDHMM>
~h "nine"
<BEGINHMM>
<NUMSTATES> 5
<STATE> 2
<MEAN> 39
 -4.465491e+00 -4.319837e+00 -2.080732e+00 -8.921925e+00 -3.046470e+00 -6.194546e+00 -1.510344e+00 -1.117750e+01 -5.008580e+00 -8.089405e+00 -2.962859e+00 -7.815759e+00 1.757507e+01 -1.387125e-01 -6.755158e-01 -2.245248e-01 4.968760e-01 -4.944005e-01 1.759260e-01 3.890381e-01 -1.973684e-01 -3.700145e-02 -1.531092e-01 -1.766410e-01 -1.448322e-01 2.490966e-01 -3.843676e-02 -1.266414e-01 -7.498393e-02 1.151760e-01 1.932108e-02 -6.451231e-03 3.799500e-02 3.178971e-02 1.045162e-02 6.620276e-03 8.140912e-02 3.544686e-02 -1.086317e-02
<VARIANCE> 39
 8.935018e+00 2.042447e+01 1.531125e+01 1.687062e+01 2.864866e+01 2.898182e+01 3.202329e+01 2.753007e+01 4.736482e+01 3.539244e+01 3.014891e+01 3.279289e+01 2.290221e+00 5.319399e-01 1.580609e+00 1.145361e+00 1.118282e+00 1.136988e+00 1.424469e+00 1.645815e+00 1.278427e+00 1.529132e+00 1.155110e+00 1.246622e+00 1.038754e+00 3.756007e-02 6.480406e-02 1.816148e-01 1.344526e-01 1.402544e-01 2.017381e-01 2.222542e-01 2.428868e-01 1.863249e-01 1.999643e-01 1.610526e-01 1.731855e-01 1.448155e-01 4.911277e-03
<GCONST> 8.288586e+01
<STATE> 3
<MEAN> 39
 -6.290345e+00 -1.167318e+01 -4.987780e+00 -2.492170e+00 -5.655468e+00 -5.432703e+00 1.785484e+00 -1.126422e+01 -5.680335e+00 -9.068740e+00 -1.604375e+00 -7.685314e+00 1.862176e+01 -1.082302e-01 6.584527e-02 2.330474e-01 -2.054185e-01 -4.691528e-02 2.055006e-01 -7.335949e-02 -1.009720e-01 1.716802e-01 6.965802e-02 -3.992613e-02 3.047021e-02 -1.980853e-02 -3.029355e-03 1.878296e-01 7.745556e-02 -2.486434e-01 3.298646e-02 8.107598e-02 -1.011859e-01 -2.006088e-03 8.312678e-02 -5.353171e-03 -7.950273e-02 2.509020e-02 -1.439271e-02
<VARIANCE> 39
 7.198283e+00 8.452262e+00 2.463247e+01 3.136772e+01 1.880401e+01 3.042218e+01 3.088304e+01 3.410205e+01 4.309937e+01 4.184497e+01 2.805871e+01 3.031837e+01 1.011945e+00 8.114275e-02 3.209405e-01 4.020108e-01 1.031339e+00 4.631997e-01 6.108062e-01 5.230361e-01 4.995275e-01 6.119274e-01 6.480347e-01 6.581772e-01 5.176012e-01 4.579350e-03 1.054058e-02 2.931238e-02 3.925206e-02 5.255838e-02 6.927221e-02 6.523648e-02 7.262323e-02 7.665457e-02 7.948335e-02 8.554100e-02 7.632353e-02 7.775461e-02 3.923944e-04
<GCONST> 5.266092e+01
<STATE> 4
<MEAN> 39
 -6.224555e+00 -3.177540e+00 -1.628387e+00 -1.203931e+01 -1.903872e+00 -4.486319e+00 -3.315091e+00 -1.019800e+01 -2.793012e+00 -8.223876e+00 -3.092952e+00 -6.513741e+00 1.790047e+01 3.932358e-01 8.505345e-01 1.536448e-01 -3.116227e-01 5.440406e-01 -4.758727e-01 -4.746991e-01 3.282412e-01 -1.984559e-01 5.434334e-02 9.699902e-02 5.329325e-02 -1.226191e-01 4.392030e-02 -1.234517e-01 -3.683950e-02 2.358931e-01 -1.496664e-02 -7.370646e-02 1.047358e-01 -3.511600e-02 -1.091476e-01 2.594813e-02 7.984488e-02 -2.948088e-02 -1.024930e-02
<VARIANCE> 39
 1.143869e+01 2.012615e+01 1.218518e+01 2.403750e+01 3.584290e+01 3.416242e+01 3.369210e+01 2.992792e+01 4.909044e+01 3.963441e+01 3.857273e+01 4.242662e+01 1.075554e+00 4.065524e-01 9.274560e-01 5.742063e-01 1.872865e+00 1.354346e+00 1.383904e+00 1.361000e+00 1.284796e+00 1.676173e+00 1.184435e+00 1.059583e+00 1.024336e+00 9.877554e-03 5.697749e-02 9.924474e-02 8.642938e-02 1.493403e-01 1.943566e-01 2.404780e-01 1.806092e-01 1.979829e-01 2.317460e-01 1.954769e-01 1.707339e-01 1.415552e-01 1.006084e-03
<GCONST> 7.866531e+01
<TRANSP> 5
 0.000000e+00 1.000000e+00 0.000000e+00 0.000000e+00 0.000000e+00
 0.000000e+00 8.952661e-01 1.047338e-01 0.000000e+00 0.000000e+00
 0.000000e+00 0.000000e+00 9.108914e-01 8.910869e-02 0.000000e+00
 0.000000e+00 0.000000e+00 0.000000e+00 8.979712e-01 1.020289e-01
 0.000000e+00 0.000000e+00 0.000000e+00 0.000000e+00 0.000000e+00
<ENDHMM>
~h "five"
<BEGINHMM>
<NUMSTATES> 5
<STATE> 2
<MEAN> 39
 -4.084415e+00 -1.146762e+01 -1.017903e+01 -8.202944e+00 5.374837e-01 -8.237613e+00 3.418830e-01 -4.564160e+00 -5.316903e+00 -7.992828e+00 -1.891354e+00 -4.927072e+00 1.805120e+01 3.423975e-01 -1.177798e+00 -7.023767e-01 7.965294e-01 5.215195e-01 -6.289757e-01 3.406093e-01 3.808939e-01 -7.511260e-01 -2.051964e-01 -2.816640e-01 4.820480e-03 5.574328e-01 -1.974713e-01 3.594437e-02 1.869522e-01 8.629764e-02 -1.773065e-02 1.112631e-01 2.945506e-02 -2.127191e-01 3.475679e-02 1.435628e-01 1.671643e-01 5.199241e-02 -7.975093e-02
<VARIANCE> 39
 1.066096e+01 1.951562e+01 2.369660e+01 1.688499e+01 1.912840e+01 2.036923e+01 2.545642e+01 5.186444e+01 3.250606e+01 2.826707e+01 2.503724e+01 2.012058e+01 4.228204e+00 7.724984e-01 5.629407e-01 1.182109e+00 9.017811e-01 7.906746e-01 9.821008e-01 9.668306e-01 2.185220e+00 1.729100e+00 1.727903e+00 1.361143e+00 1.026555e+00 1.238247e-01 9.341182e-02 1.309991e-01 1.736530e-01 1.230455e-01 1.365629e-01 1.432583e-01 1.540533e-01 2.979043e-01 2.734432e-01 1.908699e-01 1.739276e-01 1.405925e-01 2.736332e-02
<GCONST> 8.418390e+01
<STATE> 3
<MEAN> 39
 -5.812101e+00 -1.545204e+01 -8.548941e+00 -3.641496e+00 1.423046e+00 -9.173057e+00 2.539629e+00 -7.500627e+00 -7.214588e+00 -5.444760e+00 -4.591307e-01 -4.499856e+00 1.904582e+01 -1.654639e-01 8.453632e-02 4.903788e-01 -2.594041e-01 -2.714494e-01 4.349419e-01 6.836520e-02 -3.990649e-01 2.745938e-02 3.040786e-01 6.009767e-02 -8.485826e-02 -4.863050e-02 4.026499e-02 1.140602e-01 1.108326e-02 -1.964626e-01 -5.454188e-02 9.319345e-02 -2.873554e-02 2.473823e-02 5.609114e-02 -4.925547e-02 -7.821099e-02 -1.857836e-02 -1.483185e-02
<VARIANCE> 39
 9.168993e+00 9.381783e+00 2.481513e+01 2.081556e+01 1.874493e+01 2.314535e+01 1.747716e+01 3.900807e+01 4.702339e+01 4.445823e+01 2.685412e+01 2.550746e+01 1.356685e+00 8.759310e-02 1.525445e-01 2.694790e-01 6.313176e-01 4.944552e-01 5.506181e-01 4.975036e-01 4.918932e-01 6.110123e-01 5.689459e-01 5.669960e-01 4.730306e-01 5.838620e-03 1.172209e-02 2.411479e-02 3.020982e-02 4.794220e-02 5.106905e-02 5.157437e-02 5.689703e-02 6.409446e-02 8.499764e-02 8.406517e-02 6.624572e-02 7.024176e-02 8.936272e-04
<GCONST> 4.955138e+01
<STATE> 4
<MEAN> 39
 -5.756167e+00 -9.422684e+00 -3.947178e+00 -1.390660e+01 -3.276196e+00 -2.810603e+00 1.874580e+00 -8.424746e+00 -4.214100e+00 -5.239795e+00 -2.267708e+00 -5.520291e+00 1.830585e+01 2.173902e-01 1.207816e+00 3.707209e-01 -6.450813e-01 -3.933154e-01 -1.013756e-01 -3.092990e-01 2.569752e-01 5.551174e-01 -2.125504e-01 -7.339225e-02 -8.885467e-02 -2.457169e-01 -1.717609e-02 -2.096668e-02 -5.238473e-02 3.435032e-01 1.398960e-01 -1.808496e-01 -6.316948e-02 -9.695436e-03 -4.263347e-02 1.676233e-02 1.217625e-01 3.977409e-02 -4.835287e-02
<VARIANCE> 39
 7.871234e+00 2.308137e+01 1.220171e+01 3.195531e+01 4.212484e+01 1.955133e+01 2.462358e+01 3.670518e+01 5.318694e+01 2.795407e+01 2.710319e+01 3.011039e+01 1.832267e+00 2.145701e-01 4.972329e-01 5.735007e-01 2.633845e+00 1.470799e+00 1.622563e+00 9.744224e-01 1.331589e+00 1.638039e+00 1.337858e+00 1.268254e+00 9.161411e-01 4.128408e-02 4.299980e-02 9.677386e-02 7.574224e-02 2.406519e-01 2.362709e-01 2.296835e-01 1.662041e-01 2.295820e-01 2.227491e-01 1.789339e-01 2.066818e-01 1.646158e-01 4.441886e-03
<GCONST> 8.034590e+01
<TRANSP> 5
 0.000000e+00 1.000000e+00 0.000000e+00 0.000000e+00 0.000000e+00
 0.000000e+00 8.450415e-01 1.549585e-01 0.000000e+00 0.000000e+00
 0.000000e+00 0.000000e+00 9.122647e-01 8.773533e-02 0.000000e+00
 0.000000e+00 0.000000e+00 0.000000e+00 8.640381e-01 1.359619e-01
 0.000000e+00 0.000000e+00 0.000000e+00 0.000000e+00 0.000000e+00
<ENDHMM>
~h "four"
<BEGINHMM>
<NUMSTATES> 5
<STATE> 2
<MEAN> 39
 -6.657361e+00 -6.493836e+00 -5.551298e+00 -9.796682e+00 -1.605865e+00 -5.609817e+00 -1.261455e+00 -8.426297e+00 -1.986735e+00 -5.576314e+00 9.330254e-01 -4.293608e+00 1.539266e+01 1.590999e+00 5.447016e-01 -9.271601e-01 -8.816301e-01 -3.100571e-01 -5.411873e-01 -7.042382e-01 -1.978291e-01 1.894009e-01 2.039302e-01 -3.513518e-01 -4.978634e-01 6.527473e-01 3.420203e-01 1.211208e-01 -3.355111e-01 -3.137800e-01 -5.524216e-02 -4.030384e-04 -7.502525e-02 -1.467502e-02 1.112227e-03 5.332426e-02 -7.711989e-02 -1.297815e-01 1.401811e-01
<VARIANCE> 39
 8.048425e+00 5.536312e+00 5.391492e+00 7.914434e+00 1.006060e+01 1.255057e+01 1.446263e+01 1.357140e+01 1.597544e+01 1.350328e+01 1.631119e+01 1.234984e+01 1.770159e+00 5.053148e-01 4.393989e-01 5.920340e-01 7.423624e-01 7.235377e-01 9.135149e-01 7.453708e-01 8.241863e-01 1.036379e+00 1.107330e+00 1.546318e+00 1.250311e+00 5.596459e-02 7.026332e-02 5.321689e-02 6.045343e-02 8.233624e-02 1.009052e-01 1.507433e-01 1.212863e-01 1.489365e-01 1.393367e-01 1.603157e-01 1.992705e-01 1.877768e-01 7.470665e-03
<GCONST> 6.420646e+01
<STATE> 3
<MEAN> 39
 1.600020e+00 -3.483273e+00 -1.218054e+01 -1.705701e+01 -4.000711e+00 -6.170074e+00 -3.166638e+00 -8.951405e+00 -1.396284e+00 -3.851435e+00 4.327792e-01 -6.779972e+00 1.891800e+01 2.992140e-01 -1.896400e-01 -3.218306e-01 -3.232083e-02 7.534719e-02 -1.603990e-02 -2.176687e-01 1.766338e-01 3.550892e-01 9.285599e-02 -2.291234e-01 -2.182699e-01 1.411009e-01 -1.734868e-01 -1.543206e-01 1.506297e-01 2.369252e-01 3.837503e-02 -3.716960e-02 3.774697e-02 1.111338e-01 4.739836e-02 -8.580652e-02 -5.611916e-02 5.686658e-02 -6.759875e-02
<VARIANCE> 39
 4.138716e+00 1.028597e+01 9.544099e+00 1.372640e+01 2.443937e+01 1.714424e+01 1.859377e+01 1.716479e+01 2.365393e+01 2.483933e+01 3.813626e+01 3.760331e+01 1.083483e+00 5.150072e-01 7.250779e-01 6.825750e-01 1.208161e+00 9.685078e-01 7.694768e-01 9.080967e-01 9.562927e-01 1.305974e+00 1.173415e+00 1.335987e+00 1.238323e+00 9.186875e-02 4.957965e-02 4.578635e-02 9.588095e-02 7.998238e-02 1.359889e-01 1.435226e-01 1.562648e-01 1.414022e-01 1.816760e-01 1.922554e-01 1.992457e-01 1.872676e-01 7.222219e-03
<GCONST> 7.248065e+01
<STATE> 4
<MEAN> 39
 -2.604699e-01 -1.131928e+01 -7.988493e+00 -8.553755e+00 -5.376503e+00 -8.954063e+00 -2.203914e+00 -4.220105e+00 6.548203e-01 -7.569454e+00 -3.913910e+00 -7.361311e+00 1.855129e+01 -5.525966e-01 -3.514386e-02 1.190477e+00 5.194711e-01 -5.962119e-01 2.771849e-02 6.856433e-01 -1.576619e-01 -6.827947e-01 -3.932349e-01 1.344756e-01 2.576962e-01 -2.035803e-01 -8.736895e-02 3.029613e-01 1.449166e-03 -2.189620e-01 1.354796e-01 2.162657e-01 1.417827e-02 -2.470918e-01 -1.515999e-01 1.219696e-01 1.778342e-01 3.029072e-02 -5.099162e-02
<VARIANCE> 39
 6.965485e+00 1.428871e+01 2.844223e+01 1.838070e+01 4.722420e+01 3.737109e+01 3.526753e+01 3.887659e+01 4.502846e+01 3.446815e+01 3.468133e+01 3.192763e+01 1.575290e+00 2.191326e-01 1.520780e+00 6.607985e-01 1.663055e+00 2.084135e+00 2.162676e+00 1.565032e+00 2.598574e+00 1.818952e+00 1.726746e+00 1.797287e+00 1.076322e+00 4.085515e-02 2.916816e-02 9.444696e-02 1.876152e-01 1.657020e-01 4.430141e-01 3.013754e-01 3.553143e-01 3.380187e-01 3.790270e-01 2.791947e-01 3.073155e-01 2.167146e-01 3.207856e-03
<GCONST> 8.836261e+01
<TRANSP> 5
 0.000000e+00 1.000000e+00 0.000000e+00 0.000000e+00 0.000000e+00
 0.000000e+00 6.987036e-01 3.012963e-01 0.000000e+00 0.000000e+00
 0.000000e+00 0.000000e+00 9.180705e-01 8.192950e-02 0.000000e+00
 0.000000e+00 0.000000e+00 0.000000e+00 8.710571e-01 1.289429e-01
 0.000000e+00 0.000000e+00 0.000000e+00 0.000000e+00 0.000000e+00
<ENDHMM>
~h "zero"
<BEGINHMM>
<NUMSTATES> 5
<STATE> 2
<MEAN> 39
 -6.833038e+00 -1.714382e+00 -4.571287e+00 -7.621284e+00 -2.704102e+00 -4.875051e+00 -2.884592e+00 -8.925727e+00 -3.718857e+00 -4.075840e+00 7.793608e-02 -4.387336e+00 1.568041e+01 2.783741e-01 1.038363e+00 9.634308e-01 -1.142826e+00 -8.317884e-01 -1.401606e+00 -6.157276e-01 -6.050924e-01 3.173378e-01 3.396457e-01 -1.267161e-01 -2.403557e-01 4.883116e-01 2.870465e-02 8.243233e-02 1.741448e-01 -3.513356e-01 -1.660485e-01 -2.133695e-01 7.008622e-03 -1.589825e-02 1.678940e-01 -1.830128e-04 3.095191e-02 -8.745722e-02 8.736265e-02
<VARIANCE> 39
 6.880786e+00 1.048657e+01 1.570790e+01 1.521562e+01 2.165184e+01 2.293147e+01 1.891813e+01 1.982774e+01 2.998162e+01 2.463449e+01 2.216990e+01 2.003142e+01 1.479715e+00 3.210986e-01 4.376182e-01 7.878788e-01 9.866301e-01 8.452823e-01 1.305385e+00 9.692513e-01 1.170051e+00 1.341897e+00 9.678666e-01 1.192182e+00 1.520304e+00 4.451855e-02 4.796744e-02 1.021695e-01 1.317246e-01 1.085121e-01 1.302388e-01 2.216376e-01 1.562365e-01 1.926400e-01 1.613115e-01 1.501463e-01 1.771528e-01 1.639163e-01 6.651931e-03
<GCONST> 7.352690e+01
<STATE> 3
<MEAN> 39
 -5.559001e+00 2.952792e-01 9.610611e-01 -1.696539e+01 -7.882531e+00 -9.166479e+00 -4.568425e+00 -8.429437e+00 1.897997e-01 -3.761566e+00 1.763352e-01 -6.838070e+00 1.841405e+01 3.379057e-01 -7.530537e-01 4.359428e-01 -1.577337e-01 -1.079654e+00 2.733037e-01 2.101597e-01 1.975830e-01 3.164374e-01 -8.128145e-02 4.359496e-02 -1.232491e-01 1.634642e-01 5.234718e-02 -2.684687e-01 -1.739918e-01 3.732587e-01 1.724206e-02 1.329788e-01 1.955420e-01 5.452164e-02 -8.803374e-02 -4.313519e-02 -1.323342e-02 7.232526e-02 -6.442351e-02
<VARIANCE> 39
 7.446022e+00 2.080275e+01 1.738599e+01 2.617406e+01 5.949822e+01 4.071159e+01 3.229691e+01 4.427631e+01 3.104551e+01 3.026040e+01 3.456226e+01 5.112911e+01 1.088648e+00 4.425192e-01 1.613459e+00 7.994223e-01 2.612646e+00 1.743999e+00 2.513136e+00 1.688852e+00 1.422842e+00 1.340027e+00 1.174252e+00 1.105224e+00 1.317125e+00 6.198683e-02 5.130722e-02 1.134731e-01 1.261270e-01 1.800231e-01 2.462882e-01 4.107379e-01 2.258262e-01 2.479918e-01 2.117637e-01 1.740536e-01 1.721963e-01 2.174222e-01 4.571771e-03
<GCONST> 8.702944e+01
<STATE> 4
<MEAN> 39
 -1.602208e+00 -1.052506e+01 -4.391624e+00 -9.802894e+00 -9.695707e+00 -8.047008e+00 5.676394e-01 -4.094547e+00 -1.800023e-01 -6.702106e+00 -1.006087e+00 -5.663719e+00 1.854425e+01 8.286234e-02 1.107814e-02 -5.514661e-01 1.615985e-01 6.695734e-01 -1.773072e-01 -1.849013e-02 2.090245e-01 -6.321631e-02 -1.492628e-01 -9.293678e-02 -7.963805e-03 -5.342352e-02 -5.974161e-02 1.435219e-01 6.330730e-02 -8.683137e-02 8.663394e-02 4.172823e-02 -9.811764e-02 -8.252887e-02 -2.014573e-02 3.447701e-02 2.078862e-02 -9.022270e-03 -1.774559e-02
<VARIANCE> 39
 6.461587e+00 1.770699e+01 2.651324e+01 2.674207e+01 6.261842e+01 5.437199e+01 3.558845e+01 3.639086e+01 4.422022e+01 3.495011e+01 2.491386e+01 3.293629e+01 1.493497e+00 2.242254e-01 8.359817e-01 6.290860e-01 1.035877e+00 1.224008e+00 1.671046e+00 1.527755e+00 1.765893e+00 1.574644e+00 1.377960e+00 1.023223e+00 9.269560e-01 1.572394e-02 2.390240e-02 3.491224e-02 7.634749e-02 1.109060e-01 1.910858e-01 2.324711e-01 1.871029e-01 1.959608e-01 2.165233e-01 1.823210e-01 1.466139e-01 1.334305e-01 1.764332e-03
<GCONST> 7.712277e+01
<TRANSP> 5
 0.000000e+00 1.000000e+00 0.000000e+00 0.000000e+00 0.000000e+00
 0.000000e+00 7.367947e-01 2.632053e-01 0.000000e+00 0.000000e+00
 0.000000e+00 0.000000e+00 8.918417e-01 1.081583e-01 0.000000e+00
 0.000000e+00 0.000000e+00 0.000000e+00 9.396173e-01 6.038272e-02
 0.000000e+00 0.000000e+00 0.000000e+00 0.000000e+00 0.000000e+00
<ENDHMM>
