~o
<STREAMINFO> 1 39
<VECSIZE> 39<NULLD><MFCC_E_D_A><DIAGC>
~h "eight"
<BEGINHMM>
<NUMSTATES> 5
<STATE> 2
<MEAN> 39
 -7.524262e+00 -3.425428e+00 -5.693405e+00 -1.668130e+01 -6.472281e-01 -5.182446e+00 5.464633e-01 -6.746635e+00 -1.554736e+00 -6.763807e+00 -1.027582e+00 -5.331586e+00 1.714912e+01 -1.900181e-01 7.575304e-01 -8.186673e-02 -7.814711e-01 3.923677e-02 -4.145893e-01 5.498110e-02 2.967985e-01 3.011562e-01 4.554315e-02 -9.449434e-02 -9.567258e-02 2.139846e-01 3.509405e-02 8.254476e-02 1.092705e-02 8.963490e-02 -4.103987e-02 -1.680767e-01 -8.082496e-02 -2.284267e-02 2.705456e-02 6.061790e-02 5.858136e-02 -4.580162e-03 3.466103e-03
<VARIANCE> 39
 1.075575e+01 2.305844e+01 1.835787e+01 3.944748e+01 4.045803e+01 2.353721e+01 2.441515e+01 2.433803e+01 3.137287e+01 2.547055e+01 2.575897e+01 2.447303e+01 3.380893e+00 3.360932e-01 9.651060e-01 6.847379e-01 1.411190e+00 1.254017e+00 1.634324e+00 1.348153e+00 1.128207e+00 1.374380e+00 1.216729e+00 1.140045e+00 1.007756e+00 1.229788e-01 4.082856e-02 8.491889e-02 8.461758e-02 2.011350e-01 1.478589e-01 1.778293e-01 1.529713e-01 1.814237e-01 2.320957e-01 1.695068e-01 1.833568e-01 1.573078e-01 1.323967e-02
<GCONST> 8.183721e+01
<STATE> 3
<MEAN> 39
 -7.935265e+00 5.475993e+00 -4.908600e+00 -1.664725e+01 -2.357277e+00 -1.441938e+01 -3.035232e+00 -8.590814e+00 -1.333285e+00 -4.426878e+00 9.894552e-01 -5.287213e+00 1.807283e+01 2.038419e-01 -4.290222e-01 1.808111e-01 9.720528e-01 1.361388e-01 6.934514e-02 -3.419796e-01 -6.694568e-01 -5.148368e-01 -4.113441e-02 2.100329e-01 1.945955e-01 -2.363293e-01 1.021260e-02 -3.328937e-01 -3.043311e-02 6.395987e-02 4.254458e-02 3.532525e-01 1.234181e-01 5.585857e-02 -2.347343e-02 -9.194084e-02 -6.257411e-02 3.916801e-03 -6.257650e-02
<VARIANCE> 39
 9.284471e+00 1.350722e+01 2.250868e+01 3.248514e+01 1.967646e+01 2.420519e+01 5.254548e+01 3.438115e+01 4.415742e+01 2.637308e+01 3.191336e+01 2.703316e+01 1.959819e+00 2.642210e-01 1.895688e+00 4.088300e-01 7.647213e-01 7.868125e-01 2.502149e+00 1.307332e+00 1.116775e+00 1.804254e+00 1.195108e+00 1.398758e+00 1.008695e+00 6.759331e-02 3.641373e-02 9.029867e-02 5.905536e-02 1.265764e-01 9.250858e-02 1.745029e-01 1.630076e-01 2.078774e-01 2.767948e-01 1.690446e-01 1.958875e-01 1.643074e-01 4.024229e-03
<GCONST> 7.874341e+01
<STATE> 4
<MEAN> 39
 -7.116767e+00 -6.541067e+00 -5.514878e+00 -1.004293e+01 -1.215375e+00 -4.682479e+00 -8.409402e-01 -8.921489e+00 -3.019660e+00 -5.935845e+00 9.428726e-01 -4.004977e+00 1.468662e+01 -7.179786e-02 -3.660484e-01 -1.176298e-01 1.204241e-01 -4.112495e-02 3.696102e-01 1.855419e-01 1.810011e-01 1.167377e-01 8.797204e-03 1.649085e-02 9.387982e-03 -9.300587e-02 -5.685274e-03 1.757349e-01 1.039994e-02 -6.684012e-02 -1.211832e-02 -1.464314e-01 -4.599054e-02 -1.503950e-02 -6.331560e-03 2.179365e-02 -5.186112e-03 -1.391512e-02 4.871764e-02
<VARIANCE> 39
 4.560893e+00 6.159153e+00 8.314758e+00 9.574127e+00 1.262566e+01 1.589434e+01 1.697652e+01 1.696683e+01 1.732072e+01 1.627313e+01 1.523352e+01 1.399439e+01 1.034501e+00 2.099295e-01 8.405242e-01 4.288092e-01 5.955233e-01 4.862397e-01 1.170447e+00 9.931197e-01 8.546663e-01 9.812967e-01 7.909756e-01 7.432476e-01 7.057064e-01 4.874194e-02 3.460031e-02 9.647739e-02 7.128505e-02 1.091523e-01 9.177046e-02 1.887646e-01 1.756934e-01 1.504275e-01 1.623780e-01 1.354730e-01 1.324254e-01 1.272723e-01 4.818405e-03
<GCONST> 6.216208e+01
<TRANSP> 5
 0.000000e+00 1.000000e+00 0.000000e+00 0.000000e+00 0.000000e+00
 0.000000e+00 9.121926e-01 8.780738e-02 0.000000e+00 0.000000e+00
 0.000000e+00 0.000000e+00 8.976268e-01 1.023732e-01 0.000000e+00
 0.000000e+00 0.000000e+00 0.000000e+00 9.213890e-01 7.861090e-02
 0.000000e+00 0.000000e+00 0.000000e+00 0.000000e+00 0.000000e+00
<ENDHMM>
~h "oh"
<BEGINHMM>
<NUMSTATES> 5
<STATE> 2
<MEAN> 39
 -5.072906e+00 -9.817537e+00 -7.833378e+00 -8.759860e+00 -2.347719e+00 -7.078436e+00 2.847755e+00 -7.616873e+00 -4.773005e+00 -6.878155e+00 -1.687974e+00 -4.955315e+00 1.721407e+01 4.015587e-01 -2.821493e-01 -5.485501e-01 2.171544e-01 1.401627e-01 -4.945692e-01 2.322907e-01 5.781041e-01 -1.037484e-01 -3.932611e-01 -3.404423e-01 -6.349521e-02 2.903815e-01 6.013418e-02 8.892393e-02 -1.210261e-02 -5.544874e-02 1.547174e-02 -6.012459e-02 -1.276604e-01 1.861850e-02 1.092552e-01 1.494792e-03 -5.272236e-02 -5.050195e-02 1.424374e-02
<VARIANCE> 39
 8.382306e+00 1.228219e+01 1.538582e+01 1.591971e+01 2.185689e+01 2.340161e+01 2.846190e+01 5.757657e+01 3.748621e+01 3.054211e+01 2.663985e+01 2.711323e+01 3.812012e+00 4.045046e-01 5.595050e-01 6.603168e-01 6.405976e-01 7.460979e-01 1.180176e+00 1.235327e+00 1.815302e+00 1.533159e+00 1.309645e+00 1.311777e+00 1.082004e+00 1.254166e-01 4.813059e-02 7.023267e-02 8.521727e-02 8.555456e-02 1.118070e-01 1.482320e-01 1.609972e-01 2.226749e-01 2.095435e-01 1.953586e-01 2.000353e-01 1.548820e-01 1.713554e-02
<GCONST> 7.894449e+01
<STATE> 3
<MEAN> 39
 -4.965992e-01 -8.085561e+00 -1.303811e+01 -1.018378e+01 -8.909646e-01 -1.201037e+01 -8.892387e-01 -1.284799e+00 1.939167e-01 -7.884272e+00 -5.009706e+00 -6.855098e+00 1.903839e+01 2.239071e-01 4.083353e-01 -6.301220e-03 -3.375471e-01 -6.150931e-02 -1.964734e-02 -6.569722e-01 -2.515011e-01 6.164271e-01 5.838705e-01 3.178542e-02 -3.234859e-01 -1.058158e-02 -4.688026e-02 2.213275e-02 1.000644e-01 -1.014050e-02 -5.009495e-02 8.897685e-02 1.630280e-02 -1.447877e-01 -8.520348e-02 7.581960e-02 1.148444e-01 2.391843e-02 -2.662398e-02
<VARIANCE> 39
 6.028924e+00 9.347390e+00 1.555831e+01 1.589685e+01 1.975418e+01 2.333681e+01 4.428231e+01 3.314377e+01 4.055781e+01 3.755698e+01 3.123152e+01 3.914725e+01 1.183734e+00 8.543303e-02 1.427004e-01 2.976719e-01 2.936640e-01 3.913099e-01 5.535880e-01 7.245919e-01 1.116325e+00 7.998047e-01 8.947307e-01 8.656508e-01 6.944233e-01 1.391791e-02 1.175630e-02 1.537127e-02 3.537053e-02 3.572029e-02 4.852975e-02 7.178193e-02 8.156148e-02 1.012436e-01 1.109302e-01 1.074998e-01 9.628418e-02 9.289258e-02 1.245801e-03
<GCONST> 5.396379e+01
<STATE> 4
<MEAN> 39
 -7.418210e-01 -3.730196e+00 -8.383328e+00 -1.248796e+01 -3.622055e+00 -9.300142e+00 -4.000154e+00 -8.066673e+00 -2.979454e-01 -3.366247e+00 3.569723e-01 -6.248670e+00 1.795417e+01 -5.069023e-01 1.203022e-01 7.350000e-01 2.727177e-01 1.213593e-02 5.559246e-01 3.365021e-01 -4.405234e-01 -5.363584e-01 -1.885734e-01 3.968889e-01 4.349113e-01 -2.802318e-01 -1.126521e-01 -1.140013e-01 -2.907886e-02 7.595447e-02 9.950956e-02 8.985805e-02 1.345919e-01 9.031340e-02 -3.953823e-02 -1.066724e-01 -6.855584e-02 5.315355e-02 -3.464293e-02
<VARIANCE> 39
 9.361500e+00 7.810185e+00 2.079553e+01 1.825480e+01 1.941331e+01 2.692006e+01 3.110313e+01 2.683560e+01 3.199028e+01 4.008420e+01 3.906120e+01 3.790240e+01 2.412502e+00 3.826954e-01 4.593658e-01 5.507362e-01 6.217665e-01 8.842407e-01 1.264739e+00 1.251874e+00 1.298649e+00 1.305791e+00 1.263465e+00 1.279160e+00 1.245754e+00 5.453467e-02 3.299582e-02 4.469839e-02 8.896657e-02 8.728110e-02 1.096993e-01 1.661356e-01 1.871799e-01 1.997285e-01 2.127136e-01 2.068777e-01 1.755926e-01 1.748503e-01 4.194868e-03
<GCONST> 7.532736e+01
<TRANSP> 5
 0.000000e+00 1.000000e+00 0.000000e+00 0.000000e+00 0.000000e+00
 0.000000e+00 9.027607e-01 9.723926e-02 0.000000e+00 0.000000e+00
 0.000000e+00 0.000000e+00 9.042472e-01 9.575283e-02 0.000000e+00
 0.000000e+00 0.000000e+00 0.000000e+00 8.838431e-01 1.161569e-01
 0.000000e+00 0.000000e+00 0.000000e+00 0.000000e+00 0.000000e+00
<ENDHMM>
~h "seven"
<BEGINHMM>
<NUMSTATES> 5
<STATE> 2
<MEAN> 39
 -8.806632e+00 -4.769282e+00 -7.050018e+00 -8.596655e+00 -2.107394e+00 -3.131446e+00 -1.276509e+00 -8.136147e+00 -2.909429e+00 -5.214480e+00 6.799263e-01 -3.793395e+00 1.484347e+01 4.741071e-02 -4.084796e-02 -4.356905e-02 -3.256981e-01 -2.671274e-01 -1.353345e-01 2.667652e-01 1.513756e-02 1.375780e-01 -7.735688e-04 -2.047790e-01 -6.332383e-02 1.080879e-01 1.303976e-01 9.204566e-03 8.983025e-02 -1.476355e-01 -1.309363e-01 -1.120197e-01 8.732995e-02 -1.238427e-02 2.002494e-02 -2.644498e-02 -8.712240e-02 -9.269768e-02 9.199269e-02
<VARIANCE> 39
 8.340004e+00 1.013035e+01 1.380078e+01 1.310765e+01 1.612601e+01 1.582008e+01 1.759687e+01 1.745255e+01 1.826360e+01 1.723364e+01 1.706742e+01 1.463345e+01 9.047276e-01 7.144133e-01 4.608481e-01 8.613429e-01 9.991093e-01 9.701383e-01 1.283294e+00 9.959630e-01 8.575958e-01 1.029544e+00 1.155908e+00 9.210115e-01 9.517401e-01 1.512429e-01 5.368426e-02 6.783888e-02 9.750191e-02 1.360510e-01 1.662413e-01 1.770663e-01 1.648983e-01 1.456986e-01 1.700096e-01 1.546174e-01 1.450091e-01 1.504834e-01 8.093956e-03
<GCONST> 7.123422e+01
<STATE> 3
<MEAN> 39
 -5.558075e+00 -7.172778e+00 -5.193472e+00 -1.591174e+01 -6.355660e+00 -4.897010e+00 4.772487e+00 -8.475008e+00 -2.770161e+00 -6.761119e+00 -3.975049e+00 -6.626519e+00 1.896182e+01 1.894533e-01 -2.722631e-01 1.233811e-01 3.882819e-02 -6.137371e-02 -1.088003e-01 2.446587e-01 2.681850e-01 -2.807250e-01 -5.543018e-02 -6.964480e-02 -1.107269e-01 1.236367e-01 -4.177999e-02 7.839749e-02 1.111912e-02 2.926458e-01 1.553700e-01 -2.480873e-02 -2.548968e-01 3.867886e-02 -2.091178e-02 1.592026e-02 1.771704e-01 7.159718e-02 -1.270850e-01
<VARIANCE> 39
 9.614647e+00 1.303329e+01 9.436710e+00 1.827780e+01 4.580249e+01 3.937848e+01 3.187668e+01 3.950836e+01 4.652962e+01 5.849232e+01 3.255421e+01 3.130153e+01 1.240814e+00 4.410260e-01 5.954200e-01 4.993329e-01 1.548396e+00 1.671524e+00 1.672650e+00 1.827651e+00 1.089302e+00 1.392668e+00 1.776832e+00 1.809613e+00 1.326400e+00 2.114269e-01 8.204690e-02 9.001201e-02 9.646609e-02 1.114839e-01 2.523420e-01 2.721471e-01 1.781217e-01 1.666770e-01 2.018927e-01 2.407534e-01 2.262372e-01 1.834979e-01 6.062321e-03
<GCONST> 8.474818e+01
<STATE> 4
<MEAN> 39
 -3.244347e+00 -3.881842e+00 -1.891207e+00 -9.521951e+00 -3.365985e+00 -8.015695e+00 -1.088915e+00 -8.732973e+00 -4.324257e+00 -7.120051e+00 -1.906873e+00 -7.105268e+00 1.713248e+01 1.768495e-02 2.205675e-01 1.049619e-01 2.065501e-01 3.193774e-01 1.039531e-01 -2.925320e-01 -2.637350e-01 8.569288e-02 -1.439409e-02 1.277887e-01 4.227566e-02 -1.184134e-01 -5.595603e-02 -7.367296e-02 -7.384463e-02 -8.778009e-02 -2.233365e-02 9.372191e-02 1.106988e-01 -4.596699e-03 1.866148e-02 1.745085e-02 -3.220637e-02 2.023122e-02 1.415731e-02
<VARIANCE> 39
 4.974840e+00 1.019479e+01 9.926717e+00 1.395348e+01 2.822468e+01 3.043304e+01 2.586527e+01 4.089536e+01 3.293281e+01 3.570395e+01 3.328817e+01 2.974879e+01 1.533692e+00 2.533935e-01 5.250462e-01 5.539054e-01 8.538662e-01 1.339954e+00 1.253490e+00 1.628736e+00 1.363171e+00 1.438485e+00 1.411171e+00 1.273562e+00 9.896289e-01 9.358768e-02 3.738629e-02 7.812206e-02 8.698360e-02 1.507715e-01 2.341875e-01 2.027749e-01 2.726196e-01 2.366432e-01 2.360253e-01 2.409608e-01 2.174076e-01 1.500706e-01 1.437086e-02
<GCONST> 7.928014e+01
<TRANSP> 5
 0.000000e+00 1.000000e+00 0.000000e+00 0.000000e+00 0.000000e+00
 0.000000e+00 9.125739e-01 8.742613e-02 0.000000e+00 0.000000e+00
 0.000000e+00 0.000000e+00 9.003658e-01 9.963418e-02 0.000000e+00
 0.000000e+00 0.000000e+00 0.000000e+00 9.365582e-01 6.344181e-02
 0.000000e+00 0.000000e+00 0.000000e+00 0.000000e+00 0.000000e+00
<ENDHMM>
~h "three"
<BEGINHMM>
<NUMSTATES> 5
<STATE> 2
<MEAN> 39
 -7.753084e+00 -6.035267e+00 -4.949138e+00 -1.011977e+01 -8.176906e-01 -4.845856e+00 -5.887972e-01 -8.498262e+00 -2.602042e+00 -5.425551e+00 9.830300e-01 -3.779381e+00 1.488863e+01 1.181820e-01 -8.363583e-02 2.207189e-01 -4.797710e-02 -4.167405e-01 -2.858678e-01 -6.849122e-02 1.494121e-02 7.425302e-02 3.189595e-02 1.361408e-02 4.311045e-04 9.208706e-02 1.742198e-01 2.254031e-02 1.428290e-01 1.951612e-03 -2.577675e-01 -1.755563e-01 -7.574128e-02 -1.877704e-02 1.537899e-02 -9.218349e-03 -3.924772e-02 -7.054550e-02 8.471632e-02
<VARIANCE> 39
 5.400857e+00 6.329595e+00 9.779344e+00 1.060192e+01 1.435539e+01 1.431226e+01 1.606516e+01 1.761143e+01 1.951328e+01 1.776078e+01 1.686059e+01 1.459230e+01 1.170455e+00 7.019919e-01 5.235446e-01 8.963118e-01 7.510096e-01 1.499185e+00 1.312560e+00 9.016346e-01 1.036180e+00 9.999574e-01 9.323083e-01 9.825643e-01 9.153202e-01 1.193091e-01 5.916815e-02 9.076449e-02 9.846702e-02 1.380231e-01 2.011592e-01 1.855363e-01 1.564496e-01 2.030750e-01 1.781607e-01 1.662449e-01 1.641534e-01 1.611113e-01 4.958384e-03
<GCONST> 7.052035e+01
<STATE> 3
<MEAN> 39
 -2.518138e+00 -6.783538e+00 2.449300e+00 -1.140187e+01 -1.369864e+01 -9.363327e+00 -3.152541e+00 -9.428352e+00 -9.454529e-03 -5.130505e+00 1.270088e-01 -5.735048e+00 1.823541e+01 -6.862435e-02 4.227102e-01 6.951838e-01 -1.049856e+00 -3.996556e-01 3.060266e-01 -8.254076e-01 1.096444e-01 3.076165e-01 -2.807253e-02 6.153173e-02 -1.674222e-01 2.367502e-01 -2.156732e-01 2.146463e-01 -2.005199e-01 -1.428199e-01 5.230274e-01 4.712650e-02 -5.942003e-02 1.143473e-01 -1.140714e-01 -2.023153e-02 2.135180e-02 3.956062e-02 -6.774374e-02
<VARIANCE> 39
 6.507152e+00 1.457568e+01 2.008426e+01 4.937642e+01 4.245370e+01 6.100887e+01 3.522884e+01 3.826535e+01 3.064141e+01 2.820661e+01 3.707790e+01 3.334344e+01 1.447085e+00 9.619793e-01 1.476628e+00 9.228640e-01 2.725313e+00 4.895090e+00 3.382432e+00 2.206999e+00 1.969151e+00 1.296620e+00 1.095892e+00 1.152278e+00 1.164600e+00 6.899492e-02 6.798213e-02 1.290743e-01 1.773857e-01 3.907525e-01 3.806305e-01 6.812704e-01 3.772551e-01 2.755094e-01 2.400974e-01 1.746557e-01 1.705918e-01 1.637534e-01 3.908583e-03
<GCONST> 9.265439e+01
<STATE> 4
<MEAN> 39
 -6.590549e+00 3.298162e+00 -7.803106e-01 -1.672947e+01 -2.106742e+00 -1.135582e+01 -6.399220e+00 -7.962157e+00 -3.159438e+00 -5.505671e+00 -3.370741e-01 -6.525785e+00 1.789479e+01 -2.820181e-02 6.330202e-02 -6.391527e-01 7.253048e-01 7.234844e-01 -1.648763e-01 5.492616e-01 -8.268411e-02 -3.564594e-01 1.203051e-02 -7.059460e-02 5.073481e-02 -1.956445e-01 5.814810e-02 -2.881113e-01 2.508744e-03 1.697348e-01 -2.211505e-01 1.819724e-01 1.647815e-01 -6.734885e-02 9.742332e-02 8.240728e-03 2.041627e-02 2.496873e-02 -3.092084e-02
<VARIANCE> 39
 7.580477e+00 1.700896e+01 1.909988e+01 3.484710e+01 2.704756e+01 2.948784e+01 4.823338e+01 4.778465e+01 3.321846e+01 3.976916e+01 4.240155e+01 3.677534e+01 1.619885e+00 3.151339e-01 1.882918e+00 6.700028e-01 1.043731e+00 1.834888e+00 2.559860e+00 1.467141e+00 1.693771e+00 1.384672e+00 1.287923e+00 1.031998e+00 9.705020e-01 3.582552e-02 4.748385e-02 9.098800e-02 9.640381e-02 2.205420e-01 1.814733e-01 2.352872e-01 2.696366e-01 2.497841e-01 1.837021e-01 1.709958e-01 1.443271e-01 1.353046e-01 2.469562e-03
<GCONST> 8.276376e+01
<TRANSP> 5
 0.000000e+00 1.000000e+00 0.000000e+00 0.000000e+00 0.000000e+00
 0.000000e+00 9.016223e-01 9.837768e-02 0.000000e+00 0.000000e+00
 0.000000e+00 0.000000e+00 8.936678e-01 1.063323e-01 0.000000e+00
 0.000000e+00 0.000000e+00 0.000000e+00 9.153336e-01 8.466635e-02
 0.000000e+00 0.000000e+00 0.000000e+00 0.000000e+00 0.000000e+00
<ENDHMM>
~h "one"
<BEGINHMM>
<NUMSTATES> 5
<STATE> 2
<MEAN> 39
 -4.518761e-01 -3.402776e+00 -8.443939e+00 -1.270265e+01 -1.875615e+00 -5.987658e+00 -2.275716e+00 -8.867912e+00 -2.601650e+00 -6.646008e+00 -1.475402e+00 -7.365995e+00 1.769859e+01 2.104010e-01 -3.606912e-01 -7.771888e-01 3.866599e-01 4.274698e-01 9.435857e-02 -2.048130e-01 2.134632e-01 1.819859e-01 -2.419247e-01 -3.084240e-01 -2.085064e-01 1.796992e-01 -1.118920e-01 -1.460606e-01 2.928744e-02 2.153380e-01 1.225278e-02 -9.389228e-02 -2.920192e-03 1.044307e-01 5.144379e-03 -7.578751e-02 2.514923e-03 7.602537e-02 -1.570847e-02
<VARIANCE> 39
 5.495434e+00 8.375264e+00 3.133016e+01 2.276512e+01 2.856287e+01 2.622851e+01 2.260915e+01 2.060508e+01 2.743979e+01 2.315641e+01 3.019644e+01 3.007907e+01 2.038586e+00 4.331116e-01 7.311468e-01 9.486060e-01 2.139369e+00 1.343971e+00 1.366098e+00 1.271949e+00 1.039806e+00 1.139392e+00 9.681919e-01 1.111004e+00 9.685568e-01 5.947198e-02 3.949685e-02 5.502401e-02 1.856311e-01 2.318591e-01 2.499853e-01 2.470848e-01 2.300209e-01 1.749951e-01 1.963440e-01 1.583904e-01 1.854133e-01 1.750186e-01 4.527914e-03
<GCONST> 7.904119e+01
<STATE> 3
<MEAN> 39
 -2.465527e+00 -1.063754e+01 -1.057806e+01 -1.816910e+00 -8.205451e-01 -9.426722e+00 -2.030194e+00 -4.359934e+00 -3.708457e+00 -1.158849e+01 -2.280304e+00 -6.159991e+00 1.852691e+01 -5.923277e-01 -3.130917e-01 1.360806e+00 4.865219e-01 -1.327704e+00 -2.683891e-01 1.140200e+00 -1.565527e-01 -8.915375e-01 -1.471528e-02 5.522588e-01 9.288817e-02 -5.213552e-02 3.157351e-02 3.182563e-01 2.336373e-01 -5.691891e-01 -9.458932e-02 3.616248e-01 5.219211e-02 -4.228609e-01 2.293611e-02 3.597809e-01 2.881088e-02 -1.620893e-01 -2.971559e-02
<VARIANCE> 39
 6.425587e+00 9.764843e+00 1.981020e+01 2.419558e+01 2.885880e+01 1.776320e+01 3.884040e+01 3.255225e+01 4.659215e+01 3.887001e+01 3.430857e+01 3.411106e+01 1.525047e+00 1.633406e-01 5.914732e-01 6.367480e-01 1.980055e+00 7.715740e-01 1.823210e+00 1.053311e+00 2.307831e+00 1.240629e+00 1.946859e+00 1.064870e+00 1.293227e+00 8.977618e-03 2.596253e-02 5.244816e-02 1.077564e-01 1.227773e-01 3.162040e-01 1.590560e-01 4.062651e-01 1.859155e-01 3.425929e-01 2.133333e-01 2.683238e-01 1.720579e-01 8.707182e-04
<GCONST> 7.673706e+01
<STATE> 4
<MEAN> 39
 -3.841172e+00 -4.380168e+00 -1.380848e+00 -8.920091e+00 -3.196703e+00 -6.281981e+00 -2.462190e+00 -1.221241e+01 -5.214591e+00 -8.497516e+00 -2.664968e+00 -8.175458e+00 1.759470e+01 -3.697374e-03 5.640332e-01 2.622648e-01 -4.548958e-01 4.116563e-01 1.698892e-01 -3.735667e-01 -2.333189e-01 1.575184e-01 1.861182e-01 -2.806939e-02 1.649844e-01 -1.759985e-01 -2.107816e-02 -1.171222e-01 -2.145137e-01 1.096543e-01 8.704637e-02 -2.722201e-02 2.045690e-02 1.849954e-01 4.517044e-02 -7.363591e-02 3.749551e-02 8.076169e-02 -1.677492e-02
<VARIANCE> 39
 6.725614e+00 2.077653e+01 9.946235e+00 1.740461e+01 2.093878e+01 4.195568e+01 3.341072e+01 3.282928e+01 4.008431e+01 4.409932e+01 3.259617e+01 3.568708e+01 1.337944e+00 3.443294e-01 1.010750e+00 9.863666e-01 1.216702e+00 8.805128e-01 1.865035e+00 1.353859e+00 1.411839e+00 1.573526e+00 1.478434e+00 1.085054e+00 1.050131e+00 2.735216e-02 5.694374e-02 1.045749e-01 8.382129e-02 1.278463e-01 1.951440e-01 2.806744e-01 2.505345e-01 1.784445e-01 2.218363e-01 2.216923e-01 1.661900e-01 1.590877e-01 2.928947e-03
<GCONST> 7.987350e+01
<TRANSP> 5
 0.000000e+00 1.000000e+00 0.000000e+00 0.000000e+00 0.000000e+00
 0.000000e+00 9.096043e-01 9.039575e-02 0.000000e+00 0.000000e+00
 0.000000e+00 0.000000e+00 8.314079e-01 1.685921e-01 0.000000e+00
 0.000000e+00 0.000000e+00 0.000000e+00 9.086887e-01 9.131127e-02
 0.000000e+00 0.000000e+00 0.000000e+00 0.000000e+00 0.000000e+00
<ENDHMM>
~h "sil"
<BEGINHMM>
<NUMSTATES> 5
<STATE> 2
<MEAN> 39
 -5.629643e+00 -5.381875e+00 -3.959649e+00 -9.043990e+00 -2.191810e-01 -4.181946e+00 -1.412883e-01 -8.546722e+00 -2.498067e+00 -5.830964e+00 5.865791e-01 -4.487360e+00 1.512057e+01 -2.989976e-01 -2.485866e-01 -1.857913e-01 -5.062687e-02 6.953447e-02 1.348613e-01 8.168903e-02 -1.642696e-03 1.418123e-02 1.866460e-02 1.135566e-01 5.824608e-02 -1.518555e-01 2.366645e-02 -7.472577e-03 -3.844216e-02 -6.360450e-02 -7.384101e-02 -6.420030e-02 -4.217776e-02 -1.949453e-03 -3.811613e-03 -6.770152e-03 -1.693834e-02 -5.217419e-03 2.531363e-02
<VARIANCE> 39
 6.971153e+00 8.607477e+00 9.564873e+00 1.168487e+01 1.486950e+01 1.538814e+01 1.765944e+01 1.877698e+01 2.046499e+01 1.954519e+01 1.858394e+01 1.638749e+01 1.209576e+00 1.686660e-01 3.746068e-01 4.430735e-01 5.866188e-01 7.339894e-01 8.284978e-01 8.455007e-01 9.076087e-01 9.109289e-01 8.356493e-01 9.046682e-01 7.998173e-01 2.155278e-02 2.201150e-02 4.568581e-02 6.338252e-02 7.749972e-02 1.032744e-01 1.189166e-01 1.186156e-01 1.276626e-01 1.369566e-01 1.216474e-01 1.281471e-01 1.153789e-01 2.526400e-03
<GCONST> 5.922251e+01
<STATE> 3
<MEAN> 39
 -7.156939e+00 -7.236734e+00 -5.866395e+00 -1.018522e+01 -1.012348e+00 -4.339154e+00 -3.654399e-01 -8.603598e+00 -2.680012e+00 -5.571365e+00 1.005066e+00 -4.037417e+00 1.452098e+01 -3.584251e-03 4.973474e-03 -6.192429e-03 3.801561e-03 1.879237e-03 4.715814e-03 1.254864e-03 -9.875987e-03 -4.555705e-03 1.094670e-02 -2.631711e-04 2.492708e-03 -1.193117e-03 -2.367652e-04 4.887871e-03 2.877436e-03 5.286421e-03 1.315774e-03 2.870264e-03 5.485970e-04 5.853306e-03 2.717680e-03 -8.293749e-04 -4.062813e-03 -3.430438e-03 1.585004e-03
<VARIANCE> 39
 3.027166e+00 3.564784e+00 6.172709e+00 8.254443e+00 1.253747e+01 1.387374e+01 1.474216e+01 1.582846e+01 1.623780e+01 1.398252e+01 1.548318e+01 1.300188e+01 1.028432e+00 5.842909e-02 1.319095e-01 2.563354e-01 3.600306e-01 4.751975e-01 6.449598e-01 6.224144e-01 6.900989e-01 6.643435e-01 5.534236e-01 6.422849e-01 5.676933e-01 2.417422e-03 1.073369e-02 2.426564e-02 4.638902e-02 6.443693e-02 8.854957e-02 1.218526e-01 1.105601e-01 1.289115e-01 1.215520e-01 9.644403e-02 1.150024e-01 1.070999e-01 5.051139e-04
<GCONST> 4.276596e+01
<STATE> 4
<MEAN> 39
 -8.044106e+00 -6.369838e+00 -6.079109e+00 -1.016942e+01 -1.188542e+00 -4.700864e+00 -5.106572e-01 -8.720682e+00 -2.519547e+00 -5.941775e+00 9.985307e-01 -4.417084e+00 1.453677e+01 3.423431e-03 1.545877e-01 2.794360e-02 1.227902e-02 -7.638080e-02 -6.393982e-02 -6.564871e-02 4.920992e-02 -5.532635e-02 -8.987719e-02 -1.027087e-01 -6.833760e-02 4.892000e-02 4.561812e-02 5.645901e-02 2.690587e-02 -6.751305e-03 -2.036102e-03 -2.716341e-02 -1.659566e-02 -1.573688e-02 -1.398934e-02 -1.821257e-02 -3.889870e-02 -1.456901e-02 3.347784e-02
<VARIANCE> 39
 5.361448e+00 5.850634e+00 7.452219e+00 1.031434e+01 1.202341e+01 1.461872e+01 1.655215e+01 1.791415e+01 1.851074e+01 1.737204e+01 1.645255e+01 1.416317e+01 1.276581e+00 2.534417e-01 3.365528e-01 3.772620e-01 5.664119e-01 6.053324e-01 7.375283e-01 7.088110e-01 9.202840e-01 8.939193e-01 7.990487e-01 7.762727e-01 6.718947e-01 2.073161e-02 3.954314e-02 5.724536e-02 6.069194e-02 9.818352e-02 9.287856e-02 1.226491e-01 1.060878e-01 1.502723e-01 1.416595e-01 1.225172e-01 1.118091e-01 9.929994e-02 4.412927e-03
<GCONST> 5.788789e+01
<TRANSP> 5
 0.000000e+00 1.000000e+00 0.000000e+00 0.000000e+00 0.000000e+00
 0.000000e+00 7.692414e-01 2.307586e-01 0.000000e+00 0.000000e+00
 0.000000e+00 0.000000e+00 9.590835e-01 4.091653e-02 0.000000e+00
 0.000000e+00 0.000000e+00 0.000000e+00 7.109242e-01 2.890758e-01
 0.000000e+00 0.000000e+00 0.000000e+00 0.000000e+00 0.000000e+00
<ENDHMM>
~h "six"
<BEGINHMM>
<NUMSTATES> 5
<STATE> 2
<MEAN> 39
 -9.124295e+00 -4.836953e+00 -7.749949e+00 -8.266639e+00 -2.438858e+00 -2.834770e+00 -1.487292e+00 -7.798928e+00 -3.116517e+00 -4.969312e+00 3.618697e-01 -3.493939e+00 1.461232e+01 2.726808e-02 1.591593e-01 1.185999e-01 -3.531422e-01 -3.868239e-01 -2.528208e-01 -1.307448e-02 8.920160e-03 1.418942e-01 1.896523e-01 -1.204982e-01 9.512763e-03 1.277529e-01 1.224179e-01 8.574615e-02 1.920704e-01 -2.156928e-01 -1.443491e-01 -1.911087e-01 -1.348153e-02 -1.142854e-02 4.335984e-02 1.788294e-02 -7.846192e-02 -1.185633e-01 9.579258e-02
<VARIANCE> 39
 5.881857e+00 7.824515e+00 1.145772e+01 1.170149e+01 1.691563e+01 1.670038e+01 1.585943e+01 1.681437e+01 1.957148e+01 2.023768e+01 1.844873e+01 1.536605e+01 1.012899e+00 5.537624e-01 4.715973e-01 1.205764e+00 1.010493e+00 1.007775e+00 1.470689e+00 8.038244e-01 8.137801e-01 1.030869e+00 1.294180e+00 9.459650e-01 9.358562e-01 1.411680e-01 4.636099e-02 5.967521e-02 9.845397e-02 1.366895e-01 1.730452e-01 1.833199e-01 1.418880e-01 1.549592e-01 1.804593e-01 1.774092e-01 1.522814e-01 1.540163e-01 7.503508e-03
<GCONST> 7.075552e+01
<STATE> 3
<MEAN> 39
 -6.389795e+00 -1.255084e+00 -8.810621e-01 -1.937228e+01 -7.577193e+00 -8.493301e+00 -2.595068e+00 -6.569140e+00 3.325115e-02 -3.820272e+00 -2.226168e+00 -7.108535e+00 1.817332e+01 6.033786e-02 -1.004581e-01 1.973093e-01 -2.318161e-01 3.399072e-01 1.645808e-01 -1.732648e-01 1.224700e-01 4.917454e-02 -1.716382e-01 1.772010e-01 -6.580636e-03 -4.431791e-02 -7.081279e-02 -1.914884e-01 -2.624973e-01 4.212634e-01 2.477778e-01 2.067547e-01 8.841415e-02 -7.030386e-02 -1.214316e-01 -5.252283e-02 1.186420e-01 1.339913e-01 -1.487445e-01
<VARIANCE> 39
 7.367368e+00 9.635598e+00 1.569742e+01 2.776347e+01 5.692444e+01 3.167277e+01 3.629293e+01 2.495915e+01 3.438404e+01 5.661713e+01 3.469410e+01 3.674877e+01 1.645047e+00 3.757045e-01 7.674610e-01 1.271302e+00 3.640178e+00 2.695807e+00 1.950656e+00 1.896175e+00 1.366034e+00 1.928482e+00 2.033426e+00 1.879827e+00 2.011311e+00 3.396145e-01 6.646574e-02 6.525157e-02 1.520792e-01 2.585392e-01 3.130457e-01 3.120063e-01 3.695940e-01 2.303204e-01 2.922211e-01 3.375136e-01 2.687100e-01 2.614650e-01 1.433634e-02
<GCONST> 9.337854e+01
<STATE> 4
<MEAN> 39
 -8.222577e+00 -6.451437e+00 -6.277396e+00 -9.275581e+00 -2.415955e+00 -3.256267e+00 -9.182793e-01 -8.615625e+00 -2.795307e+00 -5.153826e+00 7.408613e-01 -4.248632e+00 1.464348e+01 -7.442147e-02 -1.118079e-01 -2.389876e-01 2.870741e-01 3.500232e-02 6.666961e-02 1.390737e-01 -4.188103e-02 -8.121281e-02 -2.483446e-03 7.366158e-03 3.130436e-02 -6.889640e-02 2.173761e-02 7.154374e-02 7.432573e-02 -1.248944e-01 -5.118547e-02 -6.603881e-02 -5.131241e-02 3.815522e-02 2.469896e-02 6.733158e-03 -2.995414e-02 -2.922744e-02 4.497596e-02
<VARIANCE> 39
 7.836406e+00 8.036997e+00 1.202001e+01 1.253896e+01 1.775489e+01 1.684576e+01 1.688475e+01 1.718216e+01 1.742179e+01 1.762553e+01 1.547863e+01 1.427367e+01 1.310076e+00 3.471871e-01 5.518958e-01 7.463471e-01 9.087877e-01 9.875022e-01 1.059264e+00 1.026785e+00 9.108873e-01 8.760953e-01 8.051555e-01 7.558443e-01 6.350733e-01 5.456959e-02 4.509159e-02 7.355035e-02 1.100384e-01 1.327705e-01 1.825923e-01 1.706938e-01 1.655957e-01 1.667244e-01 1.581869e-01 1.441438e-01 1.370198e-01 1.246721e-01 7.388053e-03
<GCONST> 6.779649e+01
<TRANSP> 5
 0.000000e+00 1.000000e+00 0.000000e+00 0.000000e+00 0.000000e+00
 0.000000e+00 9.049472e-01 9.505283e-02 0.000000e+00 0.000000e+00
 0.000000e+00 0.000000e+00 8.983328e-01 1.016672e-01 0.000000e+00
 0.000000e+00 0.000000e+00 0.000000e+00 9.437303e-01 5.626969e-02
 0.000000e+00 0.000000e+00 0.000000e+00 0.000000e+00 0.000000e+00
<ENDHMM>
~h "two"
<BEGINHMM>
<NUMSTATES> 5
<STATE> 2
<MEAN> 39
 -9.639385e+00 -4.513420e+00 -6.580739e+00 -9.863551e+00 -9.720684e-01 -4.070686e+00 -1.373341e+00 -8.179421e+00 -2.537155e+00 -5.722522e+00 1.014191e+00 -3.721766e+00 1.495430e+01 -3.758451e-02 2.631137e-01 2.263375e-01 -3.008479e-01 -8.029224e-02 -1.059196e-02 -1.952108e-01 2.048015e-02 1.192920e-01 3.786877e-02 -4.394867e-03 -2.839611e-02 9.347317e-02 1.950327e-01 9.726122e-02 2.115308e-01 -1.064898e-01 -1.587307e-01 -1.867033e-01 -1.174415e-01 -6.690849e-02 -2.515929e-02 -1.346584e-03 -7.481473e-02 -1.170505e-01 8.904149e-02
<VARIANCE> 39
 9.732253e+00 8.411862e+00 1.057136e+01 1.130263e+01 1.669861e+01 1.858913e+01 1.761609e+01 1.993473e+01 2.015005e+01 2.109536e+01 2.063021e+01 1.756303e+01 9.683664e-01 1.154742e+00 7.385863e-01 1.484535e+00 7.320567e-01 1.243841e+00 1.212136e+00 9.533136e-01 1.050649e+00 1.054676e+00 1.129717e+00 1.398417e+00 9.929938e-01 1.174515e-01 1.107615e-01 1.110956e-01 1.232446e-01 1.199815e-01 2.136392e-01 1.859785e-01 1.655749e-01 1.895573e-01 1.984025e-01 1.764035e-01 2.621551e-01 1.380706e-01 7.422635e-03
<GCONST> 7.620215e+01
<STATE> 3
<MEAN> 39
 -4.756927e+00 1.149319e+00 1.778226e+00 -1.527068e+01 -6.598805e+00 -9.672952e+00 -6.598328e+00 -1.044179e+01 -2.516044e+00 -5.320361e+00 -1.030022e+00 -7.239760e+00 1.830119e+01 7.193316e-01 5.999751e-01 8.360481e-01 -6.091868e-01 -1.201094e+00 -1.150002e+00 -6.212710e-01 -3.241048e-01 -7.638553e-02 1.074630e-01 -2.783293e-01 -6.924759e-01 4.804429e-01 -2.461663e-01 -2.219688e-01 -4.234546e-01 2.838060e-01 2.397684e-01 2.108273e-01 2.293689e-01 1.474370e-01 -1.436224e-02 5.922075e-03 1.442221e-01 1.762002e-01 -1.356786e-01
<VARIANCE> 39
 7.637055e+00 8.201178e+00 1.359603e+01 2.286914e+01 4.094154e+01 2.664878e+01 2.842987e+01 2.392865e+01 3.044523e+01 5.369548e+01 4.334022e+01 4.700751e+01 1.220934e+00 6.002334e-01 6.134156e-01 9.871255e-01 1.413978e+00 1.245543e+00 1.154155e+00 1.636979e+00 1.535898e+00 1.877874e+00 2.038628e+00 2.554882e+00 1.859359e+00 8.416661e-02 6.196137e-02 5.703236e-02 8.188546e-02 1.318223e-01 2.159619e-01 1.828538e-01 2.050726e-01 1.926455e-01 2.096131e-01 2.724444e-01 2.909154e-01 2.224142e-01 8.053107e-03
<GCONST> 8.427509e+01
<STATE> 4
<MEAN> 39
 -3.074160e+00 -2.498512e-01 -1.582097e-01 -1.281028e+01 -6.631960e+00 -1.135589e+01 -5.742240e+00 -1.003087e+01 -3.079259e+00 -5.508291e+00 -1.510162e-01 -7.402940e+00 1.806439e+01 2.856413e-02 -3.108902e-01 -3.225633e-01 4.777231e-01 4.160341e-01 2.897207e-01 2.823398e-01 6.164465e-02 -7.978732e-02 -2.571205e-03 1.468312e-01 2.523626e-01 -1.813451e-01 -7.879078e-02 -6.534901e-02 -4.715155e-02 -2.747086e-03 8.374626e-02 1.333991e-01 8.168747e-02 3.501741e-02 2.799217e-02 -2.889535e-03 -1.431965e-02 4.589147e-02 -4.147512e-02
<VARIANCE> 39
 6.126967e+00 7.980877e+00 1.202322e+01 3.019343e+01 3.252040e+01 2.281901e+01 3.197463e+01 3.246531e+01 4.006975e+01 4.282230e+01 5.143118e+01 4.045086e+01 1.492823e+00 2.866628e-01 2.399527e-01 4.425735e-01 6.655245e-01 9.312071e-01 1.150723e+00 1.105538e+00 1.194716e+00 1.057023e+00 1.124071e+00 1.145986e+00 1.082552e+00 3.967652e-02 3.091886e-02 3.306121e-02 5.466452e-02 9.506742e-02 1.114157e-01 1.450114e-01 1.389046e-01 1.749011e-01 1.699729e-01 1.672947e-01 1.672981e-01 1.557807e-01 3.008824e-03
<GCONST> 7.111191e+01
<TRANSP> 5
 0.000000e+00 1.000000e+00 0.000000e+00 0.000000e+00 0.000000e+00
 0.000000e+00 9.084745e-01 9.152547e-02 0.000000e+00 0.000000e+00
 0.000000e+00 0.000000e+00 7.698597e-01 2.301403e-01 0.000000e+00
 0.000000e+00 0.000000e+00 0.000000e+00 9.201575e-01 7.984252e-02
 0.000000e+00 0.000000e+00 0.000000e+00 0.000000e+00 0.000000e+00
<ENDHMM>
~h "nine"
<BEGINHMM>
<NUMSTATES> 5
<STATE> 2
<MEAN> 39
 -4.077333e+00 -3.898049e+00 -1.677267e+00 -8.971153e+00 -2.804495e+00 -6.378206e+00 -1.642720e+00 -1.116134e+01 -5.117403e+00 -8.041979e+00 -2.887750e+00 -7.734884e+00 1.762904e+01 -1.811329e-01 -6.858043e-01 -2.834646e-01 4.408273e-01 -4.285437e-01 2.355708e-01 4.030293e-01 -1.731194e-01 -1.880375e-02 -1.236196e-01 -8.592749e-02 -8.366883e-02 2.069315e-01 -5.922488e-02 -1.590376e-01 -1.030370e-01 1.132274e-01 -5.453106e-03 -1.169346e-03 5.204882e-02 4.893644e-02 3.952453e-02 9.370374e-03 7.326275e-02 3.877686e-02 -9.215254e-03
<VARIANCE> 39
 8.090964e+00 1.916345e+01 1.444467e+01 1.669298e+01 2.834812e+01 2.875758e+01 3.145670e+01 2.650793e+01 4.734476e+01 3.538879e+01 3.033128e+01 3.281610e+01 1.829774e+00 4.871433e-01 1.494064e+00 1.080496e+00 1.097172e+00 1.264091e+00 1.393839e+00 1.627393e+00 1.205141e+00 1.553542e+00 1.157375e+00 1.183342e+00 1.006629e+00 4.894998e-02 6.265629e-02 1.682047e-01 1.288505e-01 1.425367e-01 2.181610e-01 2.178719e-01 2.447260e-01 1.814130e-01 2.032966e-01 1.691317e-01 1.711288e-01 1.443606e-01 4.463014e-03
<GCONST> 8.221031e+01
<STATE> 3
<MEAN> 39
 -6.347527e+00 -1.160442e+01 -4.860510e+00 -2.734691e+00 -5.693743e+00 -5.250024e+00 1.736060e+00 -1.135922e+01 -5.539679e+00 -9.015328e+00 -1.699770e+00 -7.646741e+00 1.861514e+01 -1.102202e-01 9.686065e-02 2.307477e-01 -2.420476e-01 -2.305182e-02 2.140791e-01 -1.050664e-01 -8.696248e-02 1.959001e-01 5.474260e-02 -5.526773e-02 4.596745e-02 -2.113689e-02 2.517123e-03 1.935469e-01 6.929501e-02 -2.402585e-01 4.426291e-02 6.240282e-02 -1.060978e-01 1.121207e-02 7.537670e-02 -1.084902e-02 -6.778216e-02 2.441986e-02 -1.480030e-02
<VARIANCE> 39
 7.253240e+00 8.472350e+00 2.450036e+01 3.236936e+01 1.900658e+01 3.083623e+01 3.095136e+01 3.397374e+01 4.391690e+01 4.150164e+01 2.842895e+01 3.075454e+01 1.006126e+00 8.384611e-02 3.840283e-01 4.111281e-01 1.132712e+00 5.000371e-01 6.241730e-01 5.587701e-01 5.153653e-01 6.511036e-01 6.707069e-01 6.806695e-01 5.420508e-01 4.827253e-03 1.133341e-02 3.005361e-02 4.127556e-02 5.547938e-02 7.264969e-02 7.246987e-02 7.391031e-02 8.095077e-02 8.281080e-02 8.716506e-02 7.873289e-02 7.922965e-02 3.983416e-04
<GCONST> 5.405605e+01
<STATE> 4
<MEAN> 39
 -5.408935e+00 -2.488682e+00 -1.320185e+00 -1.141011e+01 -1.443076e+00 -5.341780e+00 -3.676826e+00 -1.048140e+01 -3.509036e+00 -8.117114e+00 -2.930941e+00 -6.527737e+00 1.769446e+01 2.317150e-01 5.105898e-01 -3.093219e-03 -1.016921e-01 4.411192e-01 -2.479247e-01 -2.011419e-01 2.756157e-01 -1.277938e-01 8.107444e-02 2.108435e-01 1.169408e-01 -1.723584e-01 -2.715112e-02 -1.583066e-01 -8.625393e-02 1.474564e-01 -3.839161e-02 -6.090256e-03 1.204324e-01 1.985700e-02 -5.447876e-02 4.231446e-02 7.832277e-02 -9.554900e-03 -2.023006e-02
<VARIANCE> 39
 1.166846e+01 1.632527e+01 1.132170e+01 2.321636e+01 3.171840e+01 3.320288e+01 3.064789e+01 2.993113e+01 4.733528e+01 3.817847e+01 3.626937e+01 3.985384e+01 1.211663e+00 5.065153e-01 1.171872e+00 6.359945e-01 1.643074e+00 1.303740e+00 1.550627e+00 1.528431e+00 1.269756e+00 1.658818e+00 1.184173e+00 1.105880e+00 1.068940e+00 2.538143e-02 7.071381e-02 8.681945e-02 9.031529e-02 1.779846e-01 1.819096e-01 2.449434e-01 1.820611e-01 2.039851e-01 2.436526e-01 1.943311e-01 1.735394e-01 1.451956e-01 2.221679e-03
<GCONST> 8.083681e+01
<TRANSP> 5
 0.000000e+00 1.000000e+00 0.000000e+00 0.000000e+00 0.000000e+00
 0.000000e+00 9.012507e-01 9.874932e-02 0.000000e+00 0.000000e+00
 0.000000e+00 0.000000e+00 9.153502e-01 8.464981e-02 0.000000e+00
 0.000000e+00 0.000000e+00 0.000000e+00 9.176030e-01 8.239704e-02
 0.000000e+00 0.000000e+00 0.000000e+00 0.000000e+00 0.000000e+00
<ENDHMM>
~h "five"
<BEGINHMM>
<NUMSTATES> 5
<STATE> 2
<MEAN> 39
 -6.145311e+00 -8.579068e+00 -7.592478e+00 -9.225049e+00 -4.230670e-01 -6.121459e+00 6.971355e-03 -6.825424e+00 -3.778217e+00 -6.490664e+00 -3.219373e-01 -4.546301e+00 1.643808e+01 1.117995e-01 -6.872143e-01 -4.785935e-01 3.255059e-01 2.195615e-01 -2.712140e-01 2.421205e-01 2.802733e-01 -3.435881e-01 -1.302728e-01 -1.266208e-01 1.666905e-02 2.472813e-01 -1.687323e-03 -5.660689e-03 5.737683e-02 4.688849e-02 -1.725613e-02 -3.236504e-02 -1.989597e-02 -4.941013e-02 -1.732869e-02 2.411592e-02 1.546218e-02 -1.459355e-02 2.061871e-02
<VARIANCE> 39
 1.125217e+01 1.815387e+01 1.972013e+01 1.332429e+01 1.796995e+01 2.025478e+01 1.944231e+01 3.697221e+01 2.612187e+01 2.326819e+01 2.203220e+01 1.616224e+01 4.948140e+00 7.423176e-01 6.844193e-01 8.868355e-01 8.866013e-01 8.226779e-01 1.096097e+00 9.428290e-01 1.701117e+00 1.496832e+00 1.271830e+00 1.231869e+00 8.357608e-01 2.129111e-01 1.004224e-01 1.065271e-01 1.570922e-01 1.148709e-01 1.338450e-01 1.695190e-01 1.473375e-01 2.760083e-01 2.348385e-01 1.802754e-01 1.906095e-01 1.286198e-01 2.516607e-02
<GCONST> 8.141045e+01
<STATE> 3
<MEAN> 39
 -5.829909e+00 -1.543208e+01 -8.489590e+00 -3.791503e+00 1.364196e+00 -9.061788e+00 2.480586e+00 -7.543465e+00 -7.266443e+00 -5.482923e+00 -5.596454e-01 -4.576599e+00 1.903887e+01 -1.610333e-01 9.881321e-02 4.891212e-01 -2.808350e-01 -2.718479e-01 4.465797e-01 6.804507e-02 -3.852472e-01 3.469793e-02 2.820534e-01 5.019205e-02 -7.338851e-02 -4.962922e-02 4.119492e-02 1.198991e-01 1.074242e-02 -1.944130e-01 -5.746679e-02 8.541068e-02 -2.819498e-02 2.903887e-02 6.260723e-02 -5.057400e-02 -7.345665e-02 -1.855369e-02 -1.597169e-02
<VARIANCE> 39
 9.235522e+00 9.516525e+00 2.487407e+01 2.134833e+01 1.890436e+01 2.361060e+01 1.802780e+01 4.020389e+01 4.783453e+01 4.513333e+01 2.691066e+01 2.542698e+01 1.368736e+00 9.077761e-02 1.726028e-01 2.727431e-01 6.954165e-01 5.202831e-01 5.777701e-01 5.082272e-01 5.121692e-01 6.401094e-01 6.122535e-01 5.999656e-01 4.835860e-01 5.997588e-03 1.192115e-02 2.521034e-02 3.123390e-02 4.833080e-02 5.224700e-02 5.349392e-02 5.804965e-02 6.689400e-02 9.045389e-02 8.805474e-02 6.807330e-02 7.103814e-02 9.688312e-04
<GCONST> 5.083688e+01
<STATE> 4
<MEAN> 39
 -5.452400e+00 -7.798188e+00 -3.664722e+00 -1.292934e+01 -3.057851e+00 -3.760871e+00 1.120413e+00 -8.346091e+00 -3.888037e+00 -5.631060e+00 -1.734030e+00 -5.653006e+00 1.761938e+01 6.896076e-02 9.293813e-01 2.307971e-01 -1.987872e-01 -1.315919e-01 -8.908951e-02 -2.932280e-01 7.891078e-02 3.928491e-01 -1.370573e-01 7.672861e-02 1.233736e-02 -2.762189e-01 -4.002654e-02 -7.254094e-02 -8.900351e-02 1.945948e-01 1.092603e-01 -8.830141e-02 -1.665528e-02 -4.516067e-03 -4.075461e-02 1.309686e-02 7.345092e-02 3.240531e-02 -1.782522e-02
<VARIANCE> 39
 7.533134e+00 2.308250e+01 1.185585e+01 2.986160e+01 3.748624e+01 2.150839e+01 2.415422e+01 3.057124e+01 4.223594e+01 2.629447e+01 2.688214e+01 2.787960e+01 2.629520e+00 3.400318e-01 7.374043e-01 6.409171e-01 2.733148e+00 1.682088e+00 1.393089e+00 9.393061e-01 1.417222e+00 1.594575e+00 1.266554e+00 1.316849e+00 1.013080e+00 6.819279e-02 5.715524e-02 1.022110e-01 9.524726e-02 3.009323e-01 2.342667e-01 2.509232e-01 1.675268e-01 2.084454e-01 2.011775e-01 1.717468e-01 2.163431e-01 1.726194e-01 9.082132e-03
<GCONST> 8.298360e+01
<TRANSP> 5
 0.000000e+00 1.000000e+00 0.000000e+00 0.000000e+00 0.000000e+00
 0.000000e+00 9.300390e-01 6.996098e-02 0.000000e+00 0.000000e+00
 0.000000e+00 0.000000e+00 9.152319e-01 8.476806e-02 0.000000e+00
 0.000000e+00 0.000000e+00 0.000000e+00 8.980054e-01 1.019946e-01
 0.000000e+00 0.000000e+00 0.000000e+00 0.000000e+00 0.000000e+00
<ENDHMM>
~h "four"
<BEGINHMM>
<NUMSTATES> 5
<STATE> 2
<MEAN> 39
 -7.667615e+00 -6.677808e+00 -5.470643e+00 -9.688792e+00 -1.112551e+00 -4.543475e+00 -5.189724e-01 -8.559962e+00 -2.271120e+00 -5.732477e+00 1.121441e+00 -4.080834e+00 1.494338e+01 3.138352e-01 1.474904e-02 -3.778506e-01 -2.939829e-01 -1.125255e-01 -9.205852e-02 -1.320308e-01 -8.569991e-03 1.231803e-01 1.055104e-01 -1.625178e-02 -4.077200e-02 1.258384e-01 2.438173e-01 9.813486e-02 -1.170317e-01 -1.288143e-01 -5.303995e-02 -1.112580e-01 -1.097987e-01 -1.808109e-02 -8.184146e-03 7.009557e-03 -7.390763e-02 -1.029496e-01 1.065350e-01
<VARIANCE> 39
 4.657697e+00 4.193452e+00 6.876488e+00 8.704022e+00 1.156782e+01 1.418993e+01 1.488089e+01 1.611070e+01 1.489992e+01 1.410062e+01 1.539703e+01 1.167686e+01 9.116805e-01 1.047065e+00 4.639228e-01 5.766307e-01 6.437171e-01 6.049652e-01 9.842691e-01 9.577661e-01 8.519984e-01 8.544638e-01 7.821130e-01 1.037501e+00 8.674535e-01 1.654568e-01 5.929434e-02 5.711766e-02 1.015155e-01 1.069119e-01 1.041819e-01 1.638892e-01 1.311689e-01 1.613807e-01 1.551103e-01 1.347689e-01 1.544513e-01 1.329648e-01 6.555354e-03
<GCONST> 6.410859e+01
<STATE> 3
<MEAN> 39
 1.545542e+00 -3.506073e+00 -1.204608e+01 -1.693926e+01 -4.004879e+00 -6.246487e+00 -3.255047e+00 -8.958975e+00 -1.451340e+00 -3.992062e+00 3.068357e-01 -6.856420e+00 1.889500e+01 3.433107e-01 -1.623348e-01 -3.558474e-01 -7.217015e-02 6.820393e-02 -2.290282e-02 -2.270717e-01 1.736723e-01 3.472252e-01 1.047986e-01 -2.364448e-01 -2.329478e-01 1.594964e-01 -1.728061e-01 -1.511378e-01 1.446060e-01 2.267972e-01 4.013342e-02 -2.949185e-02 4.305376e-02 1.087216e-01 4.690723e-02 -7.877222e-02 -5.253188e-02 5.703614e-02 -6.698088e-02
<VARIANCE> 39
 4.227960e+00 1.022245e+01 1.029037e+01 1.432916e+01 2.460275e+01 1.721146e+01 1.818636e+01 1.709347e+01 2.334694e+01 2.481168e+01 3.750478e+01 3.594286e+01 1.115801e+00 5.912059e-01 7.438597e-01 7.231893e-01 1.240829e+00 9.895769e-01 7.948632e-01 9.115142e-01 9.642964e-01 1.307602e+00 1.180656e+00 1.372135e+00 1.243436e+00 1.038316e-01 4.871600e-02 4.642915e-02 9.628291e-02 8.305277e-02 1.340594e-01 1.435020e-01 1.544317e-01 1.396360e-01 1.799933e-01 1.932645e-01 2.021902e-01 1.820074e-01 7.090523e-03
<GCONST> 7.298953e+01
<STATE> 4
<MEAN> 39
 -5.429500e-01 -1.072220e+01 -7.323112e+00 -8.565814e+00 -5.391744e+00 -8.704764e+00 -2.323944e+00 -4.895535e+00 1.832015e-01 -7.540124e+00 -3.910871e+00 -7.426215e+00 1.840887e+01 -6.129128e-01 7.465149e-02 1.055966e+00 4.896516e-01 -3.433490e-01 7.616310e-02 5.981662e-01 -1.811751e-01 -6.240194e-01 -3.440990e-01 1.658255e-01 3.014707e-01 -2.432766e-01 -9.001625e-02 2.380777e-01 -4.453190e-02 -1.996031e-01 1.165280e-01 1.960448e-01 3.099987e-02 -1.858949e-01 -1.287925e-01 1.032561e-01 1.745548e-01 4.439828e-02 -4.962712e-02
<VARIANCE> 39
 7.333429e+00 1.779959e+01 3.181578e+01 1.828338e+01 4.522200e+01 3.700930e+01 3.509686e+01 4.319413e+01 4.621209e+01 3.482878e+01 3.460002e+01 3.076933e+01 1.741631e+00 2.971710e-01 1.587486e+00 9.179295e-01 1.626264e+00 2.564564e+00 2.221740e+00 1.718491e+00 2.564769e+00 1.885271e+00 1.705947e+00 1.829049e+00 1.123808e+00 5.832915e-02 2.926798e-02 1.346432e-01 2.064869e-01 1.690597e-01 4.288343e-01 2.940586e-01 3.516554e-01 3.668475e-01 3.851871e-01 2.816705e-01 3.092500e-01 2.124643e-01 3.411656e-03
<GCONST> 9.085588e+01
<TRANSP> 5
 0.000000e+00 1.000000e+00 0.000000e+00 0.000000e+00 0.000000e+00
 0.000000e+00 9.011176e-01 9.888241e-02 0.000000e+00 0.000000e+00
 0.000000e+00 0.000000e+00 9.186853e-01 8.131469e-02 0.000000e+00
 0.000000e+00 0.000000e+00 0.000000e+00 8.810121e-01 1.189879e-01
 0.000000e+00 0.000000e+00 0.000000e+00 0.000000e+00 0.000000e+00
<ENDHMM>
~h "zero"
<BEGINHMM>
<NUMSTATES> 5
<STATE> 2
<MEAN> 39
 -6.758202e+00 -3.060526e+00 -4.886800e+00 -7.466875e+00 -1.265799e+00 -3.807541e+00 -1.414115e+00 -8.520008e+00 -3.457366e+00 -5.106213e+00 5.901089e-01 -4.556118e+00 1.523185e+01 -8.170083e-02 3.317813e-01 1.413765e-01 -3.041312e-01 -2.133306e-01 -2.737724e-01 -1.777347e-01 -1.205138e-01 1.233148e-01 2.201329e-01 -1.254669e-02 -1.826356e-04 1.060462e-01 6.806394e-02 1.068915e-01 1.512879e-01 -2.256996e-01 -1.459347e-01 -2.462548e-01 -6.497163e-02 -7.538822e-02 6.202560e-02 1.080050e-02 -2.262642e-02 -5.403303e-02 8.252125e-02
<VARIANCE> 39
 7.745522e+00 1.028868e+01 1.429247e+01 1.360928e+01 1.783340e+01 1.930361e+01 1.877961e+01 1.949852e+01 2.377091e+01 2.085620e+01 1.977662e+01 1.678329e+01 1.208747e+00 4.211697e-01 7.290824e-01 1.003680e+00 9.500272e-01 8.893816e-01 1.750828e+00 9.589524e-01 1.102073e+00 1.068045e+00 8.963271e-01 1.006098e+00 1.001634e+00 1.192548e-01 5.258035e-02 9.179024e-02 1.144094e-01 1.198335e-01 1.237966e-01 1.946414e-01 1.597985e-01 1.730614e-01 1.607249e-01 1.399864e-01 1.706405e-01 1.584601e-01 7.959115e-03
<GCONST> 7.320323e+01
<STATE> 3
<MEAN> 39
 -5.592057e+00 3.946742e-01 8.079686e-01 -1.662407e+01 -7.708125e+00 -9.224443e+00 -4.659753e+00 -8.628945e+00 -4.978176e-02 -3.802454e+00 1.258655e-01 -6.759898e+00 1.834426e+01 3.379506e-01 -6.248969e-01 4.886624e-01 -2.655000e-01 -1.102030e+00 1.290006e-01 1.549653e-01 1.538274e-01 3.348759e-01 -5.400583e-02 2.662770e-02 -1.552732e-01 1.949082e-01 4.519873e-02 -2.660248e-01 -1.692184e-01 3.432878e-01 9.460749e-03 1.402649e-01 1.907998e-01 7.236453e-02 -7.130277e-02 -4.765755e-02 -7.075691e-03 6.282206e-02 -6.164463e-02
<VARIANCE> 39
 7.281605e+00 1.916523e+01 1.718693e+01 2.744117e+01 5.847965e+01 3.937021e+01 3.189006e+01 4.336142e+01 3.246144e+01 3.001726e+01 3.379602e+01 4.994831e+01 1.156423e+00 4.295189e-01 1.775802e+00 8.555951e-01 2.664923e+00 1.664649e+00 2.654101e+00 1.727556e+00 1.475492e+00 1.340071e+00 1.175710e+00 1.141474e+00 1.379938e+00 7.313916e-02 5.099260e-02 1.107319e-01 1.223792e-01 1.857598e-01 2.375753e-01 3.918843e-01 2.244472e-01 2.434504e-01 2.200104e-01 1.773811e-01 1.724146e-01 2.131450e-01 4.550990e-03
<GCONST> 8.729098e+01
<STATE> 4
<MEAN> 39
 -1.649485e+00 -9.930214e+00 -4.550725e+00 -9.836819e+00 -9.202481e+00 -8.373727e+00 4.412617e-02 -4.372816e+00 -3.071454e-01 -6.662986e+00 -1.066689e+00 -5.913435e+00 1.846297e+01 -1.759464e-03 4.113894e-02 -4.249287e-01 2.121367e-01 6.904440e-01 -3.666102e-02 1.300867e-02 7.659953e-02 -1.453016e-01 -9.953360e-02 -4.258105e-02 5.560107e-02 -9.981286e-02 -8.147228e-02 1.027196e-01 5.156808e-02 -8.308371e-02 8.993699e-02 7.162824e-02 -5.898727e-02 -6.224754e-02 -2.368668e-02 2.519896e-02 2.528792e-02 8.751067e-03 -2.410515e-02
<VARIANCE> 39
 6.049094e+00 2.022791e+01 2.591582e+01 2.576142e+01 6.116726e+01 5.180152e+01 3.776286e+01 3.636153e+01 4.391815e+01 3.594065e+01 2.597994e+01 3.311905e+01 1.509384e+00 3.011771e-01 8.276328e-01 7.834082e-01 1.013722e+00 1.236742e+00 1.841318e+00 1.589959e+00 1.897711e+00 1.647503e+00 1.476208e+00 1.053260e+00 9.581061e-01 3.797343e-02 2.902773e-02 5.182504e-02 8.360620e-02 1.130994e-01 1.905546e-01 2.371107e-01 2.060707e-01 2.034599e-01 2.219580e-01 2.011836e-01 1.522537e-01 1.418976e-01 2.415720e-03
<GCONST> 8.034286e+01
<TRANSP> 5
 0.000000e+00 1.000000e+00 0.000000e+00 0.000000e+00 0.000000e+00
 0.000000e+00 8.903295e-01 1.096705e-01 0.000000e+00 0.000000e+00
 0.000000e+00 0.000000e+00 8.972783e-01 1.027217e-01 0.000000e+00
 0.000000e+00 0.000000e+00 0.000000e+00 9.447583e-01 5.524169e-02
 0.000000e+00 0.000000e+00 0.000000e+00 0.000000e+00 0.000000e+00
<ENDHMM>
