~o
<STREAMINFO> 1 39
<VECSIZE> 39<NULLD><MFCC_E_D_A><DIAGC>
~h "eight"
<BEGINHMM>
<NUMSTATES> 5
<STATE> 2
<MEAN> 39
 -7.524249e+00 -3.425483e+00 -5.693404e+00 -1.668126e+01 -6.472213e-01 -5.182419e+00 5.464629e-01 -6.746664e+00 -1.554759e+00 -6.763821e+00 -1.027577e+00 -5.331581e+00 1.714911e+01 -1.900202e-01 7.575282e-01 -8.186729e-02 -7.814764e-01 3.923809e-02 -4.145828e-01 5.498397e-02 2.968002e-01 3.011548e-01 4.553781e-02 -9.449651e-02 -9.567288e-02 2.139843e-01 3.509381e-02 8.254607e-02 1.092660e-02 8.963259e-02 -4.104017e-02 -1.680771e-01 -8.082503e-02 -2.284061e-02 2.705588e-02 6.061812e-02 5.858053e-02 -4.580973e-03 3.466691e-03
<VARIANCE> 39
 1.075576e+01 2.305831e+01 1.835776e+01 3.944753e+01 4.045811e+01 2.353713e+01 2.441501e+01 2.433811e+01 3.137294e+01 2.547064e+01 2.575901e+01 2.447310e+01 3.380898e+00 3.360930e-01 9.651091e-01 6.847407e-01 1.411190e+00 1.254018e+00 1.634324e+00 1.348156e+00 1.128211e+00 1.374384e+00 1.216730e+00 1.140042e+00 1.007759e+00 1.229797e-01 4.082865e-02 8.491871e-02 8.461756e-02 2.011358e-01 1.478592e-01 1.778297e-01 1.529719e-01 1.814239e-01 2.320959e-01 1.695074e-01 1.833576e-01 1.573080e-01 1.323970e-02
<GCONST> 8.183727e+01
<STATE> 3
<MEAN> 39
 -7.935271e+00 5.475980e+00 -4.908610e+00 -1.664729e+01 -2.357275e+00 -1.441935e+01 -3.035205e+00 -8.590777e+00 -1.333268e+00 -4.426887e+00 9.894335e-01 -5.287225e+00 1.807283e+01 2.038409e-01 -4.290124e-01 1.808105e-01 9.720475e-01 1.361367e-01 6.933610e-02 -3.419808e-01 -6.694541e-01 -5.148321e-01 -4.112865e-02 2.100352e-01 1.945938e-01 -2.363271e-01 1.021296e-02 -3.328926e-01 -3.043233e-02 6.396199e-02 4.254458e-02 3.532499e-01 1.234169e-01 5.585646e-02 -2.347429e-02 -9.194013e-02 -6.257256e-02 3.917779e-03 -6.257654e-02
<VARIANCE> 39
 9.284452e+00 1.350717e+01 2.250878e+01 3.248521e+01 1.967649e+01 2.420524e+01 5.254560e+01 3.438114e+01 4.415729e+01 2.637298e+01 3.191332e+01 2.703312e+01 1.959812e+00 2.642206e-01 1.895689e+00 4.088292e-01 7.647222e-01 7.868131e-01 2.502151e+00 1.307327e+00 1.116771e+00 1.804251e+00 1.195110e+00 1.398760e+00 1.008693e+00 6.759372e-02 3.641361e-02 9.029841e-02 5.905557e-02 1.265768e-01 9.250862e-02 1.745033e-01 1.630073e-01 2.078774e-01 2.767938e-01 1.690440e-01 1.958872e-01 1.643070e-01 4.024225e-03
<GCONST> 7.874338e+01
<STATE> 4
<MEAN> 39
 -7.116768e+00 -6.541066e+00 -5.514879e+00 -1.004293e+01 -1.215374e+00 -4.682481e+00 -8.409404e-01 -8.921489e+00 -3.019660e+00 -5.935845e+00 9.428732e-01 -4.004976e+00 1.468662e+01 -7.179794e-02 -3.660488e-01 -1.176299e-01 1.204244e-01 -4.112494e-02 3.696103e-01 1.855421e-01 1.810012e-01 1.167377e-01 8.797227e-03 1.649065e-02 9.387975e-03 -9.300601e-02 -5.685288e-03 1.757349e-01 1.040000e-02 -6.684019e-02 -1.211832e-02 -1.464314e-01 -4.599061e-02 -1.503952e-02 -6.331504e-03 2.179366e-02 -5.186099e-03 -1.391516e-02 4.871765e-02
<VARIANCE> 39
 4.560895e+00 6.159153e+00 8.314759e+00 9.574121e+00 1.262566e+01 1.589434e+01 1.697651e+01 1.696682e+01 1.732072e+01 1.627312e+01 1.523353e+01 1.399438e+01 1.034501e+00 2.099294e-01 8.405247e-01 4.288091e-01 5.955234e-01 4.862396e-01 1.170447e+00 9.931200e-01 8.546664e-01 9.812962e-01 7.909758e-01 7.432474e-01 7.057062e-01 4.874191e-02 3.460033e-02 9.647737e-02 7.128509e-02 1.091524e-01 9.177041e-02 1.887645e-01 1.756934e-01 1.504275e-01 1.623780e-01 1.354730e-01 1.324254e-01 1.272722e-01 4.818404e-03
<GCONST> 6.216207e+01
<TRANSP> 5
 0.000000e+00 1.000000e+00 0.000000e+00 0.000000e+00 0.000000e+00
 0.000000e+00 9.121922e-01 8.780776e-02 0.000000e+00 0.000000e+00
 0.000000e+00 0.000000e+00 8.976275e-01 1.023725e-01 0.000000e+00
 0.000000e+00 0.000000e+00 0.000000e+00 9.213890e-01 7.861088e-02
 0.000000e+00 0.000000e+00 0.000000e+00 0.000000e+00 0.000000e+00
<ENDHMM>
~h "oh"
<BEGINHMM>
<NUMSTATES> 5
<STATE> 2
<MEAN> 39
 -5.072906e+00 -9.817537e+00 -7.833376e+00 -8.759861e+00 -2.347719e+00 -7.078434e+00 2.847754e+00 -7.616876e+00 -4.773004e+00 -6.878154e+00 -1.687973e+00 -4.955315e+00 1.721407e+01 4.015585e-01 -2.821495e-01 -5.485501e-01 2.171546e-01 1.401627e-01 -4.945689e-01 2.322911e-01 5.781038e-01 -1.037487e-01 -3.932609e-01 -3.404420e-01 -6.349496e-02 2.903814e-01 6.013422e-02 8.892392e-02 -1.210269e-02 -5.544873e-02 1.547174e-02 -6.012474e-02 -1.276604e-01 1.861858e-02 1.092551e-01 1.494696e-03 -5.272240e-02 -5.050194e-02 1.424377e-02
<VARIANCE> 39
 8.382303e+00 1.228220e+01 1.538582e+01 1.591971e+01 2.185688e+01 2.340161e+01 2.846190e+01 5.757656e+01 3.748621e+01 3.054210e+01 2.663984e+01 2.711323e+01 3.812013e+00 4.045049e-01 5.595051e-01 6.603169e-01 6.405978e-01 7.460980e-01 1.180177e+00 1.235327e+00 1.815302e+00 1.533159e+00 1.309645e+00 1.311777e+00 1.082004e+00 1.254167e-01 4.813059e-02 7.023270e-02 8.521728e-02 8.555460e-02 1.118070e-01 1.482320e-01 1.609972e-01 2.226749e-01 2.095436e-01 1.953586e-01 2.000352e-01 1.548819e-01 1.713554e-02
<GCONST> 7.894449e+01
<STATE> 3
<MEAN> 39
 -4.965997e-01 -8.085562e+00 -1.303811e+01 -1.018378e+01 -8.909652e-01 -1.201037e+01 -8.892374e-01 -1.284799e+00 1.939145e-01 -7.884274e+00 -5.009706e+00 -6.855097e+00 1.903839e+01 2.239072e-01 4.083353e-01 -6.301423e-03 -3.375470e-01 -6.150921e-02 -1.964763e-02 -6.569722e-01 -2.515008e-01 6.164272e-01 5.838702e-01 3.178514e-02 -3.234860e-01 -1.058153e-02 -4.688026e-02 2.213278e-02 1.000644e-01 -1.014053e-02 -5.009493e-02 8.897689e-02 1.630272e-02 -1.447878e-01 -8.520339e-02 7.581967e-02 1.148444e-01 2.391837e-02 -2.662398e-02
<VARIANCE> 39
 6.028924e+00 9.347388e+00 1.555831e+01 1.589685e+01 1.975420e+01 2.333681e+01 4.428231e+01 3.314378e+01 4.055782e+01 3.755698e+01 3.123152e+01 3.914726e+01 1.183734e+00 8.543306e-02 1.427004e-01 2.976720e-01 2.936641e-01 3.913099e-01 5.535883e-01 7.245920e-01 1.116325e+00 7.998047e-01 8.947314e-01 8.656510e-01 6.944234e-01 1.391792e-02 1.175630e-02 1.537127e-02 3.537054e-02 3.572029e-02 4.852976e-02 7.178196e-02 8.156145e-02 1.012436e-01 1.109302e-01 1.074998e-01 9.628422e-02 9.289261e-02 1.245802e-03
<GCONST> 5.396381e+01
<STATE> 4
<MEAN> 39
 -7.418169e-01 -3.730195e+00 -8.383333e+00 -1.248796e+01 -3.622056e+00 -9.300146e+00 -4.000160e+00 -8.066671e+00 -2.979416e-01 -3.366244e+00 3.569722e-01 -6.248672e+00 1.795417e+01 -5.069020e-01 1.203026e-01 7.350001e-01 2.727177e-01 1.213534e-02 5.559241e-01 3.365019e-01 -4.405238e-01 -5.363584e-01 -1.885734e-01 3.968890e-01 4.349112e-01 -2.802317e-01 -1.126523e-01 -1.140013e-01 -2.907858e-02 7.595478e-02 9.950964e-02 8.985823e-02 1.345923e-01 9.031345e-02 -3.953858e-02 -1.066727e-01 -6.855577e-02 5.315383e-02 -3.464305e-02
<VARIANCE> 39
 9.361492e+00 7.810179e+00 2.079552e+01 1.825480e+01 1.941330e+01 2.692007e+01 3.110311e+01 2.683558e+01 3.199027e+01 4.008419e+01 3.906120e+01 3.790241e+01 2.412501e+00 3.826952e-01 4.593656e-01 5.507360e-01 6.217661e-01 8.842405e-01 1.264738e+00 1.251874e+00 1.298648e+00 1.305791e+00 1.263465e+00 1.279160e+00 1.245754e+00 5.453462e-02 3.299578e-02 4.469837e-02 8.896653e-02 8.728106e-02 1.096993e-01 1.661356e-01 1.871797e-01 1.997285e-01 2.127136e-01 2.068777e-01 1.755926e-01 1.748503e-01 4.194855e-03
<GCONST> 7.532735e+01
<TRANSP> 5
 0.000000e+00 1.000000e+00 0.000000e+00 0.000000e+00 0.000000e+00
 0.000000e+00 9.027607e-01 9.723924e-02 0.000000e+00 0.000000e+00
 0.000000e+00 0.000000e+00 9.042472e-01 9.575286e-02 0.000000e+00
 0.000000e+00 0.000000e+00 0.000000e+00 8.838429e-01 1.161571e-01
 0.000000e+00 0.000000e+00 0.000000e+00 0.000000e+00 0.000000e+00
<ENDHMM>
~h "seven"
<BEGINHMM>
<NUMSTATES> 5
<STATE> 2
<MEAN> 39
 -8.806629e+00 -4.769281e+00 -7.050016e+00 -8.596655e+00 -2.107393e+00 -3.131448e+00 -1.276509e+00 -8.136147e+00 -2.909429e+00 -5.214479e+00 6.799276e-01 -3.793395e+00 1.484347e+01 4.741051e-02 -4.084798e-02 -4.356889e-02 -3.256978e-01 -2.671272e-01 -1.353341e-01 2.667654e-01 1.513752e-02 1.375777e-01 -7.739260e-04 -2.047792e-01 -6.332357e-02 1.080877e-01 1.303974e-01 9.204486e-03 8.983017e-02 -1.476355e-01 -1.309363e-01 -1.120194e-01 8.732990e-02 -1.238425e-02 2.002498e-02 -2.644503e-02 -8.712242e-02 -9.269762e-02 9.199264e-02
<VARIANCE> 39
 8.340020e+00 1.013035e+01 1.380079e+01 1.310765e+01 1.612601e+01 1.582008e+01 1.759687e+01 1.745255e+01 1.826360e+01 1.723364e+01 1.706742e+01 1.463345e+01 9.047275e-01 7.144134e-01 4.608479e-01 8.613431e-01 9.991097e-01 9.701380e-01 1.283294e+00 9.959622e-01 8.575958e-01 1.029544e+00 1.155908e+00 9.210116e-01 9.517401e-01 1.512429e-01 5.368435e-02 6.783888e-02 9.750192e-02 1.360510e-01 1.662412e-01 1.770663e-01 1.648983e-01 1.456985e-01 1.700096e-01 1.546174e-01 1.450090e-01 1.504834e-01 8.093956e-03
<GCONST> 7.123422e+01
<STATE> 3
<MEAN> 39
 -5.558075e+00 -7.172778e+00 -5.193472e+00 -1.591174e+01 -6.355659e+00 -4.897009e+00 4.772487e+00 -8.475010e+00 -2.770160e+00 -6.761119e+00 -3.975050e+00 -6.626519e+00 1.896182e+01 1.894532e-01 -2.722632e-01 1.233810e-01 3.882809e-02 -6.137381e-02 -1.088002e-01 2.446590e-01 2.681849e-01 -2.807252e-01 -5.543009e-02 -6.964494e-02 -1.107269e-01 1.236368e-01 -4.177997e-02 7.839749e-02 1.111911e-02 2.926459e-01 1.553699e-01 -2.480877e-02 -2.548968e-01 3.867893e-02 -2.091179e-02 1.592025e-02 1.771704e-01 7.159715e-02 -1.270850e-01
<VARIANCE> 39
 9.614645e+00 1.303329e+01 9.436707e+00 1.827779e+01 4.580249e+01 3.937848e+01 3.187668e+01 3.950835e+01 4.652962e+01 5.849232e+01 3.255419e+01 3.130154e+01 1.240813e+00 4.410259e-01 5.954198e-01 4.993327e-01 1.548395e+00 1.671524e+00 1.672650e+00 1.827650e+00 1.089302e+00 1.392667e+00 1.776832e+00 1.809613e+00 1.326400e+00 2.114268e-01 8.204690e-02 9.001199e-02 9.646610e-02 1.114838e-01 2.523420e-01 2.721471e-01 1.781217e-01 1.666769e-01 2.018927e-01 2.407534e-01 2.262372e-01 1.834979e-01 6.062320e-03
<GCONST> 8.474817e+01
<STATE> 4
<MEAN> 39
 -3.244348e+00 -3.881844e+00 -1.891207e+00 -9.521953e+00 -3.365988e+00 -8.015697e+00 -1.088914e+00 -8.732973e+00 -4.324260e+00 -7.120052e+00 -1.906874e+00 -7.105269e+00 1.713248e+01 1.768524e-02 2.205678e-01 1.049622e-01 2.065503e-01 3.193775e-01 1.039528e-01 -2.925325e-01 -2.637353e-01 8.569293e-02 -1.439431e-02 1.277888e-01 4.227572e-02 -1.184134e-01 -5.595603e-02 -7.367291e-02 -7.384456e-02 -8.778007e-02 -2.233356e-02 9.372202e-02 1.106988e-01 -4.596858e-03 1.866150e-02 1.745087e-02 -3.220638e-02 2.023126e-02 1.415730e-02
<VARIANCE> 39
 4.974843e+00 1.019479e+01 9.926720e+00 1.395349e+01 2.822470e+01 3.043305e+01 2.586529e+01 4.089540e+01 3.293283e+01 3.570398e+01 3.328820e+01 2.974881e+01 1.533693e+00 2.533936e-01 5.250468e-01 5.539057e-01 8.538669e-01 1.339955e+00 1.253491e+00 1.628739e+00 1.363173e+00 1.438485e+00 1.411172e+00 1.273564e+00 9.896298e-01 9.358777e-02 3.738632e-02 7.812218e-02 8.698367e-02 1.507716e-01 2.341878e-01 2.027751e-01 2.726199e-01 2.366434e-01 2.360256e-01 2.409610e-01 2.174078e-01 1.500708e-01 1.437088e-02
<GCONST> 7.928017e+01
<TRANSP> 5
 0.000000e+00 1.000000e+00 0.000000e+00 0.000000e+00 0.000000e+00
 0.000000e+00 9.125739e-01 8.742607e-02 0.000000e+00 0.000000e+00
 0.000000e+00 0.000000e+00 9.003658e-01 9.963417e-02 0.000000e+00
 0.000000e+00 0.000000e+00 0.000000e+00 9.365581e-01 6.344187e-02
 0.000000e+00 0.000000e+00 0.000000e+00 0.000000e+00 0.000000e+00
<ENDHMM>
~h "three"
<BEGINHMM>
<NUMSTATES> 5
<STATE> 2
<MEAN> 39
 -7.753081e+00 -6.035266e+00 -4.949138e+00 -1.011976e+01 -8.176892e-01 -4.845856e+00 -5.887952e-01 -8.498262e+00 -2.602043e+00 -5.425550e+00 9.830297e-01 -3.779383e+00 1.488863e+01 1.181816e-01 -8.363593e-02 2.207187e-01 -4.797684e-02 -4.167403e-01 -2.858675e-01 -6.849109e-02 1.494107e-02 7.425298e-02 3.189590e-02 1.361443e-02 4.316315e-04 9.208674e-02 1.742196e-01 2.254010e-02 1.428289e-01 1.951370e-03 -2.577675e-01 -1.755563e-01 -7.574130e-02 -1.877699e-02 1.537908e-02 -9.218414e-03 -3.924780e-02 -7.054537e-02 8.471628e-02
<VARIANCE> 39
 5.400874e+00 6.329596e+00 9.779343e+00 1.060192e+01 1.435539e+01 1.431225e+01 1.606517e+01 1.761143e+01 1.951330e+01 1.776078e+01 1.686059e+01 1.459231e+01 1.170456e+00 7.019925e-01 5.235447e-01 8.963119e-01 7.510099e-01 1.499185e+00 1.312560e+00 9.016346e-01 1.036179e+00 9.999577e-01 9.323085e-01 9.825643e-01 9.153206e-01 1.193093e-01 5.916818e-02 9.076457e-02 9.846701e-02 1.380231e-01 2.011592e-01 1.855362e-01 1.564496e-01 2.030750e-01 1.781607e-01 1.662450e-01 1.641534e-01 1.611114e-01 4.958384e-03
<GCONST> 7.052038e+01
<STATE> 3
<MEAN> 39
 -2.518136e+00 -6.783542e+00 2.449297e+00 -1.140186e+01 -1.369865e+01 -9.363334e+00 -3.152534e+00 -9.428356e+00 -9.455457e-03 -5.130504e+00 1.270084e-01 -5.735047e+00 1.823541e+01 -6.862381e-02 4.227090e-01 6.951850e-01 -1.049856e+00 -3.996584e-01 3.060282e-01 -8.254074e-01 1.096436e-01 3.076175e-01 -2.807258e-02 6.153165e-02 -1.674224e-01 2.367504e-01 -2.156734e-01 2.146464e-01 -2.005197e-01 -1.428207e-01 5.230278e-01 4.712707e-02 -5.942082e-02 1.143477e-01 -1.140713e-01 -2.023174e-02 2.135190e-02 3.956065e-02 -6.774376e-02
<VARIANCE> 39
 6.507144e+00 1.457567e+01 2.008426e+01 4.937635e+01 4.245368e+01 6.100885e+01 3.522878e+01 3.826530e+01 3.064140e+01 2.820659e+01 3.707789e+01 3.334343e+01 1.447084e+00 9.619798e-01 1.476627e+00 9.228622e-01 2.725314e+00 4.895081e+00 3.382431e+00 2.207000e+00 1.969152e+00 1.296618e+00 1.095892e+00 1.152278e+00 1.164600e+00 6.899486e-02 6.798207e-02 1.290743e-01 1.773856e-01 3.907519e-01 3.806304e-01 6.812702e-01 3.772544e-01 2.755093e-01 2.400974e-01 1.746557e-01 1.705918e-01 1.637534e-01 3.908584e-03
<GCONST> 9.265436e+01
<STATE> 4
<MEAN> 39
 -6.590556e+00 3.298167e+00 -7.803004e-01 -1.672949e+01 -2.106747e+00 -1.135582e+01 -6.399230e+00 -7.962148e+00 -3.159433e+00 -5.505670e+00 -3.370680e-01 -6.525783e+00 1.789480e+01 -2.820242e-02 6.330494e-02 -6.391544e-01 7.253035e-01 7.234870e-01 -1.648797e-01 5.492603e-01 -8.268327e-02 -3.564614e-01 1.203111e-02 -7.059448e-02 5.073441e-02 -1.956445e-01 5.814851e-02 -2.881117e-01 2.508494e-03 1.697359e-01 -2.211512e-01 1.819720e-01 1.647822e-01 -6.734946e-02 9.742322e-02 8.240825e-03 2.041603e-02 2.496871e-02 -3.092091e-02
<VARIANCE> 39
 7.580464e+00 1.700897e+01 1.909991e+01 3.484708e+01 2.704762e+01 2.948793e+01 4.823344e+01 4.778474e+01 3.321849e+01 3.976923e+01 4.240161e+01 3.677536e+01 1.619883e+00 3.151345e-01 1.882924e+00 6.700022e-01 1.043735e+00 1.834893e+00 2.559862e+00 1.467143e+00 1.693773e+00 1.384672e+00 1.287924e+00 1.031998e+00 9.705023e-01 3.582554e-02 4.748387e-02 9.098797e-02 9.640411e-02 2.205423e-01 1.814732e-01 2.352883e-01 2.696372e-01 2.497845e-01 1.837021e-01 1.709959e-01 1.443272e-01 1.353045e-01 2.469563e-03
<GCONST> 8.276381e+01
<TRANSP> 5
 0.000000e+00 1.000000e+00 0.000000e+00 0.000000e+00 0.000000e+00
 0.000000e+00 9.016224e-01 9.837762e-02 0.000000e+00 0.000000e+00
 0.000000e+00 0.000000e+00 8.936676e-01 1.063324e-01 0.000000e+00
 0.000000e+00 0.000000e+00 0.000000e+00 9.153334e-01 8.466650e-02
 0.000000e+00 0.000000e+00 0.000000e+00 0.000000e+00 0.000000e+00
<ENDHMM>
~h "one"
<BEGINHMM>
<NUMSTATES> 5
<STATE> 2
<MEAN> 39
 -4.518805e-01 -3.402784e+00 -8.443933e+00 -1.270263e+01 -1.875606e+00 -5.987661e+00 -2.275723e+00 -8.867911e+00 -2.601642e+00 -6.646011e+00 -1.475403e+00 -7.365994e+00 1.769859e+01 2.103998e-01 -3.606904e-01 -7.771859e-01 3.866610e-01 4.274688e-01 9.435677e-02 -2.048137e-01 2.134635e-01 1.819849e-01 -2.419251e-01 -3.084224e-01 -2.085046e-01 1.796984e-01 -1.118917e-01 -1.460598e-01 2.928783e-02 2.153362e-01 1.225144e-02 -9.389174e-02 -2.919342e-03 1.044305e-01 5.143838e-03 -7.578692e-02 2.515485e-03 7.602517e-02 -1.570835e-02
<VARIANCE> 39
 5.495453e+00 8.375301e+00 3.133023e+01 2.276518e+01 2.856288e+01 2.622848e+01 2.260916e+01 2.060509e+01 2.743981e+01 2.315636e+01 3.019645e+01 3.007905e+01 2.038593e+00 4.331116e-01 7.311462e-01 9.486063e-01 2.139369e+00 1.343967e+00 1.366099e+00 1.271947e+00 1.039806e+00 1.139394e+00 9.681922e-01 1.111004e+00 9.685552e-01 5.947197e-02 3.949683e-02 5.502414e-02 1.856310e-01 2.318593e-01 2.499858e-01 2.470843e-01 2.300211e-01 1.749950e-01 1.963440e-01 1.583900e-01 1.854133e-01 1.750183e-01 4.527906e-03
<GCONST> 7.904118e+01
<STATE> 3
<MEAN> 39
 -2.465531e+00 -1.063755e+01 -1.057806e+01 -1.816900e+00 -8.205510e-01 -9.426733e+00 -2.030190e+00 -4.359922e+00 -3.708465e+00 -1.158850e+01 -2.280303e+00 -6.159982e+00 1.852691e+01 -5.923280e-01 -3.130909e-01 1.360808e+00 4.865196e-01 -1.327708e+00 -2.683872e-01 1.140204e+00 -1.565538e-01 -8.915409e-01 -1.471425e-02 5.522613e-01 9.288771e-02 -5.213565e-02 3.157376e-02 3.182564e-01 2.336368e-01 -5.691901e-01 -9.458843e-02 3.616264e-01 5.219149e-02 -4.228625e-01 2.293652e-02 3.597822e-01 2.881063e-02 -1.620904e-01 -2.971558e-02
<VARIANCE> 39
 6.425571e+00 9.764832e+00 1.981017e+01 2.419558e+01 2.885874e+01 1.776315e+01 3.884034e+01 3.255223e+01 4.659214e+01 3.886999e+01 3.430857e+01 3.411103e+01 1.525048e+00 1.633406e-01 5.914710e-01 6.367459e-01 1.980045e+00 7.715698e-01 1.823207e+00 1.053303e+00 2.307828e+00 1.240626e+00 1.946858e+00 1.064868e+00 1.293228e+00 8.977590e-03 2.596244e-02 5.244817e-02 1.077559e-01 1.227772e-01 3.162029e-01 1.590554e-01 4.062643e-01 1.859148e-01 3.425928e-01 2.133325e-01 2.683239e-01 1.720577e-01 8.707184e-04
<GCONST> 7.673697e+01
<STATE> 4
<MEAN> 39
 -3.841181e+00 -4.380181e+00 -1.380853e+00 -8.920088e+00 -3.196716e+00 -6.281981e+00 -2.462188e+00 -1.221242e+01 -5.214604e+00 -8.497525e+00 -2.664975e+00 -8.175471e+00 1.759471e+01 -3.696582e-03 5.640363e-01 2.622679e-01 -4.548995e-01 4.116560e-01 1.698911e-01 -3.735680e-01 -2.333217e-01 1.575200e-01 1.861188e-01 -2.807068e-02 1.649841e-01 -1.759986e-01 -2.107770e-02 -1.171216e-01 -2.145142e-01 1.096547e-01 8.704751e-02 -2.722269e-02 2.045597e-02 1.849961e-01 4.517069e-02 -7.363620e-02 3.749549e-02 8.076187e-02 -1.677500e-02
<VARIANCE> 39
 6.725616e+00 2.077661e+01 9.946253e+00 1.740464e+01 2.093879e+01 4.195578e+01 3.341082e+01 3.282930e+01 4.008433e+01 4.409937e+01 3.259618e+01 3.568711e+01 1.337940e+00 3.443298e-01 1.010750e+00 9.863699e-01 1.216703e+00 8.805143e-01 1.865041e+00 1.353860e+00 1.411843e+00 1.573528e+00 1.478437e+00 1.085055e+00 1.050132e+00 2.735216e-02 5.694391e-02 1.045753e-01 8.382140e-02 1.278463e-01 1.951442e-01 2.806747e-01 2.505354e-01 1.784448e-01 2.218369e-01 2.216928e-01 1.661902e-01 1.590880e-01 2.928949e-03
<GCONST> 7.987355e+01
<TRANSP> 5
 0.000000e+00 1.000000e+00 0.000000e+00 0.000000e+00 0.000000e+00
 0.000000e+00 9.096045e-01 9.039544e-02 0.000000e+00 0.000000e+00
 0.000000e+00 0.000000e+00 8.314074e-01 1.685926e-01 0.000000e+00
 0.000000e+00 0.000000e+00 0.000000e+00 9.086884e-01 9.131161e-02
 0.000000e+00 0.000000e+00 0.000000e+00 0.000000e+00 0.000000e+00
<ENDHMM>
~h "sil"
<BEGINHMM>
<NUMSTATES> 5
<STATE> 2
<MEAN> 39
 -5.629632e+00 -5.381873e+00 -3.959649e+00 -9.043992e+00 -2.191850e-01 -4.181955e+00 -1.412926e-01 -8.546725e+00 -2.498073e+00 -5.830971e+00 5.865698e-01 -4.487365e+00 1.512058e+01 -2.989977e-01 -2.485853e-01 -1.857900e-01 -5.062539e-02 6.953703e-02 1.348623e-01 8.168902e-02 -1.643711e-03 1.418124e-02 1.866480e-02 1.135568e-01 5.824588e-02 -1.518559e-01 2.366599e-02 -7.472944e-03 -3.844213e-02 -6.360458e-02 -7.384095e-02 -6.419980e-02 -4.217729e-02 -1.949018e-03 -3.811213e-03 -6.769942e-03 -1.693799e-02 -5.217389e-03 2.531348e-02
<VARIANCE> 39
 6.971167e+00 8.607540e+00 9.564894e+00 1.168489e+01 1.486954e+01 1.538818e+01 1.765947e+01 1.877709e+01 2.046502e+01 1.954523e+01 1.858399e+01 1.638754e+01 1.209582e+00 1.686662e-01 3.746083e-01 4.430748e-01 5.866198e-01 7.339928e-01 8.284992e-01 8.455020e-01 9.076109e-01 9.109305e-01 8.356506e-01 9.046679e-01 7.998180e-01 2.155280e-02 2.201154e-02 4.568587e-02 6.338261e-02 7.749980e-02 1.032746e-01 1.189167e-01 1.186156e-01 1.276629e-01 1.369568e-01 1.216473e-01 1.281472e-01 1.153789e-01 2.526401e-03
<GCONST> 5.922258e+01
<STATE> 3
<MEAN> 39
 -7.156939e+00 -7.236734e+00 -5.866395e+00 -1.018522e+01 -1.012347e+00 -4.339154e+00 -3.654398e-01 -8.603598e+00 -2.680011e+00 -5.571365e+00 1.005066e+00 -4.037417e+00 1.452098e+01 -3.584298e-03 4.973430e-03 -6.192496e-03 3.801498e-03 1.879179e-03 4.715763e-03 1.254825e-03 -9.875971e-03 -4.555677e-03 1.094669e-02 -2.631769e-04 2.492723e-03 -1.193124e-03 -2.367544e-04 4.887877e-03 2.877430e-03 5.286389e-03 1.315741e-03 2.870237e-03 5.485760e-04 5.853298e-03 2.717656e-03 -8.293918e-04 -4.062818e-03 -3.430430e-03 1.585011e-03
<VARIANCE> 39
 3.027167e+00 3.564785e+00 6.172712e+00 8.254450e+00 1.253747e+01 1.387375e+01 1.474216e+01 1.582846e+01 1.623780e+01 1.398252e+01 1.548319e+01 1.300188e+01 1.028432e+00 5.842913e-02 1.319095e-01 2.563355e-01 3.600307e-01 4.751975e-01 6.449599e-01 6.224146e-01 6.900989e-01 6.643437e-01 5.534239e-01 6.422850e-01 5.676936e-01 2.417422e-03 1.073370e-02 2.426565e-02 4.638903e-02 6.443691e-02 8.854958e-02 1.218526e-01 1.105602e-01 1.289115e-01 1.215520e-01 9.644407e-02 1.150024e-01 1.070999e-01 5.051141e-04
<GCONST> 4.276598e+01
<STATE> 4
<MEAN> 39
 -8.044108e+00 -6.369843e+00 -6.079112e+00 -1.016943e+01 -1.188544e+00 -4.700867e+00 -5.106548e-01 -8.720682e+00 -2.519547e+00 -5.941778e+00 9.985307e-01 -4.417086e+00 1.453677e+01 3.423467e-03 1.545876e-01 2.794379e-02 1.227884e-02 -7.638057e-02 -6.393967e-02 -6.564821e-02 4.921002e-02 -5.532664e-02 -8.987806e-02 -1.027088e-01 -6.833793e-02 4.891996e-02 4.561830e-02 5.645915e-02 2.690601e-02 -6.750885e-03 -2.035766e-03 -2.716313e-02 -1.659574e-02 -1.573690e-02 -1.398930e-02 -1.821264e-02 -3.889873e-02 -1.456907e-02 3.347783e-02
<VARIANCE> 39
 5.361446e+00 5.850627e+00 7.452223e+00 1.031433e+01 1.202341e+01 1.461873e+01 1.655215e+01 1.791415e+01 1.851074e+01 1.737204e+01 1.645255e+01 1.416318e+01 1.276580e+00 2.534414e-01 3.365528e-01 3.772617e-01 5.664121e-01 6.053327e-01 7.375280e-01 7.088110e-01 9.202841e-01 8.939194e-01 7.990486e-01 7.762733e-01 6.718946e-01 2.073159e-02 3.954312e-02 5.724535e-02 6.069190e-02 9.818344e-02 9.287856e-02 1.226491e-01 1.060877e-01 1.502724e-01 1.416596e-01 1.225171e-01 1.118091e-01 9.929996e-02 4.412926e-03
<GCONST> 5.788786e+01
<TRANSP> 5
 0.000000e+00 1.000000e+00 0.000000e+00 0.000000e+00 0.000000e+00
 0.000000e+00 7.692419e-01 2.307581e-01 0.000000e+00 0.000000e+00
 0.000000e+00 0.000000e+00 9.590835e-01 4.091652e-02 0.000000e+00
 0.000000e+00 0.000000e+00 0.000000e+00 7.109238e-01 2.890762e-01
 0.000000e+00 0.000000e+00 0.000000e+00 0.000000e+00 0.000000e+00
<ENDHMM>
~h "six"
<BEGINHMM>
<NUMSTATES> 5
<STATE> 2
<MEAN> 39
 -9.124295e+00 -4.836953e+00 -7.749949e+00 -8.266639e+00 -2.438857e+00 -2.834769e+00 -1.487292e+00 -7.798928e+00 -3.116517e+00 -4.969313e+00 3.618690e-01 -3.493941e+00 1.461232e+01 2.726811e-02 1.591592e-01 1.185999e-01 -3.531423e-01 -3.868237e-01 -2.528210e-01 -1.307456e-02 8.920166e-03 1.418941e-01 1.896524e-01 -1.204983e-01 9.512926e-03 1.277529e-01 1.224179e-01 8.574615e-02 1.920704e-01 -2.156928e-01 -1.443492e-01 -1.911087e-01 -1.348148e-02 -1.142857e-02 4.335983e-02 1.788300e-02 -7.846190e-02 -1.185633e-01 9.579257e-02
<VARIANCE> 39
 5.881856e+00 7.824515e+00 1.145771e+01 1.170149e+01 1.691563e+01 1.670037e+01 1.585943e+01 1.681437e+01 1.957148e+01 2.023768e+01 1.844873e+01 1.536605e+01 1.012899e+00 5.537620e-01 4.715973e-01 1.205764e+00 1.010492e+00 1.007775e+00 1.470687e+00 8.038239e-01 8.137797e-01 1.030869e+00 1.294180e+00 9.459645e-01 9.358563e-01 1.411679e-01 4.636098e-02 5.967520e-02 9.845393e-02 1.366894e-01 1.730452e-01 1.833199e-01 1.418879e-01 1.549592e-01 1.804593e-01 1.774092e-01 1.522813e-01 1.540163e-01 7.503505e-03
<GCONST> 7.075549e+01
<STATE> 3
<MEAN> 39
 -6.389795e+00 -1.255084e+00 -8.810620e-01 -1.937228e+01 -7.577194e+00 -8.493302e+00 -2.595068e+00 -6.569140e+00 3.325133e-02 -3.820272e+00 -2.226168e+00 -7.108535e+00 1.817332e+01 6.033787e-02 -1.004580e-01 1.973094e-01 -2.318162e-01 3.399071e-01 1.645808e-01 -1.732649e-01 1.224701e-01 4.917457e-02 -1.716383e-01 1.772009e-01 -6.580665e-03 -4.431786e-02 -7.081279e-02 -1.914884e-01 -2.624974e-01 4.212634e-01 2.477779e-01 2.067547e-01 8.841414e-02 -7.030385e-02 -1.214316e-01 -5.252284e-02 1.186420e-01 1.339913e-01 -1.487445e-01
<VARIANCE> 39
 7.367367e+00 9.635596e+00 1.569742e+01 2.776347e+01 5.692443e+01 3.167277e+01 3.629292e+01 2.495915e+01 3.438403e+01 5.661712e+01 3.469410e+01 3.674877e+01 1.645047e+00 3.757044e-01 7.674609e-01 1.271301e+00 3.640179e+00 2.695807e+00 1.950655e+00 1.896175e+00 1.366034e+00 1.928482e+00 2.033426e+00 1.879827e+00 2.011311e+00 3.396145e-01 6.646573e-02 6.525156e-02 1.520792e-01 2.585391e-01 3.130457e-01 3.120062e-01 3.695939e-01 2.303203e-01 2.922211e-01 3.375136e-01 2.687100e-01 2.614650e-01 1.433633e-02
<GCONST> 9.337854e+01
<STATE> 4
<MEAN> 39
 -8.222576e+00 -6.451437e+00 -6.277395e+00 -9.275581e+00 -2.415956e+00 -3.256268e+00 -9.182800e-01 -8.615625e+00 -2.795307e+00 -5.153826e+00 7.408615e-01 -4.248632e+00 1.464348e+01 -7.442149e-02 -1.118081e-01 -2.389876e-01 2.870741e-01 3.500223e-02 6.666961e-02 1.390737e-01 -4.188103e-02 -8.121281e-02 -2.483454e-03 7.366222e-03 3.130439e-02 -6.889644e-02 2.173761e-02 7.154373e-02 7.432566e-02 -1.248943e-01 -5.118543e-02 -6.603874e-02 -5.131235e-02 3.815525e-02 2.469895e-02 6.733105e-03 -2.995415e-02 -2.922751e-02 4.497594e-02
<VARIANCE> 39
 7.836407e+00 8.037000e+00 1.202002e+01 1.253897e+01 1.775490e+01 1.684576e+01 1.688475e+01 1.718217e+01 1.742179e+01 1.762553e+01 1.547864e+01 1.427368e+01 1.310077e+00 3.471871e-01 5.518962e-01 7.463472e-01 9.087880e-01 9.875028e-01 1.059264e+00 1.026785e+00 9.108876e-01 8.760957e-01 8.051559e-01 7.558445e-01 6.350735e-01 5.456962e-02 4.509160e-02 7.355037e-02 1.100384e-01 1.327705e-01 1.825924e-01 1.706938e-01 1.655958e-01 1.667246e-01 1.581869e-01 1.441439e-01 1.370199e-01 1.246721e-01 7.388055e-03
<GCONST> 6.779649e+01
<TRANSP> 5
 0.000000e+00 1.000000e+00 0.000000e+00 0.000000e+00 0.000000e+00
 0.000000e+00 9.049472e-01 9.505279e-02 0.000000e+00 0.000000e+00
 0.000000e+00 0.000000e+00 8.983328e-01 1.016671e-01 0.000000e+00
 0.000000e+00 0.000000e+00 0.000000e+00 9.437304e-01 5.626968e-02
 0.000000e+00 0.000000e+00 0.000000e+00 0.000000e+00 0.000000e+00
<ENDHMM>
~h "two"
<BEGINHMM>
<NUMSTATES> 5
<STATE> 2
<MEAN> 39
 -9.639380e+00 -4.513416e+00 -6.580733e+00 -9.863549e+00 -9.720724e-01 -4.070689e+00 -1.373343e+00 -8.179422e+00 -2.537152e+00 -5.722523e+00 1.014189e+00 -3.721768e+00 1.495430e+01 -3.758499e-02 2.631131e-01 2.263374e-01 -3.008481e-01 -8.029149e-02 -1.059093e-02 -1.952108e-01 2.048009e-02 1.192919e-01 3.786819e-02 -4.394487e-03 -2.839590e-02 9.347267e-02 1.950326e-01 9.726065e-02 2.115304e-01 -1.064899e-01 -1.587307e-01 -1.867033e-01 -1.174412e-01 -6.690828e-02 -2.515926e-02 -1.346554e-03 -7.481465e-02 -1.170505e-01 8.904146e-02
<VARIANCE> 39
 9.732289e+00 8.411867e+00 1.057139e+01 1.130263e+01 1.669864e+01 1.858915e+01 1.761610e+01 1.993475e+01 2.015008e+01 2.109536e+01 2.063023e+01 1.756303e+01 9.683682e-01 1.154743e+00 7.385867e-01 1.484535e+00 7.320565e-01 1.243841e+00 1.212138e+00 9.533133e-01 1.050649e+00 1.054677e+00 1.129718e+00 1.398423e+00 9.929962e-01 1.174519e-01 1.107616e-01 1.110961e-01 1.232448e-01 1.199814e-01 2.136392e-01 1.859784e-01 1.655751e-01 1.895574e-01 1.984027e-01 1.764035e-01 2.621551e-01 1.380705e-01 7.422639e-03
<GCONST> 7.620221e+01
<STATE> 3
<MEAN> 39
 -4.756926e+00 1.149320e+00 1.778225e+00 -1.527068e+01 -6.598805e+00 -9.672951e+00 -6.598327e+00 -1.044179e+01 -2.516045e+00 -5.320362e+00 -1.030022e+00 -7.239760e+00 1.830119e+01 7.193317e-01 5.999755e-01 8.360486e-01 -6.091873e-01 -1.201094e+00 -1.150002e+00 -6.212717e-01 -3.241048e-01 -7.638557e-02 1.074631e-01 -2.783294e-01 -6.924761e-01 4.804432e-01 -2.461665e-01 -2.219688e-01 -4.234547e-01 2.838059e-01 2.397683e-01 2.108274e-01 2.293689e-01 1.474371e-01 -1.436215e-02 5.922110e-03 1.442221e-01 1.762003e-01 -1.356786e-01
<VARIANCE> 39
 7.637055e+00 8.201180e+00 1.359603e+01 2.286913e+01 4.094153e+01 2.664878e+01 2.842986e+01 2.392865e+01 3.044523e+01 5.369550e+01 4.334023e+01 4.700751e+01 1.220934e+00 6.002335e-01 6.134157e-01 9.871253e-01 1.413978e+00 1.245543e+00 1.154155e+00 1.636978e+00 1.535898e+00 1.877875e+00 2.038629e+00 2.554883e+00 1.859359e+00 8.416652e-02 6.196135e-02 5.703237e-02 8.188550e-02 1.318223e-01 2.159619e-01 1.828538e-01 2.050726e-01 1.926454e-01 2.096131e-01 2.724445e-01 2.909153e-01 2.224142e-01 8.053108e-03
<GCONST> 8.427509e+01
<STATE> 4
<MEAN> 39
 -3.074160e+00 -2.498496e-01 -1.582083e-01 -1.281029e+01 -6.631963e+00 -1.135589e+01 -5.742243e+00 -1.003087e+01 -3.079259e+00 -5.508291e+00 -1.510180e-01 -7.402942e+00 1.806439e+01 2.856459e-02 -3.108900e-01 -3.225634e-01 4.777231e-01 4.160337e-01 2.897200e-01 2.823396e-01 6.164469e-02 -7.978731e-02 -2.571180e-03 1.468312e-01 2.523624e-01 -1.813450e-01 -7.879075e-02 -6.534904e-02 -4.715161e-02 -2.746918e-03 8.374645e-02 1.333992e-01 8.168758e-02 3.501742e-02 2.799209e-02 -2.889509e-03 -1.431954e-02 4.589156e-02 -4.147517e-02
<VARIANCE> 39
 6.126970e+00 7.980874e+00 1.202322e+01 3.019345e+01 3.252042e+01 2.281901e+01 3.197463e+01 3.246532e+01 4.006977e+01 4.282231e+01 5.143119e+01 4.045086e+01 1.492822e+00 2.866625e-01 2.399527e-01 4.425735e-01 6.655245e-01 9.312073e-01 1.150722e+00 1.105539e+00 1.194716e+00 1.057023e+00 1.124071e+00 1.145986e+00 1.082552e+00 3.967651e-02 3.091886e-02 3.306121e-02 5.466451e-02 9.506745e-02 1.114157e-01 1.450114e-01 1.389045e-01 1.749011e-01 1.699729e-01 1.672947e-01 1.672982e-01 1.557807e-01 3.008824e-03
<GCONST> 7.111190e+01
<TRANSP> 5
 0.000000e+00 1.000000e+00 0.000000e+00 0.000000e+00 0.000000e+00
 0.000000e+00 9.084745e-01 9.152547e-02 0.000000e+00 0.000000e+00
 0.000000e+00 0.000000e+00 7.698596e-01 2.301404e-01 0.000000e+00
 0.000000e+00 0.000000e+00 0.000000e+00 9.201574e-01 7.984255e-02
 0.000000e+00 0.000000e+00 0.000000e+00 0.000000e+00 0.000000e+00
<ENDHMM>
~h "nine"
<BEGINHMM>
<NUMSTATES> 5
<STATE> 2
<MEAN> 39
 -4.077330e+00 -3.898045e+00 -1.677265e+00 -8.971156e+00 -2.804490e+00 -6.378210e+00 -1.642722e+00 -1.116134e+01 -5.117401e+00 -8.041974e+00 -2.887749e+00 -7.734881e+00 1.762904e+01 -1.811325e-01 -6.858032e-01 -2.834639e-01 4.408269e-01 -4.285429e-01 2.355705e-01 4.030291e-01 -1.731195e-01 -1.880388e-02 -1.236191e-01 -8.592726e-02 -8.366859e-02 2.069311e-01 -5.922493e-02 -1.590375e-01 -1.030369e-01 1.132272e-01 -5.453405e-03 -1.169216e-03 5.204876e-02 4.893637e-02 3.952454e-02 9.370377e-03 7.326270e-02 3.877672e-02 -9.215203e-03
<VARIANCE> 39
 8.090953e+00 1.916342e+01 1.444466e+01 1.669295e+01 2.834809e+01 2.875756e+01 3.145666e+01 2.650790e+01 4.734473e+01 3.538876e+01 3.033126e+01 3.281607e+01 1.829772e+00 4.871427e-01 1.494063e+00 1.080494e+00 1.097170e+00 1.264090e+00 1.393836e+00 1.627391e+00 1.205140e+00 1.553539e+00 1.157374e+00 1.183340e+00 1.006628e+00 4.894993e-02 6.265619e-02 1.682044e-01 1.288502e-01 1.425366e-01 2.181607e-01 2.178717e-01 2.447257e-01 1.814127e-01 2.032964e-01 1.691315e-01 1.711285e-01 1.443605e-01 4.463007e-03
<GCONST> 8.221024e+01
<STATE> 3
<MEAN> 39
 -6.347526e+00 -1.160442e+01 -4.860511e+00 -2.734690e+00 -5.693742e+00 -5.250024e+00 1.736060e+00 -1.135922e+01 -5.539679e+00 -9.015328e+00 -1.699770e+00 -7.646741e+00 1.861514e+01 -1.102202e-01 9.686048e-02 2.307477e-01 -2.420473e-01 -2.305192e-02 2.140791e-01 -1.050663e-01 -8.696254e-02 1.959000e-01 5.474262e-02 -5.526767e-02 4.596739e-02 -2.113688e-02 2.517099e-03 1.935468e-01 6.929506e-02 -2.402585e-01 4.426288e-02 6.240290e-02 -1.060978e-01 1.121202e-02 7.537673e-02 -1.084899e-02 -6.778221e-02 2.441986e-02 -1.480030e-02
<VARIANCE> 39
 7.253239e+00 8.472353e+00 2.450037e+01 3.236936e+01 1.900658e+01 3.083622e+01 3.095137e+01 3.397374e+01 4.391690e+01 4.150163e+01 2.842895e+01 3.075454e+01 1.006126e+00 8.384608e-02 3.840279e-01 4.111280e-01 1.132712e+00 5.000370e-01 6.241729e-01 5.587698e-01 5.153652e-01 6.511035e-01 6.707068e-01 6.806693e-01 5.420507e-01 4.827252e-03 1.133340e-02 3.005360e-02 4.127556e-02 5.547937e-02 7.264968e-02 7.246985e-02 7.391031e-02 8.095074e-02 8.281076e-02 8.716506e-02 7.873287e-02 7.922963e-02 3.983415e-04
<GCONST> 5.405603e+01
<STATE> 4
<MEAN> 39
 -5.408940e+00 -2.488683e+00 -1.320186e+00 -1.141012e+01 -1.443080e+00 -5.341778e+00 -3.676828e+00 -1.048140e+01 -3.509034e+00 -8.117120e+00 -2.930947e+00 -6.527740e+00 1.769447e+01 2.317154e-01 5.105914e-01 -3.092591e-03 -1.016934e-01 4.411196e-01 -2.479254e-01 -2.011424e-01 2.756166e-01 -1.277939e-01 8.107464e-02 2.108437e-01 1.169407e-01 -1.723584e-01 -2.715088e-02 -1.583066e-01 -8.625385e-02 1.474570e-01 -3.839135e-02 -6.090573e-03 1.204325e-01 1.985705e-02 -5.447895e-02 4.231458e-02 7.832302e-02 -9.554831e-03 -2.023010e-02
<VARIANCE> 39
 1.166845e+01 1.632529e+01 1.132170e+01 2.321636e+01 3.171843e+01 3.320291e+01 3.064791e+01 2.993113e+01 4.733530e+01 3.817847e+01 3.626936e+01 3.985386e+01 1.211660e+00 5.065152e-01 1.171872e+00 6.359946e-01 1.643074e+00 1.303741e+00 1.550629e+00 1.528432e+00 1.269756e+00 1.658819e+00 1.184173e+00 1.105880e+00 1.068939e+00 2.538142e-02 7.071383e-02 8.681951e-02 9.031531e-02 1.779845e-01 1.819096e-01 2.449436e-01 1.820611e-01 2.039852e-01 2.436527e-01 1.943311e-01 1.735394e-01 1.451956e-01 2.221677e-03
<GCONST> 8.083681e+01
<TRANSP> 5
 0.000000e+00 1.000000e+00 0.000000e+00 0.000000e+00 0.000000e+00
 0.000000e+00 9.012508e-01 9.874914e-02 0.000000e+00 0.000000e+00
 0.000000e+00 0.000000e+00 9.153502e-01 8.464977e-02 0.000000e+00
 0.000000e+00 0.000000e+00 0.000000e+00 9.176028e-01 8.239717e-02
 0.000000e+00 0.000000e+00 0.000000e+00 0.000000e+00 0.000000e+00
<ENDHMM>
~h "five"
<BEGINHMM>
<NUMSTATES> 5
<STATE> 2
<MEAN> 39
 -6.145298e+00 -8.579066e+00 -7.592478e+00 -9.225046e+00 -4.230646e-01 -6.121465e+00 6.969539e-03 -6.825413e+00 -3.778208e+00 -6.490660e+00 -3.219455e-01 -4.546302e+00 1.643808e+01 1.117977e-01 -6.872110e-01 -4.785917e-01 3.255060e-01 2.195612e-01 -2.712114e-01 2.421209e-01 2.802691e-01 -3.435879e-01 -1.302721e-01 -1.266204e-01 1.667049e-02 2.472797e-01 -1.688005e-03 -5.660920e-03 5.737718e-02 4.688830e-02 -1.725684e-02 -3.236450e-02 -1.989580e-02 -4.941049e-02 -1.732893e-02 2.411527e-02 1.546302e-02 -1.459348e-02 2.061847e-02
<VARIANCE> 39
 1.125222e+01 1.815386e+01 1.972011e+01 1.332428e+01 1.796992e+01 2.025480e+01 1.944230e+01 3.697228e+01 2.612189e+01 2.326819e+01 2.203223e+01 1.616224e+01 4.948134e+00 7.423182e-01 6.844241e-01 8.868371e-01 8.866003e-01 8.226769e-01 1.096099e+00 9.428282e-01 1.701124e+00 1.496832e+00 1.271831e+00 1.231869e+00 8.357615e-01 2.129118e-01 1.004225e-01 1.065271e-01 1.570922e-01 1.148708e-01 1.338450e-01 1.695189e-01 1.473376e-01 2.760081e-01 2.348384e-01 1.802754e-01 1.906100e-01 1.286197e-01 2.516604e-02
<GCONST> 8.141045e+01
<STATE> 3
<MEAN> 39
 -5.829909e+00 -1.543208e+01 -8.489591e+00 -3.791502e+00 1.364196e+00 -9.061790e+00 2.480586e+00 -7.543464e+00 -7.266443e+00 -5.482922e+00 -5.596448e-01 -4.576599e+00 1.903887e+01 -1.610333e-01 9.881303e-02 4.891211e-01 -2.808346e-01 -2.718478e-01 4.465795e-01 6.804518e-02 -3.852472e-01 3.469790e-02 2.820536e-01 5.019209e-02 -7.338862e-02 -4.962920e-02 4.119491e-02 1.198991e-01 1.074241e-02 -1.944130e-01 -5.746678e-02 8.541076e-02 -2.819498e-02 2.903881e-02 6.260718e-02 -5.057395e-02 -7.345670e-02 -1.855369e-02 -1.597168e-02
<VARIANCE> 39
 9.235519e+00 9.516522e+00 2.487405e+01 2.134832e+01 1.890435e+01 2.361058e+01 1.802779e+01 4.020387e+01 4.783451e+01 4.513331e+01 2.691066e+01 2.542698e+01 1.368736e+00 9.077754e-02 1.726026e-01 2.727430e-01 6.954151e-01 5.202826e-01 5.777697e-01 5.082270e-01 5.121690e-01 6.401092e-01 6.122528e-01 5.999653e-01 4.835857e-01 5.997586e-03 1.192115e-02 2.521031e-02 3.123388e-02 4.833078e-02 5.224700e-02 5.349390e-02 5.804963e-02 6.689397e-02 9.045380e-02 8.805466e-02 6.807323e-02 7.103812e-02 9.688300e-04
<GCONST> 5.083686e+01
<STATE> 4
<MEAN> 39
 -5.452401e+00 -7.798195e+00 -3.664724e+00 -1.292934e+01 -3.057851e+00 -3.760870e+00 1.120415e+00 -8.346090e+00 -3.888038e+00 -5.631059e+00 -1.734033e+00 -5.653007e+00 1.761938e+01 6.896123e-02 9.293824e-01 2.307979e-01 -1.987882e-01 -1.315930e-01 -8.908923e-02 -2.932281e-01 7.891072e-02 3.928494e-01 -1.370573e-01 7.672828e-02 1.233716e-02 -2.762189e-01 -4.002640e-02 -7.254069e-02 -8.900335e-02 1.945955e-01 1.092603e-01 -8.830163e-02 -1.665552e-02 -4.516224e-03 -4.075466e-02 1.309693e-02 7.345113e-02 3.240537e-02 -1.782534e-02
<VARIANCE> 39
 7.533137e+00 2.308250e+01 1.185585e+01 2.986159e+01 3.748623e+01 2.150838e+01 2.415422e+01 3.057125e+01 4.223594e+01 2.629448e+01 2.688212e+01 2.787959e+01 2.629518e+00 3.400311e-01 7.374029e-01 6.409166e-01 2.733145e+00 1.682087e+00 1.393089e+00 9.393057e-01 1.417222e+00 1.594574e+00 1.266554e+00 1.316848e+00 1.013080e+00 6.819270e-02 5.715515e-02 1.022110e-01 9.524719e-02 3.009314e-01 2.342666e-01 2.509229e-01 1.675267e-01 2.084453e-01 2.011775e-01 1.717467e-01 2.163429e-01 1.726192e-01 9.082112e-03
<GCONST> 8.298357e+01
<TRANSP> 5
 0.000000e+00 1.000000e+00 0.000000e+00 0.000000e+00 0.000000e+00
 0.000000e+00 9.300392e-01 6.996083e-02 0.000000e+00 0.000000e+00
 0.000000e+00 0.000000e+00 9.152319e-01 8.476811e-02 0.000000e+00
 0.000000e+00 0.000000e+00 0.000000e+00 8.980054e-01 1.019946e-01
 0.000000e+00 0.000000e+00 0.000000e+00 0.000000e+00 0.000000e+00
<ENDHMM>
~h "four"
<BEGINHMM>
<NUMSTATES> 5
<STATE> 2
<MEAN> 39
 -7.667614e+00 -6.677808e+00 -5.470642e+00 -9.688792e+00 -1.112550e+00 -4.543476e+00 -5.189730e-01 -8.559962e+00 -2.271121e+00 -5.732479e+00 1.121440e+00 -4.080835e+00 1.494338e+01 3.138357e-01 1.474963e-02 -3.778507e-01 -2.939831e-01 -1.125255e-01 -9.205812e-02 -1.320306e-01 -8.569778e-03 1.231802e-01 1.055110e-01 -1.625141e-02 -4.077194e-02 1.258386e-01 2.438173e-01 9.813482e-02 -1.170318e-01 -1.288143e-01 -5.303990e-02 -1.112579e-01 -1.097985e-01 -1.808096e-02 -8.184090e-03 7.009547e-03 -7.390759e-02 -1.029496e-01 1.065350e-01
<VARIANCE> 39
 4.657704e+00 4.193451e+00 6.876489e+00 8.704023e+00 1.156782e+01 1.418993e+01 1.488090e+01 1.611071e+01 1.489992e+01 1.410061e+01 1.539704e+01 1.167687e+01 9.116805e-01 1.047066e+00 4.639238e-01 5.766307e-01 6.437171e-01 6.049650e-01 9.842697e-01 9.577667e-01 8.519986e-01 8.544642e-01 7.821125e-01 1.037500e+00 8.674547e-01 1.654570e-01 5.929432e-02 5.711765e-02 1.015155e-01 1.069120e-01 1.041819e-01 1.638891e-01 1.311691e-01 1.613808e-01 1.551103e-01 1.347689e-01 1.544513e-01 1.329648e-01 6.555353e-03
<GCONST> 6.410861e+01
<STATE> 3
<MEAN> 39
 1.545542e+00 -3.506071e+00 -1.204609e+01 -1.693926e+01 -4.004881e+00 -6.246487e+00 -3.255047e+00 -8.958976e+00 -1.451340e+00 -3.992062e+00 3.068374e-01 -6.856420e+00 1.889500e+01 3.433107e-01 -1.623348e-01 -3.558477e-01 -7.217046e-02 6.820402e-02 -2.290270e-02 -2.270717e-01 1.736721e-01 3.472252e-01 1.047987e-01 -2.364447e-01 -2.329478e-01 1.594964e-01 -1.728062e-01 -1.511379e-01 1.446060e-01 2.267973e-01 4.013358e-02 -2.949183e-02 4.305371e-02 1.087216e-01 4.690736e-02 -7.877221e-02 -5.253192e-02 5.703615e-02 -6.698091e-02
<VARIANCE> 39
 4.227960e+00 1.022245e+01 1.029036e+01 1.432916e+01 2.460276e+01 1.721146e+01 1.818636e+01 1.709347e+01 2.334695e+01 2.481169e+01 3.750479e+01 3.594286e+01 1.115800e+00 5.912058e-01 7.438594e-01 7.231894e-01 1.240829e+00 9.895772e-01 7.948631e-01 9.115145e-01 9.642962e-01 1.307602e+00 1.180656e+00 1.372135e+00 1.243437e+00 1.038316e-01 4.871599e-02 4.642924e-02 9.628293e-02 8.305278e-02 1.340594e-01 1.435021e-01 1.544317e-01 1.396360e-01 1.799932e-01 1.932645e-01 2.021902e-01 1.820074e-01 7.090522e-03
<GCONST> 7.298954e+01
<STATE> 4
<MEAN> 39
 -5.429465e-01 -1.072220e+01 -7.323119e+00 -8.565816e+00 -5.391744e+00 -8.704766e+00 -2.323945e+00 -4.895527e+00 1.832076e-01 -7.540123e+00 -3.910874e+00 -7.426217e+00 1.840887e+01 -6.129126e-01 7.465034e-02 1.055966e+00 4.896527e-01 -3.433497e-01 7.616244e-02 5.981666e-01 -1.811750e-01 -6.240198e-01 -3.440996e-01 1.658252e-01 3.014710e-01 -2.432765e-01 -9.001639e-02 2.380779e-01 -4.453148e-02 -1.996030e-01 1.165280e-01 1.960449e-01 3.099994e-02 -1.858954e-01 -1.287930e-01 1.032561e-01 1.745549e-01 4.439849e-02 -4.962718e-02
<VARIANCE> 39
 7.333424e+00 1.779958e+01 3.181578e+01 1.828339e+01 4.522201e+01 3.700930e+01 3.509687e+01 4.319407e+01 4.621206e+01 3.482880e+01 3.460003e+01 3.076935e+01 1.741630e+00 2.971708e-01 1.587486e+00 9.179295e-01 1.626264e+00 2.564564e+00 2.221741e+00 1.718492e+00 2.564770e+00 1.885271e+00 1.705947e+00 1.829050e+00 1.123808e+00 5.832912e-02 2.926799e-02 1.346432e-01 2.064868e-01 1.690599e-01 4.288346e-01 2.940587e-01 3.516556e-01 3.668474e-01 3.851870e-01 2.816707e-01 3.092501e-01 2.124644e-01 3.411653e-03
<GCONST> 9.085587e+01
<TRANSP> 5
 0.000000e+00 1.000000e+00 0.000000e+00 0.000000e+00 0.000000e+00
 0.000000e+00 9.011176e-01 9.888238e-02 0.000000e+00 0.000000e+00
 0.000000e+00 0.000000e+00 9.186853e-01 8.131475e-02 0.000000e+00
 0.000000e+00 0.000000e+00 0.000000e+00 8.810120e-01 1.189880e-01
 0.000000e+00 0.000000e+00 0.000000e+00 0.000000e+00 0.000000e+00
<ENDHMM>
~h "zero"
<BEGINHMM>
<NUMSTATES> 5
<STATE> 2
<MEAN> 39
 -6.758173e+00 -3.060533e+00 -4.886794e+00 -7.466863e+00 -1.265788e+00 -3.807552e+00 -1.414098e+00 -8.519994e+00 -3.457348e+00 -5.106208e+00 5.901265e-01 -4.556122e+00 1.523185e+01 -8.170491e-02 3.317759e-01 1.413686e-01 -3.041170e-01 -2.133193e-01 -2.737593e-01 -1.777332e-01 -1.205095e-01 1.233098e-01 2.201353e-01 -1.254929e-02 -1.799642e-04 1.060412e-01 6.806261e-02 1.068907e-01 1.512869e-01 -2.256985e-01 -1.459333e-01 -2.462533e-01 -6.497090e-02 -7.538820e-02 6.202343e-02 1.080061e-02 -2.262779e-02 -5.403139e-02 8.252073e-02
<VARIANCE> 39
 7.745603e+00 1.028858e+01 1.429242e+01 1.360914e+01 1.783327e+01 1.930373e+01 1.877950e+01 1.949848e+01 2.377083e+01 2.085608e+01 1.977659e+01 1.678326e+01 1.208742e+00 4.211672e-01 7.290789e-01 1.003664e+00 9.500194e-01 8.893788e-01 1.750820e+00 9.589456e-01 1.102061e+00 1.068043e+00 8.963278e-01 1.006095e+00 1.001623e+00 1.192539e-01 5.258036e-02 9.179002e-02 1.144091e-01 1.198336e-01 1.237963e-01 1.946423e-01 1.597987e-01 1.730609e-01 1.607243e-01 1.399859e-01 1.706397e-01 1.584596e-01 7.959140e-03
<GCONST> 7.320310e+01
<STATE> 3
<MEAN> 39
 -5.592326e+00 3.955311e-01 8.077531e-01 -1.662427e+01 -7.707250e+00 -9.225020e+00 -4.660081e+00 -8.628913e+00 -4.997135e-02 -3.802484e+00 1.258469e-01 -6.759883e+00 1.834422e+01 3.379149e-01 -6.247942e-01 4.887857e-01 -2.657180e-01 -1.102035e+00 1.290306e-01 1.548042e-01 1.538522e-01 3.349333e-01 -5.399710e-02 2.665101e-02 -1.553153e-01 1.949302e-01 4.521539e-02 -2.660768e-01 -1.692012e-01 3.433270e-01 9.396128e-03 1.403285e-01 1.908158e-01 7.234599e-02 -7.128276e-02 -4.766162e-02 -7.064903e-03 6.281433e-02 -6.165056e-02
<VARIANCE> 39
 7.281282e+00 1.915912e+01 1.718733e+01 2.744013e+01 5.847326e+01 3.936473e+01 3.189042e+01 4.336214e+01 3.246247e+01 3.001806e+01 3.379706e+01 4.995004e+01 1.156447e+00 4.295123e-01 1.775875e+00 8.555176e-01 2.664613e+00 1.664700e+00 2.654130e+00 1.727384e+00 1.475448e+00 1.340086e+00 1.175761e+00 1.141518e+00 1.379974e+00 7.314245e-02 5.099222e-02 1.107144e-01 1.223853e-01 1.857533e-01 2.375445e-01 3.918629e-01 2.244570e-01 2.434573e-01 2.200195e-01 1.773840e-01 1.724214e-01 2.131545e-01 4.550986e-03
<GCONST> 8.729034e+01
<STATE> 4
<MEAN> 39
 -1.649559e+00 -9.930118e+00 -4.550301e+00 -9.837090e+00 -9.202919e+00 -8.373464e+00 4.404310e-02 -4.373060e+00 -3.070273e-01 -6.662804e+00 -1.066608e+00 -5.913484e+00 1.846300e+01 -1.717718e-03 4.104586e-02 -4.249462e-01 2.122243e-01 6.903457e-01 -3.667700e-02 1.310308e-02 7.659408e-02 -1.453036e-01 -9.953744e-02 -4.259002e-02 5.561097e-02 -9.980539e-02 -8.147389e-02 1.027286e-01 5.154659e-02 -8.308209e-02 8.996808e-02 7.159720e-02 -5.898281e-02 -6.223071e-02 -2.369935e-02 2.519721e-02 2.527991e-02 8.757444e-03 -2.410392e-02
<VARIANCE> 39
 6.049097e+00 2.022753e+01 2.591802e+01 2.576328e+01 6.116906e+01 5.180338e+01 3.776206e+01 3.636257e+01 4.391718e+01 3.594053e+01 2.597993e+01 3.311924e+01 1.509333e+00 3.012061e-01 8.277464e-01 7.833853e-01 1.013892e+00 1.236915e+00 1.841354e+00 1.590089e+00 1.897714e+00 1.647464e+00 1.476163e+00 1.053238e+00 9.581064e-01 3.797204e-02 2.902777e-02 5.182399e-02 8.361211e-02 1.130989e-01 1.905690e-01 2.371269e-01 2.060659e-01 2.034619e-01 2.219543e-01 2.011818e-01 1.522517e-01 1.418979e-01 2.415668e-03
<GCONST> 8.034365e+01
<TRANSP> 5
 0.000000e+00 1.000000e+00 0.000000e+00 0.000000e+00 0.000000e+00
 0.000000e+00 8.903301e-01 1.096699e-01 0.000000e+00 0.000000e+00
 0.000000e+00 0.000000e+00 8.972680e-01 1.027320e-01 0.000000e+00
 0.000000e+00 0.000000e+00 0.000000e+00 9.447610e-01 5.523901e-02
 0.000000e+00 0.000000e+00 0.000000e+00 0.000000e+00 0.000000e+00
<ENDHMM>
