~o
<STREAMINFO> 1 39
<VECSIZE> 39<NULLD><MFCC_E_D_A><DIAGC>
~s "silst"
<MEAN> 39
 -5.078471e+00 -3.723792e+00 -3.218486e+00 -8.848482e+00 -1.270501e+00 -5.777737e+00 -1.838390e+00 -9.463658e+00 -3.493065e+00 -6.424959e+00 -3.773800e-01 -5.638299e+00 1.586031e+01 -6.630870e-01 -4.388857e-01 -4.507216e-01 1.664604e-01 3.063346e-01 7.020958e-01 3.726042e-01 1.050141e-01 1.430152e-01 1.487537e-01 3.349111e-01 3.729559e-01 -3.626003e-01 -2.641275e-02 -7.166720e-02 -1.084392e-01 -1.265278e-01 -9.446976e-02 -6.986786e-02 1.093521e-03 7.314883e-02 3.724703e-02 9.170828e-03 -1.483375e-02 3.821856e-03 2.633796e-02
<VARIANCE> 39
 1.124929e+01 1.083550e+01 1.338440e+01 1.344607e+01 2.085084e+01 2.474700e+01 2.384229e+01 2.484997e+01 2.796587e+01 2.738687e+01 2.587998e+01 2.370060e+01 2.028225e+00 3.763810e-01 7.396098e-01 8.219025e-01 8.127893e-01 1.147796e+00 1.288687e+00 1.256474e+00 1.301517e+00 1.409419e+00 1.278038e+00 1.250165e+00 1.116449e+00 5.125973e-02 7.005365e-02 9.929807e-02 1.068734e-01 1.140368e-01 1.574850e-01 2.198775e-01 1.940740e-01 1.874666e-01 2.099600e-01 1.851711e-01 1.824716e-01 1.530734e-01 9.206162e-03
<GCONST> 7.765744e+01
~h "eight"
<BEGINHMM>
<NUMSTATES> 5
<STATE> 2
<MEAN> 39
 -8.236705e+00 -2.908619e+00 -5.899898e+00 -1.827542e+01 1.905460e-01 -4.945148e+00 8.529074e-01 -6.769045e+00 -1.599636e+00 -7.443364e+00 -1.718454e+00 -5.753554e+00 1.742063e+01 -1.668713e-01 1.034140e+00 -9.194706e-02 -1.053238e+00 -5.682763e-02 -6.021680e-01 8.421702e-02 4.646148e-01 3.880108e-01 2.724782e-03 -1.732212e-01 -2.388750e-01 3.287465e-01 2.906292e-02 8.725079e-02 6.815043e-03 1.421952e-01 -6.194739e-02 -1.925016e-01 -8.462676e-02 -2.268005e-02 2.442385e-02 9.376284e-02 1.135077e-01 1.205100e-03 -1.746801e-02
<VARIANCE> 39
 7.958024e+00 2.046633e+01 1.879119e+01 3.164564e+01 4.166392e+01 2.216309e+01 2.475162e+01 2.260693e+01 3.074103e+01 2.328795e+01 2.476486e+01 2.559871e+01 3.267889e+00 3.426900e-01 7.425342e-01 6.527775e-01 1.295064e+00 1.205569e+00 1.367870e+00 1.442168e+00 9.922032e-01 1.339694e+00 1.124239e+00 1.082967e+00 9.588618e-01 1.030222e-01 4.155613e-02 7.979219e-02 7.492947e-02 1.942293e-01 1.363894e-01 1.670280e-01 1.476535e-01 1.684737e-01 2.265643e-01 1.620623e-01 1.705538e-01 1.466189e-01 1.287844e-02
<GCONST> 7.925940e+01
<STATE> 3
<MEAN> 39
 -8.376250e+00 5.866193e+00 -5.467313e+00 -1.905297e+01 -2.905938e+00 -1.394570e+01 -1.772695e+00 -6.125517e+00 6.814721e-01 -3.976135e+00 8.185507e-01 -5.645363e+00 1.852888e+01 1.118800e-01 4.465100e-01 2.061871e-01 8.474825e-01 6.042217e-03 -8.732759e-01 -6.051459e-01 -8.288584e-01 -3.951790e-01 2.846484e-01 4.397262e-01 2.264128e-01 -8.131325e-02 4.995948e-02 -2.949375e-01 2.097228e-02 1.828363e-01 8.865795e-02 2.931557e-01 2.863340e-02 -1.432791e-01 -1.925489e-01 -1.463536e-01 -7.687815e-02 3.496641e-02 -6.331223e-02
<VARIANCE> 39
 9.955354e+00 1.139122e+01 2.479166e+01 2.699968e+01 2.061485e+01 2.340421e+01 5.647653e+01 2.768931e+01 3.054180e+01 2.213598e+01 3.281431e+01 2.514957e+01 1.488842e+00 1.867222e-01 5.596421e-01 2.654593e-01 6.299423e-01 8.089703e-01 1.060903e+00 7.484383e-01 8.129336e-01 1.744686e+00 1.052460e+00 1.199468e+00 8.599139e-01 2.718883e-02 2.796233e-02 7.376622e-02 4.998991e-02 1.007136e-01 8.172984e-02 1.570783e-01 1.426131e-01 1.393173e-01 1.726408e-01 1.402173e-01 1.848675e-01 1.379711e-01 3.452884e-03
<GCONST> 6.960765e+01
<STATE> 4
<MEAN> 39
 -6.910143e+00 6.554723e-01 -4.067850e+00 -1.200945e+01 -1.104379e+00 -1.130374e+01 -3.975467e+00 -1.163890e+01 -4.564481e+00 -5.831465e+00 7.969087e-01 -4.531227e+00 1.642047e+01 1.953706e-01 -1.892513e+00 -2.694133e-02 8.609132e-01 2.105624e-01 1.653986e+00 3.626394e-01 3.941243e-02 -2.798098e-01 -3.727703e-01 -1.241399e-01 1.010821e-01 -4.755111e-01 -7.857181e-02 -6.062554e-02 -1.031246e-01 -1.434831e-01 -5.431629e-02 1.149466e-01 1.850789e-01 2.688773e-01 2.162178e-01 7.787750e-02 2.970696e-02 -3.240660e-02 1.191946e-03
<VARIANCE> 39
 5.900062e+00 3.329403e+01 1.442902e+01 1.850667e+01 1.591079e+01 3.834783e+01 3.200303e+01 2.423691e+01 3.763197e+01 2.682454e+01 2.507553e+01 2.359830e+01 2.768888e+00 3.611820e-01 7.097402e-01 6.300427e-01 1.041752e+00 6.550057e-01 1.204869e+00 1.771130e+00 1.474677e+00 2.055840e+00 1.215809e+00 1.382739e+00 1.140200e+00 3.499312e-02 4.170147e-02 2.599729e-01 6.974564e-02 1.168296e-01 9.593626e-02 3.306871e-01 1.838521e-01 1.979349e-01 2.898255e-01 1.742571e-01 1.972378e-01 1.936340e-01 1.075428e-02
<GCONST> 8.000907e+01
<TRANSP> 5
 0.000000e+00 1.000000e+00 0.000000e+00 0.000000e+00 0.000000e+00
 0.000000e+00 8.693156e-01 1.306844e-01 0.000000e+00 0.000000e+00
 0.000000e+00 0.000000e+00 8.582692e-01 1.417308e-01 0.000000e+00
 0.000000e+00 0.000000e+00 0.000000e+00 8.189889e-01 1.810112e-01
 0.000000e+00 0.000000e+00 0.000000e+00 0.000000e+00 0.000000e+00
<ENDHMM>
~h "oh"
<BEGINHMM>
<NUMSTATES> 5
<STATE> 2
<MEAN> 39
 -4.359740e+00 -1.037293e+01 -8.317693e+00 -8.587974e+00 -2.634503e+00 -7.649959e+00 3.585733e+00 -7.382718e+00 -5.232282e+00 -7.109877e+00 -2.438221e+00 -5.429878e+00 1.781522e+01 5.452363e-01 -2.045310e-01 -6.063143e-01 1.653887e-01 9.043851e-02 -6.982816e-01 1.428760e-01 7.361446e-01 -1.507782e-02 -4.311829e-01 -4.090216e-01 -1.518238e-01 3.517120e-01 1.011143e-02 1.030587e-01 1.444999e-03 -5.179921e-02 3.743071e-02 -1.109498e-02 -1.512652e-01 7.835701e-03 1.329522e-01 2.608163e-02 -1.084629e-02 -2.784270e-02 -2.127080e-02
<VARIANCE> 39
 8.701158e+00 1.231593e+01 1.661888e+01 1.817992e+01 2.294551e+01 2.454528e+01 3.069536e+01 6.465435e+01 3.821781e+01 3.397875e+01 2.702816e+01 3.145923e+01 3.015050e+00 2.971095e-01 5.785753e-01 6.297705e-01 6.396312e-01 6.843613e-01 9.268844e-01 1.329697e+00 1.788679e+00 1.555654e+00 1.261331e+00 1.250596e+00 1.052732e+00 9.568562e-02 3.982935e-02 6.291936e-02 7.470675e-02 7.972755e-02 9.140858e-02 1.295678e-01 1.558489e-01 2.151107e-01 1.869276e-01 1.964311e-01 1.839385e-01 1.402469e-01 1.335192e-02
<GCONST> 7.712907e+01
<STATE> 3
<MEAN> 39
 -5.676129e-01 -8.240061e+00 -1.319914e+01 -9.933959e+00 -6.931741e-01 -1.206927e+01 -8.230367e-01 -7.383053e-01 1.342867e-01 -8.239349e+00 -5.132825e+00 -6.582417e+00 1.903905e+01 2.229996e-01 4.047674e-01 -2.765685e-02 -3.482469e-01 -3.555445e-02 -2.522913e-03 -6.768984e-01 -2.478610e-01 6.676661e-01 6.045011e-01 -3.370323e-02 -3.534616e-01 -9.590514e-03 -4.131756e-02 2.451015e-02 1.016789e-01 -2.087962e-02 -5.761451e-02 9.364475e-02 1.227063e-02 -1.589445e-01 -8.142851e-02 9.231521e-02 1.217290e-01 1.070055e-02 -2.530690e-02
<VARIANCE> 39
 6.101222e+00 8.384169e+00 1.522101e+01 1.469357e+01 1.916974e+01 2.229969e+01 4.162564e+01 3.018321e+01 3.922792e+01 3.575480e+01 3.188737e+01 4.014478e+01 1.216858e+00 8.046164e-02 1.370003e-01 2.630214e-01 2.764464e-01 3.858087e-01 5.141216e-01 7.272272e-01 1.009516e+00 7.300239e-01 8.533175e-01 7.877344e-01 6.983082e-01 1.322866e-02 1.113888e-02 1.424374e-02 3.349622e-02 3.315288e-02 4.697756e-02 6.862728e-02 7.761163e-02 9.572484e-02 1.053050e-01 1.012890e-01 9.171014e-02 8.857395e-02 1.202230e-03
<GCONST> 5.209252e+01
<STATE> 4
<MEAN> 39
 1.805438e-01 -3.746518e+00 -9.936332e+00 -1.349090e+01 -3.320568e+00 -1.007451e+01 -4.947049e+00 -7.361748e+00 1.048345e+00 -2.356996e+00 -1.820832e-01 -7.009015e+00 1.844913e+01 -3.478537e-01 2.889194e-01 8.523338e-01 1.500725e-01 -2.199723e-01 3.713844e-01 2.101796e-01 -5.756117e-01 -5.865365e-01 -1.038729e-01 5.095097e-01 4.130147e-01 -2.305103e-01 -1.310844e-01 -1.054868e-01 5.223138e-02 1.422839e-01 1.063296e-01 8.411723e-02 1.852565e-01 8.559839e-02 -1.052264e-01 -1.826529e-01 -7.824172e-02 8.023838e-02 -4.427966e-02
<VARIANCE> 39
 6.294798e+00 7.038815e+00 1.856030e+01 1.554873e+01 1.892219e+01 2.847639e+01 3.127103e+01 2.744045e+01 3.056678e+01 3.703088e+01 3.957046e+01 3.646057e+01 1.764051e+00 2.382125e-01 3.538380e-01 4.243865e-01 5.879537e-01 6.853124e-01 8.682628e-01 1.174148e+00 1.223005e+00 1.193302e+00 1.306630e+00 1.200181e+00 1.025620e+00 3.042111e-02 2.291388e-02 3.293771e-02 6.524874e-02 6.517737e-02 9.778083e-02 1.569637e-01 1.650443e-01 1.870429e-01 2.023645e-01 1.903634e-01 1.709109e-01 1.628826e-01 2.729020e-03
<GCONST> 6.914568e+01
<TRANSP> 5
 0.000000e+00 1.000000e+00 0.000000e+00 0.000000e+00 0.000000e+00
 0.000000e+00 8.833109e-01 1.166891e-01 0.000000e+00 0.000000e+00
 0.000000e+00 0.000000e+00 8.918219e-01 1.081781e-01 0.000000e+00
 0.000000e+00 0.000000e+00 0.000000e+00 8.561794e-01 1.438207e-01
 0.000000e+00 0.000000e+00 0.000000e+00 0.000000e+00 0.000000e+00
<ENDHMM>
~h "sp"
<BEGINHMM>
<NUMSTATES> 5
<STATE> 2
~s "silst"
<STATE> 3
<MEAN> 39
 -7.706820e+00 -6.476390e+00 -6.099395e+00 -9.709951e+00 -1.333740e+00 -4.071962e+00 -6.326246e-01 -8.569423e+00 -2.837302e+00 -5.610973e+00 9.597941e-01 -4.090577e+00 1.480041e+01 -9.970161e-02 -1.831431e-02 -1.135902e-01 -5.688516e-03 -2.982776e-02 3.001702e-02 -6.794845e-03 3.527984e-02 2.729957e-03 2.057530e-02 3.538629e-02 4.044179e-02 -1.370547e-02 6.134452e-02 8.262318e-02 6.155096e-02 -1.127961e-02 -9.559040e-03 -5.705357e-02 -4.149842e-02 -1.849096e-02 -9.225404e-03 -1.622765e-02 -3.364800e-02 -3.245544e-02 4.430714e-02
<VARIANCE> 39
 5.193580e+00 5.800821e+00 8.360679e+00 9.998812e+00 1.421340e+01 1.533212e+01 1.545430e+01 1.657225e+01 1.761317e+01 1.634089e+01 1.593161e+01 1.371743e+01 1.091114e+00 1.558935e-01 2.335632e-01 3.571429e-01 4.281708e-01 5.670034e-01 6.772865e-01 6.513066e-01 7.185650e-01 7.406201e-01 6.608419e-01 6.504481e-01 5.695922e-01 7.387736e-03 3.302339e-02 5.303788e-02 7.085419e-02 9.030378e-02 1.138106e-01 1.432089e-01 1.320633e-01 1.438930e-01 1.467452e-01 1.251739e-01 1.240759e-01 1.145061e-01 4.105006e-03
<GCONST> 5.482696e+01
<STATE> 4
<MEAN> 39
 -8.558268e+00 -4.932664e+00 -6.275967e+00 -8.992304e+00 -2.034768e+00 -3.796630e+00 -1.075699e+00 -8.416024e+00 -2.905295e+00 -5.477483e+00 6.417241e-01 -4.048526e+00 1.505622e+01 2.722533e-01 1.800553e-01 9.590202e-02 -1.315792e-01 -1.849468e-01 -2.992427e-01 -8.268051e-02 7.410314e-02 -3.656548e-02 -5.228829e-02 -2.016870e-01 -8.044025e-02 2.175011e-01 2.162883e-01 4.673453e-03 6.129226e-02 -1.470716e-01 -1.283812e-01 -2.118645e-01 -7.164403e-03 1.850232e-02 7.009928e-03 -1.988362e-03 -1.013357e-01 -8.311804e-02 1.098691e-01
<VARIANCE> 39
 1.199057e+01 1.157713e+01 1.732010e+01 1.581448e+01 1.931429e+01 1.879694e+01 1.809770e+01 2.026519e+01 2.111625e+01 1.992221e+01 1.872212e+01 1.701096e+01 1.497405e+00 5.870950e-01 5.326610e-01 7.395434e-01 7.900342e-01 9.632010e-01 9.972461e-01 8.511340e-01 1.183922e+00 1.043413e+00 9.244645e-01 9.457158e-01 7.655451e-01 5.307692e-02 7.114816e-02 1.106199e-01 1.692830e-01 1.479631e-01 1.998359e-01 1.922377e-01 1.677380e-01 2.256710e-01 2.040897e-01 1.792159e-01 1.803811e-01 1.548325e-01 9.438518e-03
<GCONST> 7.458973e+01
<TRANSP> 5
 0.000000e+00 8.165094e-01 1.834906e-01 0.000000e+00 0.000000e+00
 0.000000e+00 7.948499e-01 2.051502e-01 0.000000e+00 0.000000e+00
 0.000000e+00 0.000000e+00 8.498507e-01 1.501493e-01 0.000000e+00
 0.000000e+00 0.000000e+00 0.000000e+00 5.804353e-01 4.195647e-01
 0.000000e+00 0.000000e+00 0.000000e+00 0.000000e+00 0.000000e+00
<ENDHMM>
~h "seven"
<BEGINHMM>
<NUMSTATES> 5
<STATE> 2
<MEAN> 39
 -7.552859e+00 -4.388406e+00 -5.981925e+00 -9.713959e+00 -3.631250e+00 -4.879681e+00 -5.508103e-01 -8.194994e+00 -2.387385e+00 -4.345042e+00 -4.079556e-01 -3.904233e+00 1.551901e+01 8.771151e-01 1.097839e-01 7.027425e-01 -1.389457e+00 -1.104971e+00 -8.524874e-01 9.509879e-01 -1.037010e-01 3.636782e-01 1.424662e-02 -7.807944e-01 -6.888107e-01 6.836857e-01 1.609824e-02 -1.123890e-01 -6.551015e-02 -2.510974e-01 -1.729024e-01 8.435225e-02 2.508913e-01 6.194786e-02 -1.233016e-02 -1.406703e-01 -1.674262e-01 -1.509535e-01 1.300321e-01
<VARIANCE> 39
 9.847478e+00 6.284797e+00 1.237979e+01 1.226024e+01 1.987213e+01 2.180120e+01 1.813202e+01 1.879982e+01 1.816012e+01 2.614598e+01 1.787918e+01 1.619818e+01 2.366614e+00 4.596979e-01 4.389534e-01 6.443197e-01 9.567315e-01 1.281427e+00 1.625946e+00 1.344375e+00 1.226577e+00 1.231548e+00 2.349385e+00 1.092255e+00 1.198946e+00 7.246665e-02 8.240214e-02 5.430189e-02 9.822125e-02 1.235360e-01 2.191793e-01 2.107942e-01 1.568424e-01 1.539634e-01 1.613995e-01 1.970788e-01 1.398054e-01 1.856847e-01 1.167256e-02
<GCONST> 7.510892e+01
<STATE> 3
<MEAN> 39
 -5.762178e+00 -7.489055e+00 -5.368969e+00 -1.621270e+01 -6.150862e+00 -4.371205e+00 5.042367e+00 -8.666786e+00 -2.711339e+00 -7.109096e+00 -4.206866e+00 -6.593001e+00 1.904712e+01 1.313132e-01 -3.015433e-01 6.960350e-02 1.514031e-01 3.986550e-02 -3.153652e-02 1.890191e-01 2.616752e-01 -3.473203e-01 -4.227701e-02 -1.501728e-03 -4.673775e-02 7.975934e-02 -2.016047e-02 1.024063e-01 3.773693e-02 3.167758e-01 1.444195e-01 -7.469679e-02 -2.822846e-01 4.898411e-02 -1.744268e-02 3.710207e-02 2.027087e-01 6.468049e-02 -1.361475e-01
<VARIANCE> 39
 9.487558e+00 1.189579e+01 8.983798e+00 1.775017e+01 4.816903e+01 3.852546e+01 3.170028e+01 3.887199e+01 4.864289e+01 5.842722e+01 3.328810e+01 3.287383e+01 1.190882e+00 3.951670e-01 5.727680e-01 4.495490e-01 1.316451e+00 1.494312e+00 1.582247e+00 1.628625e+00 1.048389e+00 1.276970e+00 1.722035e+00 1.747545e+00 1.232361e+00 1.756024e-01 8.145814e-02 8.560192e-02 8.915857e-02 1.108135e-01 2.647591e-01 2.643821e-01 1.733874e-01 1.624703e-01 2.082493e-01 2.425809e-01 2.318552e-01 1.900551e-01 5.536654e-03
<GCONST> 8.332788e+01
<STATE> 4
<MEAN> 39
 -3.257232e+00 -4.145797e+00 -2.041612e+00 -9.796467e+00 -3.964588e+00 -7.899979e+00 -4.598595e-01 -7.893998e+00 -3.872070e+00 -6.627975e+00 -1.620702e+00 -6.939633e+00 1.713554e+01 1.049134e-01 3.676391e-01 2.304196e-01 2.342588e-01 3.761021e-01 -3.305066e-02 -4.252629e-01 -3.490666e-01 3.180890e-02 -6.903806e-02 8.011295e-02 -1.561209e-02 -8.789896e-02 -3.975220e-02 -5.776927e-02 -5.436581e-02 -7.382945e-02 1.626013e-03 1.087540e-01 9.046379e-02 -4.309461e-02 -1.020259e-03 -6.587522e-04 -4.326030e-02 3.118904e-02 1.961534e-02
<VARIANCE> 39
 4.897797e+00 1.044590e+01 1.000748e+01 1.376686e+01 2.822116e+01 3.247303e+01 2.626390e+01 4.099035e+01 3.228565e+01 3.544155e+01 3.234570e+01 2.884115e+01 1.690536e+00 1.922430e-01 4.145187e-01 4.779356e-01 9.053606e-01 1.392730e+00 1.173690e+00 1.648134e+00 1.272098e+00 1.389958e+00 1.389332e+00 1.264889e+00 9.330919e-01 8.935096e-02 3.490049e-02 7.891576e-02 8.611646e-02 1.530697e-01 2.484145e-01 2.056083e-01 2.861698e-01 2.267521e-01 2.302313e-01 2.389089e-01 2.142508e-01 1.482361e-01 1.490716e-02
<GCONST> 7.852980e+01
<TRANSP> 5
 0.000000e+00 1.000000e+00 0.000000e+00 0.000000e+00 0.000000e+00
 0.000000e+00 7.196382e-01 2.803619e-01 0.000000e+00 0.000000e+00
 0.000000e+00 0.000000e+00 8.919476e-01 1.080525e-01 0.000000e+00
 0.000000e+00 0.000000e+00 0.000000e+00 9.307954e-01 6.920461e-02
 0.000000e+00 0.000000e+00 0.000000e+00 0.000000e+00 0.000000e+00
<ENDHMM>
~h "three"
<BEGINHMM>
<NUMSTATES> 5
<STATE> 2
<MEAN> 39
 -3.150518e+00 -6.887004e+00 -5.262054e-01 -8.936453e+00 -1.000537e+01 -1.093390e+01 -1.308089e+00 -8.669864e+00 -1.917684e+00 -5.185466e+00 -3.201579e-01 -5.323419e+00 1.731920e+01 5.306212e-01 -1.813365e-01 9.461718e-01 -1.878646e-01 -1.644441e+00 -1.923528e-01 -2.028547e-01 -2.339859e-01 3.831508e-01 1.009526e-01 -4.764973e-02 -2.371438e-01 3.794668e-01 -1.708840e-01 1.016399e-01 1.905738e-02 -2.874678e-01 1.746281e-01 3.159741e-01 -1.467230e-01 1.601662e-04 9.310830e-02 -1.048258e-02 5.084328e-02 8.390284e-03 -2.833015e-02
<VARIANCE> 39
 1.201274e+01 1.261308e+01 1.633627e+01 2.971285e+01 5.130540e+01 4.899617e+01 2.326812e+01 2.571104e+01 2.811084e+01 2.583822e+01 3.309071e+01 3.160514e+01 2.762266e+00 7.425952e-01 6.480626e-01 8.069885e-01 1.946047e+00 1.872152e+00 3.341386e+00 1.372873e+00 1.539232e+00 1.260438e+00 1.085346e+00 1.379961e+00 1.289175e+00 5.907977e-02 1.164799e-01 1.442721e-01 1.309203e-01 3.073588e-01 4.526550e-01 4.309774e-01 2.869583e-01 2.366527e-01 1.923903e-01 1.831566e-01 1.977038e-01 1.952347e-01 1.020215e-02
<GCONST> 8.921700e+01
<STATE> 3
<MEAN> 39
 -4.715048e+00 -4.305946e+00 5.754549e+00 -1.829883e+01 -1.349263e+01 -4.075237e+00 -7.992484e+00 -9.222314e+00 2.217617e+00 -5.607805e+00 1.239421e+00 -5.866624e+00 1.869276e+01 -8.744847e-01 1.754314e+00 -9.660497e-02 -1.927384e+00 2.224452e+00 1.578983e-01 -1.634825e+00 8.920789e-01 -2.737030e-01 -2.524813e-01 1.456427e-01 -8.295833e-03 -7.292259e-03 1.110917e-02 1.843726e-01 -4.813511e-01 4.496548e-01 5.157399e-01 -6.860225e-01 3.454677e-01 1.278586e-01 -3.984712e-01 5.222818e-02 -5.841639e-02 4.536205e-02 -5.775212e-02
<VARIANCE> 39
 7.557657e+00 2.233741e+01 1.108702e+01 3.472165e+01 5.698643e+01 2.927037e+01 4.554817e+01 6.172807e+01 2.381806e+01 2.790872e+01 3.907076e+01 3.005379e+01 1.291611e+00 2.555215e-01 6.392336e-01 1.019967e+00 1.536820e+00 1.622879e+00 3.615402e+00 1.705249e+00 1.495918e+00 1.452487e+00 1.014477e+00 7.479113e-01 8.365706e-01 2.131177e-02 5.318999e-02 1.426364e-01 8.919156e-02 2.771847e-01 4.605111e-01 2.382183e-01 4.393609e-01 3.513079e-01 1.502840e-01 1.530268e-01 1.379050e-01 1.117470e-01 2.330576e-03
<GCONST> 8.269074e+01
<STATE> 4
<MEAN> 39
 -6.804222e+00 3.996916e+00 -1.490311e+00 -1.669386e+01 -1.421531e+00 -1.235975e+01 -5.752793e+00 -7.969283e+00 -3.382674e+00 -5.012467e+00 -2.007036e-01 -6.254129e+00 1.790301e+01 1.184498e-01 2.762599e-03 -6.073847e-01 9.430349e-01 5.186339e-01 -2.219861e-01 7.066692e-01 -3.403179e-01 -3.528859e-01 -5.858765e-03 -1.991807e-01 2.804484e-03 -1.759469e-01 7.468953e-02 -3.177958e-01 8.390214e-02 1.157305e-01 -2.485088e-01 2.923324e-01 6.896289e-02 -5.629837e-02 1.360352e-01 -2.661571e-02 1.752007e-02 1.148735e-02 -2.634068e-02
<VARIANCE> 39
 7.346577e+00 1.568269e+01 1.683886e+01 3.092760e+01 2.302151e+01 2.649601e+01 4.832647e+01 4.620826e+01 3.214693e+01 4.039872e+01 4.075324e+01 3.646757e+01 1.610511e+00 2.335020e-01 1.450936e+00 6.514060e-01 8.511261e-01 1.377495e+00 2.174752e+00 1.278556e+00 1.491142e+00 1.244278e+00 1.187917e+00 8.309744e-01 8.454311e-01 2.429880e-02 3.764481e-02 9.139887e-02 7.450709e-02 1.773757e-01 1.815429e-01 1.792428e-01 2.330132e-01 2.328439e-01 1.718657e-01 1.629907e-01 1.321599e-01 1.290102e-01 2.600670e-03
<GCONST> 7.820772e+01
<TRANSP> 5
 0.000000e+00 1.000000e+00 0.000000e+00 0.000000e+00 0.000000e+00
 0.000000e+00 8.754231e-01 1.245769e-01 0.000000e+00 0.000000e+00
 0.000000e+00 0.000000e+00 7.800018e-01 2.199982e-01 0.000000e+00
 0.000000e+00 0.000000e+00 0.000000e+00 8.936723e-01 1.063277e-01
 0.000000e+00 0.000000e+00 0.000000e+00 0.000000e+00 0.000000e+00
<ENDHMM>
~h "one"
<BEGINHMM>
<NUMSTATES> 5
<STATE> 2
<MEAN> 39
 -5.780847e-01 -3.782451e+00 -9.271695e+00 -1.281162e+01 -1.654701e+00 -5.564704e+00 -2.021884e+00 -8.864252e+00 -2.705092e+00 -6.729963e+00 -1.543801e+00 -7.286060e+00 1.774129e+01 2.784257e-01 -4.036781e-01 -8.698861e-01 4.565965e-01 4.860179e-01 3.802512e-02 -2.919581e-01 2.270569e-01 2.025048e-01 -3.071857e-01 -3.898697e-01 -2.713802e-01 2.375728e-01 -1.183215e-01 -1.455743e-01 5.397541e-02 2.639265e-01 7.351422e-03 -1.160674e-01 -1.456068e-02 9.351876e-02 -1.125067e-02 -9.034556e-02 1.113526e-02 8.261363e-02 -2.080574e-02
<VARIANCE> 39
 7.636101e+00 9.266819e+00 2.887006e+01 2.285458e+01 2.886970e+01 2.531479e+01 2.281743e+01 2.063167e+01 2.827177e+01 2.393042e+01 2.966759e+01 2.874770e+01 2.281161e+00 4.574976e-01 8.003331e-01 8.743696e-01 2.244374e+00 1.371787e+00 1.443004e+00 1.266731e+00 1.066188e+00 1.134682e+00 1.022406e+00 1.095356e+00 1.044682e+00 4.809005e-02 4.505274e-02 6.156676e-02 1.907558e-01 2.175090e-01 2.625756e-01 2.521357e-01 2.367728e-01 1.809843e-01 2.007119e-01 1.693625e-01 1.888872e-01 1.838963e-01 5.028872e-03
<GCONST> 8.019983e+01
<STATE> 3
<MEAN> 39
 -2.376467e+00 -1.071565e+01 -1.088063e+01 -1.686516e+00 -4.724082e-01 -9.491998e+00 -2.417572e+00 -4.221719e+00 -3.557602e+00 -1.171748e+01 -2.368138e+00 -6.062686e+00 1.853673e+01 -6.079853e-01 -3.693313e-01 1.341907e+00 5.635630e-01 -1.353066e+00 -3.206801e-01 1.192960e+00 -9.659473e-02 -9.215392e-01 -8.609920e-02 5.841832e-01 1.162150e-01 -4.954151e-02 2.438441e-02 3.143533e-01 2.501088e-01 -5.821816e-01 -1.307852e-01 3.761037e-01 8.812003e-02 -4.365166e-01 2.535042e-03 3.789281e-01 4.225858e-02 -1.757772e-01 -2.979199e-02
<VARIANCE> 39
 6.161744e+00 9.624483e+00 1.869717e+01 2.372368e+01 2.713716e+01 1.740940e+01 3.782605e+01 3.149232e+01 4.646994e+01 3.758588e+01 3.386366e+01 3.327760e+01 1.544816e+00 1.546117e-01 5.187600e-01 6.053039e-01 1.841757e+00 7.379066e-01 1.720477e+00 1.007131e+00 2.252792e+00 1.169463e+00 1.868789e+00 1.029650e+00 1.293910e+00 8.502210e-03 2.378430e-02 5.256246e-02 1.010360e-01 1.223950e-01 2.870786e-01 1.529561e-01 3.784706e-01 1.785605e-01 3.365868e-01 2.010721e-01 2.674694e-01 1.684648e-01 8.578736e-04
<GCONST> 7.521659e+01
<STATE> 4
<MEAN> 39
 -4.101172e+00 -5.396583e+00 -1.622575e+00 -8.775130e+00 -4.034414e+00 -5.858348e+00 -1.692612e+00 -1.195559e+01 -4.635382e+00 -8.679237e+00 -2.578875e+00 -8.299721e+00 1.778197e+01 1.520616e-01 9.597381e-01 6.119172e-01 -7.184569e-01 4.277523e-01 -6.594022e-02 -6.231223e-01 -4.390699e-01 8.316012e-02 2.265542e-01 -1.767339e-01 5.211242e-02 -1.274318e-01 4.321854e-02 -6.992099e-02 -2.135687e-01 1.682483e-01 1.575266e-01 -6.756235e-02 -6.469143e-02 1.655269e-01 1.161547e-02 -1.158817e-01 1.123287e-02 7.456174e-02 -5.427569e-03
<VARIANCE> 39
 6.924375e+00 2.321053e+01 1.099888e+01 2.124801e+01 1.963195e+01 4.654795e+01 3.601202e+01 3.523515e+01 4.120662e+01 4.571972e+01 3.322872e+01 3.764029e+01 1.317157e+00 2.745958e-01 6.286126e-01 8.111140e-01 1.206857e+00 9.083946e-01 1.958434e+00 1.145347e+00 1.436575e+00 1.602616e+00 1.532667e+00 9.411939e-01 9.563032e-01 1.265220e-02 4.864645e-02 1.192447e-01 8.215024e-02 1.325006e-01 2.001971e-01 3.080298e-01 2.721108e-01 1.852268e-01 2.287285e-01 2.250277e-01 1.676672e-01 1.670415e-01 1.602751e-03
<GCONST> 7.842007e+01
<TRANSP> 5
 0.000000e+00 1.000000e+00 0.000000e+00 0.000000e+00 0.000000e+00
 0.000000e+00 8.984891e-01 1.015110e-01 0.000000e+00 0.000000e+00
 0.000000e+00 0.000000e+00 8.254725e-01 1.745275e-01 0.000000e+00
 0.000000e+00 0.000000e+00 0.000000e+00 8.849489e-01 1.150511e-01
 0.000000e+00 0.000000e+00 0.000000e+00 0.000000e+00 0.000000e+00
<ENDHMM>
~h "sil"
<BEGINHMM>
<NUMSTATES> 5
<STATE> 2
<MEAN> 39
 -6.790603e+00 -6.740661e+00 -5.112761e+00 -9.079453e+00 3.779924e-02 -3.329332e+00 1.879599e-01 -8.530948e+00 -2.595692e+00 -5.751069e+00 5.640962e-01 -4.314929e+00 1.461818e+01 -3.896258e-02 -3.300166e-03 -6.371674e-03 3.017873e-02 3.873650e-02 2.514868e-02 5.033109e-02 5.665451e-03 -1.783294e-02 6.418055e-03 1.291598e-02 9.533089e-03 -1.252833e-02 -2.562143e-02 -3.310000e-02 -7.353132e-02 -1.115780e-01 -1.249584e-01 -1.229168e-01 -6.336831e-02 -1.049060e-02 -2.447343e-02 9.738530e-03 3.787564e-02 3.163064e-02 1.962708e-03
<VARIANCE> 39
 3.670507e+00 4.386584e+00 6.088523e+00 7.592830e+00 1.184091e+01 1.363308e+01 1.469760e+01 1.638721e+01 1.582336e+01 1.374818e+01 1.583339e+01 1.314408e+01 1.165031e+00 7.989673e-02 1.602450e-01 2.730139e-01 3.739360e-01 4.948993e-01 6.582327e-01 6.841848e-01 7.174244e-01 6.961673e-01 5.776367e-01 6.374344e-01 5.639377e-01 5.118149e-03 1.111829e-02 2.430584e-02 4.079038e-02 4.998538e-02 6.956123e-02 1.005391e-01 1.066393e-01 1.311927e-01 1.120584e-01 9.224329e-02 1.051383e-01 9.882028e-02 6.433758e-04
<GCONST> 4.391747e+01
<STATE> 3
~s "silst"
<STATE> 4
<MEAN> 39
 -7.573744e+00 -7.335943e+00 -6.574335e+00 -1.116371e+01 -2.181554e+00 -5.406771e+00 -9.865492e-01 -8.648522e+00 -2.720002e+00 -5.422864e+00 1.432390e+00 -3.842284e+00 1.448489e+01 -2.978099e-03 7.732733e-03 -2.339204e-02 -2.374894e-02 -4.953172e-02 -1.784023e-02 -5.948709e-02 -8.277515e-03 -3.508823e-03 -6.209789e-03 -1.634919e-02 -1.588798e-02 -2.418934e-04 3.646016e-02 5.557574e-02 9.170585e-02 1.243882e-01 1.330895e-01 1.275133e-01 6.090308e-02 1.714179e-02 2.765477e-02 -1.613783e-02 -5.473458e-02 -4.043803e-02 8.265414e-03
<VARIANCE> 39
 3.500940e+00 4.119298e+00 6.404957e+00 7.796186e+00 1.125203e+01 1.249482e+01 1.493739e+01 1.587672e+01 1.758017e+01 1.529132e+01 1.512856e+01 1.335338e+01 1.001628e+00 7.550851e-02 1.665114e-01 2.855723e-01 4.150978e-01 5.046272e-01 6.740873e-01 5.933589e-01 7.375953e-01 7.073005e-01 6.041508e-01 6.969595e-01 6.111906e-01 3.185892e-03 1.410358e-02 2.872500e-02 4.230453e-02 5.666031e-02 7.222114e-02 1.074323e-01 1.040686e-01 1.271251e-01 1.322608e-01 1.056056e-01 1.173529e-01 1.099053e-01 1.054784e-03
<GCONST> 4.520404e+01
<TRANSP> 5
 0.000000e+00 1.000000e+00 0.000000e+00 0.000000e+00 0.000000e+00
 0.000000e+00 7.638957e-01 2.428295e-02 2.118213e-01 0.000000e+00
 0.000000e+00 0.000000e+00 8.291948e-01 1.708051e-01 0.000000e+00
 0.000000e+00 1.849147e-01 0.000000e+00 7.466775e-01 6.840782e-02
 0.000000e+00 0.000000e+00 0.000000e+00 0.000000e+00 0.000000e+00
<ENDHMM>
~h "six"
<BEGINHMM>
<NUMSTATES> 5
<STATE> 2
<MEAN> 39
 -8.691710e+00 -4.264455e+00 -7.003160e+00 -8.724261e+00 -3.087020e+00 -4.218679e+00 -1.957296e+00 -8.229503e+00 -3.555141e+00 -4.015376e+00 1.258137e-01 -3.141752e+00 1.494774e+01 6.779736e-01 6.770247e-01 1.198471e+00 -1.375391e+00 -1.152371e+00 -1.207768e+00 4.051740e-02 -1.344024e-01 4.183159e-01 3.490678e-01 -5.154911e-01 -4.694740e-01 6.278427e-01 6.794596e-02 1.153609e-01 2.279034e-01 -4.787629e-01 -2.798781e-01 -1.710352e-01 4.315004e-02 7.523619e-02 2.035254e-01 1.285992e-03 -1.366789e-01 -2.369834e-01 1.453092e-01
<VARIANCE> 39
 7.455177e+00 7.789328e+00 1.267931e+01 1.147383e+01 1.895795e+01 1.993986e+01 1.515531e+01 1.810113e+01 2.002843e+01 2.953394e+01 1.916445e+01 1.707244e+01 1.860744e+00 3.588111e-01 4.707964e-01 8.838414e-01 1.152160e+00 1.075503e+00 1.324789e+00 1.001083e+00 8.093271e-01 1.416952e+00 2.233311e+00 1.073941e+00 1.320387e+00 7.737606e-02 6.197957e-02 5.633165e-02 1.156870e-01 9.780207e-02 2.030662e-01 2.085192e-01 1.477216e-01 1.765517e-01 1.851135e-01 2.376913e-01 1.707646e-01 1.684256e-01 8.794768e-03
<GCONST> 7.403448e+01
<STATE> 3
<MEAN> 39
 -6.470092e+00 -1.099928e+00 -8.573384e-01 -2.011763e+01 -7.861772e+00 -8.736962e+00 -2.436418e+00 -6.381510e+00 2.450225e-01 -3.794439e+00 -2.523839e+00 -7.321079e+00 1.832850e+01 2.433422e-02 -8.644135e-02 2.214153e-01 -2.826651e-01 3.744298e-01 2.122265e-01 -2.748559e-01 1.720179e-01 3.779465e-02 -1.959637e-01 1.699991e-01 6.628249e-03 -4.738096e-02 -5.681596e-02 -2.051844e-01 -2.669184e-01 4.873332e-01 2.881581e-01 2.213608e-01 6.792673e-02 -9.099451e-02 -1.465605e-01 -5.879784e-02 1.515279e-01 1.658149e-01 -1.670112e-01
<VARIANCE> 39
 7.691714e+00 9.745516e+00 1.662483e+01 2.308477e+01 5.849078e+01 3.110457e+01 3.718895e+01 2.460259e+01 3.462722e+01 5.834291e+01 3.542359e+01 3.742223e+01 1.432700e+00 3.496823e-01 6.528728e-01 1.075911e+00 3.230213e+00 2.399075e+00 1.762307e+00 1.734398e+00 1.341237e+00 1.887901e+00 2.010690e+00 1.867555e+00 1.897820e+00 2.940342e-01 6.818927e-02 6.606511e-02 1.608763e-01 2.260438e-01 3.060976e-01 3.193280e-01 3.834844e-01 2.241466e-01 2.868311e-01 3.401676e-01 2.635606e-01 2.552971e-01 1.166437e-02
<GCONST> 9.188608e+01
<STATE> 4
<MEAN> 39
 -6.563028e+00 -6.247910e+00 -4.680227e+00 -1.081117e+01 -1.001306e+00 -3.980007e+00 -1.437656e+00 -8.755445e+00 -2.166969e+00 -5.868283e+00 1.164370e+00 -4.221351e+00 1.475323e+01 -2.339708e-01 -9.117106e-01 -1.005116e+00 1.462073e+00 4.135937e-01 4.094380e-01 9.076183e-01 -4.568830e-01 -2.816888e-01 -3.995588e-02 2.006627e-01 2.989415e-01 -4.646600e-01 -1.053157e-01 1.689494e-01 2.069468e-01 -4.381097e-01 -3.787367e-01 -1.609170e-01 -8.485887e-02 1.722147e-01 1.161890e-01 1.034263e-01 -1.797221e-01 -1.429885e-01 1.499930e-01
<VARIANCE> 39
 3.293945e+00 5.439231e+00 9.453949e+00 1.107133e+01 1.464918e+01 1.565882e+01 1.950417e+01 1.858650e+01 1.688917e+01 1.707130e+01 1.861671e+01 1.491227e+01 1.491628e+00 2.675462e-01 4.860763e-01 8.970941e-01 1.308694e+00 2.110462e+00 1.651517e+00 1.603280e+00 1.249683e+00 1.214631e+00 1.205621e+00 1.178171e+00 1.022975e+00 7.928176e-02 3.889454e-02 6.517602e-02 1.378270e-01 1.468249e-01 2.331226e-01 1.805624e-01 2.654833e-01 1.921953e-01 1.853984e-01 1.736238e-01 1.976884e-01 1.824348e-01 5.797483e-03
<GCONST> 7.239986e+01
<TRANSP> 5
 0.000000e+00 1.000000e+00 0.000000e+00 0.000000e+00 0.000000e+00
 0.000000e+00 7.194254e-01 2.805746e-01 0.000000e+00 0.000000e+00
 0.000000e+00 0.000000e+00 8.891917e-01 1.108082e-01 0.000000e+00
 0.000000e+00 0.000000e+00 0.000000e+00 7.504459e-01 2.495541e-01
 0.000000e+00 0.000000e+00 0.000000e+00 0.000000e+00 0.000000e+00
<ENDHMM>
~h "two"
<BEGINHMM>
<NUMSTATES> 5
<STATE> 2
<MEAN> 39
 -1.093741e+01 -3.286552e+00 -6.703640e+00 -1.063481e+01 -9.753392e-01 -3.874338e+00 -1.956078e+00 -7.505353e+00 -2.327223e+00 -5.676872e+00 1.127695e+00 -3.370676e+00 1.506326e+01 5.099508e-01 6.200609e-01 1.016420e+00 -5.897030e-01 -2.711122e-01 -3.688121e-01 -4.645776e-01 -2.139934e-01 7.303865e-02 -5.378532e-02 -2.272571e-01 -3.642601e-01 3.256889e-01 2.953114e-01 6.651512e-02 2.864935e-01 -1.305344e-01 -2.137742e-01 -2.434767e-01 -1.191800e-01 -1.276474e-01 -2.611588e-02 2.557728e-03 -7.990863e-02 -1.707011e-01 9.438737e-02
<VARIANCE> 39
 8.878398e+00 8.117265e+00 1.268809e+01 1.228570e+01 1.844633e+01 2.274563e+01 1.921423e+01 2.108610e+01 2.146756e+01 2.403000e+01 2.472745e+01 1.984924e+01 9.084265e-01 1.367826e+00 5.595368e-01 1.279682e+00 8.328273e-01 1.348370e+00 1.287519e+00 9.904402e-01 1.188531e+00 1.175861e+00 1.296512e+00 1.880467e+00 1.106224e+00 7.283615e-02 1.270221e-01 1.089934e-01 1.345205e-01 1.311112e-01 2.273269e-01 1.983326e-01 1.762720e-01 2.231199e-01 2.279563e-01 2.035581e-01 3.599174e-01 1.596401e-01 7.800500e-03
<GCONST> 7.900568e+01
<STATE> 3
<MEAN> 39
 -4.600990e+00 1.273152e+00 1.863199e+00 -1.552659e+01 -6.958310e+00 -9.948504e+00 -6.704862e+00 -1.043985e+01 -2.406858e+00 -5.176986e+00 -1.125850e+00 -7.310513e+00 1.840836e+01 6.627293e-01 5.428053e-01 7.410250e-01 -5.404415e-01 -1.162386e+00 -1.105009e+00 -5.664020e-01 -2.810292e-01 -6.602113e-02 1.259373e-01 -2.153914e-01 -6.231322e-01 4.510123e-01 -2.500973e-01 -2.354550e-01 -4.263494e-01 2.992909e-01 2.736243e-01 2.330408e-01 2.361782e-01 1.461154e-01 -1.907951e-02 -1.007086e-02 1.534116e-01 1.829996e-01 -1.452807e-01
<VARIANCE> 39
 7.462367e+00 8.102740e+00 1.363343e+01 2.231809e+01 3.962022e+01 2.559665e+01 2.822003e+01 2.454108e+01 3.158650e+01 5.528164e+01 4.395362e+01 4.855392e+01 1.034927e+00 5.672238e-01 6.279089e-01 9.843884e-01 1.463585e+00 1.293362e+00 1.206994e+00 1.681864e+00 1.515666e+00 1.843919e+00 1.989076e+00 2.388144e+00 1.876433e+00 8.957908e-02 6.152688e-02 5.333143e-02 8.131347e-02 1.249217e-01 2.040428e-01 1.802463e-01 2.040070e-01 1.909182e-01 2.119947e-01 2.733853e-01 2.893283e-01 2.222745e-01 6.492373e-03
<GCONST> 8.373882e+01
<STATE> 4
<MEAN> 39
 -3.234121e+00 -5.985613e-02 -4.557594e-02 -1.365798e+01 -7.120570e+00 -1.157331e+01 -5.647326e+00 -9.638168e+00 -2.714276e+00 -5.308455e+00 -1.544860e-01 -7.593422e+00 1.823873e+01 1.667514e-01 -2.231096e-01 -2.386061e-01 5.388308e-01 3.384130e-01 8.674846e-02 9.905284e-02 -5.490391e-02 -1.915919e-01 -8.674612e-02 7.705268e-02 1.589696e-01 -1.201732e-01 -4.351547e-02 -3.775597e-02 -2.650298e-02 2.428383e-02 9.532555e-02 1.092595e-01 5.190158e-02 5.338384e-03 2.053118e-02 1.433403e-03 -5.745517e-03 4.429914e-02 -3.513774e-02
<VARIANCE> 39
 5.895650e+00 7.958932e+00 1.253678e+01 2.983776e+01 3.400183e+01 2.156781e+01 3.315954e+01 3.370055e+01 3.983073e+01 4.292045e+01 5.468719e+01 4.152629e+01 1.361207e+00 1.338341e-01 1.529180e-01 3.769673e-01 6.206818e-01 9.153727e-01 8.567669e-01 8.808432e-01 1.029003e+00 9.066098e-01 9.869469e-01 1.044488e+00 9.302273e-01 1.452410e-02 2.159725e-02 2.511747e-02 5.072744e-02 8.850422e-02 1.057200e-01 1.240960e-01 1.291978e-01 1.604406e-01 1.486878e-01 1.527094e-01 1.591626e-01 1.458001e-01 2.341009e-03
<GCONST> 6.575124e+01
<TRANSP> 5
 0.000000e+00 1.000000e+00 0.000000e+00 0.000000e+00 0.000000e+00
 0.000000e+00 8.203024e-01 1.796976e-01 0.000000e+00 0.000000e+00
 0.000000e+00 0.000000e+00 7.669666e-01 2.330334e-01 0.000000e+00
 0.000000e+00 0.000000e+00 0.000000e+00 9.014221e-01 9.857793e-02
 0.000000e+00 0.000000e+00 0.000000e+00 0.000000e+00 0.000000e+00
<ENDHMM>
~h "nine"
<BEGINHMM>
<NUMSTATES> 5
<STATE> 2
<MEAN> 39
 -4.473051e+00 -4.322810e+00 -2.082883e+00 -8.925030e+00 -3.029157e+00 -6.193090e+00 -1.517552e+00 -1.117442e+01 -5.002800e+00 -8.073046e+00 -2.937175e+00 -7.805114e+00 1.756372e+01 -1.365030e-01 -6.714906e-01 -2.200065e-01 4.952957e-01 -4.920177e-01 1.723930e-01 3.875243e-01 -1.975759e-01 -3.945039e-02 -1.529765e-01 -1.787473e-01 -1.451156e-01 2.490984e-01 -3.822801e-02 -1.258730e-01 -7.461450e-02 1.143845e-01 1.802203e-02 -6.518583e-03 3.839421e-02 3.131699e-02 9.404909e-03 6.139239e-03 7.929770e-02 3.462935e-02 -1.035882e-02
<VARIANCE> 39
 8.948257e+00 2.036364e+01 1.532926e+01 1.681538e+01 2.860903e+01 2.885180e+01 3.199311e+01 2.750434e+01 4.714232e+01 3.540583e+01 3.016234e+01 3.278228e+01 2.314673e+00 5.319002e-01 1.578453e+00 1.144039e+00 1.116832e+00 1.137670e+00 1.423627e+00 1.644592e+00 1.277137e+00 1.528304e+00 1.153458e+00 1.245360e+00 1.037985e+00 3.755429e-02 6.498779e-02 1.814325e-01 1.346221e-01 1.401207e-01 2.019252e-01 2.218138e-01 2.430157e-01 1.863686e-01 1.997399e-01 1.613027e-01 1.740561e-01 1.450079e-01 4.961555e-03
<GCONST> 8.289022e+01
<STATE> 3
<MEAN> 39
 -6.290996e+00 -1.167276e+01 -4.986439e+00 -2.494392e+00 -5.655960e+00 -5.430734e+00 1.785396e+00 -1.126627e+01 -5.677739e+00 -9.067878e+00 -1.605374e+00 -7.685091e+00 1.862183e+01 -1.083161e-01 6.606916e-02 2.330694e-01 -2.056898e-01 -4.677964e-02 2.056139e-01 -7.354983e-02 -1.008785e-01 1.718759e-01 6.967921e-02 -4.016884e-02 3.054167e-02 -1.980685e-02 -2.955607e-03 1.879399e-01 7.734261e-02 -2.486063e-01 3.314487e-02 8.087382e-02 -1.012816e-01 -1.819853e-03 8.304186e-02 -5.461780e-03 -7.932568e-02 2.509074e-02 -1.440375e-02
<VARIANCE> 39
 7.198051e+00 8.451459e+00 2.462858e+01 3.137129e+01 1.880672e+01 3.042753e+01 3.088341e+01 3.410361e+01 4.310437e+01 4.184093e+01 2.805950e+01 3.032057e+01 1.011738e+00 8.116536e-02 3.217966e-01 4.022068e-01 1.033000e+00 4.635924e-01 6.113040e-01 5.234177e-01 4.997516e-01 6.124361e-01 6.484912e-01 6.584836e-01 5.177056e-01 4.583624e-03 1.055151e-02 2.933433e-02 3.927160e-02 5.257837e-02 6.932436e-02 6.531904e-02 7.265989e-02 7.672428e-02 7.953358e-02 8.557413e-02 7.636970e-02 7.777391e-02 3.926064e-04
<GCONST> 5.268057e+01
<STATE> 4
<MEAN> 39
 -6.221425e+00 -3.174353e+00 -1.624085e+00 -1.204077e+01 -1.902326e+00 -4.486820e+00 -3.314694e+00 -1.019385e+01 -2.791428e+00 -8.223484e+00 -3.088127e+00 -6.512596e+00 1.789910e+01 3.935395e-01 8.502369e-01 1.534479e-01 -3.096763e-01 5.447775e-01 -4.765567e-01 -4.743628e-01 3.283703e-01 -1.997627e-01 5.542374e-02 9.788137e-02 5.306174e-02 -1.226567e-01 4.390683e-02 -1.236455e-01 -3.705029e-02 2.359808e-01 -1.488893e-02 -7.332222e-02 1.049073e-01 -3.535188e-02 -1.092102e-01 2.586420e-02 7.934771e-02 -2.952679e-02 -1.023940e-02
<VARIANCE> 39
 1.144660e+01 2.009514e+01 1.220951e+01 2.401216e+01 3.583288e+01 3.412714e+01 3.366473e+01 2.991817e+01 4.905551e+01 3.960889e+01 3.857115e+01 4.245277e+01 1.076883e+00 4.062267e-01 9.269098e-01 5.743762e-01 1.873760e+00 1.354175e+00 1.382706e+00 1.360538e+00 1.284587e+00 1.675403e+00 1.185362e+00 1.058794e+00 1.024364e+00 9.888142e-03 5.698558e-02 9.907666e-02 8.654877e-02 1.492916e-01 1.942066e-01 2.403883e-01 1.804660e-01 1.978699e-01 2.315178e-01 1.956111e-01 1.707451e-01 1.415031e-01 1.005788e-03
<GCONST> 7.865802e+01
<TRANSP> 5
 0.000000e+00 1.000000e+00 0.000000e+00 0.000000e+00 0.000000e+00
 0.000000e+00 8.956277e-01 1.043722e-01 0.000000e+00 0.000000e+00
 0.000000e+00 0.000000e+00 9.109507e-01 8.904925e-02 0.000000e+00
 0.000000e+00 0.000000e+00 0.000000e+00 8.979956e-01 1.020044e-01
 0.000000e+00 0.000000e+00 0.000000e+00 0.000000e+00 0.000000e+00
<ENDHMM>
~h "five"
<BEGINHMM>
<NUMSTATES> 5
<STATE> 2
<MEAN> 39
 -4.195870e+00 -1.132113e+01 -1.005021e+01 -8.273973e+00 4.802140e-01 -8.116662e+00 3.474093e-01 -4.691300e+00 -5.236854e+00 -7.938341e+00 -1.803166e+00 -4.898266e+00 1.796217e+01 3.651354e-01 -1.174036e+00 -7.188334e-01 7.796172e-01 5.127898e-01 -6.420619e-01 3.306550e-01 4.026415e-01 -7.471324e-01 -2.230158e-01 -3.027400e-01 -6.046532e-03 5.649418e-01 -1.893957e-01 2.325203e-02 1.731343e-01 9.239845e-02 -1.269888e-02 1.033136e-01 3.025503e-02 -2.020046e-01 2.454524e-02 1.376925e-01 1.577108e-01 4.925417e-02 -7.305290e-02
<VARIANCE> 39
 1.090101e+01 1.966937e+01 2.369262e+01 1.671845e+01 1.898080e+01 2.063090e+01 2.523369e+01 5.145801e+01 3.217414e+01 2.799698e+01 2.496420e+01 1.989260e+01 4.394496e+00 7.733096e-01 5.617553e-01 1.169940e+00 9.081324e-01 7.889044e-01 9.865689e-01 9.747596e-01 2.252204e+00 1.723946e+00 1.722422e+00 1.361760e+00 1.026596e+00 1.226395e-01 9.511524e-02 1.338300e-01 1.786203e-01 1.234093e-01 1.361009e-01 1.448028e-01 1.544591e-01 3.012936e-01 2.736364e-01 1.936034e-01 1.765020e-01 1.403832e-01 2.836155e-02
<GCONST> 8.437352e+01
<STATE> 3
<MEAN> 39
 -5.809295e+00 -1.545245e+01 -8.555987e+00 -3.645328e+00 1.425695e+00 -9.173750e+00 2.533601e+00 -7.497617e+00 -7.218554e+00 -5.456686e+00 -4.682595e-01 -4.504688e+00 1.904707e+01 -1.662217e-01 8.384000e-02 4.907846e-01 -2.577031e-01 -2.714113e-01 4.346638e-01 6.883099e-02 -3.988851e-01 2.727631e-02 3.036990e-01 6.111684e-02 -8.441775e-02 -4.852406e-02 4.021779e-02 1.145888e-01 1.144925e-02 -1.968203e-01 -5.503708e-02 9.323210e-02 -2.906738e-02 2.479085e-02 5.668401e-02 -4.905989e-02 -7.764354e-02 -1.875126e-02 -1.502331e-02
<VARIANCE> 39
 9.175629e+00 9.380209e+00 2.485180e+01 2.081572e+01 1.875295e+01 2.311779e+01 1.752645e+01 3.907482e+01 4.702407e+01 4.451112e+01 2.690039e+01 2.552128e+01 1.357100e+00 8.797070e-02 1.533780e-01 2.697976e-01 6.355085e-01 4.967521e-01 5.520712e-01 4.979244e-01 4.937854e-01 6.138242e-01 5.714660e-01 5.691404e-01 4.734981e-01 5.862575e-03 1.175041e-02 2.424340e-02 3.034047e-02 4.815445e-02 5.124325e-02 5.161745e-02 5.707217e-02 6.420226e-02 8.544401e-02 8.431193e-02 6.660077e-02 7.045855e-02 9.108924e-04
<GCONST> 4.966954e+01
<STATE> 4
<MEAN> 39
 -5.751771e+00 -9.404265e+00 -3.939648e+00 -1.392031e+01 -3.276925e+00 -2.808265e+00 1.869899e+00 -8.424673e+00 -4.199565e+00 -5.242341e+00 -2.271759e+00 -5.517125e+00 1.830079e+01 2.174363e-01 1.207052e+00 3.699890e-01 -6.413434e-01 -3.928837e-01 -1.036146e-01 -3.100865e-01 2.581722e-01 5.534345e-01 -2.128186e-01 -7.196590e-02 -9.038722e-02 -2.459453e-01 -1.746809e-02 -2.193202e-02 -5.258261e-02 3.446836e-01 1.400780e-01 -1.808781e-01 -6.288297e-02 -1.022852e-02 -4.290443e-02 1.742207e-02 1.221481e-01 3.968640e-02 -4.841426e-02
<VARIANCE> 39
 7.862058e+00 2.307478e+01 1.220603e+01 3.187205e+01 4.213395e+01 1.954184e+01 2.461835e+01 3.661977e+01 5.307660e+01 2.793617e+01 2.706319e+01 3.009081e+01 1.838898e+00 2.144134e-01 4.987946e-01 5.733556e-01 2.637946e+00 1.468857e+00 1.619524e+00 9.740690e-01 1.328745e+00 1.639834e+00 1.337148e+00 1.268971e+00 9.162707e-01 4.130477e-02 4.299685e-02 9.687595e-02 7.577404e-02 2.401256e-01 2.361958e-01 2.297729e-01 1.663908e-01 2.293119e-01 2.223704e-01 1.791227e-01 2.066335e-01 1.648493e-01 4.440793e-03
<GCONST> 8.033747e+01
<TRANSP> 5
 0.000000e+00 1.000000e+00 0.000000e+00 0.000000e+00 0.000000e+00
 0.000000e+00 8.486358e-01 1.513642e-01 0.000000e+00 0.000000e+00
 0.000000e+00 0.000000e+00 9.125450e-01 8.745500e-02 0.000000e+00
 0.000000e+00 0.000000e+00 0.000000e+00 8.641407e-01 1.358593e-01
 0.000000e+00 0.000000e+00 0.000000e+00 0.000000e+00 0.000000e+00
<ENDHMM>
~h "four"
<BEGINHMM>
<NUMSTATES> 5
<STATE> 2
<MEAN> 39
 -6.769472e+00 -6.559813e+00 -5.528627e+00 -9.750145e+00 -1.572918e+00 -5.545399e+00 -1.206312e+00 -8.391236e+00 -2.004315e+00 -5.573997e+00 9.800586e-01 -4.268766e+00 1.535393e+01 1.564810e+00 5.347912e-01 -8.985283e-01 -8.532605e-01 -3.052173e-01 -5.330485e-01 -6.926309e-01 -1.907590e-01 1.952142e-01 2.013956e-01 -3.419413e-01 -4.853921e-01 6.417813e-01 3.516897e-01 1.262959e-01 -3.369575e-01 -3.176562e-01 -5.887132e-02 -8.065587e-03 -8.152252e-02 -1.846217e-02 2.522255e-03 5.426768e-02 -7.922442e-02 -1.322845e-01 1.436333e-01
<VARIANCE> 39
 7.504099e+00 5.388070e+00 5.422887e+00 7.804672e+00 1.002571e+01 1.242795e+01 1.451740e+01 1.364938e+01 1.606662e+01 1.349780e+01 1.606167e+01 1.220799e+01 1.718651e+00 5.171018e-01 4.326844e-01 6.048697e-01 7.385835e-01 7.111955e-01 9.062572e-01 7.525046e-01 8.214879e-01 1.012094e+00 1.083062e+00 1.520934e+00 1.223257e+00 5.850824e-02 6.722707e-02 5.346520e-02 6.070361e-02 8.252437e-02 1.012880e-01 1.528092e-01 1.211263e-01 1.521431e-01 1.399773e-01 1.609612e-01 1.993778e-01 1.871015e-01 7.082346e-03
<GCONST> 6.396780e+01
<STATE> 3
<MEAN> 39
 1.595699e+00 -3.479748e+00 -1.216383e+01 -1.704786e+01 -4.000239e+00 -6.178922e+00 -3.166920e+00 -8.953621e+00 -1.399321e+00 -3.857243e+00 4.286919e-01 -6.774889e+00 1.891343e+01 3.047456e-01 -1.860613e-01 -3.253115e-01 -3.797680e-02 7.382824e-02 -1.855753e-02 -2.195155e-01 1.746089e-01 3.528193e-01 9.313261e-02 -2.297125e-01 -2.204769e-01 1.432291e-01 -1.735097e-01 -1.541700e-01 1.497705e-01 2.359462e-01 3.831306e-02 -3.637716e-02 3.803267e-02 1.108683e-01 4.729362e-02 -8.556508e-02 -5.574131e-02 5.670581e-02 -6.753317e-02
<VARIANCE> 39
 4.139387e+00 1.026118e+01 9.610600e+00 1.373207e+01 2.438703e+01 1.715142e+01 1.856868e+01 1.714182e+01 2.361614e+01 2.481562e+01 3.808703e+01 3.756019e+01 1.088359e+00 5.237998e-01 7.275898e-01 6.856745e-01 1.215013e+00 9.700480e-01 7.722990e-01 9.087693e-01 9.568723e-01 1.310033e+00 1.175370e+00 1.338504e+00 1.242551e+00 9.309182e-02 4.947202e-02 4.572140e-02 9.587601e-02 8.018257e-02 1.357611e-01 1.434286e-01 1.560162e-01 1.411517e-01 1.814543e-01 1.920022e-01 1.991289e-01 1.869401e-01 7.204663e-03
<GCONST> 7.252718e+01
<STATE> 4
<MEAN> 39
 -2.650335e-01 -1.131221e+01 -7.983555e+00 -8.558281e+00 -5.376503e+00 -8.948557e+00 -2.201949e+00 -4.221818e+00 6.529431e-01 -7.564527e+00 -3.906038e+00 -7.357868e+00 1.854973e+01 -5.527316e-01 -3.299106e-02 1.189266e+00 5.190355e-01 -5.927023e-01 2.924065e-02 6.843475e-01 -1.588262e-01 -6.806430e-01 -3.914770e-01 1.342934e-01 2.569629e-01 -2.038704e-01 -8.736106e-02 3.023239e-01 8.940600e-04 -2.181644e-01 1.358430e-01 2.158827e-01 1.414317e-02 -2.463938e-01 -1.510230e-01 1.214716e-01 1.771930e-01 3.049783e-02 -5.099483e-02
<VARIANCE> 39
 6.995040e+00 1.430506e+01 2.848068e+01 1.839609e+01 4.717703e+01 3.735330e+01 3.528038e+01 3.880443e+01 4.497559e+01 3.450358e+01 3.471071e+01 3.195223e+01 1.579094e+00 2.191777e-01 1.523705e+00 6.624644e-01 1.661817e+00 2.088464e+00 2.164033e+00 1.564616e+00 2.597842e+00 1.820995e+00 1.727039e+00 1.796713e+00 1.076441e+00 4.091016e-02 2.918828e-02 9.467164e-02 1.878678e-01 1.660106e-01 4.427237e-01 3.012861e-01 3.551062e-01 3.380307e-01 3.792701e-01 2.798050e-01 3.074453e-01 2.167211e-01 3.207760e-03
<GCONST> 8.838759e+01
<TRANSP> 5
 0.000000e+00 1.000000e+00 0.000000e+00 0.000000e+00 0.000000e+00
 0.000000e+00 7.033457e-01 2.966543e-01 0.000000e+00 0.000000e+00
 0.000000e+00 0.000000e+00 9.182975e-01 8.170253e-02 0.000000e+00
 0.000000e+00 0.000000e+00 0.000000e+00 8.712943e-01 1.287057e-01
 0.000000e+00 0.000000e+00 0.000000e+00 0.000000e+00 0.000000e+00
<ENDHMM>
~h "zero"
<BEGINHMM>
<NUMSTATES> 5
<STATE> 2
<MEAN> 39
 -6.853545e+00 -1.899810e+00 -4.585622e+00 -7.686334e+00 -2.513730e+00 -4.677341e+00 -2.826753e+00 -8.906915e+00 -3.631053e+00 -4.169088e+00 1.361466e-01 -4.375281e+00 1.565225e+01 2.800573e-01 1.044254e+00 9.694646e-01 -1.154567e+00 -8.268533e-01 -1.402708e+00 -6.255713e-01 -5.993314e-01 3.219643e-01 3.345102e-01 -1.325548e-01 -2.391161e-01 4.900891e-01 3.800423e-02 9.696206e-02 1.842114e-01 -3.595659e-01 -1.733471e-01 -2.327036e-01 2.742187e-03 -2.394196e-02 1.685982e-01 1.267610e-03 3.101323e-02 -8.993890e-02 9.273387e-02
<VARIANCE> 39
 6.904831e+00 1.047248e+01 1.552738e+01 1.461804e+01 2.100190e+01 2.214738e+01 1.924523e+01 1.978309e+01 2.955428e+01 2.445619e+01 2.236731e+01 1.994690e+01 1.485016e+00 3.160163e-01 4.262538e-01 7.584416e-01 9.361560e-01 8.456845e-01 1.290317e+00 9.698268e-01 1.180021e+00 1.340211e+00 9.791073e-01 1.203140e+00 1.526808e+00 4.265604e-02 4.664183e-02 1.027979e-01 1.271940e-01 1.080965e-01 1.312511e-01 2.173482e-01 1.590464e-01 1.929397e-01 1.625480e-01 1.503342e-01 1.803135e-01 1.680660e-01 6.441076e-03
<GCONST> 7.322590e+01
<STATE> 3
<MEAN> 39
 -5.550597e+00 2.845004e-01 9.512069e-01 -1.692436e+01 -7.883957e+00 -9.169707e+00 -4.559981e+00 -8.444159e+00 1.777095e-01 -3.745630e+00 1.721160e-01 -6.825385e+00 1.840798e+01 3.384128e-01 -7.460142e-01 4.376459e-01 -1.636439e-01 -1.079447e+00 2.618916e-01 2.105455e-01 1.939827e-01 3.187729e-01 -7.755543e-02 4.228825e-02 -1.232029e-01 1.655170e-01 5.099252e-02 -2.672072e-01 -1.740930e-01 3.701100e-01 1.858281e-02 1.333204e-01 1.943802e-01 5.597143e-02 -8.713351e-02 -4.398278e-02 -1.282636e-02 7.168701e-02 -6.417372e-02
<VARIANCE> 39
 7.449450e+00 2.081913e+01 1.737593e+01 2.635434e+01 5.948714e+01 4.065134e+01 3.220791e+01 4.417507e+01 3.107439e+01 3.031652e+01 3.450491e+01 5.108580e+01 1.093247e+00 4.426906e-01 1.622915e+00 8.064325e-01 2.624978e+00 1.740657e+00 2.528555e+00 1.690738e+00 1.423294e+00 1.339945e+00 1.176714e+00 1.106869e+00 1.319486e+00 6.288099e-02 5.149558e-02 1.135013e-01 1.259234e-01 1.807285e-01 2.465407e-01 4.099066e-01 2.254136e-01 2.476421e-01 2.117365e-01 1.747438e-01 1.722374e-01 2.172641e-01 4.567989e-03
<GCONST> 8.708416e+01
<STATE> 4
<MEAN> 39
 -1.601311e+00 -1.052557e+01 -4.403124e+00 -9.805287e+00 -9.682924e+00 -8.047069e+00 5.677590e-01 -4.091156e+00 -1.786304e-01 -6.708070e+00 -1.007442e+00 -5.666105e+00 1.854336e+01 8.206853e-02 1.346448e-02 -5.505723e-01 1.602008e-01 6.707608e-01 -1.771020e-01 -2.007500e-02 2.085693e-01 -6.358735e-02 -1.487935e-01 -9.252468e-02 -8.187762e-03 -5.364415e-02 -5.972438e-02 1.432596e-01 6.383343e-02 -8.642759e-02 8.591992e-02 4.206067e-02 -9.808485e-02 -8.274853e-02 -2.003770e-02 3.438485e-02 2.075309e-02 -9.062627e-03 -1.778109e-02
<VARIANCE> 39
 6.466784e+00 1.770929e+01 2.647433e+01 2.674907e+01 6.263226e+01 5.435710e+01 3.560418e+01 3.637814e+01 4.424536e+01 3.493735e+01 2.489613e+01 3.290167e+01 1.495322e+00 2.236609e-01 8.342452e-01 6.297045e-01 1.031898e+00 1.221117e+00 1.668950e+00 1.524843e+00 1.766346e+00 1.575216e+00 1.378998e+00 1.023379e+00 9.263859e-01 1.573309e-02 2.389489e-02 3.494903e-02 7.617481e-02 1.109898e-01 1.906361e-01 2.321227e-01 1.871693e-01 1.958895e-01 2.167084e-01 1.822113e-01 1.466768e-01 1.333212e-01 1.761111e-03
<GCONST> 7.710410e+01
<TRANSP> 5
 0.000000e+00 1.000000e+00 0.000000e+00 0.000000e+00 0.000000e+00
 0.000000e+00 7.348625e-01 2.651375e-01 0.000000e+00 0.000000e+00
 0.000000e+00 0.000000e+00 8.926104e-01 1.073896e-01 0.000000e+00
 0.000000e+00 0.000000e+00 0.000000e+00 9.396009e-01 6.039909e-02
 0.000000e+00 0.000000e+00 0.000000e+00 0.000000e+00 0.000000e+00
<ENDHMM>
