~o
<STREAMINFO> 1 39
<VECSIZE> 39<NULLD><MFCC_E_D_A><DIAGC>
~s "silst"
<MEAN> 39
 -5.089229e+00 -3.747163e+00 -3.214271e+00 -8.843161e+00 -1.245873e+00 -5.748194e+00 -1.824509e+00 -9.463313e+00 -3.498584e+00 -6.420702e+00 -3.621736e-01 -5.632240e+00 1.585400e+01 -6.630961e-01 -4.429778e-01 -4.522435e-01 1.670711e-01 3.060197e-01 7.052114e-01 3.751968e-01 1.102203e-01 1.449836e-01 1.511065e-01 3.339182e-01 3.712110e-01 -3.627979e-01 -2.657269e-02 -6.915800e-02 -1.090328e-01 -1.273057e-01 -9.637603e-02 -7.302321e-02 2.532946e-04 7.248116e-02 3.781274e-02 9.300034e-03 -1.499787e-02 4.001385e-03 2.679855e-02
<VARIANCE> 39
 1.122174e+01 1.073260e+01 1.342186e+01 1.340407e+01 2.076837e+01 2.466084e+01 2.381964e+01 2.473134e+01 2.788568e+01 2.727715e+01 2.578929e+01 2.356068e+01 2.022853e+00 3.750486e-01 7.432842e-01 8.193424e-01 8.115013e-01 1.144881e+00 1.289827e+00 1.255603e+00 1.300524e+00 1.409020e+00 1.271989e+00 1.245760e+00 1.114370e+00 5.123144e-02 6.989969e-02 1.004849e-01 1.068428e-01 1.139920e-01 1.562667e-01 2.205103e-01 1.943420e-01 1.871343e-01 2.096484e-01 1.843506e-01 1.821213e-01 1.530584e-01 9.223788e-03
<GCONST> 7.759326e+01
~h "eight"
<BEGINHMM>
<NUMSTATES> 5
<STATE> 2
<MEAN> 39
 -8.238305e+00 -2.995847e+00 -5.884829e+00 -1.822366e+01 2.101615e-01 -4.905585e+00 8.327140e-01 -6.813730e+00 -1.626765e+00 -7.443701e+00 -1.712107e+00 -5.720235e+00 1.740458e+01 -1.693390e-01 1.034732e+00 -9.536134e-02 -1.074276e+00 -5.137097e-02 -5.834032e-01 9.215197e-02 4.703923e-01 3.853831e-01 -1.064493e-02 -1.833147e-01 -2.425359e-01 3.344178e-01 2.893798e-02 8.988100e-02 5.114646e-03 1.397475e-01 -6.265638e-02 -1.923297e-01 -8.331988e-02 -1.748492e-02 2.617517e-02 9.247653e-02 1.131644e-01 -8.070567e-04 -1.705637e-02
<VARIANCE> 39
 7.936612e+00 2.033571e+01 1.877598e+01 3.168330e+01 4.182427e+01 2.220116e+01 2.467687e+01 2.263058e+01 3.069210e+01 2.348639e+01 2.465446e+01 2.549932e+01 3.282635e+00 3.466614e-01 7.505893e-01 6.582974e-01 1.286788e+00 1.208648e+00 1.363073e+00 1.443242e+00 9.984507e-01 1.350498e+00 1.119332e+00 1.070349e+00 9.608867e-01 1.025710e-01 4.199680e-02 8.033396e-02 7.528477e-02 1.955925e-01 1.375358e-01 1.691638e-01 1.485056e-01 1.685811e-01 2.268836e-01 1.638257e-01 1.704186e-01 1.470966e-01 1.304890e-02
<GCONST> 7.936169e+01
<STATE> 3
<MEAN> 39
 -8.394431e+00 5.771056e+00 -5.519104e+00 -1.924306e+01 -2.893329e+00 -1.374177e+01 -1.638391e+00 -5.947737e+00 7.445722e-01 -4.029942e+00 7.559528e-01 -5.694185e+00 1.854686e+01 1.001739e-01 5.035540e-01 2.027335e-01 8.252665e-01 -1.151107e-02 -9.373405e-01 -6.096329e-01 -8.099657e-01 -3.583324e-01 3.270573e-01 4.646703e-01 2.249619e-01 -7.166439e-02 4.940625e-02 -2.805730e-01 2.302279e-02 1.896294e-01 8.654251e-02 2.711904e-01 2.055914e-02 -1.587981e-01 -1.940099e-01 -1.392807e-01 -7.096168e-02 3.691495e-02 -6.158333e-02
<VARIANCE> 39
 1.001514e+01 1.133451e+01 2.487362e+01 2.642195e+01 2.101183e+01 2.371925e+01 5.644084e+01 2.710420e+01 2.950385e+01 2.182059e+01 3.273631e+01 2.503041e+01 1.477152e+00 1.827160e-01 5.048247e-01 2.620965e-01 6.266133e-01 8.219333e-01 1.014674e+00 7.516283e-01 8.257176e-01 1.767969e+00 1.022455e+00 1.190505e+00 8.481132e-01 2.539164e-02 2.770389e-02 7.067781e-02 4.949570e-02 9.903830e-02 8.105966e-02 1.528088e-01 1.404390e-01 1.337902e-01 1.675238e-01 1.386373e-01 1.858879e-01 1.361178e-01 3.380261e-03
<GCONST> 6.903876e+01
<STATE> 4
<MEAN> 39
 -6.984069e+00 1.125373e+00 -4.081622e+00 -1.221528e+01 -1.204920e+00 -1.173104e+01 -4.083129e+00 -1.160457e+01 -4.449716e+00 -5.780688e+00 8.149880e-01 -4.551153e+00 1.652424e+01 2.184512e-01 -1.854585e+00 5.385522e-04 8.878338e-01 2.211587e-01 1.602511e+00 3.190822e-01 -3.114713e-02 -3.290853e-01 -3.992838e-01 -1.453044e-01 9.683277e-02 -4.692142e-01 -7.003766e-02 -1.011680e-01 -9.850913e-02 -1.303485e-01 -4.591865e-02 1.610351e-01 1.929042e-01 2.728663e-01 2.062252e-01 6.427606e-02 2.207982e-02 -3.139174e-02 -6.681327e-03
<VARIANCE> 39
 6.054475e+00 3.354310e+01 1.484960e+01 1.934247e+01 1.615544e+01 3.814935e+01 3.283828e+01 2.462937e+01 3.947342e+01 2.741501e+01 2.595099e+01 2.418988e+01 2.806349e+00 3.508033e-01 7.453604e-01 6.176777e-01 1.035563e+00 6.513104e-01 1.246410e+00 1.757673e+00 1.481003e+00 2.021364e+00 1.219082e+00 1.376194e+00 1.140621e+00 3.566208e-02 4.193008e-02 2.585281e-01 6.970398e-02 1.185397e-01 9.771362e-02 3.262193e-01 1.808307e-01 1.961410e-01 2.997939e-01 1.796738e-01 1.979047e-01 1.935205e-01 1.053730e-02
<GCONST> 8.036823e+01
<TRANSP> 5
 0.000000e+00 1.000000e+00 0.000000e+00 0.000000e+00 0.000000e+00
 0.000000e+00 8.672503e-01 1.327496e-01 0.000000e+00 0.000000e+00
 0.000000e+00 0.000000e+00 8.556333e-01 1.443667e-01 0.000000e+00
 0.000000e+00 0.000000e+00 0.000000e+00 8.207203e-01 1.792796e-01
 0.000000e+00 0.000000e+00 0.000000e+00 0.000000e+00 0.000000e+00
<ENDHMM>
~h "oh"
<BEGINHMM>
<NUMSTATES> 5
<STATE> 2
<MEAN> 39
 -4.364411e+00 -1.037398e+01 -8.314713e+00 -8.585315e+00 -2.637269e+00 -7.654141e+00 3.578148e+00 -7.386133e+00 -5.239697e+00 -7.111456e+00 -2.440086e+00 -5.427143e+00 1.781878e+01 5.457622e-01 -2.060702e-01 -6.071402e-01 1.665820e-01 9.197801e-02 -6.957764e-01 1.444476e-01 7.354988e-01 -1.594945e-02 -4.302383e-01 -4.104793e-01 -1.514409e-01 3.516669e-01 1.006901e-02 1.037320e-01 2.117992e-03 -5.234148e-02 3.832057e-02 -1.069508e-02 -1.518474e-01 8.272643e-03 1.329106e-01 2.592928e-02 -9.917635e-03 -2.758052e-02 -2.149678e-02
<VARIANCE> 39
 8.670842e+00 1.233384e+01 1.667930e+01 1.820392e+01 2.296529e+01 2.454143e+01 3.069501e+01 6.477406e+01 3.832446e+01 3.401034e+01 2.703928e+01 3.144593e+01 3.003417e+00 2.969487e-01 5.784623e-01 6.304103e-01 6.403233e-01 6.851932e-01 9.311325e-01 1.330036e+00 1.789567e+00 1.556987e+00 1.262327e+00 1.250494e+00 1.052543e+00 9.576855e-02 3.983983e-02 6.286620e-02 7.489567e-02 7.981893e-02 9.169580e-02 1.300486e-01 1.558422e-01 2.153828e-01 1.872435e-01 1.964764e-01 1.841838e-01 1.403040e-01 1.333718e-02
<GCONST> 7.715823e+01
<STATE> 3
<MEAN> 39
 -5.713405e-01 -8.246640e+00 -1.317593e+01 -9.926698e+00 -7.018251e-01 -1.204499e+01 -7.989516e-01 -7.823569e-01 1.258589e-01 -8.234110e+00 -5.127684e+00 -6.598564e+00 1.903716e+01 2.232785e-01 4.045244e-01 -2.857032e-02 -3.469648e-01 -3.595096e-02 -4.558317e-03 -6.741120e-01 -2.440010e-01 6.659299e-01 6.028019e-01 -3.306182e-02 -3.512025e-01 -9.584646e-03 -4.125146e-02 2.443449e-02 1.011163e-01 -2.062904e-02 -5.717751e-02 9.292954e-02 1.139681e-02 -1.582343e-01 -8.099976e-02 9.184945e-02 1.210309e-01 1.118665e-02 -2.522704e-02
<VARIANCE> 39
 6.095545e+00 8.381613e+00 1.533502e+01 1.468919e+01 1.921035e+01 2.241252e+01 4.166764e+01 3.074969e+01 3.925124e+01 3.570798e+01 3.180153e+01 4.015779e+01 1.216196e+00 8.016919e-02 1.367607e-01 2.627617e-01 2.767730e-01 3.852561e-01 5.149848e-01 7.296062e-01 1.010569e+00 7.301719e-01 8.551193e-01 7.854375e-01 6.994654e-01 1.316983e-02 1.111005e-02 1.421650e-02 3.351240e-02 3.312210e-02 4.700527e-02 6.866087e-02 7.738452e-02 9.580348e-02 1.049978e-01 1.013383e-01 9.153397e-02 8.861002e-02 1.198641e-03
<GCONST> 5.210457e+01
<STATE> 4
<MEAN> 39
 1.785818e-01 -3.749095e+00 -9.932877e+00 -1.348486e+01 -3.319739e+00 -1.008008e+01 -4.949861e+00 -7.354165e+00 1.047144e+00 -2.363514e+00 -1.881133e-01 -7.008297e+00 1.844906e+01 -3.483793e-01 2.885837e-01 8.520995e-01 1.500950e-01 -2.191138e-01 3.723364e-01 2.093568e-01 -5.766312e-01 -5.863543e-01 -1.029977e-01 5.096665e-01 4.126489e-01 -2.308047e-01 -1.310878e-01 -1.055546e-01 5.191774e-02 1.419349e-01 1.060340e-01 8.452936e-02 1.855653e-01 8.510967e-02 -1.053957e-01 -1.823794e-01 -7.785361e-02 8.011042e-02 -4.429121e-02
<VARIANCE> 39
 6.297845e+00 7.046925e+00 1.859601e+01 1.557217e+01 1.891667e+01 2.848351e+01 3.125695e+01 2.745312e+01 3.058104e+01 3.710061e+01 3.966237e+01 3.646941e+01 1.764323e+00 2.387198e-01 3.545629e-01 4.246848e-01 5.884376e-01 6.858403e-01 8.699403e-01 1.175283e+00 1.224683e+00 1.193881e+00 1.308156e+00 1.201075e+00 1.026520e+00 3.050043e-02 2.295218e-02 3.295319e-02 6.554568e-02 6.525158e-02 9.788415e-02 1.569811e-01 1.653175e-01 1.871021e-01 2.026460e-01 1.904244e-01 1.711809e-01 1.630064e-01 2.734103e-03
<GCONST> 6.918925e+01
<TRANSP> 5
 0.000000e+00 1.000000e+00 0.000000e+00 0.000000e+00 0.000000e+00
 0.000000e+00 8.831332e-01 1.168668e-01 0.000000e+00 0.000000e+00
 0.000000e+00 0.000000e+00 8.921235e-01 1.078765e-01 0.000000e+00
 0.000000e+00 0.000000e+00 0.000000e+00 8.563740e-01 1.436260e-01
 0.000000e+00 0.000000e+00 0.000000e+00 0.000000e+00 0.000000e+00
<ENDHMM>
~h "sp"
<BEGINHMM>
<NUMSTATES> 5
<STATE> 2
~s "silst"
<STATE> 3
<MEAN> 39
 -7.709075e+00 -6.472058e+00 -6.100833e+00 -9.708606e+00 -1.335847e+00 -4.072294e+00 -6.377184e-01 -8.568452e+00 -2.837966e+00 -5.608881e+00 9.600843e-01 -4.088485e+00 1.480016e+01 -9.952482e-02 -1.748986e-02 -1.131146e-01 -5.261992e-03 -2.987699e-02 2.983201e-02 -6.880404e-03 3.488466e-02 2.711046e-03 2.042090e-02 3.501918e-02 4.010248e-02 -1.347307e-02 6.153250e-02 8.238862e-02 6.159165e-02 -1.148991e-02 -9.620104e-03 -5.697404e-02 -4.106461e-02 -1.851293e-02 -9.162514e-03 -1.627448e-02 -3.383604e-02 -3.259049e-02 4.432237e-02
<VARIANCE> 39
 5.203043e+00 5.813570e+00 8.382559e+00 1.000797e+01 1.421586e+01 1.534065e+01 1.547498e+01 1.657345e+01 1.760844e+01 1.636432e+01 1.594001e+01 1.372621e+01 1.090766e+00 1.560554e-01 2.339236e-01 3.573184e-01 4.284463e-01 5.672241e-01 6.772690e-01 6.516944e-01 7.188909e-01 7.407105e-01 6.607389e-01 6.509575e-01 5.695521e-01 7.383504e-03 3.307611e-02 5.305514e-02 7.092901e-02 9.039577e-02 1.139022e-01 1.431444e-01 1.320888e-01 1.439214e-01 1.466667e-01 1.252104e-01 1.242054e-01 1.145312e-01 4.107327e-03
<GCONST> 5.485023e+01
<STATE> 4
<MEAN> 39
 -8.548521e+00 -4.941416e+00 -6.264781e+00 -8.991685e+00 -2.030975e+00 -3.799996e+00 -1.067259e+00 -8.412816e+00 -2.904845e+00 -5.485691e+00 6.351166e-01 -4.048255e+00 1.505784e+01 2.845619e-01 1.763737e-01 1.018478e-01 -1.356688e-01 -1.962657e-01 -3.116370e-01 -7.960109e-02 7.380692e-02 -3.512223e-02 -5.237940e-02 -2.038347e-01 -8.421808e-02 2.217195e-01 2.165461e-01 3.969541e-03 6.060171e-02 -1.474794e-01 -1.328297e-01 -2.132207e-01 -5.336310e-03 1.885516e-02 7.048578e-03 -1.365381e-03 -1.017415e-01 -8.381163e-02 1.108819e-01
<VARIANCE> 39
 1.195245e+01 1.155075e+01 1.732746e+01 1.579932e+01 1.926350e+01 1.877718e+01 1.803858e+01 2.026359e+01 2.115399e+01 1.991741e+01 1.871033e+01 1.701284e+01 1.497701e+00 5.903828e-01 5.341116e-01 7.470984e-01 7.918709e-01 9.753345e-01 1.010248e+00 8.550027e-01 1.189500e+00 1.046674e+00 9.296800e-01 9.475458e-01 7.704158e-01 5.384775e-02 7.105000e-02 1.105550e-01 1.693235e-01 1.490797e-01 2.009180e-01 1.931570e-01 1.687052e-01 2.264625e-01 2.046481e-01 1.797945e-01 1.802663e-01 1.555269e-01 9.427293e-03
<GCONST> 7.469865e+01
<TRANSP> 5
 0.000000e+00 8.230543e-01 1.769457e-01 0.000000e+00 0.000000e+00
 0.000000e+00 7.937876e-01 2.062124e-01 0.000000e+00 0.000000e+00
 0.000000e+00 0.000000e+00 8.501349e-01 1.498651e-01 0.000000e+00
 0.000000e+00 0.000000e+00 0.000000e+00 5.813568e-01 4.186432e-01
 0.000000e+00 0.000000e+00 0.000000e+00 0.000000e+00 0.000000e+00
<ENDHMM>
~h "seven"
<BEGINHMM>
<NUMSTATES> 5
<STATE> 2
<MEAN> 39
 -7.269525e+00 -4.304585e+00 -5.730166e+00 -1.005336e+01 -3.992614e+00 -5.251576e+00 -3.870715e-01 -8.220326e+00 -2.331622e+00 -4.273466e+00 -5.549404e-01 -4.038232e+00 1.568106e+01 8.737655e-01 8.463697e-02 6.843272e-01 -1.426552e+00 -1.129276e+00 -8.249154e-01 9.843063e-01 -8.105657e-02 3.661408e-01 -1.042212e-02 -8.013057e-01 -7.046260e-01 7.014748e-01 -1.166070e-02 -1.238485e-01 -9.206013e-02 -2.202327e-01 -1.330458e-01 1.197350e-01 2.329078e-01 5.970416e-02 -2.472451e-02 -1.508307e-01 -1.518111e-01 -1.335339e-01 1.166834e-01
<VARIANCE> 39
 1.062228e+01 6.320837e+00 1.245932e+01 1.332695e+01 2.197861e+01 2.415077e+01 1.897406e+01 1.923752e+01 1.800961e+01 2.802456e+01 1.851329e+01 1.678800e+01 2.651481e+00 4.654107e-01 4.650730e-01 6.555291e-01 9.632670e-01 1.294057e+00 1.649495e+00 1.380284e+00 1.264175e+00 1.283682e+00 2.367909e+00 1.118869e+00 1.244252e+00 6.816209e-02 8.607097e-02 5.470816e-02 1.017127e-01 1.330327e-01 2.330349e-01 2.152979e-01 1.580555e-01 1.503502e-01 1.598273e-01 1.985356e-01 1.403684e-01 1.871458e-01 1.369500e-02
<GCONST> 7.641691e+01
<STATE> 3
<MEAN> 39
 -5.814262e+00 -7.584632e+00 -5.430589e+00 -1.623494e+01 -6.057341e+00 -4.225451e+00 5.098441e+00 -8.682454e+00 -2.734889e+00 -7.183589e+00 -4.214862e+00 -6.602705e+00 1.906454e+01 1.191393e-01 -3.008434e-01 6.392267e-02 1.900958e-01 6.427981e-02 -2.394537e-02 1.651946e-01 2.604254e-01 -3.616458e-01 -3.529296e-02 1.598666e-02 -3.277975e-02 6.435873e-02 -1.249872e-02 1.098184e-01 4.731325e-02 3.174778e-01 1.371836e-01 -8.863773e-02 -2.865581e-01 5.105817e-02 -1.266251e-02 4.307689e-02 2.040110e-01 6.310632e-02 -1.369446e-01
<VARIANCE> 39
 9.398867e+00 1.154348e+01 8.833407e+00 1.786772e+01 4.855084e+01 3.772513e+01 3.166207e+01 3.908294e+01 4.920516e+01 5.808672e+01 3.359686e+01 3.305525e+01 1.176647e+00 3.849070e-01 5.677885e-01 4.445421e-01 1.243844e+00 1.461908e+00 1.577813e+00 1.597018e+00 1.036885e+00 1.251845e+00 1.715075e+00 1.733798e+00 1.206987e+00 1.661335e-01 7.985675e-02 8.355059e-02 8.459996e-02 1.119639e-01 2.655634e-01 2.575234e-01 1.740230e-01 1.630340e-01 2.091488e-01 2.408626e-01 2.349588e-01 1.908173e-01 5.549604e-03
<GCONST> 8.292568e+01
<STATE> 4
<MEAN> 39
 -3.257338e+00 -4.143839e+00 -2.035678e+00 -9.792997e+00 -3.968541e+00 -7.904509e+00 -4.630868e-01 -7.895180e+00 -3.873532e+00 -6.630970e+00 -1.627182e+00 -6.944777e+00 1.713463e+01 1.046263e-01 3.678230e-01 2.307620e-01 2.348695e-01 3.768232e-01 -3.257838e-02 -4.261680e-01 -3.490995e-01 3.255183e-02 -6.872221e-02 8.071464e-02 -1.485018e-02 -8.826783e-02 -3.999380e-02 -5.798819e-02 -5.460574e-02 -7.398845e-02 1.786394e-03 1.090353e-01 9.035010e-02 -4.311806e-02 -1.100586e-03 -7.866573e-04 -4.305613e-02 3.133640e-02 1.960626e-02
<VARIANCE> 39
 4.901251e+00 1.046578e+01 9.993615e+00 1.377000e+01 2.817620e+01 3.249226e+01 2.625868e+01 4.100111e+01 3.227044e+01 3.547787e+01 3.233492e+01 2.882616e+01 1.690556e+00 1.923005e-01 4.156321e-01 4.785028e-01 9.073997e-01 1.391892e+00 1.174827e+00 1.649142e+00 1.273096e+00 1.391122e+00 1.390860e+00 1.265613e+00 9.336836e-01 8.955498e-02 3.493333e-02 7.896731e-02 8.616725e-02 1.530929e-01 2.485664e-01 2.057973e-01 2.860241e-01 2.269408e-01 2.303369e-01 2.390921e-01 2.143372e-01 1.482876e-01 1.491562e-02
<GCONST> 7.855039e+01
<TRANSP> 5
 0.000000e+00 1.000000e+00 0.000000e+00 0.000000e+00 0.000000e+00
 0.000000e+00 7.256995e-01 2.743005e-01 0.000000e+00 0.000000e+00
 0.000000e+00 0.000000e+00 8.898398e-01 1.101602e-01 0.000000e+00
 0.000000e+00 0.000000e+00 0.000000e+00 9.307885e-01 6.921151e-02
 0.000000e+00 0.000000e+00 0.000000e+00 0.000000e+00 0.000000e+00
<ENDHMM>
~h "three"
<BEGINHMM>
<NUMSTATES> 5
<STATE> 2
<MEAN> 39
 -3.085203e+00 -6.937288e+00 -3.670990e-01 -8.984502e+00 -1.033086e+01 -1.089186e+01 -1.256528e+00 -8.758707e+00 -1.825160e+00 -5.112633e+00 -2.509193e-01 -5.329982e+00 1.738132e+01 4.881661e-01 -1.477844e-01 9.489379e-01 -2.549410e-01 -1.595363e+00 -1.173815e-01 -2.390538e-01 -2.373161e-01 4.021702e-01 1.010939e-01 -3.618089e-02 -2.414394e-01 3.713759e-01 -1.761735e-01 1.148786e-01 8.195018e-03 -2.915660e-01 2.071145e-01 3.088807e-01 -1.605117e-01 1.231645e-02 8.453698e-02 -1.633518e-02 4.767850e-02 8.866738e-03 -3.089582e-02
<VARIANCE> 39
 1.171535e+01 1.267769e+01 1.678085e+01 2.983216e+01 5.274659e+01 4.902378e+01 2.344982e+01 2.626740e+01 2.817285e+01 2.591056e+01 3.393977e+01 3.192935e+01 2.761332e+00 7.817405e-01 6.821994e-01 8.026705e-01 2.074315e+00 1.919903e+00 3.458900e+00 1.411396e+00 1.551758e+00 1.260453e+00 1.074869e+00 1.378237e+00 1.287322e+00 6.029129e-02 1.137747e-01 1.460458e-01 1.330407e-01 3.014233e-01 4.676360e-01 4.275969e-01 2.911784e-01 2.395607e-01 1.933538e-01 1.820458e-01 1.986189e-01 1.943032e-01 1.002262e-02
<GCONST> 8.960796e+01
<STATE> 3
<MEAN> 39
 -5.041421e+00 -3.650193e+00 5.588485e+00 -1.895512e+01 -1.243866e+01 -4.194300e+00 -8.654011e+00 -8.750397e+00 1.914422e+00 -5.771905e+00 1.107718e+00 -5.940855e+00 1.865195e+01 -8.443926e-01 1.786769e+00 -2.571669e-01 -1.723163e+00 2.350339e+00 -1.177204e-01 -1.466026e+00 9.105529e-01 -4.119598e-01 -2.290888e-01 1.245049e-01 2.108255e-02 -2.106127e-02 4.156014e-02 1.261546e-01 -4.631675e-01 5.107336e-01 4.002749e-01 -6.710294e-01 4.237798e-01 6.089228e-02 -3.723952e-01 7.424879e-02 -5.812247e-02 3.796554e-02 -5.442266e-02
<VARIANCE> 39
 7.799160e+00 2.368118e+01 1.154547e+01 3.222103e+01 6.004199e+01 2.842824e+01 4.215759e+01 6.379846e+01 2.603333e+01 2.800282e+01 3.821335e+01 2.957129e+01 1.288744e+00 2.539947e-01 6.116746e-01 1.029902e+00 1.777625e+00 1.401811e+00 3.647220e+00 2.022426e+00 1.380533e+00 1.412282e+00 1.077898e+00 7.269160e-01 7.962866e-01 2.066907e-02 5.236926e-02 1.576725e-01 9.249210e-02 2.469905e-01 5.020739e-01 2.349370e-01 3.945033e-01 3.771916e-01 1.652805e-01 1.493214e-01 1.327550e-01 1.100670e-01 2.241983e-03
<GCONST> 8.277897e+01
<STATE> 4
<MEAN> 39
 -6.748073e+00 4.089906e+00 -1.715217e+00 -1.636752e+01 -1.329687e+00 -1.256140e+01 -5.471097e+00 -8.139833e+00 -3.432209e+00 -4.969310e+00 -2.604171e-01 -6.250342e+00 1.787102e+01 1.458269e-01 -8.628335e-02 -5.647346e-01 9.701597e-01 4.212771e-01 -1.308152e-01 7.106066e-01 -3.724948e-01 -3.102177e-01 -2.118789e-02 -1.990549e-01 2.252289e-03 -1.794712e-01 6.485663e-02 -3.144291e-01 9.422262e-02 8.382688e-02 -2.309458e-01 3.105078e-01 3.799553e-02 -3.452614e-02 1.387191e-01 -3.323293e-02 2.222779e-02 1.255834e-02 -2.593334e-02
<VARIANCE> 39
 7.442908e+00 1.525804e+01 1.625612e+01 3.042834e+01 2.261873e+01 2.552281e+01 4.762513e+01 4.513602e+01 3.211554e+01 4.072914e+01 4.082362e+01 3.687818e+01 1.619484e+00 2.189436e-01 1.354053e+00 6.428000e-01 8.470997e-01 1.210369e+00 2.050459e+00 1.287859e+00 1.477049e+00 1.223621e+00 1.180689e+00 8.500192e-01 8.667396e-01 2.464264e-02 3.731421e-02 9.129670e-02 7.188892e-02 1.621878e-01 1.832776e-01 1.717018e-01 2.119907e-01 2.213601e-01 1.726059e-01 1.652028e-01 1.335723e-01 1.303467e-01 2.672077e-03
<GCONST> 7.752303e+01
<TRANSP> 5
 0.000000e+00 1.000000e+00 0.000000e+00 0.000000e+00 0.000000e+00
 0.000000e+00 8.777111e-01 1.222889e-01 0.000000e+00 0.000000e+00
 0.000000e+00 0.000000e+00 7.879992e-01 2.120008e-01 0.000000e+00
 0.000000e+00 0.000000e+00 0.000000e+00 8.907014e-01 1.092986e-01
 0.000000e+00 0.000000e+00 0.000000e+00 0.000000e+00 0.000000e+00
<ENDHMM>
~h "one"
<BEGINHMM>
<NUMSTATES> 5
<STATE> 2
<MEAN> 39
 -5.685420e-01 -3.776606e+00 -9.274167e+00 -1.281658e+01 -1.656982e+00 -5.564095e+00 -2.021079e+00 -8.864667e+00 -2.706299e+00 -6.731283e+00 -1.545429e+00 -7.288155e+00 1.774539e+01 2.781152e-01 -4.048798e-01 -8.720805e-01 4.567321e-01 4.871216e-01 3.936008e-02 -2.918228e-01 2.270003e-01 2.032740e-01 -3.067012e-01 -3.900180e-01 -2.719633e-01 2.375526e-01 -1.189143e-01 -1.462089e-01 5.393931e-02 2.646425e-01 7.821156e-03 -1.161301e-01 -1.489051e-02 9.381063e-02 -1.094045e-02 -9.033282e-02 1.100824e-02 8.287802e-02 -2.098679e-02
<VARIANCE> 39
 7.578717e+00 9.249467e+00 2.887492e+01 2.285573e+01 2.888650e+01 2.532869e+01 2.281341e+01 2.064525e+01 2.828322e+01 2.393999e+01 2.967597e+01 2.876646e+01 2.271104e+00 4.574629e-01 7.998664e-01 8.725030e-01 2.245219e+00 1.372557e+00 1.442847e+00 1.267711e+00 1.065939e+00 1.134317e+00 1.022034e+00 1.095247e+00 1.044883e+00 4.812020e-02 4.484060e-02 6.135543e-02 1.908323e-01 2.175056e-01 2.626908e-01 2.523813e-01 2.367320e-01 1.810119e-01 2.006647e-01 1.693352e-01 1.888912e-01 1.838931e-01 5.007931e-03
<GCONST> 8.017722e+01
<STATE> 3
<MEAN> 39
 -2.365568e+00 -1.071516e+01 -1.090228e+01 -1.689152e+00 -4.434875e-01 -9.494679e+00 -2.447656e+00 -4.207058e+00 -3.535585e+00 -1.172801e+01 -2.378512e+00 -6.055914e+00 1.853595e+01 -6.083331e-01 -3.739077e-01 1.339201e+00 5.727696e-01 -1.353418e+00 -3.281755e-01 1.195672e+00 -8.894368e-02 -9.245880e-01 -9.244413e-02 5.862195e-01 1.198225e-01 -4.916274e-02 2.357950e-02 3.139398e-01 2.517990e-01 -5.823204e-01 -1.343128e-01 3.766036e-01 9.206521e-02 -4.376831e-01 -2.354609e-04 3.805168e-01 4.409019e-02 -1.768208e-01 -2.978571e-02
<VARIANCE> 39
 6.138711e+00 9.607504e+00 1.865560e+01 2.375569e+01 2.701012e+01 1.740395e+01 3.766778e+01 3.138948e+01 4.646086e+01 3.755311e+01 3.383823e+01 3.321634e+01 1.544173e+00 1.544815e-01 5.159584e-01 6.043823e-01 1.832048e+00 7.393799e-01 1.711808e+00 1.007594e+00 2.247494e+00 1.165772e+00 1.864479e+00 1.028583e+00 1.293530e+00 8.477978e-03 2.364693e-02 5.254891e-02 1.008162e-01 1.224800e-01 2.853022e-01 1.528414e-01 3.759710e-01 1.781960e-01 3.358825e-01 2.003562e-01 2.674366e-01 1.680855e-01 8.553953e-04
<GCONST> 7.513188e+01
<STATE> 4
<MEAN> 39
 -4.105460e+00 -5.415479e+00 -1.636658e+00 -8.752139e+00 -4.065319e+00 -5.855616e+00 -1.671478e+00 -1.194577e+01 -4.646135e+00 -8.685280e+00 -2.576862e+00 -8.293664e+00 1.778422e+01 1.510076e-01 9.694353e-01 6.239707e-01 -7.276897e-01 4.267207e-01 -6.541379e-02 -6.296879e-01 -4.444451e-01 8.180793e-02 2.297363e-01 -1.766446e-01 5.023538e-02 -1.278714e-01 4.422809e-02 -6.868100e-02 -2.142884e-01 1.672041e-01 1.610038e-01 -6.843460e-02 -6.798042e-02 1.652368e-01 1.355099e-02 -1.166001e-01 1.014384e-02 7.499155e-02 -5.521080e-03
<VARIANCE> 39
 6.947033e+00 2.328755e+01 1.104472e+01 2.143145e+01 1.960904e+01 4.664629e+01 3.616376e+01 3.531879e+01 4.120596e+01 4.573010e+01 3.327605e+01 3.777571e+01 1.325427e+00 2.764412e-01 6.149194e-01 8.083882e-01 1.205936e+00 9.140666e-01 1.966799e+00 1.137698e+00 1.444067e+00 1.607376e+00 1.540539e+00 9.442965e-01 9.591066e-01 1.267366e-02 4.883181e-02 1.199593e-01 8.185864e-02 1.339218e-01 2.006696e-01 3.081774e-01 2.741165e-01 1.857774e-01 2.301586e-01 2.256892e-01 1.685921e-01 1.675439e-01 1.604506e-03
<GCONST> 7.851274e+01
<TRANSP> 5
 0.000000e+00 1.000000e+00 0.000000e+00 0.000000e+00 0.000000e+00
 0.000000e+00 8.983116e-01 1.016884e-01 0.000000e+00 0.000000e+00
 0.000000e+00 0.000000e+00 8.248828e-01 1.751173e-01 0.000000e+00
 0.000000e+00 0.000000e+00 0.000000e+00 8.843557e-01 1.156443e-01
 0.000000e+00 0.000000e+00 0.000000e+00 0.000000e+00 0.000000e+00
<ENDHMM>
~h "sil"
<BEGINHMM>
<NUMSTATES> 5
<STATE> 2
<MEAN> 39
 -6.783124e+00 -6.747859e+00 -5.112839e+00 -9.108705e+00 -7.190799e-03 -3.374653e+00 1.779973e-01 -8.536940e+00 -2.611837e+00 -5.764777e+00 5.593794e-01 -4.306071e+00 1.461655e+01 -3.781869e-02 -2.547608e-03 -3.508233e-03 3.253414e-02 4.053690e-02 2.624039e-02 4.877345e-02 4.308807e-03 -1.801563e-02 5.859660e-03 1.533042e-02 1.209260e-02 -1.229836e-02 -2.586101e-02 -3.338653e-02 -7.329600e-02 -1.089135e-01 -1.200874e-01 -1.177090e-01 -6.184443e-02 -8.810381e-03 -2.245433e-02 1.052079e-02 3.752743e-02 3.031280e-02 1.907561e-03
<VARIANCE> 39
 3.618486e+00 4.347501e+00 6.006738e+00 7.598518e+00 1.192656e+01 1.364423e+01 1.466435e+01 1.632980e+01 1.576541e+01 1.373779e+01 1.579073e+01 1.311922e+01 1.165791e+00 7.834539e-02 1.588356e-01 2.708405e-01 3.725134e-01 4.935095e-01 6.561700e-01 6.806818e-01 7.134591e-01 6.940012e-01 5.753951e-01 6.356954e-01 5.634502e-01 5.014223e-03 1.095040e-02 2.406179e-02 4.042588e-02 5.007353e-02 7.036352e-02 1.013156e-01 1.067522e-01 1.304497e-01 1.118051e-01 9.222478e-02 1.051219e-01 9.906867e-02 6.353759e-04
<GCONST> 4.375679e+01
<STATE> 3
~s "silst"
<STATE> 4
<MEAN> 39
 -7.598848e+00 -7.340489e+00 -6.608018e+00 -1.117295e+01 -2.178486e+00 -5.400055e+00 -9.999433e-01 -8.643199e+00 -2.704043e+00 -5.401920e+00 1.454083e+00 -3.841753e+00 1.448344e+01 -3.262052e-03 7.386695e-03 -2.685422e-02 -2.768849e-02 -5.299643e-02 -2.015958e-02 -6.051507e-02 -7.330939e-03 -3.258317e-03 -6.268856e-03 -1.975052e-02 -1.905390e-02 -8.756384e-05 3.821264e-02 5.783858e-02 9.503487e-02 1.261508e-01 1.329082e-01 1.266686e-01 6.177352e-02 1.579983e-02 2.636198e-02 -1.739390e-02 -5.625300e-02 -4.045390e-02 8.588746e-03
<VARIANCE> 39
 3.526000e+00 4.153427e+00 6.410769e+00 7.832234e+00 1.126268e+01 1.257281e+01 1.497433e+01 1.594176e+01 1.767395e+01 1.532915e+01 1.513590e+01 1.339710e+01 9.982674e-01 7.716508e-02 1.684130e-01 2.880888e-01 4.166674e-01 5.056022e-01 6.762366e-01 5.953784e-01 7.420846e-01 7.100965e-01 6.072387e-01 7.001474e-01 6.123071e-01 3.252490e-03 1.431061e-02 2.891854e-02 4.220676e-02 5.698405e-02 7.288397e-02 1.084376e-01 1.039914e-01 1.280650e-01 1.330544e-01 1.059496e-01 1.175495e-01 1.099377e-01 1.086678e-03
<GCONST> 4.543394e+01
<TRANSP> 5
 0.000000e+00 1.000000e+00 0.000000e+00 0.000000e+00 0.000000e+00
 0.000000e+00 7.689351e-01 2.421965e-02 2.068453e-01 0.000000e+00
 0.000000e+00 0.000000e+00 8.274920e-01 1.725080e-01 0.000000e+00
 0.000000e+00 1.873303e-01 0.000000e+00 7.429754e-01 6.969435e-02
 0.000000e+00 0.000000e+00 0.000000e+00 0.000000e+00 0.000000e+00
<ENDHMM>
~h "six"
<BEGINHMM>
<NUMSTATES> 5
<STATE> 2
<MEAN> 39
 -8.683397e+00 -4.257862e+00 -6.990081e+00 -8.732741e+00 -3.097229e+00 -4.233913e+00 -1.959042e+00 -8.232348e+00 -3.552676e+00 -4.007099e+00 1.243913e-01 -3.143951e+00 1.495256e+01 6.796212e-01 6.790503e-01 1.201656e+00 -1.381570e+00 -1.157053e+00 -1.212088e+00 4.106041e-02 -1.334745e-01 4.207434e-01 3.496351e-01 -5.169824e-01 -4.728518e-01 6.299089e-01 6.692844e-02 1.148835e-01 2.267636e-01 -4.788819e-01 -2.792956e-01 -1.694688e-01 4.330564e-02 7.593923e-02 2.039788e-01 5.932936e-04 -1.366983e-01 -2.378604e-01 1.450224e-01
<VARIANCE> 39
 7.477378e+00 7.797741e+00 1.270051e+01 1.147775e+01 1.901104e+01 2.001688e+01 1.518040e+01 1.807115e+01 2.003516e+01 2.963224e+01 1.917743e+01 1.709004e+01 1.867153e+00 3.582078e-01 4.709803e-01 8.829224e-01 1.147787e+00 1.075006e+00 1.323292e+00 1.003754e+00 8.101293e-01 1.418682e+00 2.237104e+00 1.075445e+00 1.322946e+00 7.678582e-02 6.203993e-02 5.631771e-02 1.156719e-01 9.794012e-02 2.032710e-01 2.091521e-01 1.477665e-01 1.766640e-01 1.850623e-01 2.379293e-01 1.708825e-01 1.682978e-01 8.853315e-03
<GCONST> 7.406474e+01
<STATE> 3
<MEAN> 39
 -6.470881e+00 -1.099819e+00 -8.569273e-01 -2.012125e+01 -7.860837e+00 -8.735558e+00 -2.436760e+00 -6.380369e+00 2.465768e-01 -3.795173e+00 -2.524501e+00 -7.321791e+00 1.832898e+01 2.409744e-02 -8.681963e-02 2.209106e-01 -2.817532e-01 3.753929e-01 2.130901e-01 -2.750218e-01 1.720223e-01 3.745133e-02 -1.962003e-01 1.702685e-01 7.182720e-03 -4.777540e-02 -5.674783e-02 -2.052443e-01 -2.669497e-01 4.876269e-01 2.882113e-01 2.212102e-01 6.796998e-02 -9.107649e-02 -1.466931e-01 -5.877582e-02 1.515975e-01 1.659597e-01 -1.670582e-01
<VARIANCE> 39
 7.692139e+00 9.747837e+00 1.662959e+01 2.305826e+01 5.850670e+01 3.110734e+01 3.719490e+01 2.460408e+01 3.462937e+01 5.833790e+01 3.542979e+01 3.743072e+01 1.432423e+00 3.495815e-01 6.526045e-01 1.075559e+00 3.229416e+00 2.397211e+00 1.760776e+00 1.734448e+00 1.341333e+00 1.887750e+00 2.010842e+00 1.867454e+00 1.897140e+00 2.937895e-01 6.819945e-02 6.606975e-02 1.609259e-01 2.259023e-01 3.061806e-01 3.193521e-01 3.835968e-01 2.241298e-01 2.868529e-01 3.401668e-01 2.636258e-01 2.553139e-01 1.166320e-02
<GCONST> 9.188296e+01
<STATE> 4
<MEAN> 39
 -6.563023e+00 -6.248655e+00 -4.680851e+00 -1.081214e+01 -1.002011e+00 -3.978873e+00 -1.435559e+00 -8.754004e+00 -2.164251e+00 -5.868213e+00 1.164218e+00 -4.220220e+00 1.475301e+01 -2.336258e-01 -9.110692e-01 -1.005329e+00 1.461897e+00 4.138293e-01 4.084596e-01 9.077039e-01 -4.571095e-01 -2.820425e-01 -4.058487e-02 2.005949e-01 2.988279e-01 -4.645410e-01 -1.053021e-01 1.689322e-01 2.071402e-01 -4.381284e-01 -3.787755e-01 -1.607960e-01 -8.515701e-02 1.722101e-01 1.161205e-01 1.035638e-01 -1.795997e-01 -1.430267e-01 1.499687e-01
<VARIANCE> 39
 3.292219e+00 5.440847e+00 9.445607e+00 1.107071e+01 1.464031e+01 1.564940e+01 1.950565e+01 1.858455e+01 1.688026e+01 1.706370e+01 1.862089e+01 1.491650e+01 1.491533e+00 2.673904e-01 4.866466e-01 8.965484e-01 1.309434e+00 2.110302e+00 1.651623e+00 1.602789e+00 1.249556e+00 1.214202e+00 1.204874e+00 1.177964e+00 1.023272e+00 7.933132e-02 3.888073e-02 6.514246e-02 1.378322e-01 1.468797e-01 2.331650e-01 1.805110e-01 2.655312e-01 1.923593e-01 1.854440e-01 1.735389e-01 1.976774e-01 1.825084e-01 5.796573e-03
<GCONST> 7.239725e+01
<TRANSP> 5
 0.000000e+00 1.000000e+00 0.000000e+00 0.000000e+00 0.000000e+00
 0.000000e+00 7.185572e-01 2.814428e-01 0.000000e+00 0.000000e+00
 0.000000e+00 0.000000e+00 8.891456e-01 1.108544e-01 0.000000e+00
 0.000000e+00 0.000000e+00 0.000000e+00 7.504327e-01 2.495673e-01
 0.000000e+00 0.000000e+00 0.000000e+00 0.000000e+00 0.000000e+00
<ENDHMM>
~h "two"
<BEGINHMM>
<NUMSTATES> 5
<STATE> 2
<MEAN> 39
 -1.095811e+01 -3.268609e+00 -6.723114e+00 -1.062424e+01 -9.785006e-01 -3.866318e+00 -1.961943e+00 -7.507954e+00 -2.326325e+00 -5.680609e+00 1.128400e+00 -3.371630e+00 1.506390e+01 5.066900e-01 6.186312e-01 1.014635e+00 -5.887614e-01 -2.662818e-01 -3.645707e-01 -4.634475e-01 -2.129879e-01 7.164593e-02 -5.542116e-02 -2.286661e-01 -3.621255e-01 3.245184e-01 2.970397e-01 6.413043e-02 2.879809e-01 -1.312934e-01 -2.119333e-01 -2.432881e-01 -1.186149e-01 -1.271774e-01 -2.633633e-02 2.767081e-03 -7.907945e-02 -1.702933e-01 9.394751e-02
<VARIANCE> 39
 8.834724e+00 8.090565e+00 1.268653e+01 1.231355e+01 1.844421e+01 2.274685e+01 1.921444e+01 2.112637e+01 2.144172e+01 2.399916e+01 2.472697e+01 1.985379e+01 9.029161e-01 1.367868e+00 5.605249e-01 1.276168e+00 8.302358e-01 1.349172e+00 1.288302e+00 9.891106e-01 1.190108e+00 1.171722e+00 1.294054e+00 1.875324e+00 1.105474e+00 7.280783e-02 1.264268e-01 1.094168e-01 1.343161e-01 1.307872e-01 2.277541e-01 1.980883e-01 1.761074e-01 2.234654e-01 2.274891e-01 2.033102e-01 3.598640e-01 1.595338e-01 7.840282e-03
<GCONST> 7.897839e+01
<STATE> 3
<MEAN> 39
 -4.601845e+00 1.269634e+00 1.860921e+00 -1.552072e+01 -6.951240e+00 -9.943125e+00 -6.700919e+00 -1.043952e+01 -2.408148e+00 -5.176637e+00 -1.124387e+00 -7.306950e+00 1.840674e+01 6.637634e-01 5.436944e-01 7.427297e-01 -5.413932e-01 -1.162942e+00 -1.105868e+00 -5.670391e-01 -2.813544e-01 -6.589270e-02 1.260092e-01 -2.156880e-01 -6.239282e-01 4.514584e-01 -2.501550e-01 -2.350245e-01 -4.262475e-01 2.989796e-01 2.728623e-01 2.325018e-01 2.358699e-01 1.461095e-01 -1.897273e-02 -9.831084e-03 1.532740e-01 1.828523e-01 -1.450986e-01
<VARIANCE> 39
 7.462770e+00 8.106106e+00 1.363379e+01 2.232780e+01 3.964377e+01 2.561174e+01 2.821852e+01 2.453409e+01 3.158108e+01 5.527665e+01 4.393065e+01 4.851627e+01 1.036617e+00 5.676947e-01 6.281173e-01 9.859663e-01 1.463992e+00 1.293267e+00 1.206038e+00 1.681351e+00 1.515878e+00 1.844893e+00 1.989557e+00 2.390541e+00 1.875269e+00 8.953836e-02 6.149942e-02 5.350006e-02 8.131320e-02 1.250157e-01 2.045010e-01 1.805337e-01 2.040823e-01 1.910061e-01 2.121177e-01 2.734974e-01 2.891994e-01 2.222016e-01 6.520773e-03
<GCONST> 8.375611e+01
<STATE> 4
<MEAN> 39
 -3.233464e+00 -5.734941e-02 -4.407026e-02 -1.366185e+01 -7.122081e+00 -1.157417e+01 -5.646053e+00 -9.635999e+00 -2.711132e+00 -5.308186e+00 -1.584107e-01 -7.597837e+00 1.823966e+01 1.668765e-01 -2.230935e-01 -2.386523e-01 5.386102e-01 3.371405e-01 8.596249e-02 9.876125e-02 -5.502561e-02 -1.924413e-01 -8.644493e-02 7.782337e-02 1.595425e-01 -1.201044e-01 -4.358812e-02 -3.794095e-02 -2.656124e-02 2.437956e-02 9.556279e-02 1.093748e-01 5.193066e-02 5.014599e-03 2.016227e-02 1.261703e-03 -5.762405e-03 4.455511e-02 -3.521545e-02
<VARIANCE> 39
 5.895771e+00 7.956261e+00 1.253965e+01 2.981904e+01 3.400521e+01 2.156770e+01 3.316170e+01 3.370607e+01 3.984705e+01 4.293801e+01 5.472880e+01 4.156061e+01 1.359768e+00 1.336935e-01 1.530582e-01 3.769276e-01 6.211698e-01 9.129977e-01 8.561528e-01 8.809690e-01 1.029115e+00 9.040564e-01 9.880655e-01 1.046008e+00 9.316405e-01 1.452531e-02 2.163105e-02 2.515918e-02 5.074968e-02 8.855174e-02 1.056781e-01 1.240935e-01 1.293055e-01 1.602066e-01 1.488053e-01 1.527147e-01 1.592919e-01 1.459136e-01 2.344277e-03
<GCONST> 6.575802e+01
<TRANSP> 5
 0.000000e+00 1.000000e+00 0.000000e+00 0.000000e+00 0.000000e+00
 0.000000e+00 8.205845e-01 1.794155e-01 0.000000e+00 0.000000e+00
 0.000000e+00 0.000000e+00 7.671070e-01 2.328930e-01 0.000000e+00
 0.000000e+00 0.000000e+00 0.000000e+00 9.014137e-01 9.858633e-02
 0.000000e+00 0.000000e+00 0.000000e+00 0.000000e+00 0.000000e+00
<ENDHMM>
~h "nine"
<BEGINHMM>
<NUMSTATES> 5
<STATE> 2
<MEAN> 39
 -4.469691e+00 -4.321372e+00 -2.080739e+00 -8.923486e+00 -3.035319e+00 -6.192724e+00 -1.516165e+00 -1.117493e+01 -5.008209e+00 -8.078750e+00 -2.947070e+00 -7.809718e+00 1.756814e+01 -1.373213e-01 -6.731849e-01 -2.215651e-01 4.958012e-01 -4.931496e-01 1.731611e-01 3.881654e-01 -1.973487e-01 -3.946186e-02 -1.524277e-01 -1.780374e-01 -1.448725e-01 2.491503e-01 -3.839939e-02 -1.262632e-01 -7.487465e-02 1.145618e-01 1.833131e-02 -6.610644e-03 3.853903e-02 3.137561e-02 9.761281e-03 6.348920e-03 7.993735e-02 3.485054e-02 -1.056235e-02
<VARIANCE> 39
 8.940331e+00 2.038106e+01 1.533124e+01 1.683574e+01 2.863098e+01 2.887041e+01 3.201507e+01 2.750887e+01 4.720789e+01 3.538978e+01 3.016316e+01 3.277688e+01 2.304454e+00 5.318727e-01 1.578726e+00 1.145026e+00 1.117533e+00 1.137607e+00 1.424513e+00 1.645609e+00 1.277720e+00 1.528915e+00 1.154368e+00 1.245960e+00 1.038497e+00 3.757569e-02 6.492959e-02 1.814195e-01 1.346272e-01 1.401181e-01 2.020035e-01 2.218718e-01 2.431405e-01 1.863331e-01 1.997643e-01 1.612365e-01 1.738788e-01 1.449602e-01 4.940300e-03
<GCONST> 8.289024e+01
<STATE> 3
<MEAN> 39
 -6.290582e+00 -1.167303e+01 -4.987222e+00 -2.493112e+00 -5.655571e+00 -5.431730e+00 1.785275e+00 -1.126513e+01 -5.678990e+00 -9.068561e+00 -1.604771e+00 -7.685177e+00 1.862176e+01 -1.082541e-01 6.584262e-02 2.330335e-01 -2.053964e-01 -4.689201e-02 2.054675e-01 -7.338271e-02 -1.009331e-01 1.717048e-01 6.970761e-02 -3.999731e-02 3.044287e-02 -1.979988e-02 -2.993101e-03 1.878718e-01 7.741783e-02 -2.486228e-01 3.303510e-02 8.098789e-02 -1.012106e-01 -1.937678e-03 8.307650e-02 -5.388140e-03 -7.942324e-02 2.507177e-02 -1.439792e-02
<VARIANCE> 39
 7.197975e+00 8.451502e+00 2.463046e+01 3.136933e+01 1.880463e+01 3.042560e+01 3.088253e+01 3.410218e+01 4.310463e+01 4.184175e+01 2.805869e+01 3.031918e+01 1.011873e+00 8.114963e-02 3.212754e-01 4.020912e-01 1.031985e+00 4.633770e-01 6.109949e-01 5.231997e-01 4.996162e-01 6.120754e-01 6.482517e-01 6.582788e-01 5.176418e-01 4.581056e-03 1.054577e-02 2.931944e-02 3.925568e-02 5.256555e-02 6.928794e-02 6.526965e-02 7.263334e-02 7.667752e-02 7.950223e-02 8.554889e-02 7.634070e-02 7.776376e-02 3.925004e-04
<GCONST> 5.266832e+01
<STATE> 4
<MEAN> 39
 -6.218824e+00 -3.173999e+00 -1.624576e+00 -1.203679e+01 -1.903309e+00 -4.490360e+00 -3.313926e+00 -1.019639e+01 -2.792590e+00 -8.219531e+00 -3.087966e+00 -6.512084e+00 1.789944e+01 3.931890e-01 8.493789e-01 1.535790e-01 -3.096505e-01 5.438672e-01 -4.755038e-01 -4.736854e-01 3.273954e-01 -1.991370e-01 5.492725e-02 9.751897e-02 5.330313e-02 -1.226730e-01 4.357865e-02 -1.235619e-01 -3.721414e-02 2.354766e-01 -1.478533e-02 -7.302420e-02 1.047309e-01 -3.502119e-02 -1.089099e-01 2.563451e-02 7.957131e-02 -2.932812e-02 -1.026997e-02
<VARIANCE> 39
 1.145267e+01 2.010613e+01 1.220144e+01 2.401888e+01 3.582235e+01 3.414906e+01 3.366090e+01 2.992051e+01 4.905707e+01 3.962004e+01 3.857106e+01 4.244814e+01 1.076269e+00 4.062112e-01 9.275587e-01 5.741522e-01 1.873532e+00 1.354177e+00 1.383212e+00 1.360828e+00 1.284877e+00 1.675349e+00 1.184678e+00 1.059384e+00 1.024038e+00 9.887487e-03 5.706079e-02 9.913389e-02 8.654600e-02 1.494501e-01 1.941794e-01 2.405331e-01 1.805344e-01 1.979208e-01 2.316250e-01 1.955601e-01 1.707186e-01 1.415342e-01 1.008890e-03
<GCONST> 7.866654e+01
<TRANSP> 5
 0.000000e+00 1.000000e+00 0.000000e+00 0.000000e+00 0.000000e+00
 0.000000e+00 8.954878e-01 1.045122e-01 0.000000e+00 0.000000e+00
 0.000000e+00 0.000000e+00 9.109161e-01 8.908391e-02 0.000000e+00
 0.000000e+00 0.000000e+00 0.000000e+00 8.981059e-01 1.018941e-01
 0.000000e+00 0.000000e+00 0.000000e+00 0.000000e+00 0.000000e+00
<ENDHMM>
~h "five"
<BEGINHMM>
<NUMSTATES> 5
<STATE> 2
<MEAN> 39
 -4.178454e+00 -1.134221e+01 -1.006717e+01 -8.262654e+00 4.871789e-01 -8.133264e+00 3.466766e-01 -4.673946e+00 -5.246916e+00 -7.947657e+00 -1.818483e+00 -4.905615e+00 1.797592e+01 3.621927e-01 -1.175298e+00 -7.172859e-01 7.824249e-01 5.141584e-01 -6.410114e-01 3.323129e-01 4.001514e-01 -7.480409e-01 -2.212602e-01 -3.005986e-01 -5.222840e-03 5.643712e-01 -1.909374e-01 2.491678e-02 1.749746e-01 9.173455e-02 -1.343161e-02 1.042863e-01 2.999805e-02 -2.037333e-01 2.557919e-02 1.384167e-01 1.593032e-01 4.971565e-02 -7.407804e-02
<VARIANCE> 39
 1.085635e+01 1.965947e+01 2.370869e+01 1.674664e+01 1.900287e+01 2.061152e+01 2.526799e+01 5.152860e+01 3.221520e+01 2.802907e+01 2.497592e+01 1.990530e+01 4.368357e+00 7.731302e-01 5.612319e-01 1.172249e+00 9.069746e-01 7.891742e-01 9.864305e-01 9.740869e-01 2.246378e+00 1.725321e+00 1.724603e+00 1.363488e+00 1.026881e+00 1.227620e-01 9.458722e-02 1.335558e-01 1.780256e-01 1.234616e-01 1.362245e-01 1.447413e-01 1.544399e-01 3.007791e-01 2.737622e-01 1.932795e-01 1.759867e-01 1.403596e-01 2.819857e-02
<GCONST> 8.435088e+01
<STATE> 3
<MEAN> 39
 -5.809441e+00 -1.545245e+01 -8.556203e+00 -3.643849e+00 1.425921e+00 -9.175223e+00 2.534823e+00 -7.496809e+00 -7.217832e+00 -5.455390e+00 -4.663827e-01 -4.503232e+00 1.904693e+01 -1.661229e-01 8.371266e-02 4.906831e-01 -2.574866e-01 -2.713482e-01 4.343427e-01 6.884576e-02 -3.989117e-01 2.710220e-02 3.039084e-01 6.112868e-02 -8.455811e-02 -4.852897e-02 4.021059e-02 1.144371e-01 1.144070e-02 -1.967196e-01 -5.495883e-02 9.328432e-02 -2.900608e-02 2.470005e-02 5.654256e-02 -4.899210e-02 -7.773931e-02 -1.875474e-02 -1.498838e-02
<VARIANCE> 39
 9.174248e+00 9.379646e+00 2.484585e+01 2.081420e+01 1.875032e+01 2.311803e+01 1.751836e+01 3.905663e+01 4.700864e+01 4.450266e+01 2.689146e+01 2.552015e+01 1.356917e+00 8.788571e-02 1.530772e-01 2.696561e-01 6.340219e-01 4.960045e-01 5.514496e-01 4.976494e-01 4.933082e-01 6.132677e-01 5.707057e-01 5.685389e-01 4.732492e-01 5.857548e-03 1.174302e-02 2.421171e-02 3.031087e-02 4.809537e-02 5.121007e-02 5.160571e-02 5.703520e-02 6.415859e-02 8.528870e-02 8.423932e-02 6.651280e-02 7.042415e-02 9.077820e-04
<GCONST> 4.963805e+01
<STATE> 4
<MEAN> 39
 -5.752665e+00 -9.409851e+00 -3.941422e+00 -1.391095e+01 -3.280871e+00 -2.813460e+00 1.869992e+00 -8.422688e+00 -4.205100e+00 -5.238798e+00 -2.266030e+00 -5.520306e+00 1.830218e+01 2.169891e-01 1.206803e+00 3.703360e-01 -6.418923e-01 -3.922979e-01 -1.026910e-01 -3.102126e-01 2.567070e-01 5.542893e-01 -2.123543e-01 -7.210639e-02 -8.902713e-02 -2.459582e-01 -1.746045e-02 -2.160733e-02 -5.270620e-02 3.437259e-01 1.402749e-01 -1.802951e-01 -6.277075e-02 -1.004631e-02 -4.289558e-02 1.677448e-02 1.215782e-01 3.983629e-02 -4.834609e-02
<VARIANCE> 39
 7.867554e+00 2.309189e+01 1.221044e+01 3.191520e+01 4.211989e+01 1.957427e+01 2.462946e+01 3.666142e+01 5.312151e+01 2.795914e+01 2.708167e+01 3.009082e+01 1.837378e+00 2.146186e-01 4.986814e-01 5.737261e-01 2.637238e+00 1.470841e+00 1.620981e+00 9.744156e-01 1.331179e+00 1.638512e+00 1.337531e+00 1.268733e+00 9.162425e-01 4.135988e-02 4.304621e-02 9.685279e-02 7.583649e-02 2.402955e-01 2.361723e-01 2.300388e-01 1.663359e-01 2.294339e-01 2.225682e-01 1.790842e-01 2.066359e-01 1.646877e-01 4.442918e-03
<GCONST> 8.035506e+01
<TRANSP> 5
 0.000000e+00 1.000000e+00 0.000000e+00 0.000000e+00 0.000000e+00
 0.000000e+00 8.481237e-01 1.518763e-01 0.000000e+00 0.000000e+00
 0.000000e+00 0.000000e+00 9.124672e-01 8.753275e-02 0.000000e+00
 0.000000e+00 0.000000e+00 0.000000e+00 8.642285e-01 1.357715e-01
 0.000000e+00 0.000000e+00 0.000000e+00 0.000000e+00 0.000000e+00
<ENDHMM>
~h "four"
<BEGINHMM>
<NUMSTATES> 5
<STATE> 2
<MEAN> 39
 -6.749769e+00 -6.547850e+00 -5.530859e+00 -9.758086e+00 -1.578237e+00 -5.556413e+00 -1.216534e+00 -8.398702e+00 -2.002895e+00 -5.575118e+00 9.725054e-01 -4.272995e+00 1.536045e+01 1.570346e+00 5.368903e-01 -9.036400e-01 -8.586876e-01 -3.064317e-01 -5.349330e-01 -6.946273e-01 -1.923701e-01 1.940151e-01 2.014310e-01 -3.440968e-01 -4.873766e-01 6.439803e-01 3.500992e-01 1.254732e-01 -3.368848e-01 -3.172016e-01 -5.844649e-02 -6.963103e-03 -8.040296e-02 -1.771956e-02 2.271376e-03 5.405352e-02 -7.899283e-02 -1.320821e-01 1.430858e-01
<VARIANCE> 39
 7.604152e+00 5.412001e+00 5.412569e+00 7.831488e+00 1.003401e+01 1.245375e+01 1.450931e+01 1.363769e+01 1.606194e+01 1.350111e+01 1.609323e+01 1.222058e+01 1.727489e+00 5.131494e-01 4.338267e-01 6.018739e-01 7.388089e-01 7.133740e-01 9.068386e-01 7.508197e-01 8.222882e-01 1.016893e+00 1.087238e+00 1.524233e+00 1.227688e+00 5.780547e-02 6.781540e-02 5.343662e-02 6.064690e-02 8.256008e-02 1.013012e-01 1.525926e-01 1.212005e-01 1.516127e-01 1.398923e-01 1.608754e-01 1.994332e-01 1.872120e-01 7.160732e-03
<GCONST> 6.400581e+01
<STATE> 3
<MEAN> 39
 1.596495e+00 -3.480303e+00 -1.216683e+01 -1.704967e+01 -4.000854e+00 -6.177239e+00 -3.167111e+00 -8.953094e+00 -1.398898e+00 -3.856030e+00 4.296272e-01 -6.775865e+00 1.891433e+01 3.037058e-01 -1.867634e-01 -3.246758e-01 -3.693337e-02 7.411726e-02 -1.812222e-02 -2.192060e-01 1.749629e-01 3.532513e-01 9.303270e-02 -2.296712e-01 -2.201601e-01 1.428356e-01 -1.735043e-01 -1.542069e-01 1.499206e-01 2.361343e-01 3.835338e-02 -3.653578e-02 3.799342e-02 1.109206e-01 4.731005e-02 -8.558905e-02 -5.581119e-02 5.674235e-02 -6.754542e-02
<VARIANCE> 39
 4.139231e+00 1.026542e+01 9.599023e+00 1.373074e+01 2.439447e+01 1.715047e+01 1.857322e+01 1.714563e+01 2.362449e+01 2.482040e+01 3.809581e+01 3.757046e+01 1.087339e+00 5.220954e-01 7.270592e-01 6.851510e-01 1.213656e+00 9.697798e-01 7.717491e-01 9.086389e-01 9.567151e-01 1.309231e+00 1.175207e+00 1.338178e+00 1.241889e+00 9.286144e-02 4.949407e-02 4.573332e-02 9.588259e-02 8.014580e-02 1.357985e-01 1.434428e-01 1.560623e-01 1.411977e-01 1.814868e-01 1.920432e-01 1.991495e-01 1.869988e-01 7.208169e-03
<GCONST> 7.251849e+01
<STATE> 4
<MEAN> 39
 -2.658322e-01 -1.130993e+01 -7.978099e+00 -8.561443e+00 -5.377186e+00 -8.944898e+00 -2.201994e+00 -4.232258e+00 6.463577e-01 -7.567058e+00 -3.909635e+00 -7.362079e+00 1.854909e+01 -5.527802e-01 -3.237548e-02 1.188502e+00 5.177087e-01 -5.918933e-01 2.945126e-02 6.831185e-01 -1.587765e-01 -6.804553e-01 -3.919774e-01 1.340436e-01 2.575771e-01 -2.039290e-01 -8.726057e-02 3.019847e-01 6.365384e-04 -2.178498e-01 1.358073e-01 2.153810e-01 1.403740e-02 -2.457621e-01 -1.509947e-01 1.212546e-01 1.773796e-01 3.067721e-02 -5.096851e-02
<VARIANCE> 39
 6.989380e+00 1.431424e+01 2.849779e+01 1.842239e+01 4.717992e+01 3.737848e+01 3.524749e+01 3.892022e+01 4.504460e+01 3.449829e+01 3.468238e+01 3.194143e+01 1.578263e+00 2.193673e-01 1.523565e+00 6.632338e-01 1.663589e+00 2.090910e+00 2.163210e+00 1.565950e+00 2.596807e+00 1.820175e+00 1.725817e+00 1.796190e+00 1.076613e+00 4.096264e-02 2.920050e-02 9.483468e-02 1.879048e-01 1.662871e-01 4.425452e-01 3.014558e-01 3.549858e-01 3.383830e-01 3.790807e-01 2.796680e-01 3.072231e-01 2.166492e-01 3.209582e-03
<GCONST> 8.839954e+01
<TRANSP> 5
 0.000000e+00 1.000000e+00 0.000000e+00 0.000000e+00 0.000000e+00
 0.000000e+00 7.026917e-01 2.973083e-01 0.000000e+00 0.000000e+00
 0.000000e+00 0.000000e+00 9.182529e-01 8.174713e-02 0.000000e+00
 0.000000e+00 0.000000e+00 0.000000e+00 8.713957e-01 1.286043e-01
 0.000000e+00 0.000000e+00 0.000000e+00 0.000000e+00 0.000000e+00
<ENDHMM>
~h "zero"
<BEGINHMM>
<NUMSTATES> 5
<STATE> 2
<MEAN> 39
 -6.854049e+00 -1.898149e+00 -4.587923e+00 -7.679099e+00 -2.512393e+00 -4.669605e+00 -2.830471e+00 -8.906948e+00 -3.636125e+00 -4.170930e+00 1.339304e-01 -4.374815e+00 1.565195e+01 2.806285e-01 1.045190e+00 9.707410e-01 -1.154805e+00 -8.270999e-01 -1.404093e+00 -6.262819e-01 -6.008807e-01 3.209469e-01 3.345942e-01 -1.323326e-01 -2.387857e-01 4.903955e-01 3.800199e-02 9.700993e-02 1.844730e-01 -3.603011e-01 -1.736309e-01 -2.334299e-01 3.167874e-03 -2.385483e-02 1.693453e-01 1.469551e-03 3.101695e-02 -8.993969e-02 9.284818e-02
<VARIANCE> 39
 6.897619e+00 1.045336e+01 1.552984e+01 1.461490e+01 2.098288e+01 2.209767e+01 1.923626e+01 1.977253e+01 2.957281e+01 2.444289e+01 2.237083e+01 1.991008e+01 1.479778e+00 3.156272e-01 4.248918e-01 7.567825e-01 9.352303e-01 8.452442e-01 1.288304e+00 9.700916e-01 1.180327e+00 1.340991e+00 9.783481e-01 1.203779e+00 1.527892e+00 4.251336e-02 4.659217e-02 1.027133e-01 1.271800e-01 1.079887e-01 1.311983e-01 2.169894e-01 1.590096e-01 1.926872e-01 1.620812e-01 1.501568e-01 1.803366e-01 1.680630e-01 6.423396e-03
<GCONST> 7.318895e+01
<STATE> 3
<MEAN> 39
 -5.561446e+00 3.169139e-01 9.437389e-01 -1.693456e+01 -7.856251e+00 -9.191521e+00 -4.572960e+00 -8.444770e+00 1.729069e-01 -3.747821e+00 1.709598e-01 -6.830082e+00 1.840698e+01 3.373626e-01 -7.419978e-01 4.423085e-01 -1.719046e-01 -1.080067e+00 2.623394e-01 2.048880e-01 1.948056e-01 3.211034e-01 -7.719065e-02 4.336880e-02 -1.248740e-01 1.664963e-01 5.147719e-02 -2.691470e-01 -1.736266e-01 3.716294e-01 1.644531e-02 1.357796e-01 1.949504e-01 5.558674e-02 -8.657149e-02 -4.435341e-02 -1.244644e-02 7.146613e-02 -6.442922e-02
<VARIANCE> 39
 7.430133e+00 2.060449e+01 1.739138e+01 2.628897e+01 5.927322e+01 4.049296e+01 3.221751e+01 4.420922e+01 3.111672e+01 3.033383e+01 3.453338e+01 5.111639e+01 1.093700e+00 4.425138e-01 1.627714e+00 8.040585e-01 2.616016e+00 1.742113e+00 2.530161e+00 1.684833e+00 1.421208e+00 1.341290e+00 1.178525e+00 1.107595e+00 1.320875e+00 6.307372e-02 5.152245e-02 1.128699e-01 1.260570e-01 1.802866e-01 2.453565e-01 4.090536e-01 2.257575e-01 2.479060e-01 2.121028e-01 1.746686e-01 1.724572e-01 2.174462e-01 4.556241e-03
<GCONST> 8.705701e+01
<STATE> 4
<MEAN> 39
 -1.604734e+00 -1.051314e+01 -4.388918e+00 -9.816895e+00 -9.687275e+00 -8.037274e+00 5.590557e-01 -4.106394e+00 -1.749535e-01 -6.699298e+00 -1.003783e+00 -5.666564e+00 1.854234e+01 8.299143e-02 1.082165e-02 -5.495658e-01 1.637009e-01 6.661038e-01 -1.770544e-01 -1.617659e-02 2.073044e-01 -6.443758e-02 -1.487487e-01 -9.264962e-02 -7.440011e-03 -5.364849e-02 -5.978652e-02 1.431678e-01 6.299712e-02 -8.617182e-02 8.705659e-02 4.103279e-02 -9.757140e-02 -8.202700e-02 -2.057134e-02 3.422634e-02 2.040057e-02 -8.780006e-03 -1.775627e-02
<VARIANCE> 39
 6.464832e+00 1.774325e+01 2.653213e+01 2.680281e+01 6.271486e+01 5.437583e+01 3.558142e+01 3.644340e+01 4.418884e+01 3.497197e+01 2.490714e+01 3.291773e+01 1.494750e+00 2.247554e-01 8.381559e-01 6.306166e-01 1.038330e+00 1.227776e+00 1.669785e+00 1.529570e+00 1.766640e+00 1.573391e+00 1.377164e+00 1.023340e+00 9.265274e-01 1.576814e-02 2.391022e-02 3.502213e-02 7.642745e-02 1.110446e-01 1.911761e-01 2.326911e-01 1.870199e-01 1.959399e-01 2.165291e-01 1.823177e-01 1.466857e-01 1.334450e-01 1.766744e-03
<GCONST> 7.715445e+01
<TRANSP> 5
 0.000000e+00 1.000000e+00 0.000000e+00 0.000000e+00 0.000000e+00
 0.000000e+00 7.339701e-01 2.660300e-01 0.000000e+00 0.000000e+00
 0.000000e+00 0.000000e+00 8.922368e-01 1.077632e-01 0.000000e+00
 0.000000e+00 0.000000e+00 0.000000e+00 9.397920e-01 6.020792e-02
 0.000000e+00 0.000000e+00 0.000000e+00 0.000000e+00 0.000000e+00
<ENDHMM>
