~o
<STREAMINFO> 1 39
<VECSIZE> 39<NULLD><MFCC_E_D_A><DIAGC>
~s "silst"
<MEAN> 39
 -5.089781e+00 -3.747146e+00 -3.213901e+00 -8.842402e+00 -1.245135e+00 -5.747094e+00 -1.824012e+00 -9.463206e+00 -3.498647e+00 -6.420476e+00 -3.617023e-01 -5.631917e+00 1.585380e+01 -6.631112e-01 -4.430350e-01 -4.523180e-01 1.670514e-01 3.060158e-01 7.052354e-01 3.752852e-01 1.103709e-01 1.450622e-01 1.511574e-01 3.338582e-01 3.711320e-01 -3.627716e-01 -2.655220e-02 -6.913871e-02 -1.090438e-01 -1.273486e-01 -9.644476e-02 -7.309115e-02 2.152148e-04 7.246521e-02 3.781500e-02 9.310444e-03 -1.500827e-02 3.989948e-03 2.680232e-02
<VARIANCE> 39
 1.122475e+01 1.073065e+01 1.342627e+01 1.340310e+01 2.076637e+01 2.465882e+01 2.381863e+01 2.472744e+01 2.788440e+01 2.727197e+01 2.578714e+01 2.355751e+01 2.022413e+00 3.750065e-01 7.431494e-01 8.192775e-01 8.114250e-01 1.144815e+00 1.289729e+00 1.255407e+00 1.300390e+00 1.408970e+00 1.271858e+00 1.245655e+00 1.114299e+00 5.123290e-02 6.989671e-02 1.004783e-01 1.068422e-01 1.139780e-01 1.562418e-01 2.204851e-01 1.943242e-01 1.871263e-01 2.096432e-01 1.843331e-01 1.821077e-01 1.530536e-01 9.222784e-03
<GCONST> 7.759048e+01
~h "eight"
<BEGINHMM>
<NUMSTATES> 5
<STATE> 2
<MEAN> 39
 -8.238398e+00 -2.995373e+00 -5.884912e+00 -1.822479e+01 2.104471e-01 -4.905750e+00 8.326289e-01 -6.813724e+00 -1.626270e+00 -7.443658e+00 -1.712714e+00 -5.720638e+00 1.740504e+01 -1.693811e-01 1.034746e+00 -9.544631e-02 -1.074124e+00 -5.123354e-02 -5.834045e-01 9.206957e-02 4.703713e-01 3.854478e-01 -1.061173e-02 -1.832465e-01 -2.425396e-01 3.343975e-01 2.894711e-02 8.984199e-02 5.127275e-03 1.398771e-01 -6.265003e-02 -1.923336e-01 -8.333305e-02 -1.750308e-02 2.612399e-02 9.248610e-02 1.132319e-01 -7.776849e-04 -1.708785e-02
<VARIANCE> 39
 7.937620e+00 2.033850e+01 1.877927e+01 3.167959e+01 4.182981e+01 2.220237e+01 2.468277e+01 2.263365e+01 3.069205e+01 2.348888e+01 2.465487e+01 2.550030e+01 3.281647e+00 3.466508e-01 7.507225e-01 6.580982e-01 1.286631e+00 1.208496e+00 1.363050e+00 1.443418e+00 9.984006e-01 1.350514e+00 1.119305e+00 1.070413e+00 9.609176e-01 1.025680e-01 4.199977e-02 8.033040e-02 7.528482e-02 1.955388e-01 1.375273e-01 1.691735e-01 1.485198e-01 1.685777e-01 2.268908e-01 1.638352e-01 1.704122e-01 1.470929e-01 1.304583e-02
<GCONST> 7.936176e+01
<STATE> 3
<MEAN> 39
 -8.394517e+00 5.771022e+00 -5.519205e+00 -1.924358e+01 -2.893342e+00 -1.374150e+01 -1.638166e+00 -5.947192e+00 7.448658e-01 -4.029888e+00 7.561128e-01 -5.694105e+00 1.854691e+01 1.001574e-01 5.036840e-01 2.027307e-01 8.252578e-01 -1.156144e-02 -9.374880e-01 -6.096469e-01 -8.099550e-01 -3.582712e-01 3.271599e-01 4.647278e-01 2.249544e-01 -7.164695e-02 4.940698e-02 -2.805504e-01 2.302763e-02 1.896485e-01 8.654118e-02 2.711548e-01 2.054703e-02 -1.588418e-01 -1.940194e-01 -1.392778e-01 -7.096376e-02 3.691942e-02 -6.157999e-02
<VARIANCE> 39
 1.001519e+01 1.133402e+01 2.487411e+01 2.641982e+01 2.101210e+01 2.371936e+01 5.644144e+01 2.710121e+01 2.950011e+01 2.181924e+01 3.273380e+01 2.502927e+01 1.477145e+00 1.827090e-01 5.046963e-01 2.620957e-01 6.265756e-01 8.219674e-01 1.014557e+00 7.516162e-01 8.257210e-01 1.768046e+00 1.022402e+00 1.190478e+00 8.480954e-01 2.538792e-02 2.770377e-02 7.067288e-02 4.949415e-02 9.903214e-02 8.105673e-02 1.527984e-01 1.404331e-01 1.337733e-01 1.675084e-01 1.386359e-01 1.858832e-01 1.361158e-01 3.380137e-03
<GCONST> 6.903698e+01
<STATE> 4
<MEAN> 39
 -6.984231e+00 1.126883e+00 -4.081565e+00 -1.221589e+01 -1.205264e+00 -1.173249e+01 -4.083604e+00 -1.160479e+01 -4.449600e+00 -5.780752e+00 8.147659e-01 -4.551486e+00 1.652453e+01 2.185201e-01 -1.854419e+00 6.358488e-04 8.878774e-01 2.211805e-01 1.602289e+00 3.189108e-01 -3.140694e-02 -3.292726e-01 -3.993168e-01 -1.453169e-01 9.687103e-02 -4.691825e-01 -7.001638e-02 -1.013000e-01 -9.850954e-02 -1.303059e-01 -4.589086e-02 1.611906e-01 1.929357e-01 2.728997e-01 2.062050e-01 6.424161e-02 2.206018e-02 -3.139614e-02 -6.708912e-03
<VARIANCE> 39
 6.055127e+00 3.354071e+01 1.485052e+01 1.934380e+01 1.615650e+01 3.814560e+01 3.284043e+01 2.463235e+01 3.947910e+01 2.741676e+01 2.595660e+01 2.419290e+01 2.806527e+00 3.507467e-01 7.455519e-01 6.176386e-01 1.035570e+00 6.513172e-01 1.246650e+00 1.757686e+00 1.481038e+00 2.021231e+00 1.219082e+00 1.376225e+00 1.140645e+00 3.566683e-02 4.192824e-02 2.584905e-01 6.970295e-02 1.185371e-01 9.772211e-02 3.261623e-01 1.808284e-01 1.961324e-01 2.998202e-01 1.796806e-01 1.979055e-01 1.935107e-01 1.053504e-02
<GCONST> 8.036903e+01
<TRANSP> 5
 0.000000e+00 1.000000e+00 0.000000e+00 0.000000e+00 0.000000e+00
 0.000000e+00 8.672290e-01 1.327709e-01 0.000000e+00 0.000000e+00
 0.000000e+00 0.000000e+00 8.556181e-01 1.443820e-01 0.000000e+00
 0.000000e+00 0.000000e+00 0.000000e+00 8.207202e-01 1.792798e-01
 0.000000e+00 0.000000e+00 0.000000e+00 0.000000e+00 0.000000e+00
<ENDHMM>
~h "oh"
<BEGINHMM>
<NUMSTATES> 5
<STATE> 2
<MEAN> 39
 -4.363541e+00 -1.037447e+01 -8.314714e+00 -8.584497e+00 -2.637470e+00 -7.654795e+00 3.579479e+00 -7.386518e+00 -5.240801e+00 -7.111432e+00 -2.440825e+00 -5.427341e+00 1.781933e+01 5.457608e-01 -2.059456e-01 -6.071265e-01 1.666311e-01 9.205168e-02 -6.957709e-01 1.443297e-01 7.355434e-01 -1.587176e-02 -4.302195e-01 -4.104216e-01 -1.513669e-01 3.515939e-01 1.003566e-02 1.037582e-01 2.141575e-03 -5.236316e-02 3.834798e-02 -1.062325e-02 -1.519035e-01 8.248153e-03 1.329315e-01 2.594522e-02 -9.895229e-03 -2.757953e-02 -2.152930e-02
<VARIANCE> 39
 8.671548e+00 1.233272e+01 1.668081e+01 1.820221e+01 2.296734e+01 2.454318e+01 3.069668e+01 6.477858e+01 3.832461e+01 3.401637e+01 2.703966e+01 3.144997e+01 3.002320e+00 2.969212e-01 5.784676e-01 6.303552e-01 6.402265e-01 6.850564e-01 9.311015e-01 1.330165e+00 1.789272e+00 1.556954e+00 1.262028e+00 1.250544e+00 1.052382e+00 9.577982e-02 3.983646e-02 6.285450e-02 7.489403e-02 7.979403e-02 9.168055e-02 1.300260e-01 1.558222e-01 2.153701e-01 1.872080e-01 1.964712e-01 1.841888e-01 1.402954e-01 1.333256e-02
<GCONST> 7.715585e+01
<STATE> 3
<MEAN> 39
 -5.711976e-01 -8.246045e+00 -1.317633e+01 -9.927218e+00 -7.014516e-01 -1.204490e+01 -8.002568e-01 -7.822589e-01 1.270016e-01 -8.233392e+00 -5.127790e+00 -6.598774e+00 1.903706e+01 2.232433e-01 4.045486e-01 -2.847150e-02 -3.470250e-01 -3.599318e-02 -4.426540e-03 -6.741038e-01 -2.442448e-01 6.658330e-01 6.029616e-01 -3.293176e-02 -3.512312e-01 -9.597795e-03 -4.125059e-02 2.442271e-02 1.011225e-01 -2.062324e-02 -5.719128e-02 9.292213e-02 1.143275e-02 -1.582214e-01 -8.103909e-02 9.181328e-02 1.210544e-01 1.120912e-02 -2.522335e-02
<VARIANCE> 39
 6.095645e+00 8.381712e+00 1.533296e+01 1.468936e+01 1.920751e+01 2.241327e+01 4.166641e+01 3.074474e+01 3.924851e+01 3.570827e+01 3.180170e+01 4.015519e+01 1.216434e+00 8.017200e-02 1.367629e-01 2.627960e-01 2.767721e-01 3.852780e-01 5.149530e-01 7.295690e-01 1.010525e+00 7.302112e-01 8.550432e-01 7.855383e-01 6.994770e-01 1.317005e-02 1.110966e-02 1.421656e-02 3.351473e-02 3.312395e-02 4.700349e-02 6.866299e-02 7.738820e-02 9.579606e-02 1.050008e-01 1.013365e-01 9.152844e-02 8.860704e-02 1.198672e-03
<GCONST> 5.210447e+01
<STATE> 4
<MEAN> 39
 1.785086e-01 -3.748780e+00 -9.931786e+00 -1.348468e+01 -3.320297e+00 -1.008022e+01 -4.949548e+00 -7.354360e+00 1.046054e+00 -2.363717e+00 -1.871430e-01 -7.007729e+00 1.844902e+01 -3.485290e-01 2.884809e-01 8.521764e-01 1.502850e-01 -2.190034e-01 3.724204e-01 2.094962e-01 -5.765104e-01 -5.864226e-01 -1.031993e-01 5.095361e-01 4.127606e-01 -2.308631e-01 -1.311048e-01 -1.055786e-01 5.187166e-02 1.419274e-01 1.060697e-01 8.455867e-02 1.855552e-01 8.509061e-02 -1.053390e-01 -1.823588e-01 -7.789078e-02 8.007846e-02 -4.429824e-02
<VARIANCE> 39
 6.297433e+00 7.046323e+00 1.859800e+01 1.557340e+01 1.891899e+01 2.848300e+01 3.125883e+01 2.745354e+01 3.058401e+01 3.710363e+01 3.966099e+01 3.647302e+01 1.764331e+00 2.387726e-01 3.546650e-01 4.247018e-01 5.884681e-01 6.860342e-01 8.701869e-01 1.175469e+00 1.224813e+00 1.194124e+00 1.308034e+00 1.201093e+00 1.026523e+00 3.051196e-02 2.295594e-02 3.295981e-02 6.556732e-02 6.525993e-02 9.789620e-02 1.570007e-01 1.653374e-01 1.871270e-01 2.026734e-01 1.904573e-01 1.711853e-01 1.630345e-01 2.734490e-03
<GCONST> 6.919363e+01
<TRANSP> 5
 0.000000e+00 1.000000e+00 0.000000e+00 0.000000e+00 0.000000e+00
 0.000000e+00 8.831301e-01 1.168698e-01 0.000000e+00 0.000000e+00
 0.000000e+00 0.000000e+00 8.921263e-01 1.078737e-01 0.000000e+00
 0.000000e+00 0.000000e+00 0.000000e+00 8.563671e-01 1.436329e-01
 0.000000e+00 0.000000e+00 0.000000e+00 0.000000e+00 0.000000e+00
<ENDHMM>
~h "sp"
<BEGINHMM>
<NUMSTATES> 5
<STATE> 2
~s "silst"
<STATE> 3
<MEAN> 39
 -7.708965e+00 -6.471221e+00 -6.100612e+00 -9.708496e+00 -1.335952e+00 -4.072567e+00 -6.386612e-01 -8.568493e+00 -2.838208e+00 -5.608604e+00 9.598333e-01 -4.088232e+00 1.480015e+01 -9.946813e-02 -1.734073e-02 -1.129795e-01 -5.134615e-03 -2.989287e-02 2.978614e-02 -6.910101e-03 3.479903e-02 2.702394e-03 2.041161e-02 3.500192e-02 4.009676e-02 -1.343117e-02 6.155493e-02 8.235233e-02 6.159049e-02 -1.154613e-02 -9.654023e-03 -5.698558e-02 -4.099514e-02 -1.852425e-02 -9.134012e-03 -1.630530e-02 -3.387231e-02 -3.262239e-02 4.433114e-02
<VARIANCE> 39
 5.204895e+00 5.815963e+00 8.386427e+00 1.000982e+01 1.421701e+01 1.534179e+01 1.548118e+01 1.657635e+01 1.760880e+01 1.636892e+01 1.594184e+01 1.372849e+01 1.090618e+00 1.561246e-01 2.339993e-01 3.573923e-01 4.285381e-01 5.673655e-01 6.772822e-01 6.517767e-01 7.191389e-01 7.407345e-01 6.606870e-01 6.511465e-01 5.696263e-01 7.388810e-03 3.308416e-02 5.306193e-02 7.094227e-02 9.041215e-02 1.139471e-01 1.431352e-01 1.321095e-01 1.439257e-01 1.466575e-01 1.252166e-01 1.242478e-01 1.145597e-01 4.109128e-03
<GCONST> 5.485812e+01
<STATE> 4
<MEAN> 39
 -8.551566e+00 -4.942443e+00 -6.270612e+00 -8.988708e+00 -2.032140e+00 -3.797324e+00 -1.065693e+00 -8.407615e+00 -2.902760e+00 -5.486135e+00 6.335945e-01 -4.043389e+00 1.505639e+01 2.882761e-01 1.767557e-01 1.045073e-01 -1.398097e-01 -1.985589e-01 -3.153173e-01 -7.661605e-02 7.269485e-02 -3.359114e-02 -5.220680e-02 -2.048192e-01 -8.520253e-02 2.231719e-01 2.168658e-01 4.066720e-03 6.081657e-02 -1.486246e-01 -1.341044e-01 -2.134623e-01 -4.051758e-03 1.871866e-02 7.209809e-03 -1.214356e-03 -1.021379e-01 -8.434912e-02 1.113947e-01
<VARIANCE> 39
 1.192072e+01 1.152470e+01 1.731368e+01 1.578107e+01 1.923675e+01 1.874611e+01 1.799878e+01 2.024982e+01 2.119726e+01 1.990343e+01 1.869574e+01 1.700056e+01 1.496345e+00 5.909924e-01 5.337474e-01 7.477888e-01 7.938830e-01 9.757827e-01 1.012411e+00 8.565892e-01 1.189469e+00 1.046520e+00 9.317431e-01 9.468414e-01 7.708744e-01 5.406478e-02 7.090997e-02 1.103623e-01 1.691495e-01 1.493228e-01 2.010313e-01 1.931203e-01 1.692236e-01 2.264698e-01 2.048632e-01 1.800330e-01 1.802622e-01 1.557606e-01 9.431192e-03
<GCONST> 7.470361e+01
<TRANSP> 5
 0.000000e+00 8.230759e-01 1.769241e-01 0.000000e+00 0.000000e+00
 0.000000e+00 7.937742e-01 2.062258e-01 0.000000e+00 0.000000e+00
 0.000000e+00 0.000000e+00 8.502200e-01 1.497800e-01 0.000000e+00
 0.000000e+00 0.000000e+00 0.000000e+00 5.823987e-01 4.176013e-01
 0.000000e+00 0.000000e+00 0.000000e+00 0.000000e+00 0.000000e+00
<ENDHMM>
~h "seven"
<BEGINHMM>
<NUMSTATES> 5
<STATE> 2
<MEAN> 39
 -7.050040e+00 -4.222984e+00 -5.514820e+00 -1.040086e+01 -4.481859e+00 -5.749709e+00 -1.408395e-01 -8.168482e+00 -2.366296e+00 -4.001567e+00 -8.067411e-01 -4.276966e+00 1.586987e+01 8.538349e-01 5.246679e-02 6.662332e-01 -1.446419e+00 -1.173098e+00 -8.259581e-01 1.034378e+00 -4.339551e-02 3.272598e-01 -1.834788e-02 -8.372139e-01 -7.469946e-01 7.144079e-01 -3.960893e-02 -1.343424e-01 -1.194609e-01 -1.856897e-01 -9.276770e-02 1.618790e-01 2.109407e-01 6.304289e-02 -3.846433e-02 -1.724053e-01 -1.338630e-01 -1.129072e-01 9.939207e-02
<VARIANCE> 39
 1.092340e+01 6.310675e+00 1.265230e+01 1.491669e+01 2.536241e+01 2.750405e+01 2.015937e+01 1.995941e+01 1.801875e+01 3.070710e+01 1.933189e+01 1.828547e+01 2.983558e+00 4.714414e-01 4.812540e-01 6.679081e-01 9.591865e-01 1.315635e+00 1.652466e+00 1.411968e+00 1.281323e+00 1.322983e+00 2.342228e+00 1.121079e+00 1.305685e+00 6.419144e-02 9.036379e-02 5.447737e-02 1.067753e-01 1.429280e-01 2.460382e-01 2.289103e-01 1.598504e-01 1.473493e-01 1.576367e-01 2.030722e-01 1.399769e-01 1.872712e-01 1.700492e-02
<GCONST> 7.790067e+01
<STATE> 3
<MEAN> 39
 -5.851752e+00 -7.694528e+00 -5.497925e+00 -1.625737e+01 -5.905807e+00 -3.996451e+00 5.138504e+00 -8.728430e+00 -2.729928e+00 -7.361933e+00 -4.198491e+00 -6.571222e+00 1.907775e+01 1.094801e-01 -2.989768e-01 5.587941e-02 2.333969e-01 1.060219e-01 -3.083249e-03 1.274912e-01 2.548410e-01 -3.632044e-01 -3.335871e-02 4.705629e-02 -2.517986e-03 4.587337e-02 -2.798290e-03 1.187784e-01 6.036669e-02 3.178404e-01 1.283761e-01 -1.096799e-01 -2.911421e-01 5.060200e-02 -6.928293e-03 5.575318e-02 2.056404e-01 5.969157e-02 -1.366030e-01
<VARIANCE> 39
 9.402276e+00 1.120117e+01 8.631530e+00 1.788961e+01 4.846364e+01 3.606028e+01 3.180977e+01 3.923671e+01 4.991565e+01 5.683681e+01 3.407188e+01 3.314082e+01 1.178408e+00 3.803373e-01 5.677235e-01 4.359925e-01 1.171568e+00 1.388810e+00 1.562407e+00 1.541855e+00 1.032735e+00 1.249200e+00 1.720409e+00 1.712517e+00 1.150066e+00 1.550366e-01 7.723842e-02 8.131880e-02 7.793432e-02 1.132932e-01 2.664736e-01 2.434640e-01 1.752468e-01 1.639805e-01 2.105616e-01 2.351877e-01 2.389885e-01 1.928597e-01 5.589805e-03
<GCONST> 8.237309e+01
<STATE> 4
<MEAN> 39
 -3.257323e+00 -4.144278e+00 -2.033388e+00 -9.791914e+00 -3.974262e+00 -7.910775e+00 -4.650714e-01 -7.893367e+00 -3.874346e+00 -6.631701e+00 -1.630540e+00 -6.948492e+00 1.713459e+01 1.044810e-01 3.683899e-01 2.312333e-01 2.354948e-01 3.776037e-01 -3.257142e-02 -4.271223e-01 -3.493392e-01 3.272396e-02 -6.856328e-02 8.096238e-02 -1.491921e-02 -8.851413e-02 -4.016086e-02 -5.806201e-02 -5.467688e-02 -7.406110e-02 2.120869e-03 1.094557e-01 9.042393e-02 -4.333073e-02 -1.259220e-03 -8.923975e-04 -4.305621e-02 3.150160e-02 1.962993e-02
<VARIANCE> 39
 4.905713e+00 1.047516e+01 9.987395e+00 1.377008e+01 2.814896e+01 3.250046e+01 2.625124e+01 4.100600e+01 3.224023e+01 3.550374e+01 3.233376e+01 2.881241e+01 1.691344e+00 1.924056e-01 4.163015e-01 4.791402e-01 9.094315e-01 1.392022e+00 1.175461e+00 1.650801e+00 1.273685e+00 1.392204e+00 1.391647e+00 1.266308e+00 9.345264e-01 8.975874e-02 3.495688e-02 7.900824e-02 8.624731e-02 1.531377e-01 2.487016e-01 2.058966e-01 2.860168e-01 2.270832e-01 2.303742e-01 2.392305e-01 2.144076e-01 1.483332e-01 1.492443e-02
<GCONST> 7.856934e+01
<TRANSP> 5
 0.000000e+00 1.000000e+00 0.000000e+00 0.000000e+00 0.000000e+00
 0.000000e+00 7.358496e-01 2.641504e-01 0.000000e+00 0.000000e+00
 0.000000e+00 0.000000e+00 8.871595e-01 1.128406e-01 0.000000e+00
 0.000000e+00 0.000000e+00 0.000000e+00 9.307491e-01 6.925093e-02
 0.000000e+00 0.000000e+00 0.000000e+00 0.000000e+00 0.000000e+00
<ENDHMM>
~h "three"
<BEGINHMM>
<NUMSTATES> 5
<STATE> 2
<MEAN> 39
 -3.082407e+00 -6.938875e+00 -3.610136e-01 -8.984856e+00 -1.034425e+01 -1.089099e+01 -1.256481e+00 -8.762952e+00 -1.821037e+00 -5.110147e+00 -2.477720e-01 -5.330091e+00 1.738377e+01 4.867302e-01 -1.466438e-01 9.491425e-01 -2.573792e-01 -1.593595e+00 -1.146616e-01 -2.407380e-01 -2.372010e-01 4.027015e-01 1.011216e-01 -3.560426e-02 -2.413614e-01 3.711263e-01 -1.764433e-01 1.153941e-01 7.758137e-03 -2.918417e-01 2.085276e-01 3.086329e-01 -1.609480e-01 1.276113e-02 8.409791e-02 -1.648913e-02 4.750934e-02 8.867823e-03 -3.102127e-02
<VARIANCE> 39
 1.170305e+01 1.267931e+01 1.679455e+01 2.984519e+01 5.279105e+01 4.902226e+01 2.344927e+01 2.628905e+01 2.818542e+01 2.591558e+01 3.396225e+01 3.192752e+01 2.759679e+00 7.827554e-01 6.836250e-01 8.025285e-01 2.079573e+00 1.921838e+00 3.463057e+00 1.414355e+00 1.552759e+00 1.260125e+00 1.074705e+00 1.378201e+00 1.286806e+00 6.031032e-02 1.136907e-01 1.461540e-01 1.331504e-01 3.012413e-01 4.684881e-01 4.275755e-01 2.912796e-01 2.396896e-01 1.934953e-01 1.820017e-01 1.986036e-01 1.942362e-01 1.001709e-02
<GCONST> 8.962310e+01
<STATE> 3
<MEAN> 39
 -5.047885e+00 -3.636402e+00 5.584996e+00 -1.897279e+01 -1.241353e+01 -4.195076e+00 -8.668005e+00 -8.736424e+00 1.907881e+00 -5.776454e+00 1.102931e+00 -5.942880e+00 1.865124e+01 -8.439434e-01 1.787563e+00 -2.610158e-01 -1.718832e+00 2.353318e+00 -1.241954e-01 -1.462168e+00 9.109216e-01 -4.148875e-01 -2.286414e-01 1.236563e-01 2.130417e-02 -2.140274e-02 4.225462e-02 1.249110e-01 -4.627728e-01 5.123551e-01 3.974682e-01 -6.708573e-01 4.254881e-01 5.942694e-02 -3.717022e-01 7.468103e-02 -5.806158e-02 3.783385e-02 -5.431261e-02
<VARIANCE> 39
 7.795484e+00 2.369232e+01 1.156493e+01 3.210133e+01 6.007003e+01 2.842718e+01 4.209506e+01 6.387262e+01 2.606340e+01 2.801293e+01 3.820145e+01 2.958496e+01 1.289356e+00 2.539036e-01 6.110883e-01 1.028106e+00 1.780140e+00 1.395517e+00 3.642456e+00 2.027336e+00 1.377313e+00 1.410276e+00 1.079391e+00 7.261369e-01 7.956761e-01 2.059423e-02 5.222829e-02 1.576312e-01 9.260575e-02 2.458235e-01 5.017378e-01 2.350248e-01 3.930478e-01 3.774386e-01 1.655831e-01 1.492680e-01 1.327585e-01 1.100968e-01 2.235323e-03
<GCONST> 8.275529e+01
<STATE> 4
<MEAN> 39
 -6.747468e+00 4.091533e+00 -1.718341e+00 -1.636199e+01 -1.328753e+00 -1.256488e+01 -5.467072e+00 -8.144003e+00 -3.432897e+00 -4.968984e+00 -2.613147e-01 -6.250439e+00 1.787049e+01 1.462995e-01 -8.780026e-02 -5.640138e-01 9.706886e-01 4.198278e-01 -1.291180e-01 7.106630e-01 -3.728467e-01 -3.095701e-01 -2.150031e-02 -1.990235e-01 2.322864e-03 -1.795604e-01 6.471102e-02 -3.144054e-01 9.435201e-02 8.330341e-02 -2.306606e-01 3.107709e-01 3.756086e-02 -3.412211e-02 1.387074e-01 -3.332127e-02 2.232270e-02 1.258565e-02 -2.593106e-02
<VARIANCE> 39
 7.445688e+00 1.525131e+01 1.625021e+01 3.041643e+01 2.261355e+01 2.550200e+01 4.761563e+01 4.510329e+01 3.212309e+01 4.073067e+01 4.082713e+01 3.688225e+01 1.619578e+00 2.186990e-01 1.352422e+00 6.426580e-01 8.469942e-01 1.208470e+00 2.048309e+00 1.288240e+00 1.477495e+00 1.223667e+00 1.180313e+00 8.503467e-01 8.671384e-01 2.465494e-02 3.732202e-02 9.132950e-02 7.187120e-02 1.619648e-01 1.832635e-01 1.716172e-01 2.117902e-01 2.212293e-01 1.726793e-01 1.652429e-01 1.335593e-01 1.303656e-01 2.674101e-03
<GCONST> 7.751547e+01
<TRANSP> 5
 0.000000e+00 1.000000e+00 0.000000e+00 0.000000e+00 0.000000e+00
 0.000000e+00 8.777558e-01 1.222442e-01 0.000000e+00 0.000000e+00
 0.000000e+00 0.000000e+00 7.879784e-01 2.120216e-01 0.000000e+00
 0.000000e+00 0.000000e+00 0.000000e+00 8.906478e-01 1.093522e-01
 0.000000e+00 0.000000e+00 0.000000e+00 0.000000e+00 0.000000e+00
<ENDHMM>
~h "one"
<BEGINHMM>
<NUMSTATES> 5
<STATE> 2
<MEAN> 39
 -5.678741e-01 -3.776356e+00 -9.274502e+00 -1.281681e+01 -1.657036e+00 -5.564147e+00 -2.021106e+00 -8.864778e+00 -2.706327e+00 -6.731357e+00 -1.545641e+00 -7.288512e+00 1.774570e+01 2.780624e-01 -4.049841e-01 -8.721886e-01 4.567975e-01 4.871762e-01 3.942452e-02 -2.917946e-01 2.270263e-01 2.033255e-01 -3.066836e-01 -3.900145e-01 -2.719800e-01 2.375414e-01 -1.189532e-01 -1.462481e-01 5.394588e-02 2.646845e-01 7.838942e-03 -1.161232e-01 -1.490111e-02 9.382790e-02 -1.092961e-02 -9.033071e-02 1.101334e-02 8.290058e-02 -2.099951e-02
<VARIANCE> 39
 7.574652e+00 9.249007e+00 2.887522e+01 2.285639e+01 2.888858e+01 2.532972e+01 2.281449e+01 2.064708e+01 2.828306e+01 2.394105e+01 2.967702e+01 2.876687e+01 2.270399e+00 4.574536e-01 7.998148e-01 8.724025e-01 2.245282e+00 1.372594e+00 1.442816e+00 1.267774e+00 1.065935e+00 1.134266e+00 1.021991e+00 1.095233e+00 1.044903e+00 4.812066e-02 4.482551e-02 6.134091e-02 1.908417e-01 2.175009e-01 2.627050e-01 2.523967e-01 2.367345e-01 1.810123e-01 2.006631e-01 1.693324e-01 1.888941e-01 1.838885e-01 5.006320e-03
<GCONST> 8.017574e+01
<STATE> 3
<MEAN> 39
 -2.365684e+00 -1.071517e+01 -1.090204e+01 -1.689126e+00 -4.437766e-01 -9.494595e+00 -2.447339e+00 -4.207258e+00 -3.535800e+00 -1.172787e+01 -2.378415e+00 -6.056019e+00 1.853595e+01 -6.083295e-01 -3.738602e-01 1.339224e+00 5.726696e-01 -1.353409e+00 -3.280965e-01 1.195640e+00 -8.902733e-02 -9.245439e-01 -9.237733e-02 5.861898e-01 1.197851e-01 -4.916656e-02 2.358692e-02 3.139432e-01 2.517800e-01 -5.823191e-01 -1.342769e-01 3.765942e-01 9.202320e-02 -4.376657e-01 -2.069005e-04 3.804945e-01 4.407069e-02 -1.768050e-01 -2.978557e-02
<VARIANCE> 39
 6.138932e+00 9.607766e+00 1.865625e+01 2.375541e+01 2.701135e+01 1.740424e+01 3.766903e+01 3.139075e+01 4.646095e+01 3.755341e+01 3.383824e+01 3.321723e+01 1.544199e+00 1.544821e-01 5.159829e-01 6.043827e-01 1.832150e+00 7.393624e-01 1.711914e+00 1.007586e+00 2.247560e+00 1.165820e+00 1.864520e+00 1.028602e+00 1.293527e+00 8.478167e-03 2.364823e-02 5.254905e-02 1.008203e-01 1.224785e-01 2.853193e-01 1.528436e-01 3.759947e-01 1.782026e-01 3.358900e-01 2.003672e-01 2.674355e-01 1.680923e-01 8.554159e-04
<GCONST> 7.513281e+01
<STATE> 4
<MEAN> 39
 -4.105404e+00 -5.415082e+00 -1.636454e+00 -8.752477e+00 -4.065066e+00 -5.855809e+00 -1.671764e+00 -1.194582e+01 -4.646111e+00 -8.685093e+00 -2.576937e+00 -8.293635e+00 1.778418e+01 1.510117e-01 9.693902e-01 6.238962e-01 -7.276144e-01 4.267396e-01 -6.542721e-02 -6.296853e-01 -4.443872e-01 8.180247e-02 2.297111e-01 -1.766362e-01 5.025479e-02 -1.278734e-01 4.421452e-02 -6.870467e-02 -2.142907e-01 1.672224e-01 1.609772e-01 -6.841852e-02 -6.794498e-02 1.652351e-01 1.352697e-02 -1.166014e-01 1.015925e-02 7.498942e-02 -5.521807e-03
<VARIANCE> 39
 6.946965e+00 2.328696e+01 1.104429e+01 2.142938e+01 1.960941e+01 4.664621e+01 3.616246e+01 3.531773e+01 4.120630e+01 4.573108e+01 3.327658e+01 3.777501e+01 1.325373e+00 2.764291e-01 6.149650e-01 8.083580e-01 1.205954e+00 9.140251e-01 1.966733e+00 1.137675e+00 1.444004e+00 1.607382e+00 1.540486e+00 9.442932e-01 9.590898e-01 1.267375e-02 4.883251e-02 1.199541e-01 8.185977e-02 1.339049e-01 2.006662e-01 3.081834e-01 2.740989e-01 1.857756e-01 2.301503e-01 2.256836e-01 1.685938e-01 1.675445e-01 1.604614e-03
<GCONST> 7.851214e+01
<TRANSP> 5
 0.000000e+00 1.000000e+00 0.000000e+00 0.000000e+00 0.000000e+00
 0.000000e+00 8.983029e-01 1.016971e-01 0.000000e+00 0.000000e+00
 0.000000e+00 0.000000e+00 8.248904e-01 1.751096e-01 0.000000e+00
 0.000000e+00 0.000000e+00 0.000000e+00 8.843586e-01 1.156414e-01
 0.000000e+00 0.000000e+00 0.000000e+00 0.000000e+00 0.000000e+00
<ENDHMM>
~h "sil"
<BEGINHMM>
<NUMSTATES> 5
<STATE> 2
<MEAN> 39
 -6.782595e+00 -6.747812e+00 -5.112286e+00 -9.109520e+00 -9.954473e-03 -3.378010e+00 1.762196e-01 -8.538448e+00 -2.613584e+00 -5.765107e+00 5.600024e-01 -4.304866e+00 1.461642e+01 -3.781091e-02 -2.512083e-03 -3.322370e-03 3.277220e-02 4.078372e-02 2.638411e-02 4.865109e-02 4.161104e-03 -1.801898e-02 5.867116e-03 1.549424e-02 1.223855e-02 -1.229918e-02 -2.589415e-02 -3.345194e-02 -7.334557e-02 -1.088375e-01 -1.197903e-01 -1.173371e-01 -6.164812e-02 -8.574117e-03 -2.224108e-02 1.050695e-02 3.738888e-02 3.014466e-02 1.901942e-03
<VARIANCE> 39
 3.615831e+00 4.345718e+00 6.001511e+00 7.598447e+00 1.193303e+01 1.364695e+01 1.466531e+01 1.632722e+01 1.575972e+01 1.373843e+01 1.579049e+01 1.311628e+01 1.165914e+00 7.826293e-02 1.587568e-01 2.707462e-01 3.724993e-01 4.934514e-01 6.560661e-01 6.804256e-01 7.131765e-01 6.938922e-01 5.752919e-01 6.356038e-01 5.632910e-01 5.009485e-03 1.093963e-02 2.404500e-02 4.040277e-02 5.007114e-02 7.041364e-02 1.013799e-01 1.067781e-01 1.304068e-01 1.117893e-01 9.224045e-02 1.051445e-01 9.906786e-02 6.349300e-04
<GCONST> 4.374875e+01
<STATE> 3
~s "silst"
<STATE> 4
<MEAN> 39
 -7.600401e+00 -7.340879e+00 -6.610333e+00 -1.117357e+01 -2.177599e+00 -5.398237e+00 -9.992190e-01 -8.641305e+00 -2.702029e+00 -5.401175e+00 1.454066e+00 -3.842646e+00 1.448342e+01 -3.228103e-03 7.369753e-03 -2.705184e-02 -2.802745e-02 -5.331926e-02 -2.037886e-02 -6.049893e-02 -7.239712e-03 -3.237626e-03 -6.295375e-03 -1.998406e-02 -1.920476e-02 -6.363542e-05 3.834661e-02 5.801011e-02 9.527443e-02 1.262391e-01 1.327749e-01 1.264550e-01 6.169192e-02 1.554801e-02 2.617037e-02 -1.739624e-02 -5.621389e-02 -4.034345e-02 8.625765e-03
<VARIANCE> 39
 3.526720e+00 4.155270e+00 6.410707e+00 7.833738e+00 1.126409e+01 1.257987e+01 1.497658e+01 1.594574e+01 1.768203e+01 1.532963e+01 1.513541e+01 1.340172e+01 9.980661e-01 7.725587e-02 1.685081e-01 2.881857e-01 4.166922e-01 5.056072e-01 6.763155e-01 5.955771e-01 7.423782e-01 7.101979e-01 6.073575e-01 7.003041e-01 6.124940e-01 3.256251e-03 1.432627e-02 2.892655e-02 4.218762e-02 5.700797e-02 7.296021e-02 1.085339e-01 1.040139e-01 1.281319e-01 1.331100e-01 1.059520e-01 1.175563e-01 1.099633e-01 1.090535e-03
<GCONST> 4.544976e+01
<TRANSP> 5
 0.000000e+00 1.000000e+00 0.000000e+00 0.000000e+00 0.000000e+00
 0.000000e+00 7.691749e-01 2.421844e-02 2.066066e-01 0.000000e+00
 0.000000e+00 0.000000e+00 8.273882e-01 1.726119e-01 0.000000e+00
 0.000000e+00 1.874221e-01 0.000000e+00 7.428292e-01 6.974872e-02
 0.000000e+00 0.000000e+00 0.000000e+00 0.000000e+00 0.000000e+00
<ENDHMM>
~h "six"
<BEGINHMM>
<NUMSTATES> 5
<STATE> 2
<MEAN> 39
 -8.682226e+00 -4.257292e+00 -6.988070e+00 -8.733894e+00 -3.098200e+00 -4.235975e+00 -1.959138e+00 -8.232455e+00 -3.552454e+00 -4.006072e+00 1.241175e-01 -3.143955e+00 1.495312e+01 6.797673e-01 6.793595e-01 1.202040e+00 -1.382308e+00 -1.157704e+00 -1.212547e+00 4.113315e-02 -1.333733e-01 4.211182e-01 3.496514e-01 -5.172704e-01 -4.733320e-01 6.301867e-01 6.676009e-02 1.148375e-01 2.265705e-01 -4.788908e-01 -2.791663e-01 -1.692288e-01 4.333086e-02 7.602203e-02 2.040639e-01 4.613106e-04 -1.367065e-01 -2.379759e-01 1.449759e-01
<VARIANCE> 39
 7.479830e+00 7.798846e+00 1.270038e+01 1.147766e+01 1.901708e+01 2.002348e+01 1.518349e+01 1.806724e+01 2.003714e+01 2.964480e+01 1.917779e+01 1.709164e+01 1.868098e+00 3.582225e-01 4.709972e-01 8.829533e-01 1.147627e+00 1.075011e+00 1.323394e+00 1.004094e+00 8.102630e-01 1.418902e+00 2.237715e+00 1.075629e+00 1.323299e+00 7.672876e-02 6.203875e-02 5.631612e-02 1.156371e-01 9.795766e-02 2.032814e-01 2.091724e-01 1.477663e-01 1.766889e-01 1.850397e-01 2.379392e-01 1.708910e-01 1.682892e-01 8.860239e-03
<GCONST> 7.406849e+01
<STATE> 3
<MEAN> 39
 -6.470951e+00 -1.099812e+00 -8.568864e-01 -2.012158e+01 -7.860737e+00 -8.735428e+00 -2.436797e+00 -6.380262e+00 2.467240e-01 -3.795244e+00 -2.524555e+00 -7.321859e+00 1.832902e+01 2.407635e-02 -8.685649e-02 2.208613e-01 -2.816621e-01 3.754848e-01 2.131722e-01 -2.750367e-01 1.720206e-01 3.741705e-02 -1.962225e-01 1.702971e-01 7.236938e-03 -4.781375e-02 -5.674163e-02 -2.052498e-01 -2.669529e-01 4.876541e-01 2.882153e-01 2.211961e-01 6.797476e-02 -9.108471e-02 -1.467056e-01 -5.877365e-02 1.516038e-01 1.659733e-01 -1.670625e-01
<VARIANCE> 39
 7.692176e+00 9.748061e+00 1.663006e+01 2.305582e+01 5.850842e+01 3.110766e+01 3.719548e+01 2.460424e+01 3.462959e+01 5.833742e+01 3.543039e+01 3.743154e+01 1.432405e+00 3.495734e-01 6.525807e-01 1.075530e+00 3.229352e+00 2.397041e+00 1.760635e+00 1.734453e+00 1.341345e+00 1.887737e+00 2.010859e+00 1.867447e+00 1.897076e+00 2.937666e-01 6.820028e-02 6.607043e-02 1.609306e-01 2.258893e-01 3.061891e-01 3.193547e-01 3.836078e-01 2.241286e-01 2.868555e-01 3.401675e-01 2.636323e-01 2.553157e-01 1.166313e-02
<GCONST> 9.188270e+01
<STATE> 4
<MEAN> 39
 -6.563041e+00 -6.248787e+00 -4.680931e+00 -1.081213e+01 -1.002020e+00 -3.978648e+00 -1.435366e+00 -8.753829e+00 -2.164146e+00 -5.868215e+00 1.164114e+00 -4.220257e+00 1.475299e+01 -2.336387e-01 -9.110096e-01 -1.005308e+00 1.461843e+00 4.137757e-01 4.084070e-01 9.076589e-01 -4.570870e-01 -2.820538e-01 -4.059677e-02 2.005942e-01 2.988016e-01 -4.645185e-01 -1.053052e-01 1.689511e-01 2.071593e-01 -4.381293e-01 -3.787703e-01 -1.607914e-01 -8.518880e-02 1.721941e-01 1.161235e-01 1.035678e-01 -1.795711e-01 -1.430255e-01 1.499687e-01
<VARIANCE> 39
 3.292135e+00 5.441131e+00 9.445131e+00 1.107030e+01 1.463944e+01 1.564879e+01 1.950529e+01 1.858374e+01 1.687984e+01 1.706289e+01 1.862064e+01 1.491688e+01 1.491466e+00 2.673975e-01 4.866995e-01 8.965435e-01 1.309501e+00 2.110312e+00 1.651600e+00 1.602791e+00 1.249547e+00 1.214191e+00 1.204841e+00 1.177951e+00 1.023269e+00 7.933930e-02 3.887923e-02 6.514538e-02 1.378331e-01 1.468801e-01 2.331684e-01 1.805119e-01 2.655329e-01 1.923719e-01 1.854499e-01 1.735323e-01 1.976815e-01 1.825121e-01 5.796357e-03
<GCONST> 7.239725e+01
<TRANSP> 5
 0.000000e+00 1.000000e+00 0.000000e+00 0.000000e+00 0.000000e+00
 0.000000e+00 7.183862e-01 2.816138e-01 0.000000e+00 0.000000e+00
 0.000000e+00 0.000000e+00 8.891413e-01 1.108587e-01 0.000000e+00
 0.000000e+00 0.000000e+00 0.000000e+00 7.504409e-01 2.495591e-01
 0.000000e+00 0.000000e+00 0.000000e+00 0.000000e+00 0.000000e+00
<ENDHMM>
~h "two"
<BEGINHMM>
<NUMSTATES> 5
<STATE> 2
<MEAN> 39
 -1.095983e+01 -3.267314e+00 -6.725272e+00 -1.062347e+01 -9.798098e-01 -3.866376e+00 -1.962534e+00 -7.508799e+00 -2.326642e+00 -5.681154e+00 1.128567e+00 -3.371642e+00 1.506388e+01 5.057313e-01 6.187482e-01 1.013856e+00 -5.884182e-01 -2.659805e-01 -3.640315e-01 -4.636202e-01 -2.126957e-01 7.152005e-02 -5.546666e-02 -2.288505e-01 -3.617930e-01 3.243512e-01 2.971114e-01 6.386980e-02 2.880810e-01 -1.312530e-01 -2.115400e-01 -2.430515e-01 -1.185206e-01 -1.270545e-01 -2.631618e-02 2.804369e-03 -7.897722e-02 -1.701781e-01 9.384350e-02
<VARIANCE> 39
 8.834435e+00 8.090862e+00 1.268784e+01 1.231567e+01 1.844426e+01 2.274869e+01 1.921262e+01 2.113106e+01 2.143511e+01 2.399410e+01 2.472475e+01 1.985162e+01 9.026332e-01 1.368667e+00 5.606802e-01 1.276777e+00 8.301656e-01 1.349408e+00 1.288372e+00 9.889755e-01 1.190442e+00 1.171420e+00 1.293770e+00 1.874838e+00 1.105342e+00 7.280532e-02 1.264017e-01 1.094606e-01 1.343060e-01 1.307384e-01 2.278451e-01 1.981204e-01 1.760678e-01 2.235010e-01 2.274280e-01 2.032581e-01 3.598161e-01 1.595138e-01 7.845895e-03
<GCONST> 7.897879e+01
<STATE> 3
<MEAN> 39
 -4.601901e+00 1.269493e+00 1.860835e+00 -1.552046e+01 -6.950866e+00 -9.942848e+00 -6.700757e+00 -1.043948e+01 -2.408230e+00 -5.176608e+00 -1.124295e+00 -7.306804e+00 1.840667e+01 6.638184e-01 5.437368e-01 7.428219e-01 -5.414364e-01 -1.162979e+00 -1.105914e+00 -5.670765e-01 -2.813748e-01 -6.588240e-02 1.260161e-01 -2.157025e-01 -6.239685e-01 4.514818e-01 -2.501587e-01 -2.350065e-01 -4.262471e-01 2.989691e-01 2.728230e-01 2.324748e-01 2.358586e-01 1.461063e-01 -1.896924e-02 -9.819335e-03 1.532673e-01 1.828479e-01 -1.450905e-01
<VARIANCE> 39
 7.462831e+00 8.106131e+00 1.363375e+01 2.232823e+01 3.964540e+01 2.561264e+01 2.821834e+01 2.453389e+01 3.158081e+01 5.527658e+01 4.392987e+01 4.851451e+01 1.036704e+00 5.677243e-01 6.281195e-01 9.860476e-01 1.463986e+00 1.293256e+00 1.205995e+00 1.681326e+00 1.515906e+00 1.844954e+00 1.989586e+00 2.390686e+00 1.875213e+00 8.953530e-02 6.149812e-02 5.350770e-02 8.131181e-02 1.250191e-01 2.045262e-01 1.805494e-01 2.040855e-01 1.910112e-01 2.121252e-01 2.735037e-01 2.891947e-01 2.221988e-01 6.522144e-03
<GCONST> 8.375697e+01
<STATE> 4
<MEAN> 39
 -3.233374e+00 -5.712473e-02 -4.382066e-02 -1.366238e+01 -7.122373e+00 -1.157441e+01 -5.646052e+00 -9.635768e+00 -2.710850e+00 -5.308141e+00 -1.587487e-01 -7.598246e+00 1.823978e+01 1.669086e-01 -2.230863e-01 -2.386405e-01 5.385970e-01 3.370036e-01 8.588155e-02 9.869459e-02 -5.504432e-02 -1.925825e-01 -8.643817e-02 7.786871e-02 1.595655e-01 -1.200893e-01 -4.359012e-02 -3.795169e-02 -2.656284e-02 2.438952e-02 9.559280e-02 1.093896e-01 5.192781e-02 4.967661e-03 2.012868e-02 1.253627e-03 -5.761039e-03 4.457828e-02 -3.522176e-02
<VARIANCE> 39
 5.895562e+00 7.955956e+00 1.253992e+01 2.981693e+01 3.400499e+01 2.156717e+01 3.316297e+01 3.370715e+01 3.984853e+01 4.293963e+01 5.473153e+01 4.156218e+01 1.359647e+00 1.336759e-01 1.530658e-01 3.769490e-01 6.212126e-01 9.127458e-01 8.560797e-01 8.810014e-01 1.029086e+00 9.037261e-01 9.881380e-01 1.046102e+00 9.317155e-01 1.452284e-02 2.163260e-02 2.516117e-02 5.075284e-02 8.855648e-02 1.056683e-01 1.240939e-01 1.293143e-01 1.601702e-01 1.488107e-01 1.527179e-01 1.593037e-01 1.459179e-01 2.344205e-03
<GCONST> 6.575754e+01
<TRANSP> 5
 0.000000e+00 1.000000e+00 0.000000e+00 0.000000e+00 0.000000e+00
 0.000000e+00 8.206494e-01 1.793506e-01 0.000000e+00 0.000000e+00
 0.000000e+00 0.000000e+00 7.671111e-01 2.328888e-01 0.000000e+00
 0.000000e+00 0.000000e+00 0.000000e+00 9.014087e-01 9.859133e-02
 0.000000e+00 0.000000e+00 0.000000e+00 0.000000e+00 0.000000e+00
<ENDHMM>
~h "nine"
<BEGINHMM>
<NUMSTATES> 5
<STATE> 2
<MEAN> 39
 -4.469320e+00 -4.321020e+00 -2.080510e+00 -8.923494e+00 -3.035512e+00 -6.192975e+00 -1.515996e+00 -1.117518e+01 -5.008104e+00 -8.079217e+00 -2.947550e+00 -7.809946e+00 1.756845e+01 -1.373608e-01 -6.732434e-01 -2.216114e-01 4.958081e-01 -4.932315e-01 1.732035e-01 3.882171e-01 -1.973703e-01 -3.937881e-02 -1.524335e-01 -1.780022e-01 -1.449132e-01 2.491620e-01 -3.842906e-02 -1.263033e-01 -7.490493e-02 1.145831e-01 1.833525e-02 -6.589947e-03 3.854241e-02 3.140985e-02 9.778972e-03 6.384460e-03 7.998215e-02 3.485578e-02 -1.057566e-02
<VARIANCE> 39
 8.940121e+00 2.038236e+01 1.533021e+01 1.683722e+01 2.863166e+01 2.887441e+01 3.201579e+01 2.750893e+01 4.721079e+01 3.538992e+01 3.016287e+01 3.277877e+01 2.303680e+00 5.319000e-01 1.578797e+00 1.145013e+00 1.117603e+00 1.137605e+00 1.424568e+00 1.645683e+00 1.277761e+00 1.528956e+00 1.154424e+00 1.245997e+00 1.038484e+00 3.757586e-02 6.492745e-02 1.814232e-01 1.346194e-01 1.401258e-01 2.020110e-01 2.218880e-01 2.431363e-01 1.863305e-01 1.997667e-01 1.612284e-01 1.738609e-01 1.449587e-01 4.938792e-03
<GCONST> 8.289024e+01
<STATE> 3
<MEAN> 39
 -6.290602e+00 -1.167301e+01 -4.987181e+00 -2.493176e+00 -5.655578e+00 -5.431689e+00 1.785284e+00 -1.126516e+01 -5.678937e+00 -9.068525e+00 -1.604781e+00 -7.685185e+00 1.862176e+01 -1.082566e-01 6.585551e-02 2.330344e-01 -2.054129e-01 -4.688410e-02 2.054735e-01 -7.339290e-02 -1.009278e-01 1.717113e-01 6.970292e-02 -4.000341e-02 3.044442e-02 -1.980042e-02 -2.991733e-03 1.878735e-01 7.741482e-02 -2.486214e-01 3.303854e-02 8.098286e-02 -1.012131e-01 -1.933222e-03 8.307474e-02 -5.390005e-03 -7.942111e-02 2.507227e-02 -1.439808e-02
<VARIANCE> 39
 7.197987e+00 8.451557e+00 2.463043e+01 3.136960e+01 1.880474e+01 3.042567e+01 3.088257e+01 3.410228e+01 4.310431e+01 4.184192e+01 2.805862e+01 3.031924e+01 1.011868e+00 8.114973e-02 3.212906e-01 4.020951e-01 1.032012e+00 4.633841e-01 6.110033e-01 5.232076e-01 4.996225e-01 6.120881e-01 6.482553e-01 6.582867e-01 5.176378e-01 4.581187e-03 1.054597e-02 2.931988e-02 3.925614e-02 5.256610e-02 6.928918e-02 6.527171e-02 7.263417e-02 7.667921e-02 7.950311e-02 8.554970e-02 7.634161e-02 7.776410e-02 3.925083e-04
<GCONST> 5.266874e+01
<STATE> 4
<MEAN> 39
 -6.218683e+00 -3.173810e+00 -1.624565e+00 -1.203680e+01 -1.903202e+00 -4.490604e+00 -3.314093e+00 -1.019639e+01 -2.792691e+00 -8.219431e+00 -3.088043e+00 -6.512055e+00 1.789944e+01 3.931925e-01 8.493286e-01 1.535733e-01 -3.096007e-01 5.438307e-01 -4.754976e-01 -4.736459e-01 3.273629e-01 -1.991508e-01 5.491560e-02 9.753706e-02 5.330649e-02 -1.226759e-01 4.356222e-02 -1.235695e-01 -3.721750e-02 2.354682e-01 -1.479351e-02 -7.300895e-02 1.047375e-01 -3.501789e-02 -1.089002e-01 2.563442e-02 7.958389e-02 -2.932184e-02 -1.027132e-02
<VARIANCE> 39
 1.145299e+01 2.010555e+01 1.220115e+01 2.401828e+01 3.582153e+01 3.415015e+01 3.365998e+01 2.992044e+01 4.905781e+01 3.962064e+01 3.857087e+01 4.244764e+01 1.076235e+00 4.062074e-01 9.276144e-01 5.741431e-01 1.873512e+00 1.354196e+00 1.383206e+00 1.360871e+00 1.284907e+00 1.675338e+00 1.184653e+00 1.059409e+00 1.024031e+00 9.887679e-03 5.706657e-02 9.913365e-02 8.654728e-02 1.494536e-01 1.941787e-01 2.405452e-01 1.805368e-01 1.979224e-01 2.316317e-01 1.955588e-01 1.707201e-01 1.415366e-01 1.009092e-03
<GCONST> 7.866701e+01
<TRANSP> 5
 0.000000e+00 1.000000e+00 0.000000e+00 0.000000e+00 0.000000e+00
 0.000000e+00 8.954771e-01 1.045229e-01 0.000000e+00 0.000000e+00
 0.000000e+00 0.000000e+00 9.109174e-01 8.908260e-02 0.000000e+00
 0.000000e+00 0.000000e+00 0.000000e+00 8.981079e-01 1.018920e-01
 0.000000e+00 0.000000e+00 0.000000e+00 0.000000e+00 0.000000e+00
<ENDHMM>
~h "five"
<BEGINHMM>
<NUMSTATES> 5
<STATE> 2
<MEAN> 39
 -4.176751e+00 -1.134402e+01 -1.006870e+01 -8.261744e+00 4.878050e-01 -8.134727e+00 3.466095e-01 -4.672232e+00 -5.247910e+00 -7.948424e+00 -1.819693e+00 -4.906176e+00 1.797719e+01 3.619198e-01 -1.175423e+00 -7.171722e-01 7.826855e-01 5.143223e-01 -6.408896e-01 3.324441e-01 3.999775e-01 -7.481474e-01 -2.210765e-01 -3.003944e-01 -5.116696e-03 5.643218e-01 -1.910903e-01 2.507116e-02 1.751482e-01 9.168027e-02 -1.349497e-02 1.043812e-01 2.996436e-02 -2.038923e-01 2.568388e-02 1.384912e-01 1.594372e-01 4.976534e-02 -7.417540e-02
<VARIANCE> 39
 1.085219e+01 1.965832e+01 2.371051e+01 1.674839e+01 1.900438e+01 2.060998e+01 2.527073e+01 5.153509e+01 3.221766e+01 2.803174e+01 2.497736e+01 1.990668e+01 4.365752e+00 7.730874e-01 5.612075e-01 1.172447e+00 9.068752e-01 7.891551e-01 9.863881e-01 9.740133e-01 2.245889e+00 1.725449e+00 1.724761e+00 1.363600e+00 1.026897e+00 1.227685e-01 9.454005e-02 1.335270e-01 1.779794e-01 1.234621e-01 1.362318e-01 1.447370e-01 1.544392e-01 3.007457e-01 2.737727e-01 1.932447e-01 1.759539e-01 1.403598e-01 2.818378e-02
<GCONST> 8.434857e+01
<STATE> 3
<MEAN> 39
 -5.809481e+00 -1.545243e+01 -8.556101e+00 -3.643883e+00 1.425857e+00 -9.175125e+00 2.534864e+00 -7.496891e+00 -7.217829e+00 -5.455271e+00 -4.663158e-01 -4.503219e+00 1.904692e+01 -1.661155e-01 8.372956e-02 4.906819e-01 -2.575232e-01 -2.713540e-01 4.343604e-01 6.884034e-02 -3.989125e-01 2.711088e-02 3.039035e-01 6.111152e-02 -8.455947e-02 -4.853050e-02 4.021210e-02 1.144359e-01 1.143612e-02 -1.967183e-01 -5.495535e-02 9.328064e-02 -2.900366e-02 2.470415e-02 5.654076e-02 -4.899786e-02 -7.774465e-02 -1.875262e-02 -1.498705e-02
<VARIANCE> 39
 9.174217e+00 9.379713e+00 2.484547e+01 2.081440e+01 1.875030e+01 2.311854e+01 1.751804e+01 3.905647e+01 4.700954e+01 4.450225e+01 2.689113e+01 2.552003e+01 1.356917e+00 8.788428e-02 1.530786e-01 2.696573e-01 6.340248e-01 4.960039e-01 5.514563e-01 4.976519e-01 4.933045e-01 6.132501e-01 5.707059e-01 5.685350e-01 4.732537e-01 5.857422e-03 1.174296e-02 2.421110e-02 3.031009e-02 4.809478e-02 5.120876e-02 5.160597e-02 5.703409e-02 6.415924e-02 8.528923e-02 8.423908e-02 6.651100e-02 7.042268e-02 9.076548e-04
<GCONST> 4.963771e+01
<STATE> 4
<MEAN> 39
 -5.752469e+00 -9.409264e+00 -3.941082e+00 -1.391094e+01 -3.281358e+00 -2.813796e+00 1.869804e+00 -8.422417e+00 -4.204775e+00 -5.238763e+00 -2.265784e+00 -5.520432e+00 1.830195e+01 2.169522e-01 1.206727e+00 3.703148e-01 -6.417157e-01 -3.922175e-01 -1.027940e-01 -3.102909e-01 2.566484e-01 5.542907e-01 -2.123209e-01 -7.202090e-02 -8.899651e-02 -2.459714e-01 -1.747703e-02 -2.163507e-02 -5.273377e-02 3.437144e-01 1.403020e-01 -1.802437e-01 -6.275010e-02 -1.006844e-02 -4.291592e-02 1.676299e-02 1.215484e-01 3.984883e-02 -4.834295e-02
<VARIANCE> 39
 7.867386e+00 2.309221e+01 1.221149e+01 3.191332e+01 4.211905e+01 1.957697e+01 2.462980e+01 3.666005e+01 5.311781e+01 2.795989e+01 2.708139e+01 3.009047e+01 1.837720e+00 2.146266e-01 4.987795e-01 5.737596e-01 2.637301e+00 1.470898e+00 1.620926e+00 9.744251e-01 1.331258e+00 1.638468e+00 1.337537e+00 1.268739e+00 9.162644e-01 4.136570e-02 4.305049e-02 9.685376e-02 7.584710e-02 2.402715e-01 2.361660e-01 2.300714e-01 1.663391e-01 2.294267e-01 2.225619e-01 1.790891e-01 2.066303e-01 1.646856e-01 4.443022e-03
<GCONST> 8.035608e+01
<TRANSP> 5
 0.000000e+00 1.000000e+00 0.000000e+00 0.000000e+00 0.000000e+00
 0.000000e+00 8.480697e-01 1.519303e-01 0.000000e+00 0.000000e+00
 0.000000e+00 0.000000e+00 9.124666e-01 8.753341e-02 0.000000e+00
 0.000000e+00 0.000000e+00 0.000000e+00 8.642425e-01 1.357576e-01
 0.000000e+00 0.000000e+00 0.000000e+00 0.000000e+00 0.000000e+00
<ENDHMM>
~h "four"
<BEGINHMM>
<NUMSTATES> 5
<STATE> 2
<MEAN> 39
 -6.748081e+00 -6.546762e+00 -5.531007e+00 -9.758737e+00 -1.578698e+00 -5.557515e+00 -1.217355e+00 -8.399400e+00 -2.002701e+00 -5.575352e+00 9.716273e-01 -4.273547e+00 1.536104e+01 1.570909e+00 5.370757e-01 -9.042380e-01 -8.592206e-01 -3.065314e-01 -5.351228e-01 -6.949082e-01 -1.925411e-01 1.939416e-01 2.014740e-01 -3.443037e-01 -4.875936e-01 6.442106e-01 3.499468e-01 1.253811e-01 -3.368953e-01 -3.171414e-01 -5.837148e-02 -6.823767e-03 -8.030303e-02 -1.763935e-02 2.249015e-03 5.404145e-02 -7.896622e-02 -1.320565e-01 1.430323e-01
<VARIANCE> 39
 7.611703e+00 5.413935e+00 5.411703e+00 7.832829e+00 1.003500e+01 1.245573e+01 1.450839e+01 1.363664e+01 1.606084e+01 1.350105e+01 1.609645e+01 1.222118e+01 1.728235e+00 5.128233e-01 4.339603e-01 6.014943e-01 7.388339e-01 7.136052e-01 9.069573e-01 7.505767e-01 8.223447e-01 1.017296e+00 1.087660e+00 1.524674e+00 1.228178e+00 5.774255e-02 6.786025e-02 5.343135e-02 6.063697e-02 8.255938e-02 1.012976e-01 1.525644e-01 1.212035e-01 1.515504e-01 1.398814e-01 1.608641e-01 1.994389e-01 1.872341e-01 7.166637e-03
<GCONST> 6.400819e+01
<STATE> 3
<MEAN> 39
 1.596553e+00 -3.480328e+00 -1.216704e+01 -1.704981e+01 -4.000894e+00 -6.177127e+00 -3.167102e+00 -8.953067e+00 -1.398896e+00 -3.855964e+00 4.297072e-01 -6.775916e+00 1.891439e+01 3.036371e-01 -1.868041e-01 -3.246366e-01 -3.687071e-02 7.413562e-02 -1.808639e-02 -2.191829e-01 1.749802e-01 3.532779e-01 9.303489e-02 -2.296606e-01 -2.201378e-01 1.428093e-01 -1.735040e-01 -1.542097e-01 1.499298e-01 2.361471e-01 3.835808e-02 -3.654543e-02 3.798801e-02 1.109237e-01 4.731415e-02 -8.558864e-02 -5.581686e-02 5.674261e-02 -6.754632e-02
<VARIANCE> 39
 4.139200e+00 1.026568e+01 9.598155e+00 1.373061e+01 2.439505e+01 1.715036e+01 1.857335e+01 1.714580e+01 2.362480e+01 2.482059e+01 3.809626e+01 3.757093e+01 1.087262e+00 5.219796e-01 7.270165e-01 6.851092e-01 1.213550e+00 9.697598e-01 7.717074e-01 9.086294e-01 9.566923e-01 1.309162e+00 1.175177e+00 1.338144e+00 1.241836e+00 9.284582e-02 4.949557e-02 4.573387e-02 9.588245e-02 8.014350e-02 1.357990e-01 1.434434e-01 1.560635e-01 1.412002e-01 1.814876e-01 1.920448e-01 1.991502e-01 1.870017e-01 7.208400e-03
<GCONST> 7.251768e+01
<STATE> 4
<MEAN> 39
 -2.658636e-01 -1.130975e+01 -7.977717e+00 -8.561727e+00 -5.377284e+00 -8.944630e+00 -2.201953e+00 -4.232878e+00 6.461143e-01 -7.567028e+00 -3.909819e+00 -7.362307e+00 1.854906e+01 -5.527883e-01 -3.230026e-02 1.188434e+00 5.176670e-01 -5.917856e-01 2.943813e-02 6.830158e-01 -1.587787e-01 -6.804218e-01 -3.919896e-01 1.340151e-01 2.576250e-01 -2.039415e-01 -8.726034e-02 3.019555e-01 6.139402e-04 -2.178136e-01 1.358073e-01 2.153411e-01 1.404153e-02 -2.457105e-01 -1.510037e-01 1.212267e-01 1.773960e-01 3.069512e-02 -5.096896e-02
<VARIANCE> 39
 6.988888e+00 1.431505e+01 2.849976e+01 1.842480e+01 4.717996e+01 3.738043e+01 3.524651e+01 3.892625e+01 4.504662e+01 3.449899e+01 3.468109e+01 3.194036e+01 1.578165e+00 2.193866e-01 1.523670e+00 6.633246e-01 1.663607e+00 2.091219e+00 2.163116e+00 1.566078e+00 2.596769e+00 1.820195e+00 1.725764e+00 1.796187e+00 1.076655e+00 4.096877e-02 2.920101e-02 9.484988e-02 1.879171e-01 1.663173e-01 4.425389e-01 3.014724e-01 3.549795e-01 3.384140e-01 3.790625e-01 2.796638e-01 3.072103e-01 2.166485e-01 3.209661e-03
<GCONST> 8.840093e+01
<TRANSP> 5
 0.000000e+00 1.000000e+00 0.000000e+00 0.000000e+00 0.000000e+00
 0.000000e+00 7.025666e-01 2.974334e-01 0.000000e+00 0.000000e+00
 0.000000e+00 0.000000e+00 9.182495e-01 8.175044e-02 0.000000e+00
 0.000000e+00 0.000000e+00 0.000000e+00 8.714032e-01 1.285968e-01
 0.000000e+00 0.000000e+00 0.000000e+00 0.000000e+00 0.000000e+00
<ENDHMM>
~h "zero"
<BEGINHMM>
<NUMSTATES> 5
<STATE> 2
<MEAN> 39
 -6.852919e+00 -1.895799e+00 -4.586169e+00 -7.680075e+00 -2.513562e+00 -4.672210e+00 -2.832203e+00 -8.908665e+00 -3.636453e+00 -4.169712e+00 1.329310e-01 -4.375340e+00 1.565291e+01 2.806402e-01 1.045340e+00 9.710454e-01 -1.155342e+00 -8.273550e-01 -1.404591e+00 -6.262855e-01 -6.011035e-01 3.211673e-01 3.346401e-01 -1.322510e-01 -2.387715e-01 4.905328e-01 3.786250e-02 9.679864e-02 1.842950e-01 -3.601912e-01 -1.735409e-01 -2.331428e-01 3.278736e-03 -2.364164e-02 1.694208e-01 1.363405e-03 3.105435e-02 -8.994649e-02 9.277515e-02
<VARIANCE> 39
 6.897120e+00 1.045163e+01 1.553074e+01 1.461951e+01 2.098895e+01 2.210607e+01 1.923480e+01 1.977410e+01 2.958018e+01 2.445122e+01 2.237218e+01 1.991893e+01 1.479883e+00 3.156515e-01 4.250122e-01 7.569510e-01 9.353645e-01 8.455079e-01 1.288176e+00 9.702538e-01 1.180368e+00 1.341337e+00 9.783892e-01 1.203892e+00 1.528472e+00 4.250424e-02 4.659151e-02 1.027230e-01 1.271888e-01 1.080098e-01 1.312203e-01 2.170429e-01 1.590111e-01 1.926727e-01 1.620690e-01 1.501957e-01 1.803324e-01 1.680518e-01 6.425440e-03
<GCONST> 7.319373e+01
<STATE> 3
<MEAN> 39
 -5.561447e+00 3.166247e-01 9.440261e-01 -1.693507e+01 -7.856745e+00 -9.191183e+00 -4.572916e+00 -8.444531e+00 1.731804e-01 -3.748080e+00 1.710381e-01 -6.830290e+00 1.840710e+01 3.373803e-01 -7.421856e-01 4.422072e-01 -1.716732e-01 -1.080063e+00 2.625066e-01 2.049787e-01 1.948461e-01 3.210353e-01 -7.725278e-02 4.337896e-02 -1.248542e-01 1.664476e-01 5.149357e-02 -2.691399e-01 -1.736342e-01 3.716604e-01 1.645645e-02 1.357395e-01 1.949617e-01 5.556744e-02 -8.659587e-02 -4.433395e-02 -1.245981e-02 7.148292e-02 -6.443015e-02
<VARIANCE> 39
 7.430329e+00 2.060767e+01 1.739141e+01 2.628737e+01 5.927729e+01 4.049652e+01 3.221893e+01 4.421036e+01 3.111582e+01 3.033211e+01 3.453395e+01 5.111607e+01 1.093614e+00 4.425147e-01 1.627471e+00 8.040013e-01 2.615979e+00 1.742141e+00 2.529899e+00 1.684900e+00 1.421241e+00 1.341276e+00 1.178458e+00 1.107553e+00 1.320788e+00 6.305569e-02 5.151902e-02 1.128788e-01 1.260586e-01 1.802797e-01 2.453718e-01 4.090820e-01 2.257577e-01 2.479064e-01 2.120970e-01 1.746555e-01 1.724537e-01 2.174440e-01 4.556395e-03
<GCONST> 8.705651e+01
<STATE> 4
<MEAN> 39
 -1.604737e+00 -1.051286e+01 -4.389169e+00 -9.817011e+00 -9.686594e+00 -8.037279e+00 5.588447e-01 -4.106647e+00 -1.749862e-01 -6.699435e+00 -1.003822e+00 -5.666616e+00 1.854225e+01 8.296839e-02 1.090643e-02 -5.494848e-01 1.636819e-01 6.660737e-01 -1.770477e-01 -1.618940e-02 2.072668e-01 -6.447839e-02 -1.487362e-01 -9.263267e-02 -7.439543e-03 -5.365978e-02 -5.978716e-02 1.431499e-01 6.300581e-02 -8.615880e-02 8.704853e-02 4.104904e-02 -9.755933e-02 -8.202691e-02 -2.057632e-02 3.421893e-02 2.039536e-02 -8.778107e-03 -1.775777e-02
<VARIANCE> 39
 6.464649e+00 1.774445e+01 2.653087e+01 2.680242e+01 6.271739e+01 5.437461e+01 3.558193e+01 3.644537e+01 4.418860e+01 3.497373e+01 2.490717e+01 3.291721e+01 1.494824e+00 2.247495e-01 8.381430e-01 6.307043e-01 1.038256e+00 1.227746e+00 1.669737e+00 1.529514e+00 1.766648e+00 1.573387e+00 1.377162e+00 1.023350e+00 9.265069e-01 1.577068e-02 2.391067e-02 3.502680e-02 7.642449e-02 1.110492e-01 1.911674e-01 2.326865e-01 1.870197e-01 1.959367e-01 2.165271e-01 1.823214e-01 1.466905e-01 1.334442e-01 1.766963e-03
<GCONST> 7.715493e+01
<TRANSP> 5
 0.000000e+00 1.000000e+00 0.000000e+00 0.000000e+00 0.000000e+00
 0.000000e+00 7.338817e-01 2.661183e-01 0.000000e+00 0.000000e+00
 0.000000e+00 0.000000e+00 8.922295e-01 1.077705e-01 0.000000e+00
 0.000000e+00 0.000000e+00 0.000000e+00 9.397953e-01 6.020475e-02
 0.000000e+00 0.000000e+00 0.000000e+00 0.000000e+00 0.000000e+00
<ENDHMM>
