~o
<STREAMINFO> 1 39
<VECSIZE> 39<NULLD><MFCC_E_D_A><DIAGC>
~s "silst"
<MEAN> 39
 -5.111030e+00 -3.725340e+00 -3.239262e+00 -8.833687e+00 -1.265197e+00 -5.773123e+00 -1.832409e+00 -9.464976e+00 -3.495016e+00 -6.421558e+00 -3.714353e-01 -5.629395e+00 1.584698e+01 -6.670658e-01 -4.429907e-01 -4.567564e-01 1.608863e-01 3.046890e-01 7.038780e-01 3.756877e-01 1.079729e-01 1.462421e-01 1.493512e-01 3.362438e-01 3.765957e-01 -3.632690e-01 -2.410851e-02 -7.085969e-02 -1.070195e-01 -1.278325e-01 -9.528942e-02 -7.115354e-02 -5.028987e-04 7.345024e-02 3.695956e-02 9.439724e-03 -1.548822e-02 2.566564e-03 2.715459e-02
<VARIANCE> 39
 1.124880e+01 1.088588e+01 1.335389e+01 1.333693e+01 2.075460e+01 2.468551e+01 2.376463e+01 2.484525e+01 2.789920e+01 2.729515e+01 2.584501e+01 2.363785e+01 2.018972e+00 3.750160e-01 7.326490e-01 8.199447e-01 8.097352e-01 1.147868e+00 1.285021e+00 1.253687e+00 1.300700e+00 1.408284e+00 1.281604e+00 1.254689e+00 1.115500e+00 5.112895e-02 7.043480e-02 9.931495e-02 1.071778e-01 1.132366e-01 1.577324e-01 2.190728e-01 1.938174e-01 1.882029e-01 2.103807e-01 1.854764e-01 1.828655e-01 1.529415e-01 9.224620e-03
<GCONST> 7.761291e+01
~h "eight"
<BEGINHMM>
<NUMSTATES> 5
<STATE> 2
<MEAN> 39
 -8.240511e+00 -2.834501e+00 -5.897926e+00 -1.832495e+01 1.611186e-01 -4.984730e+00 8.534583e-01 -6.732255e+00 -1.562912e+00 -7.435559e+00 -1.721610e+00 -5.773266e+00 1.743351e+01 -1.656488e-01 1.032842e+00 -8.821405e-02 -1.035616e+00 -5.947608e-02 -6.174753e-01 7.455847e-02 4.589794e-01 3.890511e-01 1.298553e-02 -1.631557e-01 -2.351407e-01 3.242797e-01 2.928581e-02 8.475914e-02 7.705010e-03 1.448978e-01 -6.073748e-02 -1.917273e-01 -8.520186e-02 -2.684322e-02 2.170604e-02 9.457100e-02 1.142711e-01 2.998298e-03 -1.783635e-02
<VARIANCE> 39
 7.974596e+00 2.065349e+01 1.883179e+01 3.166009e+01 4.157810e+01 2.216586e+01 2.489802e+01 2.267526e+01 3.078563e+01 2.313619e+01 2.481094e+01 2.557351e+01 3.257668e+00 3.390505e-01 7.376216e-01 6.486675e-01 1.301036e+00 1.202681e+00 1.371793e+00 1.445761e+00 9.880154e-01 1.331844e+00 1.128980e+00 1.095093e+00 9.570238e-01 1.032379e-01 4.119363e-02 7.952468e-02 7.472943e-02 1.932549e-01 1.355935e-01 1.655205e-01 1.472786e-01 1.684583e-01 2.268251e-01 1.607571e-01 1.702515e-01 1.461760e-01 1.274475e-02
<GCONST> 7.920267e+01
<STATE> 3
<MEAN> 39
 -8.363839e+00 5.948647e+00 -5.448110e+00 -1.887769e+01 -2.909102e+00 -1.410465e+01 -1.864628e+00 -6.296383e+00 6.005406e-01 -3.944140e+00 8.869515e-01 -5.597792e+00 1.851296e+01 1.232849e-01 3.939294e-01 2.096990e-01 8.691667e-01 1.849580e-02 -8.150142e-01 -5.999916e-01 -8.485656e-01 -4.267052e-01 2.483830e-01 4.192709e-01 2.304968e-01 -9.068317e-02 5.081132e-02 -3.082371e-01 2.027248e-02 1.756855e-01 9.025113e-02 3.104606e-01 3.492874e-02 -1.280431e-01 -1.883083e-01 -1.516989e-01 -8.300896e-02 3.180737e-02 -6.466947e-02
<VARIANCE> 39
 9.888083e+00 1.134534e+01 2.468672e+01 2.740739e+01 2.025263e+01 2.304661e+01 5.649684e+01 2.825584e+01 3.133530e+01 2.240170e+01 3.278529e+01 2.552031e+01 1.496438e+00 1.911564e-01 6.115325e-01 2.692934e-01 6.274289e-01 8.022639e-01 1.104902e+00 7.481804e-01 8.049730e-01 1.732639e+00 1.070466e+00 1.204255e+00 8.636813e-01 2.887043e-02 2.840209e-02 7.724869e-02 5.018802e-02 1.017164e-01 8.224592e-02 1.606210e-01 1.439415e-01 1.452058e-01 1.774543e-01 1.416946e-01 1.841203e-01 1.403812e-01 3.529143e-03
<GCONST> 7.010247e+01
<STATE> 4
<MEAN> 39
 -6.846817e+00 3.159780e-01 -4.030265e+00 -1.186240e+01 -1.031747e+00 -1.100721e+01 -3.952934e+00 -1.166088e+01 -4.671321e+00 -5.890950e+00 7.644110e-01 -4.520895e+00 1.633827e+01 1.815328e-01 -1.924744e+00 -4.831101e-02 8.412368e-01 2.036415e-01 1.693092e+00 3.996016e-01 9.412197e-02 -2.399511e-01 -3.517027e-01 -1.135832e-01 9.824477e-02 -4.803320e-01 -8.618144e-02 -2.949234e-02 -1.081980e-01 -1.522783e-01 -6.192482e-02 8.305477e-02 1.814134e-01 2.656117e-01 2.253450e-01 8.888262e-02 3.721767e-02 -3.259590e-02 6.938773e-03
<VARIANCE> 39
 5.760228e+00 3.261673e+01 1.408840e+01 1.794618e+01 1.579429e+01 3.828278e+01 3.120199e+01 2.409879e+01 3.658401e+01 2.643027e+01 2.461572e+01 2.294124e+01 2.728187e+00 3.649859e-01 6.893888e-01 6.397504e-01 1.052113e+00 6.562818e-01 1.189457e+00 1.781242e+00 1.451634e+00 2.078040e+00 1.227057e+00 1.391837e+00 1.148198e+00 3.479745e-02 4.080948e-02 2.547207e-01 6.950442e-02 1.162385e-01 9.464162e-02 3.285573e-01 1.865763e-01 1.996742e-01 2.838060e-01 1.702615e-01 1.965006e-01 1.926670e-01 1.068635e-02
<GCONST> 7.967224e+01
<TRANSP> 5
 0.000000e+00 1.000000e+00 0.000000e+00 0.000000e+00 0.000000e+00
 0.000000e+00 8.711734e-01 1.288266e-01 0.000000e+00 0.000000e+00
 0.000000e+00 0.000000e+00 8.604289e-01 1.395711e-01 0.000000e+00
 0.000000e+00 0.000000e+00 0.000000e+00 8.145530e-01 1.854470e-01
 0.000000e+00 0.000000e+00 0.000000e+00 0.000000e+00 0.000000e+00
<ENDHMM>
~h "oh"
<BEGINHMM>
<NUMSTATES> 5
<STATE> 2
<MEAN> 39
 -4.364568e+00 -1.036639e+01 -8.360014e+00 -8.618753e+00 -2.645699e+00 -7.684631e+00 3.575169e+00 -7.327573e+00 -5.222965e+00 -7.125015e+00 -2.429211e+00 -5.412361e+00 1.781928e+01 5.465388e-01 -2.060807e-01 -6.073145e-01 1.643005e-01 8.748561e-02 -7.007486e-01 1.369112e-01 7.324325e-01 -1.511566e-02 -4.323225e-01 -4.165898e-01 -1.510540e-01 3.545632e-01 1.003360e-02 1.024879e-01 1.513364e-03 -5.046796e-02 3.631917e-02 -1.249508e-02 -1.508237e-01 6.525775e-03 1.338013e-01 2.642530e-02 -1.084358e-02 -2.826968e-02 -2.115751e-02
<VARIANCE> 39
 8.758190e+00 1.232518e+01 1.647307e+01 1.804717e+01 2.295809e+01 2.450729e+01 3.058986e+01 6.445903e+01 3.810822e+01 3.386912e+01 2.707468e+01 3.147250e+01 3.030106e+00 2.987859e-01 5.805460e-01 6.330481e-01 6.425375e-01 6.862884e-01 9.284022e-01 1.330584e+00 1.793217e+00 1.562211e+00 1.265666e+00 1.246071e+00 1.056766e+00 9.506741e-02 4.004591e-02 6.325335e-02 7.502124e-02 7.952628e-02 9.161366e-02 1.291690e-01 1.559201e-01 2.158700e-01 1.871559e-01 1.975128e-01 1.844609e-01 1.406216e-01 1.345309e-02
<GCONST> 7.717682e+01
<STATE> 3
<MEAN> 39
 -5.504481e-01 -8.211222e+00 -1.324809e+01 -9.971942e+00 -6.987129e-01 -1.211788e+01 -8.775749e-01 -6.641014e-01 1.445571e-01 -8.216237e+00 -5.136173e+00 -6.561499e+00 1.904307e+01 2.215759e-01 4.055912e-01 -2.243430e-02 -3.497133e-01 -3.742876e-02 2.961499e-04 -6.830485e-01 -2.575394e-01 6.666923e-01 6.054520e-01 -2.892716e-02 -3.590196e-01 -9.924981e-03 -4.147791e-02 2.433876e-02 1.026925e-01 -2.124633e-02 -5.818488e-02 9.459009e-02 1.452789e-02 -1.587758e-01 -8.253176e-02 9.234989e-02 1.231425e-01 1.072943e-02 -2.540304e-02
<VARIANCE> 39
 6.112902e+00 8.430089e+00 1.494884e+01 1.471931e+01 1.915554e+01 2.198732e+01 4.188888e+01 2.887402e+01 3.922385e+01 3.597964e+01 3.208287e+01 4.008588e+01 1.218040e+00 8.098800e-02 1.378680e-01 2.643102e-01 2.771960e-01 3.869568e-01 5.150233e-01 7.190986e-01 1.015365e+00 7.312030e-01 8.500201e-01 7.985414e-01 6.956109e-01 1.329210e-02 1.119150e-02 1.430000e-02 3.332578e-02 3.318784e-02 4.672503e-02 6.843885e-02 7.817794e-02 9.585815e-02 1.059146e-01 1.010907e-01 9.224227e-02 8.873671e-02 1.205601e-03
<GCONST> 5.209384e+01
<STATE> 4
<MEAN> 39
 1.774184e-01 -3.729225e+00 -9.871089e+00 -1.348374e+01 -3.367018e+00 -1.006741e+01 -4.928398e+00 -7.405016e+00 9.949932e-01 -2.361830e+00 -1.366908e-01 -6.967083e+00 1.844334e+01 -3.558578e-01 2.826080e-01 8.548015e-01 1.612666e-01 -2.120456e-01 3.755645e-01 2.187691e-01 -5.651616e-01 -5.872020e-01 -1.123925e-01 5.026320e-01 4.153267e-01 -2.336449e-01 -1.321788e-01 -1.068198e-01 4.955957e-02 1.416982e-01 1.096903e-01 8.547192e-02 1.850893e-01 8.640233e-02 -1.030175e-01 -1.816222e-01 -7.896691e-02 7.794441e-02 -4.470333e-02
<VARIANCE> 39
 6.282457e+00 7.055852e+00 1.867774e+01 1.564387e+01 1.895920e+01 2.846397e+01 3.122967e+01 2.747299e+01 3.065375e+01 3.702287e+01 3.938216e+01 3.663383e+01 1.757745e+00 2.411304e-01 3.587760e-01 4.240782e-01 5.909280e-01 6.950831e-01 8.784966e-01 1.174687e+00 1.231636e+00 1.199890e+00 1.294921e+00 1.203621e+00 1.026599e+00 3.101444e-02 2.301688e-02 3.318963e-02 6.570049e-02 6.563418e-02 9.809332e-02 1.576138e-01 1.651781e-01 1.870900e-01 2.028534e-01 1.910128e-01 1.709478e-01 1.638506e-01 2.738941e-03
<GCONST> 6.929225e+01
<TRANSP> 5
 0.000000e+00 1.000000e+00 0.000000e+00 0.000000e+00 0.000000e+00
 0.000000e+00 8.827806e-01 1.172194e-01 0.000000e+00 0.000000e+00
 0.000000e+00 0.000000e+00 8.916380e-01 1.083620e-01 0.000000e+00
 0.000000e+00 0.000000e+00 0.000000e+00 8.562538e-01 1.437462e-01
 0.000000e+00 0.000000e+00 0.000000e+00 0.000000e+00 0.000000e+00
<ENDHMM>
~h "sp"
<BEGINHMM>
<NUMSTATES> 5
<STATE> 2
~s "silst"
<STATE> 3
<MEAN> 39
 -7.703146e+00 -6.479218e+00 -6.096593e+00 -9.712935e+00 -1.333398e+00 -4.075188e+00 -6.296157e-01 -8.572261e+00 -2.836882e+00 -5.612432e+00 9.592630e-01 -4.091439e+00 1.480098e+01 -9.875802e-02 -1.798305e-02 -1.129784e-01 -5.663047e-03 -2.985806e-02 2.968190e-02 -7.430169e-03 3.491730e-02 1.767394e-03 2.047728e-02 3.539481e-02 4.024588e-02 -1.353593e-02 6.076547e-02 8.232248e-02 6.113069e-02 -1.085811e-02 -9.204667e-03 -5.629246e-02 -4.138337e-02 -1.820507e-02 -9.083360e-03 -1.618454e-02 -3.328139e-02 -3.209585e-02 4.406065e-02
<VARIANCE> 39
 5.192024e+00 5.795259e+00 8.352064e+00 9.996559e+00 1.421361e+01 1.532721e+01 1.543571e+01 1.656958e+01 1.761989e+01 1.632142e+01 1.592191e+01 1.370963e+01 1.092158e+00 1.553262e-01 2.326366e-01 3.563218e-01 4.276967e-01 5.670281e-01 6.770955e-01 6.508137e-01 7.182993e-01 7.390518e-01 6.605859e-01 6.498267e-01 5.698114e-01 7.299204e-03 3.290758e-02 5.290180e-02 7.078304e-02 9.023350e-02 1.137157e-01 1.429396e-01 1.318920e-01 1.437299e-01 1.467196e-01 1.250595e-01 1.239026e-01 1.143919e-01 4.087892e-03
<GCONST> 5.477354e+01
<STATE> 4
<MEAN> 39
 -8.576341e+00 -4.918630e+00 -6.310386e+00 -8.972169e+00 -2.042723e+00 -3.783411e+00 -1.076897e+00 -8.406653e+00 -2.902793e+00 -5.460269e+00 6.384115e-01 -4.045423e+00 1.505151e+01 2.579081e-01 1.873622e-01 8.859243e-02 -1.322287e-01 -1.679907e-01 -2.854867e-01 -8.143007e-02 7.306659e-02 -3.783855e-02 -5.080619e-02 -2.009452e-01 -7.497516e-02 2.126374e-01 2.163239e-01 6.341747e-03 6.289242e-02 -1.495328e-01 -1.233131e-01 -2.105430e-01 -8.702488e-03 1.734845e-02 6.691958e-03 -2.771890e-03 -1.010265e-01 -8.302103e-02 1.093070e-01
<VARIANCE> 39
 1.201752e+01 1.157219e+01 1.729088e+01 1.575652e+01 1.935407e+01 1.882389e+01 1.807094e+01 2.024848e+01 2.111537e+01 1.986761e+01 1.873298e+01 1.699584e+01 1.496279e+00 5.796841e-01 5.287552e-01 7.281927e-01 7.868264e-01 9.384333e-01 9.796865e-01 8.464839e-01 1.172784e+00 1.037277e+00 9.191568e-01 9.402067e-01 7.567335e-01 5.196201e-02 7.095823e-02 1.103818e-01 1.692893e-01 1.455720e-01 1.978040e-01 1.911006e-01 1.668520e-01 2.246189e-01 2.033233e-01 1.788132e-01 1.806486e-01 1.542629e-01 9.468106e-03
<GCONST> 7.438259e+01
<TRANSP> 5
 0.000000e+00 8.117418e-01 1.882582e-01 0.000000e+00 0.000000e+00
 0.000000e+00 7.944461e-01 2.055540e-01 0.000000e+00 0.000000e+00
 0.000000e+00 0.000000e+00 8.492939e-01 1.507061e-01 0.000000e+00
 0.000000e+00 0.000000e+00 0.000000e+00 5.787436e-01 4.212564e-01
 0.000000e+00 0.000000e+00 0.000000e+00 0.000000e+00 0.000000e+00
<ENDHMM>
~h "seven"
<BEGINHMM>
<NUMSTATES> 5
<STATE> 2
<MEAN> 39
 -7.631905e+00 -4.399666e+00 -6.055984e+00 -9.625301e+00 -3.566458e+00 -4.807094e+00 -5.715796e-01 -8.178261e+00 -2.411271e+00 -4.344379e+00 -4.024828e-01 -3.870751e+00 1.548080e+01 8.762453e-01 1.124181e-01 7.083749e-01 -1.377170e+00 -1.099287e+00 -8.641821e-01 9.450539e-01 -1.044693e-01 3.581563e-01 2.457078e-02 -7.771015e-01 -6.845168e-01 6.770045e-01 2.332317e-02 -1.088837e-01 -5.830219e-02 -2.580380e-01 -1.820982e-01 7.587732e-02 2.548144e-01 6.162392e-02 -1.016716e-02 -1.380553e-01 -1.695682e-01 -1.554071e-01 1.329886e-01
<VARIANCE> 39
 9.670985e+00 6.327331e+00 1.248825e+01 1.213109e+01 1.958211e+01 2.157824e+01 1.806173e+01 1.870880e+01 1.822196e+01 2.578625e+01 1.774448e+01 1.612287e+01 2.307675e+00 4.584675e-01 4.351166e-01 6.438906e-01 9.569421e-01 1.280785e+00 1.610235e+00 1.338838e+00 1.204726e+00 1.220611e+00 2.335939e+00 1.086509e+00 1.189593e+00 7.411419e-02 8.209206e-02 5.433551e-02 9.875897e-02 1.217484e-01 2.162739e-01 2.127131e-01 1.564516e-01 1.553244e-01 1.624663e-01 1.968984e-01 1.395969e-01 1.852769e-01 1.125848e-02
<GCONST> 7.492023e+01
<STATE> 3
<MEAN> 39
 -5.749479e+00 -7.468841e+00 -5.357229e+00 -1.620470e+01 -6.163597e+00 -4.393240e+00 5.023641e+00 -8.667181e+00 -2.703628e+00 -7.102420e+00 -4.195769e+00 -6.590881e+00 1.904245e+01 1.340050e-01 -3.008481e-01 7.033490e-02 1.437196e-01 3.598017e-02 -3.202739e-02 1.921571e-01 2.610627e-01 -3.430840e-01 -4.461320e-02 -3.583869e-03 -4.879630e-02 8.287130e-02 -2.153827e-02 1.006845e-01 3.608316e-02 3.162505e-01 1.456954e-01 -7.240981e-02 -2.813043e-01 4.859821e-02 -1.817757e-02 3.629735e-02 2.019421e-01 6.515894e-02 -1.358434e-01
<VARIANCE> 39
 9.505006e+00 1.196764e+01 8.998164e+00 1.772883e+01 4.804003e+01 3.854279e+01 3.172677e+01 3.883652e+01 4.852589e+01 5.840049e+01 3.326954e+01 3.282098e+01 1.194728e+00 3.976218e-01 5.740963e-01 4.492373e-01 1.330444e+00 1.496584e+00 1.584110e+00 1.630678e+00 1.055593e+00 1.282257e+00 1.724766e+00 1.747899e+00 1.235423e+00 1.776822e-01 8.159195e-02 8.605991e-02 8.970576e-02 1.106350e-01 2.644643e-01 2.648367e-01 1.733398e-01 1.623297e-01 2.078300e-01 2.427941e-01 2.313924e-01 1.898657e-01 5.548569e-03
<GCONST> 8.339034e+01
<STATE> 4
<MEAN> 39
 -3.252930e+00 -4.140495e+00 -2.038251e+00 -9.796736e+00 -3.961203e+00 -7.907040e+00 -4.626891e-01 -7.894420e+00 -3.877731e+00 -6.626592e+00 -1.620388e+00 -6.936722e+00 1.713596e+01 1.045776e-01 3.666567e-01 2.291942e-01 2.344826e-01 3.758444e-01 -3.146769e-02 -4.241572e-01 -3.487871e-01 3.127598e-02 -7.007916e-02 8.098640e-02 -1.510116e-02 -8.790984e-02 -4.003245e-02 -5.786108e-02 -5.430946e-02 -7.351115e-02 1.791177e-03 1.091716e-01 9.054667e-02 -4.292696e-02 -6.443663e-04 -5.255612e-04 -4.309753e-02 3.101648e-02 1.946177e-02
<VARIANCE> 39
 4.902462e+00 1.044762e+01 1.001903e+01 1.375438e+01 2.822016e+01 3.242590e+01 2.624644e+01 4.096810e+01 3.229146e+01 3.542530e+01 3.233569e+01 2.886263e+01 1.687170e+00 1.922150e-01 4.146456e-01 4.782527e-01 9.042553e-01 1.391812e+00 1.173654e+00 1.647565e+00 1.271292e+00 1.389287e+00 1.388439e+00 1.263875e+00 9.334604e-01 8.923975e-02 3.490666e-02 7.893254e-02 8.608676e-02 1.529936e-01 2.481368e-01 2.054774e-01 2.862003e-01 2.265455e-01 2.301171e-01 2.387439e-01 2.141204e-01 1.482866e-01 1.490455e-02
<GCONST> 7.851717e+01
<TRANSP> 5
 0.000000e+00 1.000000e+00 0.000000e+00 0.000000e+00 0.000000e+00
 0.000000e+00 7.200521e-01 2.799479e-01 0.000000e+00 0.000000e+00
 0.000000e+00 0.000000e+00 8.924294e-01 1.075705e-01 0.000000e+00
 0.000000e+00 0.000000e+00 0.000000e+00 9.308780e-01 6.912196e-02
 0.000000e+00 0.000000e+00 0.000000e+00 0.000000e+00 0.000000e+00
<ENDHMM>
~h "three"
<BEGINHMM>
<NUMSTATES> 5
<STATE> 2
<MEAN> 39
 -3.299919e+00 -6.769132e+00 -7.952831e-01 -8.921042e+00 -9.426030e+00 -1.095827e+01 -1.385427e+00 -8.511908e+00 -2.051569e+00 -5.268810e+00 -2.788709e-01 -5.235421e+00 1.721719e+01 5.971621e-01 -2.218529e-01 9.344204e-01 -8.181879e-02 -1.708091e+00 -3.263513e-01 -1.480211e-01 -2.307530e-01 3.453584e-01 1.097042e-01 -5.800891e-02 -2.456181e-01 3.917901e-01 -1.581486e-01 7.721058e-02 3.319638e-02 -2.688192e-01 1.155993e-01 3.193862e-01 -1.157523e-01 -2.208778e-02 1.074103e-01 1.913687e-03 4.809575e-02 3.914251e-03 -2.369907e-02
<VARIANCE> 39
 1.256653e+01 1.246728e+01 1.566569e+01 2.949099e+01 4.917914e+01 4.930238e+01 2.313067e+01 2.475620e+01 2.798145e+01 2.558680e+01 3.209582e+01 3.123438e+01 2.814885e+00 6.941130e-01 6.164848e-01 8.036799e-01 1.753115e+00 1.826355e+00 3.088238e+00 1.325620e+00 1.525547e+00 1.261465e+00 1.106439e+00 1.400681e+00 1.313852e+00 5.779675e-02 1.217555e-01 1.402094e-01 1.309197e-01 3.167342e-01 4.245256e-01 4.441706e-01 2.711681e-01 2.316502e-01 1.922636e-01 1.835524e-01 2.006105e-01 1.988059e-01 1.058088e-02
<GCONST> 8.874632e+01
<STATE> 3
<MEAN> 39
 -4.341093e+00 -5.002072e+00 5.676259e+00 -1.739773e+01 -1.436619e+01 -4.214393e+00 -7.083738e+00 -9.706072e+00 2.280364e+00 -5.462051e+00 1.088166e+00 -5.893950e+00 1.869192e+01 -8.751749e-01 1.664085e+00 7.858332e-02 -2.057501e+00 1.987703e+00 4.426194e-01 -1.718407e+00 8.033903e-01 -9.972161e-02 -2.774485e-01 1.668751e-01 -2.317587e-02 1.200515e-02 -2.535003e-02 2.413521e-01 -4.738107e-01 3.524176e-01 6.208933e-01 -6.560848e-01 2.305270e-01 1.901470e-01 -4.030707e-01 2.464238e-02 -4.407368e-02 5.051951e-02 -6.085945e-02
<VARIANCE> 39
 7.397938e+00 2.119511e+01 1.130075e+01 3.910650e+01 5.433275e+01 3.125995e+01 4.881843e+01 5.910051e+01 2.299413e+01 2.821771e+01 4.044093e+01 2.984514e+01 1.264569e+00 2.639762e-01 7.386805e-01 1.054253e+00 1.376592e+00 2.089117e+00 3.642846e+00 1.479476e+00 1.640620e+00 1.485342e+00 9.427860e-01 7.628089e-01 8.472193e-01 2.266582e-02 5.607225e-02 1.261161e-01 9.200724e-02 3.327419e-01 4.237418e-01 2.681501e-01 5.011825e-01 3.246950e-01 1.444915e-01 1.577070e-01 1.394544e-01 1.099319e-01 2.361071e-03
<GCONST> 8.336462e+01
<STATE> 4
<MEAN> 39
 -6.817698e+00 3.923897e+00 -1.291654e+00 -1.689324e+01 -1.550912e+00 -1.221723e+01 -5.959448e+00 -7.850342e+00 -3.312681e+00 -5.037284e+00 -1.264514e-01 -6.254562e+00 1.793236e+01 9.969376e-02 6.055913e-02 -6.287948e-01 9.120466e-01 5.845022e-01 -2.735952e-01 6.897987e-01 -3.052370e-01 -3.842479e-01 3.592362e-03 -2.017248e-01 -7.182825e-08 -1.733658e-01 8.001384e-02 -3.185319e-01 7.412697e-02 1.373827e-01 -2.554903e-01 2.779941e-01 9.259894e-02 -6.927297e-02 1.303174e-01 -2.334603e-02 1.214167e-02 1.203105e-02 -2.664932e-02
<VARIANCE> 39
 7.414642e+00 1.598071e+01 1.758948e+01 3.124818e+01 2.381221e+01 2.695423e+01 4.872740e+01 4.666553e+01 3.217749e+01 3.999342e+01 4.058806e+01 3.644398e+01 1.606598e+00 2.446035e-01 1.502257e+00 6.568608e-01 8.763608e-01 1.491948e+00 2.227859e+00 1.282611e+00 1.523912e+00 1.259626e+00 1.190940e+00 8.119320e-01 8.329704e-01 2.410328e-02 3.793816e-02 9.230080e-02 7.724787e-02 1.873837e-01 1.800572e-01 1.843146e-01 2.493435e-01 2.379948e-01 1.706331e-01 1.609383e-01 1.313545e-01 1.287449e-01 2.554826e-03
<GCONST> 7.873082e+01
<TRANSP> 5
 0.000000e+00 1.000000e+00 0.000000e+00 0.000000e+00 0.000000e+00
 0.000000e+00 8.716512e-01 1.283487e-01 0.000000e+00 0.000000e+00
 0.000000e+00 0.000000e+00 7.846730e-01 2.153269e-01 0.000000e+00
 0.000000e+00 0.000000e+00 0.000000e+00 8.960704e-01 1.039296e-01
 0.000000e+00 0.000000e+00 0.000000e+00 0.000000e+00 0.000000e+00
<ENDHMM>
~h "one"
<BEGINHMM>
<NUMSTATES> 5
<STATE> 2
<MEAN> 39
 -5.885858e-01 -3.788170e+00 -9.266486e+00 -1.280539e+01 -1.652198e+00 -5.565969e+00 -2.023465e+00 -8.864847e+00 -2.704348e+00 -6.728579e+00 -1.541702e+00 -7.283073e+00 1.773651e+01 2.790219e-01 -4.022789e-01 -8.674381e-01 4.560010e-01 4.845491e-01 3.673414e-02 -2.919746e-01 2.272119e-01 2.016926e-01 -3.074853e-01 -3.896047e-01 -2.706971e-01 2.376751e-01 -1.176762e-01 -1.449117e-01 5.393879e-02 2.630997e-01 6.883841e-03 -1.159344e-01 -1.397356e-02 9.329249e-02 -1.153774e-02 -9.030092e-02 1.120854e-02 8.230325e-02 -2.061334e-02
<VARIANCE> 39
 7.695840e+00 9.283330e+00 2.887656e+01 2.285944e+01 2.884497e+01 2.530025e+01 2.282518e+01 2.061928e+01 2.825702e+01 2.392162e+01 2.965602e+01 2.873251e+01 2.291413e+00 4.576416e-01 8.009375e-01 8.764261e-01 2.243994e+00 1.371546e+00 1.443287e+00 1.265827e+00 1.066381e+00 1.134841e+00 1.022933e+00 1.095638e+00 1.044451e+00 4.806318e-02 4.528723e-02 6.178996e-02 1.906616e-01 2.175158e-01 2.624366e-01 2.518327e-01 2.368381e-01 1.809255e-01 2.007274e-01 1.694734e-01 1.889151e-01 1.838780e-01 5.050573e-03
<GCONST> 8.022533e+01
<STATE> 3
<MEAN> 39
 -2.386959e+00 -1.071724e+01 -1.085828e+01 -1.682932e+00 -5.000094e-01 -9.488103e+00 -2.389802e+00 -4.238694e+00 -3.580092e+00 -1.170809e+01 -2.358474e+00 -6.072168e+00 1.853727e+01 -6.076742e-01 -3.648612e-01 1.344166e+00 5.545583e-01 -1.352766e+00 -3.129694e-01 1.190326e+00 -1.040571e-01 -9.180009e-01 -8.007033e-02 5.818284e-01 1.128128e-01 -4.988587e-02 2.515169e-02 3.147426e-01 2.484226e-01 -5.820611e-01 -1.272847e-01 3.755493e-01 8.443506e-02 -4.352585e-01 5.265730e-03 3.772715e-01 4.044999e-02 -1.745745e-01 -2.977416e-02
<VARIANCE> 39
 6.180054e+00 9.642080e+00 1.875001e+01 2.369672e+01 2.723948e+01 1.741082e+01 3.793151e+01 3.161788e+01 4.647393e+01 3.760101e+01 3.389607e+01 3.335104e+01 1.544642e+00 1.547607e-01 5.213537e-01 6.054664e-01 1.850549e+00 7.365905e-01 1.730103e+00 1.006502e+00 2.257473e+00 1.174328e+00 1.872603e+00 1.030920e+00 1.294044e+00 8.517832e-03 2.389394e-02 5.257921e-02 1.012606e-01 1.222677e-01 2.887543e-01 1.530653e-01 3.803505e-01 1.789627e-01 3.372303e-01 2.018488e-01 2.675007e-01 1.689765e-01 8.592061e-04
<GCONST> 7.529310e+01
<STATE> 4
<MEAN> 39
 -4.095145e+00 -5.397597e+00 -1.622587e+00 -8.785448e+00 -3.968930e+00 -5.846371e+00 -1.736456e+00 -1.199501e+01 -4.589040e+00 -8.690167e+00 -2.609462e+00 -8.330838e+00 1.778113e+01 1.514368e-01 9.392291e-01 5.933306e-01 -7.009959e-01 4.280232e-01 -6.438664e-02 -6.063791e-01 -4.327552e-01 8.903518e-02 2.260650e-01 -1.723982e-01 5.539396e-02 -1.264749e-01 4.177189e-02 -7.021020e-02 -2.113058e-01 1.678173e-01 1.514345e-01 -6.603688e-02 -5.972196e-02 1.648201e-01 9.193638e-03 -1.137180e-01 1.272191e-02 7.382263e-02 -5.401629e-03
<VARIANCE> 39
 6.865949e+00 2.320642e+01 1.095506e+01 2.099647e+01 1.972375e+01 4.634028e+01 3.583933e+01 3.522606e+01 4.130621e+01 4.573783e+01 3.315201e+01 3.744609e+01 1.302564e+00 2.723435e-01 6.582252e-01 8.150515e-01 1.210870e+00 9.013463e-01 1.948391e+00 1.161333e+00 1.423561e+00 1.597259e+00 1.523226e+00 9.349151e-01 9.518090e-01 1.264786e-02 4.837363e-02 1.185186e-01 8.256051e-02 1.310840e-01 1.996310e-01 3.088652e-01 2.694013e-01 1.841667e-01 2.269024e-01 2.237170e-01 1.660076e-01 1.662996e-01 1.608475e-03
<GCONST> 7.833331e+01
<TRANSP> 5
 0.000000e+00 1.000000e+00 0.000000e+00 0.000000e+00 0.000000e+00
 0.000000e+00 8.986922e-01 1.013078e-01 0.000000e+00 0.000000e+00
 0.000000e+00 0.000000e+00 8.260605e-01 1.739395e-01 0.000000e+00
 0.000000e+00 0.000000e+00 0.000000e+00 8.865117e-01 1.134883e-01
 0.000000e+00 0.000000e+00 0.000000e+00 0.000000e+00 0.000000e+00
<ENDHMM>
~h "sil"
<BEGINHMM>
<NUMSTATES> 5
<STATE> 2
<MEAN> 39
 -6.783652e+00 -6.721509e+00 -5.089367e+00 -9.031492e+00 6.770806e-02 -3.314024e+00 1.761135e-01 -8.557117e+00 -2.611511e+00 -5.736910e+00 5.788738e-01 -4.311177e+00 1.462220e+01 -4.110928e-02 -4.381920e-03 -7.756269e-03 3.107756e-02 4.155425e-02 2.699607e-02 5.104624e-02 5.344221e-03 -1.825309e-02 7.533526e-03 1.226491e-02 7.730549e-03 -1.321177e-02 -2.652891e-02 -3.449311e-02 -7.595375e-02 -1.156803e-01 -1.279872e-01 -1.248805e-01 -6.229499e-02 -8.432240e-03 -2.340561e-02 8.378574e-03 3.647768e-02 3.120883e-02 1.846849e-03
<VARIANCE> 39
 3.732163e+00 4.426269e+00 6.115758e+00 7.581670e+00 1.182361e+01 1.366280e+01 1.482468e+01 1.643239e+01 1.582046e+01 1.379928e+01 1.590108e+01 1.314882e+01 1.168036e+00 8.135626e-02 1.615806e-01 2.752928e-01 3.760995e-01 4.966389e-01 6.602879e-01 6.866188e-01 7.202260e-01 7.000590e-01 5.808976e-01 6.393025e-01 5.612034e-01 5.281211e-03 1.121348e-02 2.435574e-02 4.089664e-02 4.973681e-02 6.938514e-02 1.005040e-01 1.070029e-01 1.317129e-01 1.121898e-01 9.264010e-02 1.055661e-01 9.829749e-02 6.496436e-04
<GCONST> 4.409074e+01
<STATE> 3
~s "silst"
<STATE> 4
<MEAN> 39
 -7.556729e+00 -7.339042e+00 -6.558382e+00 -1.115851e+01 -2.155881e+00 -5.371209e+00 -9.421359e-01 -8.620009e+00 -2.703822e+00 -5.443964e+00 1.396321e+00 -3.860085e+00 1.448549e+01 -1.963488e-03 8.393950e-03 -2.153969e-02 -2.251283e-02 -4.970518e-02 -1.829719e-02 -5.730012e-02 -7.473702e-03 -3.715967e-03 -7.015777e-03 -1.490823e-02 -1.362219e-02 -1.393315e-04 3.545913e-02 5.456024e-02 8.994977e-02 1.227427e-01 1.300190e-01 1.237900e-01 5.684409e-02 1.442315e-02 2.555287e-02 -1.431915e-02 -5.107187e-02 -3.804235e-02 8.076074e-03
<VARIANCE> 39
 3.467115e+00 4.084940e+00 6.371781e+00 7.723989e+00 1.127046e+01 1.252363e+01 1.490094e+01 1.584051e+01 1.755732e+01 1.522167e+01 1.512277e+01 1.335478e+01 1.002568e+00 7.415877e-02 1.649211e-01 2.829038e-01 4.122535e-01 5.032620e-01 6.719669e-01 5.940365e-01 7.348093e-01 7.031795e-01 6.002910e-01 6.935273e-01 6.130948e-01 3.122718e-03 1.384956e-02 2.845385e-02 4.195469e-02 5.611827e-02 7.226164e-02 1.075614e-01 1.044347e-01 1.267204e-01 1.317833e-01 1.048381e-01 1.169888e-01 1.104081e-01 1.020886e-03
<GCONST> 4.499339e+01
<TRANSP> 5
 0.000000e+00 1.000000e+00 0.000000e+00 0.000000e+00 0.000000e+00
 0.000000e+00 7.583632e-01 2.469653e-02 2.169402e-01 0.000000e+00
 0.000000e+00 0.000000e+00 8.280626e-01 1.719374e-01 0.000000e+00
 0.000000e+00 1.808490e-01 0.000000e+00 7.523276e-01 6.682341e-02
 0.000000e+00 0.000000e+00 0.000000e+00 0.000000e+00 0.000000e+00
<ENDHMM>
~h "six"
<BEGINHMM>
<NUMSTATES> 5
<STATE> 2
<MEAN> 39
 -8.698702e+00 -4.271096e+00 -7.013904e+00 -8.716883e+00 -3.076757e+00 -4.205048e+00 -1.955176e+00 -8.226748e+00 -3.556702e+00 -4.023921e+00 1.281343e-01 -3.139433e+00 1.494333e+01 6.765467e-01 6.752645e-01 1.195475e+00 -1.369427e+00 -1.148071e+00 -1.203708e+00 3.973754e-02 -1.351798e-01 4.162076e-01 3.482641e-01 -5.139700e-01 -4.664521e-01 6.259553e-01 6.886091e-02 1.157912e-01 2.288167e-01 -4.786861e-01 -2.804122e-01 -1.724427e-01 4.297468e-02 7.457241e-02 2.031780e-01 1.829548e-03 -1.367611e-01 -2.361132e-01 1.455781e-01
<VARIANCE> 39
 7.431260e+00 7.778728e+00 1.265636e+01 1.146896e+01 1.890415e+01 1.985862e+01 1.513506e+01 1.813431e+01 2.001558e+01 2.944361e+01 1.915183e+01 1.705916e+01 1.854638e+00 3.592483e-01 4.704914e-01 8.846442e-01 1.157049e+00 1.076166e+00 1.326397e+00 9.985853e-01 8.087783e-01 1.414957e+00 2.230186e+00 1.072827e+00 1.317830e+00 7.790186e-02 6.191514e-02 5.633992e-02 1.156663e-01 9.766848e-02 2.028998e-01 2.078349e-01 1.476964e-01 1.764462e-01 1.851345e-01 2.374827e-01 1.706556e-01 1.685596e-01 8.739662e-03
<GCONST> 7.400393e+01
<STATE> 3
<MEAN> 39
 -6.469326e+00 -1.100063e+00 -8.577405e-01 -2.011414e+01 -7.862653e+00 -8.738191e+00 -2.436153e+00 -6.382580e+00 2.434565e-01 -3.793714e+00 -2.523135e+00 -7.320389e+00 1.832800e+01 2.456575e-02 -8.609884e-02 2.218884e-01 -2.834962e-01 3.735371e-01 2.114367e-01 -2.746940e-01 1.719998e-01 3.810887e-02 -1.957536e-01 1.697576e-01 6.118275e-03 -4.701828e-02 -5.688011e-02 -2.051240e-01 -2.668860e-01 4.870533e-01 2.881020e-01 2.214948e-01 6.789161e-02 -9.091581e-02 -1.464311e-01 -5.881899e-02 1.514566e-01 1.656732e-01 -1.669641e-01
<VARIANCE> 39
 7.691260e+00 9.743196e+00 1.662020e+01 2.310953e+01 5.847499e+01 3.110225e+01 3.718277e+01 2.460107e+01 3.462540e+01 5.834694e+01 3.541781e+01 3.741430e+01 1.433049e+00 3.497866e-01 6.531278e-01 1.076249e+00 3.230954e+00 2.400776e+00 1.763758e+00 1.734346e+00 1.341150e+00 1.888028e+00 2.010514e+00 1.867601e+00 1.898428e+00 2.942631e-01 6.817925e-02 6.606053e-02 1.608288e-01 2.261712e-01 3.060181e-01 3.193065e-01 3.833789e-01 2.241611e-01 2.868080e-01 3.401658e-01 2.634985e-01 2.552786e-01 1.166572e-02
<GCONST> 9.188885e+01
<STATE> 4
<MEAN> 39
 -6.562516e+00 -6.247677e+00 -4.681087e+00 -1.081209e+01 -1.000452e+00 -3.981093e+00 -1.438343e+00 -8.754143e+00 -2.165627e+00 -5.868111e+00 1.164529e+00 -4.221502e+00 1.475349e+01 -2.337208e-01 -9.119210e-01 -1.005339e+00 1.462366e+00 4.138277e-01 4.093432e-01 9.076453e-01 -4.571059e-01 -2.814282e-01 -4.008835e-02 2.009141e-01 2.989384e-01 -4.647629e-01 -1.053315e-01 1.689428e-01 2.070238e-01 -4.380990e-01 -3.788648e-01 -1.608296e-01 -8.471277e-02 1.721595e-01 1.160857e-01 1.034819e-01 -1.797294e-01 -1.430930e-01 1.500150e-01
<VARIANCE> 39
 3.292369e+00 5.438903e+00 9.454620e+00 1.107249e+01 1.465039e+01 1.565334e+01 1.949866e+01 1.858742e+01 1.688615e+01 1.706804e+01 1.861799e+01 1.491138e+01 1.491768e+00 2.673113e-01 4.858057e-01 8.969984e-01 1.308557e+00 2.110908e+00 1.651724e+00 1.603304e+00 1.249609e+00 1.214827e+00 1.205356e+00 1.178046e+00 1.022933e+00 7.924353e-02 3.886918e-02 6.518666e-02 1.378695e-01 1.468568e-01 2.330958e-01 1.806359e-01 2.654729e-01 1.921085e-01 1.853716e-01 1.735944e-01 1.976923e-01 1.824567e-01 5.797322e-03
<GCONST> 7.239632e+01
<TRANSP> 5
 0.000000e+00 1.000000e+00 0.000000e+00 0.000000e+00 0.000000e+00
 0.000000e+00 7.202234e-01 2.797767e-01 0.000000e+00 0.000000e+00
 0.000000e+00 0.000000e+00 8.892372e-01 1.107629e-01 0.000000e+00
 0.000000e+00 0.000000e+00 0.000000e+00 7.503614e-01 2.496386e-01
 0.000000e+00 0.000000e+00 0.000000e+00 0.000000e+00 0.000000e+00
<ENDHMM>
~h "two"
<BEGINHMM>
<NUMSTATES> 5
<STATE> 2
<MEAN> 39
 -1.091868e+01 -3.306403e+00 -6.686758e+00 -1.064590e+01 -9.727500e-01 -3.883871e+00 -1.949629e+00 -7.504253e+00 -2.328759e+00 -5.674807e+00 1.126967e+00 -3.370938e+00 1.506184e+01 5.131783e-01 6.208903e-01 1.017941e+00 -5.907232e-01 -2.758067e-01 -3.729961e-01 -4.664859e-01 -2.149997e-01 7.347178e-02 -5.249721e-02 -2.253117e-01 -3.658612e-01 3.268809e-01 2.936360e-01 6.906512e-02 2.853089e-01 -1.298538e-01 -2.156583e-01 -2.437003e-01 -1.198248e-01 -1.279589e-01 -2.575465e-02 2.525199e-03 -8.085738e-02 -1.711526e-01 9.487443e-02
<VARIANCE> 39
 8.912448e+00 8.139260e+00 1.267539e+01 1.226460e+01 1.845325e+01 2.275234e+01 1.921031e+01 2.105766e+01 2.149671e+01 2.405111e+01 2.472400e+01 1.983708e+01 9.116683e-01 1.368227e+00 5.583507e-01 1.283310e+00 8.348692e-01 1.348104e+00 1.287382e+00 9.922327e-01 1.187633e+00 1.179417e+00 1.299149e+00 1.885147e+00 1.107606e+00 7.279702e-02 1.276591e-01 1.085586e-01 1.346025e-01 1.315045e-01 2.270900e-01 1.986208e-01 1.764954e-01 2.229505e-01 2.285329e-01 2.037828e-01 3.601901e-01 1.597314e-01 7.765230e-03
<GCONST> 7.903202e+01
<STATE> 3
<MEAN> 39
 -4.600794e+00 1.274545e+00 1.865155e+00 -1.552699e+01 -6.959965e+00 -9.949132e+00 -6.706623e+00 -1.044163e+01 -2.406805e+00 -5.175785e+00 -1.123993e+00 -7.307884e+00 1.840865e+01 6.630077e-01 5.431581e-01 7.414559e-01 -5.409485e-01 -1.163418e+00 -1.105767e+00 -5.671150e-01 -2.818069e-01 -6.617817e-02 1.257009e-01 -2.161925e-01 -6.236912e-01 4.512824e-01 -2.502844e-01 -2.356267e-01 -4.266398e-01 2.993146e-01 2.737941e-01 2.331552e-01 2.363626e-01 1.463572e-01 -1.908290e-02 -1.012426e-02 1.533780e-01 1.828761e-01 -1.453504e-01
<VARIANCE> 39
 7.463602e+00 8.098909e+00 1.363167e+01 2.231249e+01 3.960365e+01 2.558768e+01 2.820969e+01 2.453865e+01 3.158851e+01 5.527472e+01 4.394856e+01 4.855615e+01 1.034722e+00 5.672135e-01 6.280756e-01 9.834738e-01 1.463240e+00 1.292686e+00 1.206220e+00 1.682042e+00 1.515731e+00 1.844363e+00 1.989782e+00 2.388215e+00 1.876389e+00 8.951747e-02 6.152473e-02 5.328903e-02 8.127119e-02 1.249294e-01 2.039273e-01 1.802017e-01 2.038824e-01 1.909043e-01 2.119984e-01 2.732831e-01 2.894404e-01 2.223038e-01 6.486580e-03
<GCONST> 8.373107e+01
<STATE> 4
<MEAN> 39
 -3.228663e+00 -6.182947e-02 -4.809260e-02 -1.364984e+01 -7.118068e+00 -1.157853e+01 -5.656981e+00 -9.639656e+00 -2.718017e+00 -5.316365e+00 -1.661940e-01 -7.601712e+00 1.823763e+01 1.666244e-01 -2.231579e-01 -2.390955e-01 5.385461e-01 3.381364e-01 8.722375e-02 9.941923e-02 -5.537049e-02 -1.916723e-01 -8.544897e-02 7.860038e-02 1.596395e-01 -1.203921e-01 -4.398659e-02 -3.804548e-02 -2.634247e-02 2.396890e-02 9.548049e-02 1.101882e-01 5.330627e-02 5.252383e-03 2.057612e-02 1.787290e-03 -5.017781e-03 4.512553e-02 -3.534284e-02
<VARIANCE> 39
 5.893590e+00 7.967771e+00 1.254030e+01 2.986674e+01 3.394696e+01 2.159725e+01 3.322144e+01 3.367574e+01 3.985137e+01 4.296621e+01 5.470634e+01 4.154753e+01 1.362263e+00 1.342486e-01 1.532846e-01 3.772581e-01 6.224083e-01 9.127847e-01 8.582897e-01 8.822653e-01 1.030307e+00 9.043988e-01 9.892423e-01 1.046027e+00 9.330068e-01 1.457236e-02 2.167192e-02 2.520156e-02 5.087698e-02 8.865307e-02 1.056527e-01 1.243662e-01 1.302858e-01 1.601747e-01 1.489155e-01 1.532453e-01 1.594691e-01 1.460018e-01 2.346269e-03
<GCONST> 6.580611e+01
<TRANSP> 5
 0.000000e+00 1.000000e+00 0.000000e+00 0.000000e+00 0.000000e+00
 0.000000e+00 8.198065e-01 1.801935e-01 0.000000e+00 0.000000e+00
 0.000000e+00 0.000000e+00 7.666748e-01 2.333252e-01 0.000000e+00
 0.000000e+00 0.000000e+00 0.000000e+00 9.016672e-01 9.833287e-02
 0.000000e+00 0.000000e+00 0.000000e+00 0.000000e+00 0.000000e+00
<ENDHMM>
~h "nine"
<BEGINHMM>
<NUMSTATES> 5
<STATE> 2
<MEAN> 39
 -4.474092e+00 -4.320206e+00 -2.082581e+00 -8.928130e+00 -3.021660e+00 -6.192844e+00 -1.519953e+00 -1.117216e+01 -5.000534e+00 -8.067504e+00 -2.929111e+00 -7.800830e+00 1.755875e+01 -1.358247e-01 -6.698401e-01 -2.187805e-01 4.941102e-01 -4.913587e-01 1.722489e-01 3.866716e-01 -1.976084e-01 -3.983054e-02 -1.533310e-01 -1.795670e-01 -1.447360e-01 2.490602e-01 -3.814338e-02 -1.257862e-01 -7.450462e-02 1.144203e-01 1.754733e-02 -6.440290e-03 3.840824e-02 3.126202e-02 9.194748e-03 5.857431e-03 7.866490e-02 3.447124e-02 -1.013705e-02
<VARIANCE> 39
 8.952513e+00 2.032290e+01 1.532102e+01 1.678809e+01 2.859233e+01 2.883710e+01 3.196579e+01 2.749462e+01 4.711118e+01 3.540580e+01 3.015657e+01 3.276998e+01 2.323025e+00 5.321401e-01 1.578267e+00 1.144417e+00 1.115828e+00 1.137481e+00 1.423543e+00 1.643710e+00 1.276640e+00 1.527983e+00 1.152436e+00 1.244193e+00 1.037803e+00 3.755402e-02 6.507459e-02 1.812980e-01 1.346443e-01 1.401039e-01 2.019591e-01 2.217063e-01 2.428751e-01 1.863464e-01 1.997652e-01 1.614547e-01 1.742122e-01 1.450793e-01 4.980375e-03
<GCONST> 8.288887e+01
<STATE> 3
<MEAN> 39
 -6.292974e+00 -1.167031e+01 -4.982090e+00 -2.502206e+00 -5.657910e+00 -5.424472e+00 1.785150e+00 -1.127134e+01 -5.673728e+00 -9.065563e+00 -1.609563e+00 -7.684505e+00 1.862177e+01 -1.084885e-01 6.726701e-02 2.331599e-01 -2.072707e-01 -4.600972e-02 2.063284e-01 -7.460194e-02 -1.005605e-01 1.730222e-01 6.918317e-02 -4.095130e-02 3.138587e-02 -1.986102e-02 -2.760336e-03 1.882066e-01 7.701983e-02 -2.483767e-01 3.364753e-02 8.022103e-02 -1.015832e-01 -1.255574e-03 8.287481e-02 -5.835562e-03 -7.887244e-02 2.513677e-02 -1.442169e-02
<VARIANCE> 39
 7.199447e+00 8.453894e+00 2.462069e+01 3.139578e+01 1.881317e+01 3.043405e+01 3.088229e+01 3.411108e+01 4.311943e+01 4.183142e+01 2.806581e+01 3.032281e+01 1.011731e+00 8.127328e-02 3.243582e-01 4.027269e-01 1.037657e+00 4.645273e-01 6.123855e-01 5.244473e-01 5.002504e-01 6.141695e-01 6.494777e-01 6.595490e-01 5.189490e-01 4.594001e-03 1.057570e-02 2.937578e-02 3.935296e-02 5.266475e-02 6.947698e-02 6.556176e-02 7.274339e-02 7.693521e-02 7.965986e-02 8.568594e-02 7.648085e-02 7.781603e-02 3.928787e-04
<GCONST> 5.273787e+01
<STATE> 4
<MEAN> 39
 -6.194193e+00 -3.148553e+00 -1.614314e+00 -1.203724e+01 -1.891553e+00 -4.514774e+00 -3.324255e+00 -1.018453e+01 -2.798863e+00 -8.209126e+00 -3.076195e+00 -6.505018e+00 1.789616e+01 3.938539e-01 8.439646e-01 1.525193e-01 -3.013472e-01 5.427720e-01 -4.760278e-01 -4.698866e-01 3.253275e-01 -2.029429e-01 5.510112e-02 1.007667e-01 5.284883e-02 -1.228082e-01 4.212061e-02 -1.245206e-01 -3.787998e-02 2.343537e-01 -1.535989e-02 -7.080386e-02 1.054078e-01 -3.538753e-02 -1.081448e-01 2.567840e-02 7.889200e-02 -2.907077e-02 -1.031990e-02
<VARIANCE> 39
 1.151815e+01 1.997801e+01 1.220922e+01 2.390759e+01 3.571518e+01 3.413123e+01 3.352858e+01 2.986478e+01 4.900339e+01 3.959743e+01 3.859016e+01 4.255348e+01 1.075678e+00 4.047908e-01 9.295366e-01 5.732759e-01 1.873030e+00 1.353439e+00 1.378852e+00 1.361072e+00 1.284592e+00 1.671114e+00 1.183084e+00 1.057835e+00 1.023025e+00 9.916117e-03 5.748351e-02 9.862163e-02 8.673241e-02 1.499950e-01 1.938515e-01 2.408845e-01 1.803739e-01 1.975612e-01 2.314774e-01 1.955443e-01 1.709200e-01 1.417030e-01 1.023096e-03
<GCONST> 7.866364e+01
<TRANSP> 5
 0.000000e+00 1.000000e+00 0.000000e+00 0.000000e+00 0.000000e+00
 0.000000e+00 8.957850e-01 1.042150e-01 0.000000e+00 0.000000e+00
 0.000000e+00 0.000000e+00 9.111286e-01 8.887139e-02 0.000000e+00
 0.000000e+00 0.000000e+00 0.000000e+00 8.984158e-01 1.015842e-01
 0.000000e+00 0.000000e+00 0.000000e+00 0.000000e+00 0.000000e+00
<ENDHMM>
~h "five"
<BEGINHMM>
<NUMSTATES> 5
<STATE> 2
<MEAN> 39
 -4.219817e+00 -1.129206e+01 -1.002538e+01 -8.289438e+00 4.697965e-01 -8.092607e+00 3.485613e-01 -4.714226e+00 -5.221617e+00 -7.925048e+00 -1.780885e+00 -4.888349e+00 1.794319e+01 3.696374e-01 -1.172472e+00 -7.209854e-01 7.758438e-01 5.106591e-01 -6.438516e-01 3.283713e-01 4.068661e-01 -7.457246e-01 -2.254361e-01 -3.056827e-01 -7.250059e-03 5.659071e-01 -1.873017e-01 2.083848e-02 1.704097e-01 9.322429e-02 -1.168997e-02 1.018497e-01 3.059643e-02 -1.996061e-01 2.306074e-02 1.366170e-01 1.553414e-01 4.869619e-02 -7.161474e-02
<VARIANCE> 39
 1.095977e+01 1.967994e+01 2.367980e+01 1.668419e+01 1.894377e+01 2.066003e+01 2.517915e+01 5.135076e+01 3.212660e+01 2.795348e+01 2.495240e+01 1.987413e+01 4.428863e+00 7.739185e-01 5.619980e-01 1.166661e+00 9.089806e-01 7.888102e-01 9.863134e-01 9.755968e-01 2.261596e+00 1.722410e+00 1.719747e+00 1.359470e+00 1.026162e+00 1.223865e-01 9.576212e-02 1.342443e-01 1.795728e-01 1.232963e-01 1.359218e-01 1.449333e-01 1.545496e-01 3.019717e-01 2.734867e-01 1.941150e-01 1.773733e-01 1.404318e-01 2.858899e-02
<GCONST> 8.440483e+01
<STATE> 3
<MEAN> 39
 -5.809969e+00 -1.545176e+01 -8.553425e+00 -3.650459e+00 1.423466e+00 -9.167471e+00 2.531591e+00 -7.501706e+00 -7.220859e+00 -5.456570e+00 -4.712990e-01 -4.508057e+00 1.904729e+01 -1.662396e-01 8.461884e-02 4.909795e-01 -2.592013e-01 -2.717713e-01 4.359126e-01 6.875388e-02 -3.987436e-01 2.789120e-02 3.029113e-01 6.057570e-02 -8.406847e-02 -4.855427e-02 4.027036e-02 1.149225e-01 1.137464e-02 -1.970052e-01 -5.515850e-02 9.298909e-02 -2.914084e-02 2.513609e-02 5.701138e-02 -4.937265e-02 -7.753340e-02 -1.869453e-02 -1.507364e-02
<VARIANCE> 39
 9.178100e+00 9.383580e+00 2.485346e+01 2.082646e+01 1.876064e+01 2.313260e+01 1.753779e+01 3.911655e+01 4.708425e+01 4.452245e+01 2.691136e+01 2.551993e+01 1.357309e+00 8.813951e-02 1.541969e-01 2.701440e-01 6.392346e-01 4.985431e-01 5.538123e-01 4.985493e-01 4.948665e-01 6.147940e-01 5.733951e-01 5.706063e-01 4.741834e-01 5.871676e-03 1.176527e-02 2.430218e-02 3.039256e-02 4.827430e-02 5.129173e-02 5.166150e-02 5.713364e-02 6.433386e-02 8.583242e-02 8.448293e-02 6.676314e-02 7.050194e-02 9.148592e-04
<GCONST> 4.973737e+01
<STATE> 4
<MEAN> 39
 -5.732113e+00 -9.338353e+00 -3.901228e+00 -1.394835e+01 -3.284222e+00 -2.816538e+00 1.852267e+00 -8.415932e+00 -4.152766e+00 -5.251957e+00 -2.273765e+00 -5.508588e+00 1.827638e+01 2.160997e-01 1.199689e+00 3.665927e-01 -6.252261e-01 -3.889339e-01 -1.117100e-01 -3.145578e-01 2.574146e-01 5.467029e-01 -2.115365e-01 -6.545022e-02 -9.469045e-02 -2.468107e-01 -1.870003e-02 -2.549769e-02 -5.463231e-02 3.469612e-01 1.406482e-01 -1.791201e-01 -6.200975e-02 -1.215412e-02 -4.397707e-02 1.890150e-02 1.216888e-01 3.963559e-02 -4.852879e-02
<VARIANCE> 39
 7.830219e+00 2.309209e+01 1.228331e+01 3.159854e+01 4.212268e+01 1.961860e+01 2.454448e+01 3.633525e+01 5.266548e+01 2.791258e+01 2.694799e+01 3.003922e+01 1.874199e+00 2.138442e-01 5.077153e-01 5.743142e-01 2.649761e+00 1.464871e+00 1.611732e+00 9.726804e-01 1.323384e+00 1.642880e+00 1.335515e+00 1.268454e+00 9.203515e-01 4.154577e-02 4.307495e-02 9.724365e-02 7.621392e-02 2.383854e-01 2.354992e-01 2.309910e-01 1.666869e-01 2.278602e-01 2.210384e-01 1.798982e-01 2.062129e-01 1.654375e-01 4.431387e-03
<GCONST> 8.034736e+01
<TRANSP> 5
 0.000000e+00 1.000000e+00 0.000000e+00 0.000000e+00 0.000000e+00
 0.000000e+00 8.493592e-01 1.506408e-01 0.000000e+00 0.000000e+00
 0.000000e+00 0.000000e+00 9.127254e-01 8.727460e-02 0.000000e+00
 0.000000e+00 0.000000e+00 0.000000e+00 8.653381e-01 1.346619e-01
 0.000000e+00 0.000000e+00 0.000000e+00 0.000000e+00 0.000000e+00
<ENDHMM>
~h "four"
<BEGINHMM>
<NUMSTATES> 5
<STATE> 2
<MEAN> 39
 -6.786461e+00 -6.568940e+00 -5.525530e+00 -9.744480e+00 -1.568768e+00 -5.535353e+00 -1.196566e+00 -8.383648e+00 -2.006223e+00 -5.571778e+00 9.856662e-01 -4.266331e+00 1.534771e+01 1.559470e+00 5.327806e-01 -8.934232e-01 -8.477936e-01 -3.041047e-01 -5.317285e-01 -6.911505e-01 -1.892692e-01 1.961650e-01 2.010600e-01 -3.399172e-01 -4.836286e-01 6.396433e-01 3.530830e-01 1.269290e-01 -3.370330e-01 -3.179539e-01 -5.926882e-02 -9.153328e-03 -8.263709e-02 -1.916925e-02 2.819704e-03 5.446421e-02 -7.922909e-02 -1.322593e-01 1.441097e-01
<VARIANCE> 39
 7.422911e+00 5.370533e+00 5.431690e+00 7.785123e+00 1.001838e+01 1.241424e+01 1.453410e+01 1.366313e+01 1.607368e+01 1.349887e+01 1.603187e+01 1.219230e+01 1.710836e+00 5.209106e-01 4.316626e-01 6.078528e-01 7.394997e-01 7.093091e-01 9.056104e-01 7.529498e-01 8.209661e-01 1.007612e+00 1.079245e+00 1.517860e+00 1.218922e+00 5.918738e-02 6.672756e-02 5.352222e-02 6.071150e-02 8.250836e-02 1.012356e-01 1.529839e-01 1.210997e-01 1.525966e-01 1.400945e-01 1.610018e-01 1.992644e-01 1.870661e-01 7.015457e-03
<GCONST> 6.393939e+01
<STATE> 3
<MEAN> 39
 1.595104e+00 -3.478965e+00 -1.216081e+01 -1.704644e+01 -3.999828e+00 -6.180912e+00 -3.166432e+00 -8.954041e+00 -1.400823e+00 -3.859027e+00 4.281234e-01 -6.773275e+00 1.891264e+01 3.055619e-01 -1.852457e-01 -3.257754e-01 -3.901353e-02 7.350656e-02 -1.868740e-02 -2.197129e-01 1.741113e-01 3.523001e-01 9.327172e-02 -2.295702e-01 -2.206707e-01 1.435261e-01 -1.734973e-01 -1.541376e-01 1.495918e-01 2.357690e-01 3.835393e-02 -3.619098e-02 3.799456e-02 1.107789e-01 4.736925e-02 -8.541110e-02 -5.569387e-02 5.659109e-02 -6.751982e-02
<VARIANCE> 39
 4.139369e+00 1.025854e+01 9.621722e+00 1.373372e+01 2.438673e+01 1.715057e+01 1.855877e+01 1.713671e+01 2.360451e+01 2.480530e+01 3.807390e+01 3.754866e+01 1.089022e+00 5.252193e-01 7.278249e-01 6.862142e-01 1.215652e+00 9.701347e-01 7.725087e-01 9.088230e-01 9.566461e-01 1.310412e+00 1.175357e+00 1.338497e+00 1.242968e+00 9.328965e-02 4.945603e-02 4.570799e-02 9.585609e-02 8.021635e-02 1.356636e-01 1.433979e-01 1.559175e-01 1.410832e-01 1.813877e-01 1.919171e-01 1.991112e-01 1.868565e-01 7.201334e-03
<GCONST> 7.252936e+01
<STATE> 4
<MEAN> 39
 -2.705412e-01 -1.130068e+01 -7.964325e+00 -8.568079e+00 -5.383856e+00 -8.937238e+00 -2.196394e+00 -4.242264e+00 6.421928e-01 -7.559040e+00 -3.902531e+00 -7.360248e+00 1.854736e+01 -5.532398e-01 -2.828038e-02 1.186484e+00 5.176388e-01 -5.857808e-01 3.075804e-02 6.801115e-01 -1.606539e-01 -6.776671e-01 -3.895878e-01 1.333881e-01 2.573405e-01 -2.046547e-01 -8.745395e-02 3.009053e-01 -5.438351e-04 -2.164804e-01 1.366026e-01 2.145333e-01 1.409773e-02 -2.441146e-01 -1.506003e-01 1.202130e-01 1.770671e-01 3.123357e-02 -5.105944e-02
<VARIANCE> 39
 6.998325e+00 1.434351e+01 2.857615e+01 1.846301e+01 4.713383e+01 3.739409e+01 3.527096e+01 3.892060e+01 4.499965e+01 3.456554e+01 3.471012e+01 3.195393e+01 1.578594e+00 2.197780e-01 1.529551e+00 6.665522e-01 1.660290e+00 2.103727e+00 2.163374e+00 1.568565e+00 2.595251e+00 1.823653e+00 1.726197e+00 1.796180e+00 1.078311e+00 4.117559e-02 2.920553e-02 9.533940e-02 1.885487e-01 1.671169e-01 4.423033e-01 3.016446e-01 3.547494e-01 3.391523e-01 3.791152e-01 2.803441e-01 3.072841e-01 2.167915e-01 3.205974e-03
<GCONST> 8.845303e+01
<TRANSP> 5
 0.000000e+00 1.000000e+00 0.000000e+00 0.000000e+00 0.000000e+00
 0.000000e+00 7.041441e-01 2.958558e-01 0.000000e+00 0.000000e+00
 0.000000e+00 0.000000e+00 9.183352e-01 8.166479e-02 0.000000e+00
 0.000000e+00 0.000000e+00 0.000000e+00 8.716982e-01 1.283018e-01
 0.000000e+00 0.000000e+00 0.000000e+00 0.000000e+00 0.000000e+00
<ENDHMM>
~h "zero"
<BEGINHMM>
<NUMSTATES> 5
<STATE> 2
<MEAN> 39
 -6.839835e+00 -1.881639e+00 -4.560718e+00 -7.714227e+00 -2.529269e+00 -4.722200e+00 -2.836543e+00 -8.925009e+00 -3.619018e+00 -4.149636e+00 1.331759e-01 -4.378513e+00 1.566349e+01 2.798260e-01 1.043655e+00 9.707017e-01 -1.160493e+00 -8.293118e-01 -1.405187e+00 -6.232777e-01 -5.981564e-01 3.271456e-01 3.350461e-01 -1.316268e-01 -2.392700e-01 4.910946e-01 3.668226e-02 9.480312e-02 1.816858e-01 -3.570878e-01 -1.718508e-01 -2.282938e-01 3.108739e-03 -2.157251e-02 1.680238e-01 -4.180240e-04 3.145544e-02 -9.009837e-02 9.179158e-02
<VARIANCE> 39
 6.912957e+00 1.050239e+01 1.552325e+01 1.467083e+01 2.112207e+01 2.235282e+01 1.924589e+01 1.982455e+01 2.960569e+01 2.458147e+01 2.238822e+01 2.013657e+01 1.498742e+00 3.170804e-01 4.305438e-01 7.623309e-01 9.389168e-01 8.493751e-01 1.290899e+00 9.715829e-01 1.178927e+00 1.341266e+00 9.816015e-01 1.203772e+00 1.530218e+00 4.274582e-02 4.681421e-02 1.031704e-01 1.273727e-01 1.085452e-01 1.317596e-01 2.189670e-01 1.590497e-01 1.933454e-01 1.631000e-01 1.512525e-01 1.803201e-01 1.681061e-01 6.519246e-03
<GCONST> 7.336018e+01
<STATE> 3
<MEAN> 39
 -5.541720e+00 2.462343e-01 9.657192e-01 -1.692800e+01 -7.926362e+00 -9.138959e+00 -4.548267e+00 -8.440920e+00 1.898427e-01 -3.753585e+00 1.729031e-01 -6.830084e+00 1.841236e+01 3.400793e-01 -7.541075e-01 4.305667e-01 -1.497269e-01 -1.078916e+00 2.642875e-01 2.184650e-01 1.936697e-01 3.150085e-01 -7.941754e-02 4.163084e-02 -1.211063e-01 1.635197e-01 5.092028e-02 -2.651650e-01 -1.748471e-01 3.695084e-01 2.094861e-02 1.298636e-01 1.941495e-01 5.615176e-02 -8.838086e-02 -4.309055e-02 -1.338439e-02 7.227337e-02 -6.397079e-02
<VARIANCE> 39
 7.465683e+00 2.110995e+01 1.736457e+01 2.638217e+01 5.982794e+01 4.092274e+01 3.222383e+01 4.417498e+01 3.102285e+01 3.022763e+01 3.449341e+01 5.102269e+01 1.090809e+00 4.428646e-01 1.613751e+00 8.078712e-01 2.633072e+00 1.739561e+00 2.521222e+00 1.698929e+00 1.426871e+00 1.338557e+00 1.172853e+00 1.104417e+00 1.316559e+00 6.228799e-02 5.139530e-02 1.143315e-01 1.257656e-01 1.807813e-01 2.480589e-01 4.112599e-01 2.251005e-01 2.473669e-01 2.113161e-01 1.742096e-01 1.718954e-01 2.169082e-01 4.574337e-03
<GCONST> 8.709427e+01
<STATE> 4
<MEAN> 39
 -1.597495e+00 -1.051311e+01 -4.432178e+00 -9.805400e+00 -9.641381e+00 -8.059008e+00 5.613561e-01 -4.088889e+00 -1.784130e-01 -6.716147e+00 -1.008176e+00 -5.668194e+00 1.853955e+01 7.952984e-02 2.022216e-02 -5.458009e-01 1.567866e-01 6.725285e-01 -1.759902e-01 -2.427104e-02 2.070090e-01 -6.561715e-02 -1.474060e-01 -9.114534e-02 -8.439186e-03 -5.443861e-02 -5.985831e-02 1.421278e-01 6.506130e-02 -8.563558e-02 8.468108e-02 4.381892e-02 -9.769730e-02 -8.340119e-02 -1.991977e-02 3.399902e-02 2.051178e-02 -9.094312e-03 -1.793259e-02
<VARIANCE> 39
 6.459797e+00 1.778484e+01 2.637132e+01 2.667964e+01 6.261829e+01 5.422676e+01 3.565488e+01 3.636298e+01 4.428383e+01 3.500830e+01 2.488757e+01 3.285818e+01 1.499259e+00 2.226277e-01 8.297197e-01 6.348034e-01 1.022979e+00 1.214597e+00 1.665320e+00 1.517500e+00 1.766674e+00 1.576603e+00 1.381142e+00 1.024517e+00 9.252489e-01 1.588716e-02 2.389473e-02 3.518218e-02 7.584589e-02 1.112840e-01 1.896649e-01 2.314633e-01 1.872826e-01 1.956779e-01 2.168354e-01 1.825447e-01 1.470331e-01 1.332643e-01 1.772271e-03
<GCONST> 7.709949e+01
<TRANSP> 5
 0.000000e+00 1.000000e+00 0.000000e+00 0.000000e+00 0.000000e+00
 0.000000e+00 7.363179e-01 2.636821e-01 0.000000e+00 0.000000e+00
 0.000000e+00 0.000000e+00 8.927970e-01 1.072030e-01 0.000000e+00
 0.000000e+00 0.000000e+00 0.000000e+00 9.396767e-01 6.032332e-02
 0.000000e+00 0.000000e+00 0.000000e+00 0.000000e+00 0.000000e+00
<ENDHMM>
